/*--------------------------------*- C++ -*----------------------------------*\
  =========                 |
  \\      /  F ield         | OpenFOAM: The Open Source CFD Toolbox
   \\    /   O peration     | Website:  https://openfoam.org
    \\  /    A nd           | Version:  7
     \\/     M anipulation  |
\*---------------------------------------------------------------------------*/
FoamFile
{
    version     2.0;
    format      ascii;
    class       volVectorField;
    location    "55";
    object      U;
}
// * * * * * * * * * * * * * * * * * * * * * * * * * * * * * * * * * * * * * //

dimensions      [0 1 -1 0 0 0 0];

internalField   nonuniform List<vector> 
1987
(
(-0.20528 -0.00035603 -9.83983e-22)
(-0.206876 -0.000442437 -2.82804e-21)
(-0.208267 -0.00051596 1.73947e-22)
(-0.209449 -0.000573755 9.02914e-22)
(-0.21042 -0.000611592 -1.9773e-21)
(-0.21118 -0.000625733 2.8358e-21)
(-0.211732 -0.000610816 -6.96676e-22)
(-0.21208 -0.000570227 -5.20518e-22)
(-0.212222 -0.000507268 -1.29584e-21)
(-0.212156 -0.000423032 -8.16742e-22)
(-0.211881 -0.000317682 3.91005e-21)
(-0.211396 -0.000193453 6.95319e-22)
(-0.210695 -4.28322e-05 -2.17525e-21)
(-0.209773 0.000130771 9.80326e-22)
(-0.208616 0.000323746 -1.07698e-21)
(-0.207225 0.000518137 -7.49259e-22)
(-0.205593 0.000726948 2.5319e-22)
(-0.203708 0.000942613 2.59865e-21)
(-0.201564 0.00115845 1.8174e-22)
(-0.19915 0.00136761 -2.04314e-21)
(-0.196458 0.00156291 -1.29226e-21)
(-0.193477 0.00173675 -5.57736e-22)
(-0.190198 0.00188144 1.54614e-21)
(-0.186611 0.00198821 -5.65084e-22)
(-0.182705 0.00204916 -7.09549e-22)
(-0.17847 0.00205616 1.89042e-21)
(-0.173895 0.00200199 1.00321e-21)
(-0.16897 0.00188106 -2.25088e-21)
(-0.163683 0.00168807 5.26819e-22)
(-0.158028 0.00142409 1.83206e-21)
(-0.151994 0.00107879 -8.70063e-22)
(-0.145574 0.000643815 3.88238e-22)
(-0.138768 0.000140069 -9.28497e-22)
(-0.131563 -0.000430285 3.75605e-22)
(-0.12396 -0.00105657 -6.99272e-22)
(-0.115958 -0.00173112 6.84519e-22)
(-0.107556 -0.00243878 -1.40162e-22)
(-0.0987579 -0.00316386 8.81867e-23)
(-0.0895678 -0.00388657 -4.63388e-22)
(-0.0799908 -0.00458662 1.79634e-22)
(-0.070037 -0.00524723 -2.76808e-22)
(-0.0597225 -0.00584293 -1.53626e-22)
(-0.0490569 -0.00635298 4.73497e-22)
(-0.0380554 -0.00675773 -4.99239e-22)
(-0.0267359 -0.00704007 1.22135e-22)
(-0.0151169 -0.00718518 -9.58446e-24)
(-0.00321981 -0.00718181 1.44683e-22)
(0.0089339 -0.00702329 -4.68178e-23)
(0.0213206 -0.00670763 2.07775e-22)
(0.0339161 -0.00623815 9.13133e-23)
(0.0466984 -0.00562122 -2.57102e-22)
(0.0596386 -0.00487795 -2.03517e-22)
(0.0727081 -0.00402145 1.18214e-22)
(0.0858836 -0.00307692 -6.54193e-23)
(0.099138 -0.00207236 1.61319e-22)
(0.112445 -0.00103824 -2.44664e-22)
(-0.193244 0.00141879 -6.93632e-21)
(-0.195649 0.00116023 2.84157e-21)
(-0.197834 0.000917061 3.87875e-21)
(-0.199804 0.000690219 2.02968e-21)
(-0.201567 0.000480327 -1.00238e-20)
(-0.203124 0.000282209 3.17593e-21)
(-0.204472 0.000101987 8.09472e-22)
(-0.205611 -5.77611e-05 -1.0759e-22)
(-0.206539 -0.000202701 2.3789e-21)
(-0.207254 -0.000334044 -2.21845e-22)
(-0.207761 -0.000421931 -9.41038e-22)
(-0.208068 -0.000480881 -4.96489e-21)
(-0.20817 -0.000516454 4.36268e-21)
(-0.208064 -0.000529026 3.12141e-21)
(-0.207748 -0.000518185 -4.71023e-21)
(-0.20722 -0.000486813 2.52758e-21)
(-0.206475 -0.000430779 -2.12806e-21)
(-0.205506 -0.000352125 4.86348e-21)
(-0.20431 -0.000253575 -4.11833e-21)
(-0.202875 -0.000152046 1.51115e-21)
(-0.201192 -3.68387e-05 3.94944e-22)
(-0.199256 8.42677e-05 -5.64331e-22)
(-0.197059 0.000204539 2.57196e-21)
(-0.194591 0.00031679 1.57666e-22)
(-0.191842 0.000413253 -3.89965e-21)
(-0.188802 0.000485379 3.37247e-21)
(-0.185462 0.000525025 -3.47613e-22)
(-0.18181 0.000522814 -1.85184e-21)
(-0.177838 0.000471646 -3.47097e-22)
(-0.173533 0.000364385 2.99811e-21)
(-0.168886 0.000194693 -3.84701e-21)
(-0.163888 -4.23148e-05 2.19253e-21)
(-0.158525 -0.000352109 -4.64981e-22)
(-0.152794 -0.000731537 7.18282e-22)
(-0.14669 -0.00119026 -2.5048e-21)
(-0.140199 -0.0017367 4.17762e-21)
(-0.133317 -0.00235099 -8.22739e-22)
(-0.126042 -0.00303051 -8.40916e-22)
(-0.118373 -0.00376265 7.72689e-22)
(-0.110312 -0.00454017 -1.74731e-22)
(-0.101858 -0.00534698 3.81248e-22)
(-0.0930173 -0.00616679 2.24713e-22)
(-0.0837954 -0.00697859 -1.74985e-21)
(-0.0742003 -0.0077623 -1.27964e-21)
(-0.0642425 -0.00850304 -4.3139e-23)
(-0.0539378 -0.00917109 2.43724e-21)
(-0.0432986 -0.00974681 -2.00103e-21)
(-0.0323404 -0.0102096 2.50753e-21)
(-0.0210813 -0.0105424 -5.63456e-22)
(-0.00953947 -0.01073 -1.50525e-23)
(0.00226456 -0.0107613 -5.71838e-22)
(0.0143107 -0.0106293 7.69924e-22)
(0.0265773 -0.0103322 -8.2368e-22)
(0.0390428 -0.00987303 7.61999e-22)
(0.0516868 -0.00925963 -4.53797e-22)
(0.064485 -0.00851316 -5.09774e-24)
(0.0774132 -0.00764552 2.78105e-22)
(0.0904507 -0.00668249 -3.66443e-22)
(0.103574 -0.00565235 2.08912e-23)
(0.116761 -0.00458611 1.13706e-22)
(-0.186168 0.00271679 -3.46723e-21)
(-0.188475 0.00232493 -6.14972e-21)
(-0.190566 0.0019544 7.01461e-21)
(-0.192444 0.00160458 -1.3588e-20)
(-0.194116 0.00127469 8.00287e-21)
(-0.195583 0.000968209 -7.95424e-21)
(-0.196843 0.000683064 8.93214e-21)
(-0.197899 0.000419894 -4.01593e-21)
(-0.19875 0.000175921 5.58198e-21)
(-0.199378 -4.92581e-05 -1.15326e-20)
(-0.199793 -0.000250025 8.76895e-22)
(-0.200016 -0.000412694 1.33075e-20)
(-0.200035 -0.000548407 -3.52116e-21)
(-0.199846 -0.000659493 6.77449e-21)
(-0.199446 -0.000746748 -6.65576e-22)
(-0.198833 -0.000811569 -2.29095e-21)
(-0.198001 -0.00085342 -1.16078e-20)
(-0.196944 -0.000874779 8.69573e-21)
(-0.195657 -0.000879611 -1.83698e-21)
(-0.19413 -0.000864212 -7.31781e-22)
(-0.192355 -0.000842394 -3.15621e-22)
(-0.190325 -0.000817832 -9.33818e-22)
(-0.188031 -0.000796313 8.01356e-21)
(-0.185465 -0.000784774 -1.21421e-20)
(-0.182616 -0.000790805 4.113e-21)
(-0.179474 -0.00082288 2.45659e-21)
(-0.176029 -0.000888642 3.3172e-21)
(-0.172271 -0.00099794 -1.76966e-21)
(-0.168189 -0.00115782 2.71011e-21)
(-0.163774 -0.00137549 -1.09449e-20)
(-0.159013 -0.00165736 9.54501e-21)
(-0.1539 -0.00200819 -2.9026e-21)
(-0.148422 -0.00243473 2.6883e-21)
(-0.142576 -0.00293242 -1.58287e-21)
(-0.136358 -0.0035088 -5.6145e-21)
(-0.129755 -0.00415377 -2.02053e-21)
(-0.122767 -0.00487189 3.10779e-21)
(-0.115389 -0.00565592 1.4044e-21)
(-0.107625 -0.00648966 -1.97446e-21)
(-0.0994764 -0.00736629 2.21046e-21)
(-0.0909461 -0.00826855 1.80321e-21)
(-0.0820399 -0.00917961 -8.39078e-22)
(-0.0727665 -0.0100773 -4.75002e-21)
(-0.0631364 -0.0109423 2.5669e-21)
(-0.0531605 -0.0117557 -2.76442e-21)
(-0.0428559 -0.0124901 3.3772e-21)
(-0.0322367 -0.0131261 -1.29758e-21)
(-0.0213192 -0.0136419 -1.95793e-21)
(-0.0101217 -0.0140206 4.08632e-21)
(0.00133783 -0.0142466 5.446e-22)
(0.0130395 -0.0143089 6.19996e-22)
(0.0249644 -0.0142007 -2.99005e-21)
(0.037093 -0.0139202 1.73403e-21)
(0.0494061 -0.0134708 -2.39382e-22)
(0.0618855 -0.0128611 -2.08172e-21)
(0.0745109 -0.0121091 1.90342e-21)
(0.0872622 -0.0112306 1.36772e-21)
(0.100122 -0.0102508 -1.9729e-21)
(0.113071 -0.00919781 -6.51033e-22)
(0.12609 -0.00810306 -7.13549e-22)
(-0.177717 0.00343125 2.6124e-21)
(-0.179668 0.00293628 3.70044e-21)
(-0.181412 0.0024673 -1.91018e-20)
(-0.182951 0.00202271 2.19731e-21)
(-0.184288 0.00160311 -2.35844e-21)
(-0.18542 0.00120625 2.94322e-20)
(-0.186348 0.000831776 -3.75056e-20)
(-0.18707 0.00048546 1.67759e-21)
(-0.187579 0.000171742 5.91247e-21)
(-0.187874 -0.000127319 3.55873e-21)
(-0.187969 -0.000392485 -2.01454e-21)
(-0.187866 -0.000628636 -5.06895e-21)
(-0.187554 -0.000838617 -3.03112e-21)
(-0.187031 -0.00102361 1.43576e-20)
(-0.186292 -0.00118503 -1.25184e-20)
(-0.185334 -0.00132365 1.63266e-20)
(-0.184149 -0.0014422 -8.6417e-21)
(-0.182731 -0.00154441 -5.67299e-21)
(-0.181073 -0.00163101 2.13867e-21)
(-0.179165 -0.0017108 2.021e-20)
(-0.177 -0.00178898 -1.02928e-20)
(-0.17457 -0.00187167 1.13829e-21)
(-0.171864 -0.00196575 -1.11791e-20)
(-0.168874 -0.0020783 3.10727e-21)
(-0.165588 -0.0022171 -2.20055e-21)
(-0.161997 -0.00238846 -4.03321e-21)
(-0.158092 -0.00260251 6.71105e-21)
(-0.153861 -0.00286663 2.08249e-21)
(-0.149295 -0.00318877 -1.59041e-21)
(-0.144383 -0.00357589 2.30867e-21)
(-0.139119 -0.00403265 5.93411e-21)
(-0.13349 -0.00456659 -7.56057e-21)
(-0.127494 -0.00517021 7.93522e-21)
(-0.121128 -0.00585281 -1.12109e-20)
(-0.114382 -0.00660497 6.15491e-21)
(-0.107257 -0.00742726 2.48193e-23)
(-0.0997484 -0.00831371 8.48393e-22)
(-0.0918613 -0.00924554 -1.47794e-21)
(-0.0836013 -0.0102172 -4.12105e-21)
(-0.074972 -0.0112103 9.09724e-21)
(-0.065981 -0.0122076 -5.73684e-21)
(-0.0566392 -0.0131856 1.54729e-21)
(-0.0469596 -0.0141255 -2.36462e-21)
(-0.0369543 -0.0150067 -2.53038e-21)
(-0.0266417 -0.0158019 4.3006e-21)
(-0.0160376 -0.0164925 -3.4911e-21)
(-0.00515896 -0.0170556 1.06825e-21)
(0.00597514 -0.0174742 2.81836e-21)
(0.017347 -0.0177334 -2.55688e-21)
(0.0289371 -0.0178218 3.84543e-21)
(0.0407279 -0.0177331 -2.97341e-22)
(0.0527015 -0.0174656 -1.40677e-21)
(0.0648411 -0.0170229 9.04687e-23)
(0.0771309 -0.0164141 -2.49502e-21)
(0.0895542 -0.0156564 1.18651e-21)
(0.102095 -0.0147671 6.977e-22)
(0.114739 -0.0137712 -1.29524e-21)
(0.127471 -0.0126971 1.75395e-21)
(0.140275 -0.0115761 -1.92722e-21)
(-0.16339 0.00445758 7.37939e-21)
(-0.165162 0.00384126 1.68346e-20)
(-0.166731 0.00325581 3.32399e-21)
(-0.1681 0.00269879 7.68713e-21)
(-0.16927 0.00216895 -3.74386e-20)
(-0.170239 0.00166434 1.85649e-20)
(-0.171005 0.00118421 -6.22976e-21)
(-0.171565 0.000730263 1.47168e-21)
(-0.171913 0.000309829 2.7398e-22)
(-0.17205 -7.27274e-05 1.79978e-20)
(-0.17199 -0.000438749 -4.20388e-20)
(-0.171729 -0.000774758 3.19643e-20)
(-0.17126 -0.00108326 3.91715e-21)
(-0.170579 -0.00136562 -2.68205e-20)
(-0.169681 -0.00162358 1.50336e-20)
(-0.168561 -0.00185875 1.53517e-20)
(-0.167213 -0.002074 -1.27234e-20)
(-0.165631 -0.00227294 1.65843e-21)
(-0.163806 -0.00245842 -2.79126e-21)
(-0.16173 -0.00263722 -1.68555e-20)
(-0.159395 -0.0028151 -5.81408e-21)
(-0.156792 -0.00299846 1.52292e-20)
(-0.153912 -0.0031943 6.19029e-21)
(-0.150745 -0.00340977 1.09161e-20)
(-0.14728 -0.00365287 -1.51136e-20)
(-0.143509 -0.00392915 -2.60097e-21)
(-0.139421 -0.00424933 -6.35769e-21)
(-0.135007 -0.00462035 -5.65837e-21)
(-0.130257 -0.00504981 1.98162e-20)
(-0.125161 -0.00554444 -1.7472e-20)
(-0.119715 -0.00610842 1.24149e-20)
(-0.113904 -0.00675029 2.04491e-21)
(-0.107728 -0.00745844 1.70109e-21)
(-0.101187 -0.00824549 -1.07598e-20)
(-0.0942709 -0.00910206 4.54754e-21)
(-0.0869839 -0.0100255 3.39528e-21)
(-0.0793209 -0.0110113 4.16794e-21)
(-0.0712897 -0.012037 -1.46068e-20)
(-0.0628987 -0.0130989 1.02421e-20)
(-0.0541531 -0.0141777 -9.18218e-21)
(-0.0450622 -0.015256 8.9764e-21)
(-0.0356389 -0.016308 -1.15392e-20)
(-0.0258997 -0.0173162 1.30311e-20)
(-0.015857 -0.0182593 -6.14679e-21)
(-0.00553101 -0.0191091 4.59958e-21)
(0.00506036 -0.0198465 -5.52875e-21)
(0.0158998 -0.0204506 -1.62628e-21)
(0.0269671 -0.0209026 -3.02936e-21)
(0.0382446 -0.0211888 1.06696e-20)
(0.0497135 -0.0212975 -3.36242e-21)
(0.0613571 -0.0212228 -2.00498e-21)
(0.0731591 -0.0209635 1.63108e-21)
(0.0851049 -0.0205234 -1.44488e-21)
(0.0971813 -0.0199124 1.32878e-21)
(0.109375 -0.0191471 -8.4926e-22)
(0.121673 -0.0182458 -4.31713e-23)
(0.134065 -0.0172335 3.11487e-23)
(0.14654 -0.0161388 -5.87108e-22)
(0.159086 -0.0149931 3.31023e-22)
(-0.145504 0.0053856 8.14478e-21)
(-0.147063 0.00465178 -2.17525e-20)
(-0.148426 0.00395316 2.11996e-20)
(-0.149595 0.00328643 -3.90372e-21)
(-0.150568 0.00264933 -1.57568e-20)
(-0.151343 0.00203937 2.03991e-20)
(-0.151919 0.00145533 -3.32977e-20)
(-0.152288 0.000898498 4.48317e-20)
(-0.152444 0.000378649 -1.49011e-20)
(-0.152397 -9.90702e-05 -2.58151e-20)
(-0.152156 -0.000565729 2.1207e-20)
(-0.151709 -0.00100048 -1.26844e-20)
(-0.151054 -0.00140664 4.68325e-21)
(-0.150187 -0.0017858 -9.14597e-21)
(-0.149101 -0.00214 1.11017e-20)
(-0.147791 -0.00247143 1.50606e-20)
(-0.146252 -0.00278315 -7.20805e-21)
(-0.144477 -0.00307879 6.7905e-21)
(-0.142457 -0.00336211 -4.98904e-21)
(-0.140185 -0.00363929 -3.82534e-23)
(-0.137651 -0.00391631 7.34645e-21)
(-0.134847 -0.00419972 -1.11515e-20)
(-0.131764 -0.00449666 1.49782e-20)
(-0.128392 -0.00481428 -1.49769e-20)
(-0.124721 -0.00516085 3.05681e-21)
(-0.120741 -0.00554087 3.74251e-21)
(-0.116444 -0.00596585 -1.18074e-20)
(-0.111819 -0.00644238 4.32977e-21)
(-0.106859 -0.00697771 -1.56276e-21)
(-0.101553 -0.0075783 -1.04877e-21)
(-0.0959005 -0.00824774 -7.8018e-21)
(-0.0898837 -0.00899637 1.11916e-20)
(-0.0835056 -0.00980689 4.46377e-21)
(-0.0767681 -0.0106957 4.1435e-21)
(-0.0696621 -0.0116523 -1.10479e-20)
(-0.0621948 -0.0126725 1.15961e-20)
(-0.0543609 -0.0137544 -2.77809e-21)
(-0.04617 -0.0148686 -1.10463e-20)
(-0.0376349 -0.0160153 6.35888e-21)
(-0.0287617 -0.017174 7.29432e-21)
(-0.0195613 -0.0183272 -2.70194e-21)
(-0.010049 -0.0194471 -1.50715e-21)
(-0.000244685 -0.020517 -9.1406e-21)
(0.00983839 -0.0215128 3.17553e-21)
(0.0201791 -0.0224109 4.23178e-21)
(0.0307565 -0.0231879 -2.6019e-21)
(0.0415529 -0.0238254 2.25695e-21)
(0.0525475 -0.0243038 -2.53911e-21)
(0.0637222 -0.0246098 -5.84597e-23)
(0.0750587 -0.0247322 6.10951e-22)
(0.0865411 -0.0246654 1.85977e-22)
(0.0981546 -0.0244086 5.33978e-22)
(0.109887 -0.0239665 3.24972e-22)
(0.121726 -0.0233492 2.23343e-21)
(0.133663 -0.0225732 -5.64865e-21)
(0.145688 -0.0216577 3.68323e-21)
(0.157795 -0.0206278 -3.54915e-21)
(0.169975 -0.0195121 1.94969e-21)
(0.182221 -0.0183422 -5.99586e-22)
(-0.124064 0.00620144 -4.55639e-21)
(-0.125386 0.00535483 6.39203e-21)
(-0.126519 0.00454715 2.65922e-20)
(-0.127463 0.00377423 8.44644e-22)
(-0.128217 0.003033 -3.48868e-20)
(-0.128778 0.00232032 7.29511e-21)
(-0.129142 0.00163433 2.2241e-22)
(-0.129299 0.000975809 2.22646e-20)
(-0.129242 0.000358087 -5.32135e-22)
(-0.128991 -0.000219545 -2.2337e-22)
(-0.12855 -0.000783217 -3.73831e-20)
(-0.127898 -0.00131538 3.49263e-21)
(-0.127038 -0.0018182 8.34327e-21)
(-0.125963 -0.0022934 1.24637e-20)
(-0.124669 -0.00274331 1.7689e-20)
(-0.12315 -0.00317052 -9.07769e-21)
(-0.1214 -0.00357828 -6.54505e-21)
(-0.119411 -0.00397039 1.1497e-20)
(-0.117176 -0.0043511 -2.68885e-20)
(-0.114686 -0.00472628 1.04764e-20)
(-0.111933 -0.00510206 -6.32034e-21)
(-0.108908 -0.00548506 1.3126e-20)
(-0.105601 -0.00588251 -1.18712e-20)
(-0.102005 -0.00630156 -1.30174e-21)
(-0.0981064 -0.00675088 -3.57937e-21)
(-0.0938981 -0.00723343 -2.2091e-21)
(-0.0893724 -0.00776169 5.07046e-21)
(-0.0845189 -0.00834192 -6.23573e-21)
(-0.0793305 -0.00898102 1.19248e-20)
(-0.0737979 -0.00968494 1.1199e-20)
(-0.0679222 -0.0104565 -6.77642e-21)
(-0.0616847 -0.0113109 -5.19759e-21)
(-0.0550893 -0.01222 6.91161e-21)
(-0.0481424 -0.0132068 -5.87371e-23)
(-0.0408342 -0.0142591 -1.14025e-20)
(-0.0331766 -0.0153715 1.40236e-21)
(-0.0251631 -0.0165447 7.88401e-21)
(-0.0168043 -0.0177423 -8.17223e-21)
(-0.00811895 -0.0189684 2.9256e-21)
(0.000886049 -0.0202012 -2.97642e-21)
(0.0101982 -0.0214194 1.50654e-20)
(0.0198007 -0.0226014 -8.44849e-21)
(0.0296701 -0.0237259 6.8763e-21)
(0.0397911 -0.0247669 1.65503e-21)
(0.0501418 -0.0257051 -3.95391e-21)
(0.0606996 -0.0265146 7.42208e-21)
(0.0714453 -0.0271774 -1.02127e-20)
(0.0823575 -0.0276744 1.05788e-20)
(0.0934179 -0.0279925 -7.49774e-21)
(0.104608 -0.0281213 -1.43511e-21)
(0.115914 -0.0280556 1.71081e-21)
(0.127321 -0.0277954 -2.34981e-21)
(0.138819 -0.0273456 2.676e-21)
(0.150398 -0.0267173 2.86809e-21)
(0.162053 -0.0259268 -2.07237e-22)
(0.173776 -0.0249942 2.94979e-22)
(0.185565 -0.0239446 -6.78909e-21)
(0.197414 -0.0228069 3.98412e-21)
(0.209322 -0.0216123 6.69652e-22)
(-0.0990569 0.00689639 3.37854e-20)
(-0.100127 0.00594241 -8.64015e-20)
(-0.101017 0.00503042 4.46012e-20)
(-0.101725 0.00415534 1.88212e-21)
(-0.102249 0.00331357 -5.27824e-20)
(-0.102584 0.00250126 5.62931e-20)
(-0.102724 0.00171566 -3.57179e-20)
(-0.102658 0.000958667 2.3862e-20)
(-0.102378 0.000262008 3.13265e-21)
(-0.101913 -0.00043468 -5.39148e-20)
(-0.101259 -0.00109576 6.27148e-20)
(-0.100393 -0.00172432 1.08108e-20)
(-0.0993156 -0.00232281 -2.17752e-20)
(-0.0980233 -0.00289326 1.7506e-20)
(-0.0965104 -0.00343826 -2.36111e-20)
(-0.094771 -0.00396069 6.45823e-21)
(-0.0927984 -0.00446399 -1.18996e-20)
(-0.0905852 -0.00495212 -1.08771e-20)
(-0.0881235 -0.00542962 5.00057e-20)
(-0.085405 -0.00590222 -1.65982e-20)
(-0.0824212 -0.00637608 2.55633e-21)
(-0.0791634 -0.0068579 -1.09439e-20)
(-0.0756223 -0.00735487 -4.03982e-20)
(-0.0717904 -0.00787408 6.2567e-20)
(-0.0676545 -0.00842559 -2.29248e-20)
(-0.0632074 -0.00900931 -1.32508e-21)
(-0.0584431 -0.00963914 -2.34496e-20)
(-0.0533511 -0.0103212 1.8773e-20)
(-0.0479255 -0.0110619 -7.5645e-21)
(-0.0421569 -0.0118663 1.2563e-20)
(-0.0360519 -0.012737 -1.27467e-21)
(-0.0295882 -0.0136945 2.82338e-21)
(-0.0227688 -0.0146987 -2.02091e-20)
(-0.0156084 -0.0157796 1.64395e-20)
(-0.00809464 -0.0169239 -8.18702e-21)
(-0.000244832 -0.0181276 -1.69971e-21)
(0.00794806 -0.0193758 -4.24322e-21)
(0.0164745 -0.0206555 1.56501e-20)
(0.0253078 -0.0219554 -1.16033e-20)
(0.0344422 -0.0232556 1.12999e-20)
(0.043861 -0.0245318 -1.30064e-21)
(0.0535464 -0.0257685 -8.10724e-21)
(0.0634735 -0.0269393 2.86077e-21)
(0.0736237 -0.0280195 -1.29863e-21)
(0.0839741 -0.0289887 -5.95464e-21)
(0.0945007 -0.0298225 8.47193e-21)
(0.105183 -0.0305021 9.58123e-22)
(0.115999 -0.0310096 -3.57121e-21)
(0.126929 -0.0313319 9.55088e-22)
(0.137957 -0.0314594 -4.75442e-21)
(0.149068 -0.0313878 -1.29568e-22)
(0.160248 -0.0311174 6.44735e-22)
(0.17149 -0.0306541 1.1315e-21)
(0.182786 -0.0300094 2.99891e-21)
(0.194132 -0.0292 -1.85428e-21)
(0.205526 -0.0282467 -6.477e-22)
(0.216966 -0.0271748 -9.04164e-24)
(0.228452 -0.0260131 -1.50226e-21)
(0.239983 -0.0247929 9.44478e-22)
(-0.0704491 0.0074682 1.61356e-20)
(-0.0712664 0.00641252 1.36065e-21)
(-0.0719126 0.00540148 3.1535e-22)
(-0.072385 0.00442867 -7.76831e-21)
(-0.0726786 0.00349022 3.45637e-21)
(-0.0727879 0.00258154 -4.14545e-20)
(-0.0727062 0.00169893 6.86906e-20)
(-0.0724086 0.000846554 -4.99201e-20)
(-0.0719142 6.66782e-05 -5.76398e-21)
(-0.0712453 -0.000745996 7.29838e-21)
(-0.0703709 -0.00150331 1.17324e-20)
(-0.0692881 -0.00222717 2.78985e-20)
(-0.0679943 -0.00292041 -8.93967e-21)
(-0.0664841 -0.00358533 -1.29024e-20)
(-0.0647519 -0.00422479 4.09887e-20)
(-0.0627913 -0.00484188 -1.58343e-20)
(-0.0605955 -0.00544022 -2.97358e-20)
(-0.058157 -0.00602389 3.70802e-20)
(-0.0554679 -0.0065976 4.11152e-21)
(-0.0525197 -0.00716699 -2.3736e-20)
(-0.0493041 -0.00773825 1.40008e-20)
(-0.0458124 -0.00831805 -4.45858e-20)
(-0.0420354 -0.00891339 4.62209e-20)
(-0.0379671 -0.0095315 -2.46461e-20)
(-0.0335936 -0.0101843 -2.31533e-20)
(-0.028907 -0.0108677 2.31626e-20)
(-0.0239038 -0.0115972 -1.81586e-20)
(-0.0185739 -0.0123792 2.50116e-21)
(-0.0129118 -0.0132194 3.77006e-20)
(-0.00690836 -0.0141225 -2.1595e-20)
(-0.000576344 -0.0150968 4.34491e-21)
(0.0061087 -0.0161355 -2.19361e-20)
(0.0131489 -0.0172381 2.29649e-20)
(0.0205175 -0.0184099 1.85497e-20)
(0.0282294 -0.0196418 -2.82124e-20)
(0.0362678 -0.0209311 1.27297e-20)
(0.0446315 -0.0222487 5.85637e-21)
(0.0533122 -0.0236045 -3.21302e-20)
(0.0622839 -0.0249711 1.92182e-20)
(0.0715357 -0.0263314 1.10099e-20)
(0.0810484 -0.0276615 -6.97146e-21)
(0.0908023 -0.0289437 -6.41563e-21)
(0.100772 -0.0301527 9.69049e-21)
(0.110935 -0.0312638 -1.78968e-22)
(0.121268 -0.0322559 -6.45748e-21)
(0.131746 -0.0331053 5.1366e-21)
(0.142346 -0.0337935 -8.59638e-22)
(0.153046 -0.0343031 2.14368e-21)
(0.163827 -0.0346216 -3.01832e-21)
(0.174671 -0.0347402 -3.75418e-21)
(0.185565 -0.0346551 7.02257e-21)
(0.196497 -0.0343678 -4.17981e-22)
(0.207459 -0.0338847 -3.9506e-21)
(0.218447 -0.033218 -1.25268e-21)
(0.229459 -0.032385 2.83706e-21)
(0.240495 -0.0314069 1.54599e-21)
(0.251556 -0.0303094 -8.81133e-22)
(0.262647 -0.0291213 -1.89403e-21)
(0.273768 -0.027874 2.20474e-21)
(-0.0381792 0.00792204 -4.03947e-20)
(-0.0387592 0.00677069 6.22879e-20)
(-0.0391769 0.00566604 -6.99431e-20)
(-0.0394286 0.00459999 1.59982e-20)
(-0.039507 0.00356875 5.92828e-20)
(-0.0394054 0.00256708 -4.77951e-20)
(-0.0391159 0.00159011 -4.58267e-20)
(-0.038601 0.000640153 -4.5232e-21)
(-0.0379063 -0.000248346 6.98196e-20)
(-0.0370442 -0.00115209 5.9088e-21)
(-0.0359623 -0.0020011 -2.93276e-21)
(-0.0346751 -0.00281858 1.89707e-20)
(-0.033176 -0.00360558 -7.34647e-20)
(-0.0314591 -0.00436427 4.51457e-20)
(-0.0295185 -0.00509766 1.17923e-20)
(-0.0273475 -0.00580897 -4.07688e-20)
(-0.024939 -0.00650193 2.39167e-20)
(-0.0222855 -0.00718073 -5.79066e-21)
(-0.0193788 -0.00785017 -9.45303e-21)
(-0.0162108 -0.00851584 1.03132e-20)
(-0.0127729 -0.00918392 -1.80881e-20)
(-0.00905692 -0.00986109 1.31517e-20)
(-0.00505333 -0.0105544 2.47441e-20)
(-0.000758464 -0.0112725 -3.52305e-20)
(0.0038423 -0.0120195 -5.24814e-21)
(0.00875876 -0.0128018 2.25393e-20)
(0.0139905 -0.01363 1.50136e-20)
(0.0195476 -0.0145097 -2.08097e-20)
(0.0254347 -0.015447 -1.99864e-21)
(0.031659 -0.0164462 3.03582e-20)
(0.0382119 -0.0175197 -3.37604e-20)
(0.0451053 -0.0186361 3.24413e-20)
(0.0523461 -0.0198336 -4.44834e-20)
(0.05991 -0.0210911 3.40647e-20)
(0.0678044 -0.0224046 -2.18414e-20)
(0.0760139 -0.0237699 1.69908e-20)
(0.0845314 -0.025162 -7.58926e-22)
(0.0933476 -0.0265832 4.37997e-21)
(0.102437 -0.0280092 -2.84109e-20)
(0.111786 -0.0294222 8.88827e-21)
(0.12137 -0.0307986 9.52557e-21)
(0.13117 -0.0321187 -8.13183e-22)
(0.141159 -0.0333578 4.88947e-21)
(0.151312 -0.0344915 -1.67144e-20)
(0.161603 -0.0354982 -3.29075e-21)
(0.172007 -0.036355 2.46498e-21)
(0.182499 -0.0370435 1.0103e-20)
(0.193059 -0.0375471 -1.08487e-20)
(0.203665 -0.0378538 7.90339e-21)
(0.2143 -0.0379558 7.9951e-21)
(0.224952 -0.03785 -1.96865e-20)
(0.235609 -0.0375388 9.74574e-21)
(0.246266 -0.0370297 -1.48576e-21)
(0.25692 -0.0363353 -2.81455e-21)
(0.26757 -0.0354736 2.10556e-21)
(0.27822 -0.0344665 1.7604e-21)
(0.288874 -0.0333398 1.26003e-22)
(0.299538 -0.0321226 -2.92465e-21)
(0.310218 -0.030846 2.48587e-21)
(-0.0021542 0.00827101 8.50201e-20)
(-0.00253212 0.00703354 -2.92751e-20)
(-0.0027549 0.00583911 -1.1466e-20)
(-0.00281871 0.00468344 -6.62904e-21)
(-0.00271384 0.00356272 5.99589e-20)
(-0.00243215 0.00247117 -4.71184e-20)
(-0.00196652 0.0014002 4.15105e-20)
(-0.00126688 0.000351223 -5.2163e-20)
(-0.000397249 -0.000649704 -1.54119e-20)
(0.000637251 -0.00163245 -2.00157e-20)
(0.00189896 -0.00257411 1.54246e-20)
(0.00336452 -0.0034856 4.60065e-21)
(0.00504428 -0.00436638 -1.21e-20)
(0.0069439 -0.00521873 7.87742e-21)
(0.00906954 -0.00604587 1.90502e-20)
(0.011428 -0.00685122 3.69187e-20)
(0.0140267 -0.00763864 -4.30366e-20)
(0.0168733 -0.00841235 4.77517e-20)
(0.0199758 -0.00917719 -3.94389e-20)
(0.0233424 -0.00993873 -2.08069e-20)
(0.0269814 -0.0107031 1.72898e-20)
(0.0309009 -0.011477 -1.4516e-20)
(0.0351097 -0.0122674 1.12263e-20)
(0.0396129 -0.013084 6.37739e-21)
(0.0444208 -0.0139237 -4.28117e-21)
(0.0495442 -0.0148036 1.26406e-20)
(0.0549836 -0.0157282 -3.13113e-20)
(0.0607469 -0.0167033 1.54629e-20)
(0.0668375 -0.0177346 -2.30838e-20)
(0.0732607 -0.0188256 2.1458e-20)
(0.0800105 -0.0199872 8.24004e-21)
(0.0870906 -0.0211954 2.49951e-20)
(0.094508 -0.0224762 -2.81977e-20)
(0.102242 -0.0238139 2.37001e-20)
(0.110293 -0.0252035 5.31822e-22)
(0.118647 -0.0266392 -8.91053e-21)
(0.127291 -0.0280993 -1.22056e-20)
(0.136215 -0.0295796 2.76716e-21)
(0.145393 -0.0310583 -6.05648e-21)
(0.154808 -0.032517 -1.0405e-20)
(0.164434 -0.0339319 1.29636e-20)
(0.174249 -0.0352823 -9.21522e-21)
(0.184225 -0.0365438 1.3384e-20)
(0.194335 -0.0376921 -4.84883e-21)
(0.204553 -0.0387053 -7.44737e-21)
(0.214851 -0.0395614 1.88105e-20)
(0.225205 -0.0402422 -1.1635e-20)
(0.235592 -0.0407318 3.36013e-23)
(0.245992 -0.0410191 1.14062e-20)
(0.256388 -0.041097 -1.19333e-20)
(0.266767 -0.0409636 5.32324e-21)
(0.277121 -0.0406219 2.09533e-21)
(0.287444 -0.0400805 -3.75702e-21)
(0.297735 -0.0393529 -8.0886e-21)
(0.307995 -0.0384576 3.54967e-21)
(0.318231 -0.0374171 1.08291e-20)
(0.328449 -0.0362575 -8.20909e-21)
(0.338657 -0.0350081 6.55566e-21)
(0.348864 -0.0337 -1.74933e-21)
(0.0377527 0.0085421 3.05754e-20)
(0.0375175 0.00722347 -6.96492e-20)
(0.0374322 0.00594295 3.50664e-20)
(0.0375031 0.004701 1.02288e-20)
(0.0377401 0.00349359 -5.4095e-21)
(0.0381517 0.00231464 4.72167e-21)
(0.0387438 0.00115718 -7.50762e-21)
(0.0395796 5.34086e-05 -2.83582e-20)
(0.0405863 -0.00109134 -1.84717e-21)
(0.0417547 -0.00216745 6.66633e-20)
(0.0431497 -0.00320591 -1.03635e-20)
(0.044755 -0.00421157 -5.45586e-20)
(0.0465773 -0.00518615 5.12908e-20)
(0.0486225 -0.00613223 -2.30573e-20)
(0.0508967 -0.00705324 -2.44181e-20)
(0.053407 -0.00795275 9.7053e-21)
(0.056161 -0.00883471 1.21516e-20)
(0.0591664 -0.00970338 2.59758e-20)
(0.0624311 -0.0105636 -2.73198e-21)
(0.0659632 -0.0114208 -1.96713e-20)
(0.0697708 -0.012281 -8.03455e-22)
(0.0738616 -0.0131508 4.15544e-21)
(0.0782439 -0.014037 -2.00881e-21)
(0.0829232 -0.0149486 1.02128e-20)
(0.0879074 -0.0158854 -1.38075e-20)
(0.0932064 -0.0168603 1.06819e-21)
(0.0988219 -0.0178788 -4.85868e-21)
(0.104759 -0.0189466 -1.00866e-20)
(0.111021 -0.0200691 3.21591e-20)
(0.117611 -0.0212489 -9.37224e-21)
(0.124524 -0.0224952 -3.3969e-21)
(0.131758 -0.0237907 3.02422e-20)
(0.139319 -0.0251505 -3.51658e-20)
(0.147188 -0.0265639 -1.27152e-20)
(0.155361 -0.0280244 1.08405e-20)
(0.163822 -0.0295252 9.1693e-21)
(0.172556 -0.0310462 -4.88223e-21)
(0.18155 -0.0325795 -1.46402e-20)
(0.190779 -0.0341043 3.14731e-20)
(0.200221 -0.0356016 -1.77611e-20)
(0.20985 -0.0370477 -7.08069e-21)
(0.219641 -0.038421 7.19761e-21)
(0.229564 -0.0396973 2.198e-20)
(0.239592 -0.0408523 -3.21319e-20)
(0.249696 -0.0418645 2.17705e-20)
(0.259849 -0.0427121 -4.46033e-21)
(0.270026 -0.0433775 2.52675e-21)
(0.280203 -0.0438458 -3.55236e-21)
(0.29036 -0.0441064 -5.32988e-21)
(0.300481 -0.0441533 1.2823e-20)
(0.310554 -0.0439856 -2.37959e-21)
(0.320571 -0.0436073 -1.22657e-20)
(0.330527 -0.0430279 3.88784e-21)
(0.340424 -0.0422618 8.9022e-21)
(0.350265 -0.0413282 -4.06971e-21)
(0.360057 -0.0402501 5.79168e-21)
(0.369809 -0.0390542 -1.06299e-20)
(0.379533 -0.0377696 6.1835e-21)
(0.389238 -0.0364275 2.63173e-21)
(0.0816911 0.00877415 6.15283e-20)
(0.0815132 0.00737427 -6.64915e-20)
(0.0814845 0.00601114 2.06376e-20)
(0.0816132 0.0046849 2.98456e-20)
(0.0819091 0.00339211 -1.01185e-20)
(0.0823831 0.00212693 -1.93528e-20)
(0.083053 0.00088452 -1.1717e-20)
(0.0839372 -0.000314728 1.45528e-20)
(0.0849957 -0.00156884 2.00972e-20)
(0.0862588 -0.00274091 -1.48102e-20)
(0.0877358 -0.00387347 9.49435e-22)
(0.0894263 -0.00497313 -3.19511e-20)
(0.0913383 -0.00604196 8.24714e-21)
(0.0934774 -0.00708233 1.67513e-20)
(0.0958501 -0.00809783 5.91523e-21)
(0.0984635 -0.00909214 -2.20842e-20)
(0.101325 -0.0100693 3.75886e-20)
(0.104443 -0.0110334 -3.06149e-20)
(0.107824 -0.0119893 -9.44923e-22)
(0.111477 -0.0129424 3.59879e-20)
(0.115409 -0.0138986 -3.13918e-20)
(0.119627 -0.0148642 2.18544e-20)
(0.12414 -0.0158457 -7.65353e-21)
(0.128953 -0.0168518 4.50364e-21)
(0.134071 -0.0178842 -3.9461e-20)
(0.139504 -0.0189527 2.6948e-20)
(0.145253 -0.0200634 -3.46551e-20)
(0.151323 -0.0212218 3.2001e-20)
(0.157715 -0.022433 3.93477e-21)
(0.164429 -0.0236988 1.44742e-21)
(0.171461 -0.0250269 -3.00558e-20)
(0.178807 -0.0264039 -3.11249e-21)
(0.186468 -0.0278391 4.25837e-20)
(0.194428 -0.0293235 -9.36389e-21)
(0.202677 -0.0308499 -1.7068e-20)
(0.2112 -0.0324102 3.41349e-20)
(0.219978 -0.0339858 -2.56939e-20)
(0.228997 -0.035566 8.61841e-21)
(0.238229 -0.0371304 4.99116e-21)
(0.247651 -0.0386595 -1.33538e-20)
(0.257234 -0.0401297 -4.72326e-21)
(0.266953 -0.0415186 1.57415e-20)
(0.276776 -0.0428024 -1.05307e-20)
(0.286674 -0.0439569 1.13754e-20)
(0.296618 -0.0449607 -1.21513e-20)
(0.30658 -0.0457926 -2.13376e-21)
(0.316534 -0.0464357 6.62535e-21)
(0.326457 -0.0468758 4.00446e-22)
(0.336329 -0.0471032 -2.1214e-21)
(0.346135 -0.0471129 -8.6795e-21)
(0.355862 -0.0469049 -2.60194e-21)
(0.365505 -0.0464845 8.10539e-21)
(0.37506 -0.0458619 8.73e-21)
(0.384529 -0.0450526 -6.47082e-21)
(0.393918 -0.0440764 -5.95466e-21)
(0.403236 -0.042957 1.16565e-20)
(0.412494 -0.0417214 -5.84411e-21)
(0.421704 -0.0403989 -6.07255e-21)
(0.43088 -0.0390205 7.14744e-21)
(0.12959 0.0075376 3.06963e-20)
(0.129509 0.00609093 2.29072e-20)
(0.129593 0.00467906 -5.99982e-21)
(0.12985 0.00329943 -2.7198e-20)
(0.130292 0.00194577 9.94722e-21)
(0.130934 0.000607154 3.38096e-20)
(0.131798 -0.000730598 -8.35023e-20)
(0.132849 -0.00204921 7.21183e-20)
(0.134115 -0.00331319 -9.1309e-21)
(0.1356 -0.00454224 -9.90068e-21)
(0.137305 -0.0057383 -7.65844e-22)
(0.139238 -0.00690346 3.477e-20)
(0.141406 -0.00803996 -4.64704e-20)
(0.143813 -0.00915163 -1.91425e-20)
(0.146468 -0.0102423 2.90099e-20)
(0.149377 -0.011316 2.52094e-20)
(0.152547 -0.0123768 -6.12577e-20)
(0.155987 -0.0134295 1.84532e-20)
(0.159704 -0.0144794 1.72661e-20)
(0.163706 -0.015532 3.39398e-20)
(0.167998 -0.0165938 -1.49839e-20)
(0.172587 -0.0176708 -1.64091e-20)
(0.17748 -0.0187712 -3.10886e-20)
(0.182681 -0.0198977 4.45216e-20)
(0.188196 -0.0210589 5.75555e-22)
(0.194027 -0.0222604 -7.48492e-21)
(0.200178 -0.0235075 -1.30596e-20)
(0.206647 -0.0248049 -4.18016e-21)
(0.213434 -0.026154 3.65691e-20)
(0.220533 -0.027561 -1.21684e-20)
(0.227939 -0.0290151 -3.15797e-20)
(0.235648 -0.0305216 -6.50599e-22)
(0.243644 -0.0320725 4.76227e-21)
(0.251917 -0.0336597 -1.72826e-21)
(0.260447 -0.0352743 -1.16079e-20)
(0.269216 -0.0368984 2.39894e-20)
(0.278204 -0.0385194 9.53712e-21)
(0.287384 -0.0401172 -1.80031e-20)
(0.29673 -0.0416715 1.33543e-21)
(0.306213 -0.0431589 5.08048e-21)
(0.315804 -0.0445568 7.37346e-21)
(0.325471 -0.0458412 -6.74171e-21)
(0.335185 -0.0469884 9.78375e-21)
(0.344915 -0.0479771 -8.11272e-21)
(0.354633 -0.0487869 1.26573e-20)
(0.364314 -0.0494014 -8.45009e-21)
(0.373933 -0.0498071 5.28215e-21)
(0.383473 -0.0499955 3.5006e-21)
(0.392917 -0.0499626 -1.03356e-20)
(0.402256 -0.0497093 -6.38434e-23)
(0.411484 -0.0492419 2.0478e-21)
(0.420599 -0.0485719 9.01102e-21)
(0.429605 -0.0477154 -4.18246e-22)
(0.438509 -0.0466931 -5.80786e-21)
(0.447321 -0.0455292 -6.04518e-21)
(0.456055 -0.0442511 -2.02048e-21)
(0.464725 -0.0428883 5.34787e-21)
(0.473345 -0.0414717 3.56596e-21)
(0.181874 0.00777678 -2.84454e-20)
(0.181603 0.00624113 1.39968e-20)
(0.181512 0.00473844 2.96249e-20)
(0.181609 0.00326722 5.7802e-20)
(0.181903 0.00182179 -1.50662e-19)
(0.182405 0.000390407 8.48941e-20)
(0.183143 -0.00105826 -1.15608e-20)
(0.18409 -0.002478 2.99497e-20)
(0.185266 -0.00384365 -2.7796e-20)
(0.186669 -0.00517362 -6.7202e-20)
(0.188303 -0.00646988 2.39299e-20)
(0.190176 -0.00773493 2.29193e-20)
(0.192292 -0.00897071 7.78901e-21)
(0.194658 -0.0101814 1.13317e-20)
(0.197278 -0.011371 1.1499e-20)
(0.200162 -0.0125437 -5.34181e-20)
(0.203316 -0.0137035 4.47889e-20)
(0.206746 -0.0148549 -7.84897e-21)
(0.21046 -0.016003 2.74905e-20)
(0.214465 -0.0171535 -6.11273e-20)
(0.218766 -0.0183124 3.93309e-20)
(0.223369 -0.0194854 1.63342e-20)
(0.228279 -0.0206804 -9.79264e-22)
(0.2335 -0.0219008 -2.40922e-20)
(0.239036 -0.0231538 3.98566e-21)
(0.244889 -0.024445 -9.20822e-21)
(0.25106 -0.0257793 3.12811e-21)
(0.257546 -0.0271608 2.90111e-21)
(0.264345 -0.0285907 -8.22311e-21)
(0.271452 -0.0300736 1.03694e-20)
(0.278856 -0.031601 -1.5312e-20)
(0.286552 -0.033175 3.96269e-21)
(0.294525 -0.034788 -3.98162e-21)
(0.302758 -0.0364312 8.36575e-21)
(0.311235 -0.038095 -6.36314e-21)
(0.319931 -0.0397619 -1.28082e-20)
(0.328826 -0.0414179 6.51006e-22)
(0.337891 -0.0430429 2.9229e-20)
(0.347098 -0.0446163 3.47383e-21)
(0.356418 -0.0461147 -7.35745e-22)
(0.365819 -0.0475151 -1.74748e-20)
(0.375269 -0.0487939 5.98223e-21)
(0.384738 -0.0499277 -4.98643e-21)
(0.394194 -0.0508954 2.02828e-21)
(0.40361 -0.0516773 9.39152e-21)
(0.412961 -0.0522576 -4.37938e-21)
(0.422222 -0.052624 -6.45757e-21)
(0.431377 -0.0527686 1.15032e-20)
(0.440411 -0.0526884 -9.87129e-22)
(0.449315 -0.0523857 -2.82174e-21)
(0.458084 -0.0518677 -1.06272e-20)
(0.466719 -0.0511468 9.42248e-21)
(0.475225 -0.0502401 -1.86823e-21)
(0.48361 -0.0491689 1.52439e-21)
(0.491885 -0.0479581 -4.60981e-21)
(0.500067 -0.0466354 3.26294e-21)
(0.508169 -0.0452305 -7.1075e-21)
(0.516209 -0.0437743 7.61177e-21)
(0.238449 0.00816898 -6.07364e-20)
(0.237821 0.00653312 -6.9333e-20)
(0.237401 0.0049292 9.30163e-20)
(0.237193 0.00335687 3.78008e-20)
(0.237203 0.00181182 -2.00853e-19)
(0.237432 0.000280664 8.98759e-20)
(0.23792 -0.00127763 8.55069e-20)
(0.238648 -0.0028095 -9.8031e-20)
(0.239624 -0.0042846 8.69749e-20)
(0.240841 -0.00572214 -6.27111e-20)
(0.242304 -0.0071246 -3.51204e-20)
(0.244021 -0.00849509 5.16209e-20)
(0.245995 -0.00983506 3.39129e-20)
(0.248229 -0.0111492 -7.77148e-20)
(0.250731 -0.0124418 1.43005e-20)
(0.253506 -0.0137171 4.01244e-20)
(0.256562 -0.0149792 2.95284e-20)
(0.259905 -0.0162322 -6.09206e-20)
(0.26354 -0.0174813 1.56692e-20)
(0.267473 -0.0187318 -2.00284e-20)
(0.27171 -0.0199894 2.52016e-21)
(0.276255 -0.0212599 -3.9088e-20)
(0.281112 -0.0225504 3.05787e-20)
(0.286283 -0.0238647 -1.12464e-20)
(0.291771 -0.0252095 2.79213e-21)
(0.297577 -0.0265898 -6.85122e-22)
(0.303699 -0.02801 1.94972e-20)
(0.310135 -0.029474 6.47953e-21)
(0.316879 -0.0309825 -2.89565e-20)
(0.323924 -0.0325388 2.6517e-20)
(0.331258 -0.034136 -2.01996e-20)
(0.338874 -0.0357738 4.44202e-21)
(0.346754 -0.0374447 -1.61199e-21)
(0.354881 -0.0391395 -4.46103e-22)
(0.363234 -0.0408475 2.05178e-21)
(0.371789 -0.042552 3.70687e-21)
(0.380521 -0.0442376 -1.9653e-20)
(0.389402 -0.0458842 2.95052e-20)
(0.398402 -0.0474709 -1.11984e-20)
(0.407489 -0.0489745 2.6661e-21)
(0.416632 -0.0503719 -7.07807e-22)
(0.425798 -0.0516395 -2.02329e-21)
(0.434955 -0.0527544 1.20642e-20)
(0.444074 -0.0536958 -1.40757e-20)
(0.453125 -0.054445 -6.61784e-23)
(0.462085 -0.0549868 -2.92896e-21)
(0.470931 -0.0553096 1.10941e-20)
(0.479646 -0.0554066 -1.2655e-20)
(0.488217 -0.055276 1.42792e-21)
(0.496637 -0.0549209 4.60934e-21)
(0.504903 -0.0543496 -2.58583e-21)
(0.513016 -0.0535755 1.33895e-20)
(0.520983 -0.0526166 -1.23849e-20)
(0.528814 -0.0514947 9.72936e-21)
(0.536522 -0.0502355 4.46556e-21)
(0.544123 -0.048867 1.49846e-22)
(0.551633 -0.047419 -7.65241e-21)
(0.55907 -0.0459222 -4.18701e-21)
(0.299313 0.0088041 -1.60474e-19)
(0.298139 0.0070496 -9.70712e-21)
(0.297215 0.00532761 7.08923e-20)
(0.296538 0.00363867 -9.49589e-20)
(0.296112 0.0019805 9.49083e-20)
(0.295923 0.000336614 2.838e-20)
(0.296018 -0.00132323 7.43751e-20)
(0.296395 -0.0029843 -1.23755e-19)
(0.297049 -0.00458084 1.24386e-19)
(0.297964 -0.00613646 -1.58743e-20)
(0.299146 -0.00765411 -7.13021e-20)
(0.3006 -0.00913809 -4.77405e-20)
(0.302329 -0.0105893 5.34742e-20)
(0.304335 -0.0120132 5.9165e-20)
(0.306624 -0.0134144 -1.11238e-19)
(0.3092 -0.0147976 1.19192e-20)
(0.31207 -0.0161667 2.70558e-20)
(0.315238 -0.0175255 2.65935e-20)
(0.318711 -0.0188791 -4.09603e-20)
(0.322491 -0.0202328 1.48514e-21)
(0.326584 -0.0215919 -2.75852e-20)
(0.330993 -0.022962 -4.17403e-21)
(0.335719 -0.0243495 1.08614e-19)
(0.340765 -0.0257589 -1.45044e-20)
(0.34613 -0.0271958 -3.93713e-21)
(0.351814 -0.028665 -5.03872e-20)
(0.357813 -0.0301705 2.91024e-20)
(0.364124 -0.0317157 5.42624e-21)
(0.370739 -0.033301 -1.48303e-20)
(0.377648 -0.0349287 3.88659e-21)
(0.38484 -0.0365926 -6.08004e-21)
(0.392302 -0.0382908 8.89546e-21)
(0.400015 -0.0400159 5.53904e-21)
(0.40796 -0.041758 -3.04444e-20)
(0.416115 -0.043506 1.61754e-20)
(0.424453 -0.0452431 -3.07444e-21)
(0.432949 -0.0469533 8.13138e-21)
(0.441571 -0.0486164 1.37392e-20)
(0.450289 -0.0502113 -6.00488e-21)
(0.459071 -0.051715 -2.26573e-20)
(0.467883 -0.0531042 7.19381e-21)
(0.476693 -0.0543558 -6.20598e-21)
(0.485469 -0.0554472 2.38837e-20)
(0.494181 -0.0563583 -1.35459e-20)
(0.502802 -0.0570709 6.6086e-21)
(0.511308 -0.0575706 6.12011e-21)
(0.519678 -0.0578469 -2.26568e-20)
(0.527896 -0.0578939 1.17611e-20)
(0.535952 -0.0577106 -3.15814e-21)
(0.543839 -0.0573014 -9.78588e-21)
(0.551555 -0.0566755 9.06978e-21)
(0.559105 -0.0558471 7.69973e-21)
(0.566496 -0.054835 -2.35306e-21)
(0.573739 -0.053662 3.04394e-21)
(0.58085 -0.0523539 -1.08592e-20)
(0.587844 -0.0509392 -2.00881e-21)
(0.594739 -0.0494479 2.44853e-21)
(0.601554 -0.0479104 3.02934e-21)
(0.364331 0.00978078 -8.11576e-20)
(0.362411 0.00788123 2.71879e-20)
(0.360793 0.00601721 4.79641e-20)
(0.359474 0.00418961 8.06047e-20)
(0.358448 0.0023983 -1.39925e-19)
(0.357692 0.000628738 -6.60728e-20)
(0.357245 -0.00109021 5.46797e-20)
(0.357122 -0.00292518 6.7744e-20)
(0.357325 -0.0046707 9.91159e-21)
(0.357815 -0.00636143 -2.71195e-20)
(0.358598 -0.00800673 -3.17621e-20)
(0.359678 -0.00961511 2.54996e-20)
(0.361055 -0.011187 4.7527e-20)
(0.36273 -0.0127291 -6.50965e-20)
(0.364705 -0.0142465 6.90839e-20)
(0.366986 -0.0157445 -1.27852e-19)
(0.369577 -0.0172267 2.73149e-20)
(0.372482 -0.0186969 1.4948e-21)
(0.375704 -0.02016 -3.44113e-20)
(0.379246 -0.0216211 6.64693e-20)
(0.383111 -0.0230854 5.16591e-20)
(0.387301 -0.024558 -5.51769e-20)
(0.391816 -0.0260452 -5.70199e-20)
(0.396655 -0.0275512 4.28332e-20)
(0.401818 -0.0290813 8.03774e-20)
(0.407301 -0.0306399 -6.53107e-20)
(0.4131 -0.0322306 -1.66627e-20)
(0.419208 -0.0338562 -2.40918e-20)
(0.425616 -0.035517 1.00451e-19)
(0.432312 -0.0372141 -1.03067e-19)
(0.439282 -0.0389423 5.67828e-20)
(0.44651 -0.040698 1.01176e-20)
(0.453978 -0.0424739 -3.96104e-20)
(0.461663 -0.0442596 1.53262e-20)
(0.469541 -0.0460434 -7.85835e-21)
(0.477584 -0.0478088 2.16976e-20)
(0.485764 -0.0495391 1.16098e-21)
(0.49405 -0.0512141 -2.08314e-21)
(0.502409 -0.0528128 -1.42089e-20)
(0.510808 -0.054312 6.05933e-23)
(0.519214 -0.0556888 7.57198e-22)
(0.527594 -0.0569205 1.63489e-20)
(0.535917 -0.0579849 -8.59806e-21)
(0.544153 -0.0588625 1.33979e-20)
(0.552276 -0.0595358 -9.66271e-21)
(0.560264 -0.0599912 2.77723e-21)
(0.568098 -0.0602192 -9.94509e-22)
(0.575762 -0.0602148 -7.15521e-21)
(0.583249 -0.0599781 2.35675e-23)
(0.590554 -0.0595143 5.27382e-21)
(0.597677 -0.0588336 -1.19188e-21)
(0.604624 -0.0579512 4.60611e-22)
(0.611403 -0.0568865 -2.70292e-21)
(0.618028 -0.0556628 3.68421e-21)
(0.624514 -0.0543065 -8.77321e-21)
(0.630878 -0.0528464 6.38912e-21)
(0.637139 -0.0513124 2.2832e-21)
(0.643316 -0.049735 -1.9119e-21)
(0.430312 0.00912089 4.28726e-20)
(0.427817 0.00708394 -1.34075e-19)
(0.425681 0.00508951 7.20078e-20)
(0.423894 0.00313875 -1.40443e-19)
(0.422446 0.00122351 1.17362e-19)
(0.421291 -0.000649407 1.28015e-21)
(0.420501 -0.00262759 6.92849e-20)
(0.42013 -0.0045073 -2.96528e-20)
(0.420078 -0.00634399 -5.33057e-20)
(0.420345 -0.00813046 3.10883e-20)
(0.420939 -0.00987661 1.40545e-20)
(0.421857 -0.011581 -1.54643e-20)
(0.423097 -0.013252 4.9877e-20)
(0.42466 -0.0148951 -1.01443e-19)
(0.426549 -0.0165165 -8.24452e-21)
(0.428768 -0.0181198 8.61398e-20)
(0.431318 -0.0197083 -8.6402e-20)
(0.434202 -0.0212872 2.92564e-20)
(0.43742 -0.0228611 9.85083e-21)
(0.440973 -0.0244352 2.19478e-20)
(0.444861 -0.0260143 2.43407e-20)
(0.449082 -0.0276042 -6.09292e-20)
(0.453634 -0.0292092 -5.69761e-20)
(0.458514 -0.0308343 1.08131e-19)
(0.463716 -0.0324833 -2.24684e-20)
(0.469234 -0.0341594 -4.70831e-20)
(0.475059 -0.0358652 -1.68008e-20)
(0.481179 -0.0376006 1.04777e-19)
(0.487581 -0.0393658 -8.26302e-20)
(0.494249 -0.0411561 2.31476e-20)
(0.501164 -0.0429669 1.72213e-20)
(0.508305 -0.0447905 1.73237e-21)
(0.515649 -0.0466165 2.22228e-20)
(0.523169 -0.0484326 -7.37132e-20)
(0.530836 -0.0502225 6.60722e-20)
(0.53862 -0.051969 -2.99218e-20)
(0.546489 -0.0536521 2.48878e-20)
(0.554409 -0.0552506 -1.46133e-20)
(0.562348 -0.0567418 -2.08811e-21)
(0.570271 -0.0581029 1.29017e-20)
(0.578146 -0.0593116 -9.63631e-22)
(0.585943 -0.0603465 -7.44743e-21)
(0.593634 -0.0611885 -3.41282e-21)
(0.601194 -0.0618209 1.17907e-20)
(0.608601 -0.0622311 -1.34959e-21)
(0.615838 -0.0624104 3.90229e-21)
(0.622895 -0.0623547 -2.08416e-21)
(0.629762 -0.0620651 -2.14957e-21)
(0.636439 -0.0615478 -2.75556e-21)
(0.642927 -0.0608136 4.58218e-21)
(0.649234 -0.0598787 -9.0599e-21)
(0.655369 -0.058763 7.65472e-21)
(0.661348 -0.0574905 1.33995e-21)
(0.667186 -0.0560879 2.13275e-21)
(0.672902 -0.054584 -7.2377e-21)
(0.678514 -0.0530091 3.21989e-22)
(0.684042 -0.0513934 4.41576e-21)
(0.501299 0.0108554 3.80648e-20)
(0.497764 0.00860883 1.22752e-19)
(0.494657 0.00641419 -1.76276e-19)
(0.491961 0.00427035 6.03902e-20)
(0.489661 0.00217007 6.06802e-21)
(0.487689 8.49397e-05 2.87707e-20)
(0.486141 -0.00185312 1.86227e-20)
(0.485049 -0.00397854 -6.23613e-20)
(0.484329 -0.00601747 1.16295e-21)
(0.483971 -0.00797125 5.63005e-20)
(0.483973 -0.00987401 -4.88093e-20)
(0.484332 -0.0117259 7.56354e-21)
(0.485041 -0.0135389 7.41473e-20)
(0.486098 -0.0153191 -5.47947e-20)
(0.487505 -0.0170744 -1.10756e-20)
(0.489264 -0.018808 2.40563e-20)
(0.491375 -0.0205232 -4.10443e-20)
(0.493836 -0.0222251 -8.84857e-21)
(0.496647 -0.0239184 3.87341e-20)
(0.499807 -0.0256077 -4.73751e-20)
(0.503312 -0.027298 -5.8008e-21)
(0.50716 -0.0289945 -2.91166e-20)
(0.511345 -0.0307017 1.56585e-20)
(0.515863 -0.0324239 1.19501e-20)
(0.520705 -0.0341648 2.48939e-20)
(0.525862 -0.0359272 -1.80551e-20)
(0.531324 -0.0377133 -7.36432e-21)
(0.537077 -0.0395226 4.56362e-20)
(0.543104 -0.041355 -5.11554e-20)
(0.549388 -0.0432055 1.33983e-20)
(0.555909 -0.0450693 5.80679e-20)
(0.562642 -0.0469383 -4.18653e-21)
(0.569563 -0.0488017 -4.1834e-20)
(0.576643 -0.0506471 1.1416e-20)
(0.583853 -0.0524582 3.77796e-20)
(0.59116 -0.0542177 -3.54277e-20)
(0.598532 -0.0559056 -4.71065e-20)
(0.605935 -0.057501 6.77448e-20)
(0.613335 -0.0589814 1.00663e-20)
(0.620701 -0.0603245 -6.56079e-20)
(0.627999 -0.0615084 -1.06046e-20)
(0.6352 -0.0625123 5.47255e-20)
(0.642279 -0.0633178 -3.37047e-20)
(0.649211 -0.0639092 1.06629e-20)
(0.655977 -0.0642745 -1.10729e-20)
(0.662564 -0.064406 -6.10194e-21)
(0.668961 -0.0643005 3.01316e-21)
(0.675163 -0.06396 1.13333e-20)
(0.68117 -0.0633914 1.59094e-21)
(0.686986 -0.0626066 6.42177e-21)
(0.692621 -0.061622 -1.15858e-20)
(0.698086 -0.0604584 -1.2364e-21)
(0.703396 -0.0591401 1.00139e-21)
(0.708568 -0.0576941 -3.62167e-21)
(0.713622 -0.0561494 7.80637e-21)
(0.718576 -0.0545361 -9.90657e-21)
(0.723448 -0.0528845 6.74611e-21)
(0.57458 0.0131551 4.40294e-20)
(0.569887 0.0106587 6.03916e-20)
(0.565693 0.00822735 -1.15968e-19)
(0.561977 0.00585783 1.03357e-19)
(0.558724 0.0035518 -1.10066e-19)
(0.555898 0.00129031 6.15856e-20)
(0.55344 -0.000832449 -9.62063e-20)
(0.551454 -0.00311747 1.17729e-19)
(0.550004 -0.00534328 -7.5679e-20)
(0.548943 -0.00748576 8.57354e-20)
(0.54827 -0.00956565 -3.17032e-20)
(0.547986 -0.0115818 -2.76548e-20)
(0.548082 -0.0135516 5.57412e-20)
(0.548554 -0.0154819 3.02008e-20)
(0.5494 -0.0173827 -7.64279e-20)
(0.550622 -0.0192573 6.64538e-20)
(0.552216 -0.0211085 1.95041e-20)
(0.55418 -0.0229417 -1.37129e-19)
(0.55651 -0.0247614 7.46412e-20)
(0.559202 -0.0265723 -4.75398e-20)
(0.562251 -0.0283789 5.69249e-20)
(0.565651 -0.0301865 -3.45012e-20)
(0.569395 -0.0319992 6.23545e-20)
(0.573475 -0.0338212 -4.61627e-20)
(0.577882 -0.0356558 4.92021e-20)
(0.582603 -0.0375056 -8.19519e-20)
(0.587625 -0.0393723 8.93334e-20)
(0.592932 -0.0412554 -6.0946e-20)
(0.598507 -0.0431541 -1.29764e-20)
(0.604329 -0.0450637 1.10727e-21)
(0.610375 -0.0469786 2.9524e-20)
(0.616621 -0.0488907 1.81315e-20)
(0.623038 -0.0507893 -2.44647e-20)
(0.629599 -0.0526614 -2.23794e-20)
(0.636271 -0.0544912 4.30413e-20)
(0.643023 -0.0562611 -3.03245e-20)
(0.64982 -0.0579516 4.5968e-20)
(0.65663 -0.0595417 -4.6437e-20)
(0.663419 -0.0610096 4.88569e-21)
(0.670154 -0.0623333 -1.793e-21)
(0.676806 -0.0634915 1.70724e-20)
(0.683346 -0.0644643 -3.3567e-20)
(0.68975 -0.0652338 1.65388e-20)
(0.695996 -0.0657852 -9.9314e-21)
(0.702069 -0.0661074 -2.77583e-21)
(0.707955 -0.0661935 9.99983e-21)
(0.713647 -0.0660412 -8.05927e-21)
(0.719144 -0.0656532 1.44438e-20)
(0.724447 -0.0650371 -1.41139e-20)
(0.729562 -0.0642056 -3.81174e-21)
(0.734499 -0.0631756 4.86786e-22)
(0.739273 -0.0619683 4.24299e-21)
(0.743899 -0.0606084 5.47579e-21)
(0.748395 -0.059123 -6.61483e-21)
(0.752779 -0.0575414 4.75239e-21)
(0.757071 -0.0558934 9.43801e-21)
(0.761289 -0.0542092 -1.04893e-20)
(0.765448 -0.0525179 2.7207e-21)
(0.649106 0.0160627 -1.655e-19)
(0.643204 0.0132762 -2.85467e-20)
(0.637869 0.0105715 4.4729e-20)
(0.633076 0.0079429 1.48505e-19)
(0.628803 0.00539061 -3.93342e-20)
(0.625017 0.00288652 -7.58855e-22)
(0.621655 0.000443827 -1.33304e-19)
(0.618777 -0.00182211 8.61865e-20)
(0.616464 -0.00428175 8.44774e-20)
(0.614625 -0.00663968 -1.23791e-19)
(0.613219 -0.00891866 7.6661e-20)
(0.612234 -0.0111168 -7.90112e-20)
(0.611658 -0.0132595 -4.82803e-20)
(0.611484 -0.0153537 3.13685e-20)
(0.611709 -0.0174126 5.38013e-20)
(0.612333 -0.0194393 -6.11516e-20)
(0.613351 -0.0214364 4.31568e-20)
(0.614757 -0.0234096 -4.61299e-20)
(0.616543 -0.0253635 3.21331e-20)
(0.618704 -0.0273024 5.48294e-20)
(0.621233 -0.0292309 2.02436e-20)
(0.624121 -0.031154 -9.94633e-20)
(0.627357 -0.0330758 1.62458e-20)
(0.630933 -0.0350003 5.33475e-20)
(0.634834 -0.0369305 -4.12482e-20)
(0.639049 -0.0388689 -3.89082e-20)
(0.643559 -0.0408168 -1.01646e-20)
(0.648349 -0.0427736 9.84375e-20)
(0.653397 -0.044738 -7.06236e-20)
(0.658681 -0.0467055 6.14926e-20)
(0.664177 -0.0486701 5.31985e-22)
(0.669859 -0.0506238 -1.87343e-20)
(0.675698 -0.0525555 -5.20531e-20)
(0.681663 -0.0544525 5.16728e-20)
(0.687723 -0.056299 -6.89434e-20)
(0.693845 -0.0580776 2.12017e-20)
(0.699995 -0.059769 6.7828e-20)
(0.70614 -0.0613527 8.05082e-22)
(0.712248 -0.0628073 -9.35674e-21)
(0.718288 -0.0641115 6.14048e-21)
(0.724231 -0.0652445 -6.83864e-20)
(0.730051 -0.0661872 6.10465e-21)
(0.735726 -0.0669225 -4.12558e-21)
(0.741236 -0.0674365 2.08657e-20)
(0.746568 -0.0677187 2.37551e-21)
(0.751713 -0.0677631 2.26369e-21)
(0.756665 -0.0675682 -6.567e-21)
(0.761425 -0.0671374 2.66708e-20)
(0.765997 -0.066479 -2.28085e-20)
(0.770389 -0.0656061 2.78394e-21)
(0.774613 -0.0645361 5.20127e-21)
(0.778684 -0.0632906 -1.34057e-21)
(0.782618 -0.0618944 -1.937e-21)
(0.786433 -0.0603748 -1.03803e-22)
(0.790149 -0.0587609 -5.84966e-21)
(0.793782 -0.0570827 5.64053e-21)
(0.797352 -0.0553699 -5.18219e-22)
(0.800873 -0.0536515 -7.65911e-21)
(0.716531 0.0164705 1.94129e-20)
(0.71008 0.0134586 -1.19526e-19)
(0.704222 0.0105394 -3.77174e-21)
(0.698934 0.00771137 3.45243e-20)
(0.69419 0.00495886 1.32044e-20)
(0.689951 0.00229275 -1.50152e-20)
(0.686146 -0.000227151 -3.32042e-20)
(0.682922 -0.00272529 1.58222e-19)
(0.68029 -0.00536834 -5.69035e-20)
(0.678127 -0.00789724 2.52012e-20)
(0.676415 -0.0103055 -1.40992e-19)
(0.675136 -0.0126406 9.10853e-20)
(0.674284 -0.0149136 1.09582e-20)
(0.673852 -0.0171437 9.88798e-21)
(0.673841 -0.0193338 1.15732e-21)
(0.674241 -0.0214866 2.84845e-20)
(0.675044 -0.0236084 -1.15998e-19)
(0.676241 -0.0257037 -9.29812e-21)
(0.677824 -0.0277769 5.05952e-20)
(0.679781 -0.0298325 5.80575e-20)
(0.682102 -0.0318755 4.20835e-21)
(0.684776 -0.0339098 -6.07187e-20)
(0.687788 -0.0359393 3.52347e-21)
(0.691125 -0.037967 1.6035e-20)
(0.694769 -0.039995 -2.60185e-20)
(0.698704 -0.0420245 4.23432e-20)
(0.702909 -0.0440549 -9.08906e-21)
(0.707363 -0.0460846 2.63815e-20)
(0.712042 -0.048109 -2.92082e-20)
(0.716919 -0.0501222 3.37822e-20)
(0.721967 -0.052116 -1.62106e-20)
(0.727157 -0.0540795 3.46242e-20)
(0.732457 -0.0559999 -8.79184e-20)
(0.737836 -0.0578619 4.72281e-20)
(0.743261 -0.0596482 1.36577e-20)
(0.748698 -0.06134 1.83812e-20)
(0.754116 -0.0629171 -7.3653e-20)
(0.759484 -0.0643589 5.12548e-20)
(0.764772 -0.0656445 -1.08286e-20)
(0.769952 -0.0667541 -1.70829e-20)
(0.775003 -0.0676691 2.42064e-20)
(0.779903 -0.0683734 -3.88851e-20)
(0.784637 -0.0688537 3.05178e-20)
(0.789194 -0.0691004 1.00615e-20)
(0.793566 -0.0691083 -1.80695e-20)
(0.797752 -0.0688765 1.24639e-20)
(0.801755 -0.0684089 1.06121e-20)
(0.805579 -0.0677145 2.26063e-21)
(0.809237 -0.0668067 -1.67378e-20)
(0.81274 -0.0657032 -6.37794e-21)
(0.816105 -0.0644259 -4.62979e-21)
(0.819347 -0.0629996 4.29306e-21)
(0.822487 -0.0614517 1.82812e-21)
(0.825541 -0.0598112 5.44552e-21)
(0.828528 -0.0581078 1.01565e-21)
(0.831464 -0.0563712 -1.17989e-20)
(0.834363 -0.0546299 6.06426e-21)
(0.788549 0.0202102 3.15812e-20)
(0.781095 0.0168648 -3.41981e-21)
(0.774269 0.0136307 4.48577e-20)
(0.768046 0.0105045 -7.90984e-20)
(0.762403 0.00747384 3.32542e-20)
(0.75731 0.00453377 5.20158e-21)
(0.752723 0.00170258 -9.65073e-20)
(0.748627 -0.000931474 -4.13307e-20)
(0.745116 -0.00372801 1.62076e-19)
(0.742229 -0.00650041 -1.08566e-19)
(0.739811 -0.00914172 -1.92847e-20)
(0.73784 -0.0116876 5.78599e-20)
(0.736308 -0.0141527 6.67459e-20)
(0.735212 -0.0165659 -6.03308e-20)
(0.734551 -0.0189297 5.1209e-21)
(0.734315 -0.0212471 4.12061e-21)
(0.734492 -0.0235251 -4.06248e-21)
(0.735073 -0.0257685 -5.37252e-20)
(0.736044 -0.0279814 1.13582e-19)
(0.737394 -0.0301687 -1.19286e-19)
(0.739109 -0.032335 1.04583e-19)
(0.741175 -0.0344846 -4.85293e-20)
(0.743577 -0.0366212 -1.80437e-20)
(0.746298 -0.0387476 2.00134e-20)
(0.749321 -0.040866 9.2926e-21)
(0.752625 -0.0429775 2.0928e-20)
(0.756188 -0.0450813 1.65e-20)
(0.759989 -0.0471757 -8.17143e-20)
(0.764001 -0.0492563 8.61356e-20)
(0.768197 -0.0513172 -4.97642e-20)
(0.772551 -0.0533501 -3.61318e-20)
(0.77703 -0.0553444 8.11313e-20)
(0.781605 -0.0572876 -1.92307e-20)
(0.786244 -0.0591646 -2.93782e-20)
(0.790914 -0.0609585 -1.19105e-20)
(0.795583 -0.0626509 5.47906e-20)
(0.800222 -0.0642225 -4.3495e-20)
(0.804799 -0.0656529 1.20794e-20)
(0.809289 -0.0669223 5.24244e-22)
(0.813666 -0.0680114 -6.69147e-21)
(0.81791 -0.0689024 -1.19025e-20)
(0.822003 -0.0695801 7.55402e-21)
(0.825932 -0.0700319 1.01762e-20)
(0.82969 -0.070249 -9.08922e-21)
(0.833272 -0.0702267 -7.59862e-22)
(0.836678 -0.0699647 3.04586e-20)
(0.839913 -0.0694676 -2.05815e-20)
(0.842986 -0.0687445 -1.52379e-20)
(0.845909 -0.0678093 2.23702e-20)
(0.848694 -0.0666799 -1.65581e-20)
(0.85136 -0.065378 3.72039e-21)
(0.853922 -0.0639286 2.38611e-20)
(0.856399 -0.062359 -2.37359e-20)
(0.858809 -0.060698 5.80337e-21)
(0.861168 -0.0589752 4.23793e-21)
(0.863491 -0.0572198 -3.94438e-21)
(0.865791 -0.0554602 7.28582e-21)
(0.857904 0.0244225 1.44745e-19)
(0.849654 0.0207281 -1.15367e-19)
(0.842038 0.0171635 2.18175e-20)
(0.835037 0.0137226 3.44529e-20)
(0.828629 0.0103947 -3.58673e-20)
(0.822791 0.00717211 6.78109e-20)
(0.817488 0.00406162 2.92657e-21)
(0.812682 0.00106538 -1.34251e-19)
(0.808411 -0.00173809 1.43879e-20)
(0.80478 -0.00477202 8.96284e-20)
(0.801699 -0.00764219 -2.7645e-20)
(0.799078 -0.0104087 -5.74172e-21)
(0.7969 -0.0130753 6.55568e-20)
(0.795159 -0.0156809 -1.11612e-19)
(0.793861 -0.0182266 6.07326e-20)
(0.792994 -0.0207155 -5.69134e-20)
(0.792543 -0.0231558 2.00429e-21)
(0.792496 -0.0255521 -1.64514e-21)
(0.792841 -0.0279088 -2.2543e-20)
(0.793562 -0.0302309 8.91535e-20)
(0.794644 -0.0325232 3.05563e-22)
(0.796072 -0.0347899 1.83548e-21)
(0.797829 -0.0370346 -4.38699e-20)
(0.799895 -0.0392605 -2.76553e-20)
(0.802253 -0.0414695 1.90898e-20)
(0.80488 -0.0436627 6.49079e-21)
(0.807755 -0.0458395 3.6296e-20)
(0.810853 -0.047998 -2.65443e-20)
(0.814148 -0.0501342 -3.88393e-20)
(0.817614 -0.052242 3.02451e-20)
(0.821221 -0.0543136 -3.18734e-20)
(0.82494 -0.0563384 4.29324e-20)
(0.82874 -0.0583042 -6.0628e-20)
(0.83259 -0.0601964 3.93421e-20)
(0.83646 -0.0619988 -1.42383e-20)
(0.840319 -0.0636933 -8.70604e-21)
(0.844138 -0.0652612 6.63068e-20)
(0.84789 -0.0666831 -4.82364e-20)
(0.85155 -0.0679396 3.64345e-20)
(0.855096 -0.0690124 -2.21474e-20)
(0.858509 -0.0698845 -2.38114e-20)
(0.861777 -0.0705412 1.88068e-20)
(0.864888 -0.0709708 2.8405e-20)
(0.867838 -0.0711652 -8.70369e-21)
(0.870624 -0.0711201 -5.96705e-21)
(0.87325 -0.0708358 1.55069e-20)
(0.875722 -0.0703172 4.80657e-22)
(0.87805 -0.0695737 -6.72102e-21)
(0.880248 -0.0686193 5.44423e-21)
(0.882331 -0.0674719 -1.82555e-20)
(0.884314 -0.0661533 3.20847e-21)
(0.886215 -0.0646884 -5.07381e-21)
(0.888053 -0.0631041 -2.92878e-21)
(0.889842 -0.0614292 1.74903e-20)
(0.891599 -0.0596928 -1.29012e-20)
(0.893338 -0.0579242 -2.52536e-21)
(0.895069 -0.0561511 3.8768e-22)
(0.914584 0.0249574 6.51415e-20)
(0.90643 0.0210583 3.65647e-20)
(0.898873 0.0172975 -1.75452e-20)
(0.891898 0.0136658 -5.50993e-20)
(0.885487 0.0101545 -6.78261e-20)
(0.879616 0.00676647 1.72033e-20)
(0.874267 0.00350948 7.11886e-20)
(0.869355 0.000418492 -2.7961e-21)
(0.86506 -0.00253093 -5.17068e-20)
(0.861394 -0.00574808 2.78929e-21)
(0.85819 -0.00879808 -1.71187e-20)
(0.855423 -0.0116888 -2.21749e-21)
(0.853085 -0.0144982 6.10201e-20)
(0.851185 -0.0172319 -1.16182e-20)
(0.84971 -0.0198966 2.91307e-20)
(0.848646 -0.0225025 -1.01668e-19)
(0.847979 -0.0250544 2.99217e-20)
(0.847696 -0.0275568 1.06875e-20)
(0.847781 -0.030015 -6.1346e-20)
(0.848217 -0.0324339 1.21509e-19)
(0.848988 -0.034818 -5.64706e-20)
(0.850075 -0.0371709 7.10157e-20)
(0.851459 -0.0394959 -8.19047e-20)
(0.853121 -0.0417949 -1.76969e-20)
(0.855038 -0.0440692 2.79159e-20)
(0.857187 -0.0463181 3.44278e-20)
(0.859545 -0.04854 -8.30242e-21)
(0.862085 -0.0507309 -3.67444e-20)
(0.86478 -0.0528852 -3.08942e-21)
(0.867603 -0.0549949 3.95125e-20)
(0.870524 -0.0570503 1.27528e-20)
(0.873514 -0.0590393 1.42878e-20)
(0.876543 -0.0609478 -4.00127e-20)
(0.879582 -0.0627601 -1.11411e-21)
(0.882603 -0.064459 -5.74721e-21)
(0.885578 -0.0660262 3.20823e-20)
(0.888484 -0.0674432 -1.32275e-20)
(0.891298 -0.0686914 -1.36976e-20)
(0.894001 -0.0697531 -3.03167e-20)
(0.896577 -0.0706122 2.41517e-20)
(0.899017 -0.0712546 -4.35048e-21)
(0.901311 -0.0716694 1.92133e-21)
(0.903458 -0.0718488 1.45337e-20)
(0.905458 -0.0717892 -1.37515e-20)
(0.907317 -0.0714912 -1.81852e-20)
(0.909043 -0.0709599 2.55288e-20)
(0.910647 -0.0702049 -2.6222e-20)
(0.912143 -0.06924 1.94005e-20)
(0.913547 -0.0680833 1.73612e-21)
(0.914875 -0.0667563 -1.03214e-22)
(0.916145 -0.0652837 -1.92088e-22)
(0.917372 -0.0636922 -1.66893e-21)
(0.918573 -0.0620103 -3.52977e-21)
(0.919761 -0.0602668 1.10364e-20)
(0.920949 -0.0584906 2.21812e-22)
(0.922146 -0.0567092 -7.98256e-21)
(0.974929 0.0294327 -1.88167e-20)
(0.966538 0.0252105 -3.05363e-20)
(0.958696 0.0211389 1.39058e-19)
(0.951394 0.0172095 -5.37768e-20)
(0.944624 0.0134135 -6.36251e-20)
(0.938369 0.00974983 6.06066e-20)
(0.932618 0.00622252 -8.38341e-20)
(0.927349 0.00283619 1.25956e-19)
(0.922502 -0.000283822 -1.30452e-19)
(0.91821 -0.00364359 6.48765e-20)
(0.91455 -0.00690239 -1.40118e-20)
(0.911292 -0.0100157 -7.15825e-22)
(0.908425 -0.0130323 5.82001e-20)
(0.905975 -0.0159554 -1.64824e-21)
(0.903931 -0.0187966 -4.84591e-20)
(0.902282 -0.0215683 -9.06605e-22)
(0.901015 -0.0242755 -1.0045e-20)
(0.900116 -0.0269231 -2.2369e-20)
(0.899568 -0.0295167 5.65598e-20)
(0.899355 -0.0320613 1.8561e-20)
(0.89946 -0.0345615 -1.17817e-19)
(0.899865 -0.0370212 6.68311e-20)
(0.90055 -0.0394438 -5.56734e-21)
(0.901495 -0.0418315 7.27016e-21)
(0.902679 -0.0441854 -5.25522e-20)
(0.904079 -0.0465052 3.99336e-20)
(0.905672 -0.0487894 3.3925e-20)
(0.907432 -0.0510343 -6.26416e-20)
(0.909332 -0.0532345 3.87629e-21)
(0.911347 -0.0553826 2.35132e-20)
(0.913449 -0.0574689 2.22502e-20)
(0.915608 -0.059482 -4.77572e-20)
(0.917799 -0.0614085 5.22749e-20)
(0.919994 -0.0632331 -5.79211e-20)
(0.922166 -0.0649393 6.15006e-20)
(0.924291 -0.0665098 -5.36046e-20)
(0.926349 -0.0679265 6.22014e-21)
(0.928318 -0.0691717 -2.01234e-20)
(0.930183 -0.0702285 7.96421e-20)
(0.931933 -0.0710814 -5.47073e-20)
(0.933557 -0.0717172 3.60977e-20)
(0.935052 -0.0721252 -2.50948e-20)
(0.936418 -0.0722984 -7.25709e-21)
(0.937657 -0.0722334 -9.21195e-21)
(0.938776 -0.0719311 6.17819e-21)
(0.939784 -0.0713965 3.05331e-20)
(0.940696 -0.0706394 -9.64455e-22)
(0.941524 -0.0696735 -3.23495e-20)
(0.942285 -0.0685166 2.79983e-20)
(0.942994 -0.0671902 -2.19607e-20)
(0.943669 -0.0657183 2.57164e-20)
(0.944324 -0.0641276 -1.03368e-20)
(0.944975 -0.062446 1.98423e-21)
(0.945633 -0.0607022 1.72724e-21)
(0.946309 -0.0589246 9.70813e-21)
(0.947011 -0.0571405 -1.05838e-20)
(1.03007 0.0339538 -4.6965e-20)
(1.02176 0.029438 1.2081e-20)
(1.01391 0.0250817 7.41704e-20)
(1.00654 0.0208775 -4.17622e-21)
(0.999634 0.0168173 -9.90876e-20)
(0.993195 0.0128977 3.19669e-20)
(0.987211 0.00911801 1.3764e-19)
(0.981667 0.00547331 -1.91679e-19)
(0.976513 0.00193707 1.19811e-20)
(0.971816 -0.00126671 9.72641e-20)
(0.96769 -0.00474597 -1.90959e-20)
(0.964007 -0.0080845 6.22706e-20)
(0.960683 -0.0113145 5.1807e-21)
(0.95774 -0.0144301 -1.28981e-19)
(0.955174 -0.0174484 -1.98092e-20)
(0.952976 -0.0203851 2.2048e-20)
(0.951134 -0.0232463 -7.63517e-21)
(0.949637 -0.0260372 3.52549e-20)
(0.948468 -0.0287641 8.32826e-20)
(0.947612 -0.0314323 -9.76394e-20)
(0.947052 -0.0340468 -1.91055e-20)
(0.946772 -0.0366115 4.40234e-20)
(0.946752 -0.0391301 1.23901e-20)
(0.946973 -0.0416049 -3.45964e-20)
(0.947414 -0.0440374 8.30568e-21)
(0.948055 -0.0464275 -1.21483e-20)
(0.948873 -0.0487737 2.44586e-20)
(0.949843 -0.0510728 -4.05887e-20)
(0.95094 -0.0533196 1.0664e-19)
(0.952141 -0.0555072 -7.86426e-20)
(0.953418 -0.0576264 2.74433e-20)
(0.954746 -0.0596663 3.12298e-20)
(0.9561 -0.061614 -3.22732e-20)
(0.957455 -0.0634549 4.90041e-21)
(0.958787 -0.0651733 -2.72464e-20)
(0.960075 -0.0667524 7.1185e-20)
(0.961299 -0.0681751 -5.45541e-20)
(0.962444 -0.0694242 4.29641e-20)
(0.963496 -0.0704837 -5.22365e-20)
(0.964445 -0.0713385 2.80982e-20)
(0.965286 -0.0719761 1.3531e-20)
(0.966016 -0.0723863 -1.9274e-20)
(0.966636 -0.0725623 1.87312e-21)
(0.967151 -0.072501 2.07643e-20)
(0.96757 -0.0722034 -1.60341e-20)
(0.967904 -0.0716747 1.14593e-20)
(0.968166 -0.0709243 -2.56739e-21)
(0.968369 -0.0699658 -3.06941e-20)
(0.96853 -0.0688168 4.95038e-21)
(0.968665 -0.0674983 -9.5788e-21)
(0.968789 -0.0660342 3.73202e-20)
(0.968916 -0.0644505 -2.82706e-20)
(0.96906 -0.062775 9.58957e-21)
(0.969231 -0.0610359 -1.51759e-20)
(0.969438 -0.0592613 3.33735e-21)
(0.969688 -0.0574783 1.94035e-20)
(1.0798 0.0384054 -1.15948e-19)
(1.07184 0.0336246 1.49177e-19)
(1.06425 0.029008 2.52815e-21)
(1.05703 0.0245494 -8.10081e-21)
(1.0502 0.0202415 -3.90932e-20)
(1.04376 0.0160809 7.42793e-20)
(1.0377 0.0120642 -1.48873e-19)
(1.03203 0.00819908 -8.31856e-21)
(1.02673 0.00448194 5.13122e-20)
(1.02172 0.000994354 -4.47706e-20)
(1.01719 -0.00242218 -1.80342e-21)
(1.01315 -0.00598495 1.03241e-19)
(1.00943 -0.00943476 -8.39137e-20)
(1.00605 -0.0127424 6.95422e-20)
(1.00301 -0.0159352 -6.42391e-20)
(1.0003 -0.0190336 6.08271e-20)
(0.997911 -0.0220452 -8.12856e-20)
(0.995838 -0.0249767 1.42744e-20)
(0.994066 -0.0278346 4.01939e-20)
(0.99258 -0.0306248 1.3486e-20)
(0.991365 -0.0333523 -6.93171e-20)
(0.990406 -0.0360216 6.24627e-20)
(0.989687 -0.0386362 -4.99392e-22)
(0.989189 -0.0411989 5.89068e-20)
(0.988893 -0.0437113 -1.8097e-20)
(0.98878 -0.0461734 3.12962e-22)
(0.988828 -0.0485842 -4.77469e-20)
(0.989016 -0.0509407 -3.78406e-20)
(0.989321 -0.0532381 1.00553e-19)
(0.989719 -0.0554698 -9.60329e-20)
(0.990187 -0.0576272 9.50846e-20)
(0.990702 -0.0596999 -6.49906e-20)
(0.99124 -0.0616754 2.10087e-20)
(0.99178 -0.06354 3.44684e-20)
(0.9923 -0.0652784 -4.80903e-20)
(0.992782 -0.0668746 -3.64654e-21)
(0.99321 -0.068312 2.71752e-20)
(0.993569 -0.0695741 -4.07217e-20)
(0.993848 -0.0706454 4.7034e-20)
(0.994042 -0.0715114 -2.27412e-20)
(0.994145 -0.0721599 3.95955e-21)
(0.994157 -0.0725811 1.90247e-20)
(0.994082 -0.0727684 -2.04705e-20)
(0.993925 -0.0727188 1.57261e-20)
(0.993697 -0.0724333 -3.814e-21)
(0.993407 -0.0719169 1.27017e-20)
(0.993071 -0.0711789 -2.68666e-20)
(0.992701 -0.0702328 1.71247e-20)
(0.992314 -0.0690956 -1.65222e-22)
(0.991924 -0.0677882 -1.954e-20)
(0.991546 -0.0663339 4.85775e-21)
(0.991193 -0.0647587 -1.96215e-21)
(0.990877 -0.0630898 -9.08159e-21)
(0.990607 -0.0613552 1.83771e-20)
(0.99039 -0.0595829 -3.55184e-21)
(0.990231 -0.0577996 1.21223e-20)
(1.1169 0.0383973 -1.05986e-19)
(1.10974 0.0335211 -8.14252e-21)
(1.10284 0.028805 -5.46429e-20)
(1.09623 0.0242425 3.47909e-20)
(1.08991 0.0198307 9.51536e-20)
(1.08389 0.015565 2.1916e-20)
(1.07818 0.0114515 -3.5816e-21)
(1.07278 0.0074753 -1.21076e-20)
(1.06766 0.00365418 -6.44289e-20)
(1.06283 0.00017255 7.97916e-20)
(1.05837 -0.00346334 2.69502e-21)
(1.0543 -0.00707951 -9.51808e-20)
(1.05053 -0.01058 -6.92804e-21)
(1.04706 -0.0139547 7.98652e-20)
(1.04387 -0.0172209 -6.08594e-20)
(1.04096 -0.020388 3.02674e-20)
(1.03834 -0.0234643 -4.34612e-20)
(1.03599 -0.0264572 9.20747e-20)
(1.03389 -0.0293732 -3.09151e-20)
(1.03204 -0.0322177 -3.95513e-20)
(1.03042 -0.0349954 1.65039e-20)
(1.02902 -0.0377101 -5.41099e-20)
(1.02782 -0.0403647 9.11113e-20)
(1.02681 -0.0429609 -3.22426e-20)
(1.02597 -0.0454993 -3.95637e-20)
(1.02527 -0.0479789 2.58095e-20)
(1.02471 -0.0503971 4.16155e-20)
(1.02425 -0.0527497 -1.97036e-20)
(1.02388 -0.0550304 -6.75024e-23)
(1.02357 -0.0572312 1.12053e-20)
(1.02331 -0.0593421 2.01312e-21)
(1.02308 -0.0613516 -1.16453e-20)
(1.02285 -0.0632463 -3.6396e-20)
(1.0226 -0.0650118 5.2428e-20)
(1.02233 -0.0666327 -6.20285e-21)
(1.02201 -0.0680931 -4.6442e-21)
(1.02164 -0.0693773 -3.26255e-20)
(1.02121 -0.0704701 2.85475e-21)
(1.02071 -0.0713576 3.2102e-20)
(1.02013 -0.0720281 -9.15084e-21)
(1.01949 -0.0724719 1.11934e-20)
(1.01878 -0.0726826 -1.67968e-20)
(1.01801 -0.0726573 -7.52896e-21)
(1.0172 -0.0723969 1.71231e-20)
(1.01635 -0.0719061 -6.7956e-21)
(1.01547 -0.071194 2.53266e-20)
(1.01459 -0.0702735 -3.52699e-20)
(1.01371 -0.0691615 1.35678e-20)
(1.01285 -0.0678781 -1.65353e-20)
(1.01202 -0.0664464 1.26568e-20)
(1.01124 -0.0648916 7.01298e-21)
(1.01051 -0.0632408 1.01181e-21)
(1.00985 -0.0615216 8.45122e-22)
(1.00925 -0.0597615 -1.6304e-20)
(1.00873 -0.0579872 1.76592e-20)
(1.1571 0.0431757 0)
(1.15059 0.0381604 0)
(1.14423 0.0332973 0)
(1.13805 0.028581 0)
(1.13206 0.0240094 0)
(1.12628 0.0195762 0)
(1.12072 0.0152835 0)
(1.11539 0.0111208 0)
(1.11028 0.00709537 0)
(1.10541 0.00322663 0)
(1.10074 -0.000453966 0)
(1.09637 -0.0040995 0)
(1.09235 -0.00766254 0)
(1.08858 -0.0111263 0)
(1.08504 -0.01449 0)
(1.08173 -0.0177569 0)
(1.07867 -0.0209318 0)
(1.07584 -0.02402 0)
(1.07324 -0.0270267 0)
(1.07085 -0.0299566 0)
(1.06866 -0.0328139 0)
(1.06667 -0.0356018 0)
(1.06485 -0.038323 0)
(1.06321 -0.0409791 0)
(1.06171 -0.0435705 0)
(1.06035 -0.0460962 0)
(1.0591 -0.0485539 0)
(1.05795 -0.0509396 0)
(1.05687 -0.0532477 0)
(1.05586 -0.0554707 0)
(1.05489 -0.0575995 0)
(1.05395 -0.0596234 0)
(1.05301 -0.0615302 0)
(1.05207 -0.0633065 0)
(1.0511 -0.0649383 0)
(1.0501 -0.0664108 0)
(1.04906 -0.0677095 0)
(1.04796 -0.0688205 0)
(1.04682 -0.0697308 0)
(1.04562 -0.0704295 0)
(1.04437 -0.0709077 0)
(1.04308 -0.0711593 0)
(1.04175 -0.0711817 0)
(1.04039 -0.0709754 0)
(1.03902 -0.0705452 0)
(1.03764 -0.0698992 0)
(1.03628 -0.0690498 0)
(1.03494 -0.0680127 0)
(1.03365 -0.066807 0)
(1.0324 -0.0654544 0)
(1.03122 -0.0639792 0)
(1.03011 -0.0624069 0)
(1.02908 -0.0607639 0)
(1.02814 -0.0590767 0)
(1.02727 -0.057371 0)
(1.0265 -0.0556709 0)
(1.1938 0.0465973 0)
(1.1883 0.0414982 0)
(1.18283 0.0365357 0)
(1.17742 0.0317064 0)
(1.17209 0.0270094 0)
(1.16686 0.02244 0)
(1.16174 0.0179987 0)
(1.15675 0.0136781 0)
(1.15189 0.00947559 0)
(1.14717 0.00539177 0)
(1.14263 0.00143617 0)
(1.13834 -0.00226389 0)
(1.13423 -0.00586946 0)
(1.1303 -0.00940708 0)
(1.12656 -0.0128604 0)
(1.123 -0.0162232 0)
(1.11963 -0.0194966 0)
(1.11645 -0.0226829 0)
(1.11344 -0.0257852 0)
(1.11061 -0.0288069 0)
(1.10794 -0.0317509 0)
(1.10543 -0.0346198 0)
(1.10306 -0.0374156 0)
(1.10084 -0.0401393 0)
(1.09873 -0.0427909 0)
(1.09673 -0.0453692 0)
(1.09483 -0.0478717 0)
(1.09301 -0.0502943 0)
(1.09126 -0.0526313 0)
(1.08955 -0.0548756 0)
(1.08788 -0.0570185 0)
(1.08622 -0.0590496 0)
(1.08457 -0.0609575 0)
(1.08291 -0.0627296 0)
(1.08124 -0.0643527 0)
(1.07953 -0.0658131 0)
(1.0778 -0.0670975 0)
(1.07602 -0.068193 0)
(1.07421 -0.069088 0)
(1.07236 -0.0697724 0)
(1.07048 -0.0702387 0)
(1.06857 -0.0704817 0)
(1.06664 -0.0704993 0)
(1.06471 -0.0702931 0)
(1.06278 -0.0698679 0)
(1.06087 -0.0692323 0)
(1.059 -0.0683986 0)
(1.05717 -0.0673822 0)
(1.0554 -0.0662019 0)
(1.05371 -0.0648788 0)
(1.0521 -0.0634362 0)
(1.05057 -0.061899 0)
(1.04915 -0.0602925 0)
(1.04782 -0.0586423 0)
(1.04659 -0.056973 0)
(1.04545 -0.0553079 0)
(1.22106 0.04933 0)
(1.21674 0.0442246 0)
(1.21234 0.0392396 0)
(1.2079 0.0343737 0)
(1.20344 0.0296283 0)
(1.19898 0.0250009 0)
(1.19454 0.0204947 0)
(1.19013 0.0161056 0)
(1.18577 0.0118418 0)
(1.18147 0.00770611 0)
(1.17728 0.0037477 0)
(1.17323 -0.000110578 0)
(1.16928 -0.00387436 0)
(1.16545 -0.00754377 0)
(1.16173 -0.011114 0)
(1.15814 -0.0145856 0)
(1.15467 -0.0179618 0)
(1.15134 -0.0212463 0)
(1.14813 -0.0244422 0)
(1.14505 -0.0275524 0)
(1.14208 -0.0305798 0)
(1.13923 -0.0335265 0)
(1.13649 -0.036394 0)
(1.13385 -0.039183 0)
(1.1313 -0.0418933 0)
(1.12883 -0.0445233 0)
(1.12642 -0.0470705 0)
(1.12408 -0.0495307 0)
(1.12177 -0.0518984 0)
(1.1195 -0.0541665 0)
(1.11725 -0.0563268 0)
(1.11501 -0.0583693 0)
(1.11277 -0.0602833 0)
(1.11051 -0.0620569 0)
(1.10823 -0.0636777 0)
(1.10593 -0.065133 0)
(1.1036 -0.0664105 0)
(1.10123 -0.0674982 0)
(1.09884 -0.0683857 0)
(1.09642 -0.0690639 0)
(1.09398 -0.0695261 0)
(1.09153 -0.0697679 0)
(1.08908 -0.069788 0)
(1.08664 -0.0695883 0)
(1.08422 -0.0691741 0)
(1.08183 -0.0685541 0)
(1.0795 -0.0677403 0)
(1.07723 -0.0667481 0)
(1.07504 -0.0655957 0)
(1.07294 -0.0643036 0)
(1.07094 -0.0628946 0)
(1.06904 -0.0613924 0)
(1.06724 -0.0598218 0)
(1.06557 -0.0582072 0)
(1.064 -0.0565725 0)
(1.06253 -0.05494 0)
(1.2396 0.051545 0)
(1.23647 0.0464937 0)
(1.2332 0.0415461 0)
(1.22981 0.0367028 0)
(1.22632 0.0319664 0)
(1.22274 0.0273365 0)
(1.21911 0.0228179 0)
(1.21544 0.0184092 0)
(1.21173 0.0141217 0)
(1.20803 0.00995576 0)
(1.20434 0.00593586 0)
(1.2007 0.00200046 0)
(1.1971 -0.00184239 0)
(1.19355 -0.00558452 0)
(1.19006 -0.00922706 0)
(1.18662 -0.0127716 0)
(1.18325 -0.0162206 0)
(1.17995 -0.0195767 0)
(1.17673 -0.0228426 0)
(1.17357 -0.0260205 0)
(1.17049 -0.0291124 0)
(1.16748 -0.0321201 0)
(1.16453 -0.0350444 0)
(1.16164 -0.0378856 0)
(1.15881 -0.0406431 0)
(1.15602 -0.0433152 0)
(1.15327 -0.045899 0)
(1.15055 -0.0483903 0)
(1.14785 -0.0507837 0)
(1.14516 -0.0530723 0)
(1.14248 -0.0552482 0)
(1.13979 -0.057302 0)
(1.13708 -0.0592235 0)
(1.13435 -0.0610015 0)
(1.1316 -0.0626244 0)
(1.12882 -0.0640805 0)
(1.12601 -0.0653583 0)
(1.12317 -0.0664469 0)
(1.1203 -0.0673366 0)
(1.11742 -0.0680194 0)
(1.11452 -0.0684892 0)
(1.11163 -0.0687423 0)
(1.10874 -0.0687781 0)
(1.10587 -0.0685986 0)
(1.10304 -0.0682093 0)
(1.10026 -0.0676189 0)
(1.09754 -0.0668391 0)
(1.0949 -0.0658849 0)
(1.09235 -0.0647739 0)
(1.0899 -0.063526 0)
(1.08756 -0.0621629 0)
(1.08533 -0.0607077 0)
(1.08323 -0.0591839 0)
(1.08124 -0.0576153 0)
(1.07938 -0.0560247 0)
(1.07763 -0.0544336 0)
(1.25083 0.0531112 0)
(1.24878 0.0481576 0)
(1.24655 0.0432923 0)
(1.24415 0.0385169 0)
(1.2416 0.0338349 0)
(1.23892 0.0292472 0)
(1.23613 0.0247591 0)
(1.23323 0.0203709 0)
(1.23025 0.0160919 0)
(1.22721 0.0119207 0)
(1.22412 0.00786554 0)
(1.22101 0.00390444 0)
(1.21788 3.59069e-05 0)
(1.21473 -0.00373358 0)
(1.21159 -0.00740882 0)
(1.20845 -0.0109903 0)
(1.20532 -0.0144791 0)
(1.20221 -0.0178768 0)
(1.19911 -0.021185 0)
(1.19604 -0.0244051 0)
(1.19299 -0.0275384 0)
(1.18997 -0.0305858 0)
(1.18697 -0.0335478 0)
(1.18399 -0.0364239 0)
(1.18103 -0.0392131 0)
(1.17808 -0.0419134 0)
(1.17513 -0.0445216 0)
)
;

boundaryField
{
    inlet
    {
        type            uniformFixedValue;
        uniformValue    constant (1 0 0);
        value           nonuniform 0();
    }
    outlet
    {
        type            pressureInletOutletVelocity;
        value           nonuniform 0();
    }
    cylinder
    {
        type            fixedValue;
        value           nonuniform 0();
    }
    top
    {
        type            symmetryPlane;
    }
    bottom
    {
        type            symmetryPlane;
    }
    defaultFaces
    {
        type            empty;
    }
    procBoundary10to6
    {
        type            processor;
        value           nonuniform List<vector> 
61
(
(-0.196773 8.2552e-05 -3.63055e-21)
(-0.199227 -4.20133e-05 2.93563e-21)
(-0.201459 -0.000157863 -2.79295e-22)
(-0.203476 -0.000263076 -2.02971e-21)
(-0.203476 -0.000263076 -2.02971e-21)
(-0.205245 -0.00120831 -3.4473e-21)
(-0.206837 -0.00117677 2.82826e-21)
(-0.208224 -0.00113452 -1.73936e-22)
(-0.209403 -0.00107947 -9.03e-22)
(-0.210373 -0.00100788 1.97764e-21)
(-0.211131 -0.000915557 -2.83623e-21)
(-0.211682 -0.000800072 6.96804e-22)
(-0.212027 -0.000661437 5.20653e-22)
(-0.212164 -0.000502092 1.29619e-21)
(-0.212094 -0.000325451 8.16951e-22)
(-0.211814 -0.000138229 -3.91106e-21)
(-0.211326 8.70619e-05 -6.95578e-22)
(-0.210625 0.000332889 2.17595e-21)
(-0.209701 0.00059884 -9.80644e-22)
(-0.208546 0.000881244 1.07737e-21)
(-0.207155 0.00118363 7.49548e-22)
(-0.205525 0.00149458 -2.53278e-22)
(-0.203645 0.0018111 -2.59946e-21)
(-0.201506 0.00212789 -1.81757e-22)
(-0.1991 0.00243867 2.0437e-21)
(-0.196418 0.00273653 1.29249e-21)
(-0.19345 0.00301411 5.57755e-22)
(-0.190187 0.00326352 -1.54635e-21)
(-0.186618 0.00347634 5.65057e-22)
(-0.182733 0.00364445 7.09402e-22)
(-0.178522 0.00375957 -1.89014e-21)
(-0.173973 0.00381417 -1.00283e-21)
(-0.169077 0.00380197 2.25001e-21)
(-0.163824 0.00371684 -5.2653e-22)
(-0.158202 0.00355729 -1.83084e-21)
(-0.152202 0.00331747 8.69682e-22)
(-0.14582 0.00300547 -3.87748e-22)
(-0.139049 0.00261668 9.27755e-22)
(-0.13188 0.00215749 -3.75307e-22)
(-0.12431 0.00163848 6.98386e-22)
(-0.116337 0.00106798 -6.83772e-22)
(-0.107959 0.000460267 1.4014e-22)
(-0.0991784 -0.000169906 -8.82464e-23)
(-0.0899987 -0.000805281 4.62823e-22)
(-0.0804229 -0.00142887 -1.79554e-22)
(-0.0704598 -0.00199733 2.76546e-22)
(-0.0601242 -0.00251196 1.53546e-22)
(-0.0494254 -0.00295095 -4.73251e-22)
(-0.0383778 -0.00329329 4.99117e-22)
(-0.0269992 -0.00352132 -1.22068e-22)
(-0.0153089 -0.00362054 9.62865e-24)
(-0.00332896 -0.00357972 -1.44749e-22)
(0.00891768 -0.00339253 4.68903e-23)
(0.0214054 -0.00305743 -2.08061e-22)
(0.0341072 -0.00257908 -9.15501e-23)
(0.0469986 -0.001969 2.57721e-22)
(0.0600477 -0.00121789 2.04117e-22)
(0.0732217 -0.00037081 -1.18397e-22)
(0.0864941 0.000553885 6.58088e-23)
(0.0998338 0.00153012 -1.6153e-22)
(0.113211 0.00252814 2.45661e-22)
)
;
    }
    procBoundary10to9
    {
        type            processor;
        value           nonuniform List<vector> 
38
(
(-0.190611 0.00169213 -3.22664e-21)
(-0.183636 0.00313049 -6.92885e-22)
(-0.175554 0.00395358 6.57564e-21)
(-0.175554 0.00395358 6.57564e-21)
(-0.161412 0.00510675 1.85975e-20)
(-0.143746 0.00615704 -9.53431e-21)
(-0.122553 0.00708954 -1.78075e-20)
(-0.0978074 0.0078946 1.0034e-20)
(-0.0694629 0.00856924 -2.58584e-20)
(-0.0374408 0.00911818 -1.76348e-20)
(-0.00162702 0.00955381 8.99414e-20)
(0.0381282 0.00990437 -4.19665e-20)
(0.0820064 0.0102123 6.37215e-20)
(0.129827 0.00901856 4.65159e-20)
(0.129827 0.00901856 4.65159e-20)
(0.182318 0.00934373 -1.15798e-19)
(0.239279 0.00983391 -4.42269e-20)
(0.300734 0.0105874 -2.11281e-20)
(0.36656 0.011712 -7.42829e-21)
(0.433176 0.0111997 -3.294e-20)
(0.433176 0.0111997 -3.294e-20)
(0.50528 0.0131543 8.14652e-20)
(0.579798 0.0157184 1.50406e-19)
(0.655604 0.0189347 3.48285e-20)
(0.723604 0.0195833 4.35783e-20)
(0.723604 0.0195833 4.35783e-20)
(0.796656 0.0236767 5.61727e-20)
(0.86681 0.0282575 8.63004e-20)
(0.923347 0.0290028 2.03851e-20)
(0.923347 0.0290028 2.03851e-20)
(0.983872 0.0338141 -1.18836e-19)
(1.03885 0.0386375 1.10551e-19)
(1.08812 0.0433579 2.15888e-20)
(1.12432 0.0434386 -4.42705e-20)
(1.12432 0.0434386 -4.42705e-20)
(1.16374 0.0483465 0)
(1.1993 0.0518343 0)
(1.22529 0.0545552 0)
)
;
    }
    procBoundary10to11
    {
        type            processor;
        value           nonuniform List<vector> 
36
(
(0.125777 -6.97394e-06 -6.72824e-23)
(0.129989 -0.00351641 6.14061e-23)
(0.13916 -0.00699963 -1.13587e-21)
(0.153138 -0.0104417 -3.37917e-22)
(0.171692 -0.0138296 -1.33835e-21)
(0.194526 -0.017151 -2.32828e-21)
(0.221282 -0.020394 2.02568e-21)
(0.25156 -0.0235472 -3.26813e-21)
(0.284924 -0.0266 -1.79143e-21)
(0.320918 -0.0295423 -1.23046e-22)
(0.359077 -0.032365 8.15287e-21)
(0.398935 -0.0350595 2.38723e-21)
(0.440033 -0.0376177 5.78092e-21)
(0.48193 -0.0400325 6.26291e-21)
(0.524201 -0.0422975 7.52891e-21)
(0.56645 -0.0444072 3.90827e-22)
(0.608306 -0.0463572 -2.11729e-21)
(0.649426 -0.0481442 -2.01131e-21)
(0.689502 -0.0497666 1.32376e-21)
(0.728256 -0.051224 6.87815e-21)
(0.728256 -0.051224 6.87815e-21)
(0.769564 -0.0508467 -9.648e-21)
(0.804358 -0.0519543 -7.96857e-21)
(0.837237 -0.0529104 -2.31465e-21)
(0.868079 -0.0537225 4.25185e-21)
(0.896802 -0.0543995 -6.73058e-21)
(0.92336 -0.0549484 -1.22063e-20)
(0.947744 -0.0553753 1.52205e-20)
(0.969982 -0.0557121 7.58052e-21)
(0.990131 -0.0560306 8.93896e-21)
(1.00827 -0.0562238 -8.77912e-21)
(1.00827 -0.0562238 -8.77912e-21)
(1.0258 -0.0539983 0)
(1.04441 -0.0536677 0)
(1.06117 -0.0533299 0)
(1.07599 -0.0528613 0)
)
;
    }
    procBoundary10to13
    {
        type            processor;
        value           nonuniform List<vector> 2((1.24257 0.056698 0) (1.25268 0.0581503 0));
    }
    procBoundary10to14
    {
        type            processor;
        value           nonuniform List<vector> 
57
(
(1.17219 -0.0470335 0)
(1.16924 -0.0494436 0)
(1.16627 -0.0517455 0)
(1.16329 -0.0539311 0)
(1.16029 -0.0559918 0)
(1.15726 -0.0579177 0)
(1.15419 -0.0596984 0)
(1.15109 -0.0613231 0)
(1.14796 -0.0627808 0)
(1.1448 -0.0640608 0)
(1.1416 -0.0651531 0)
(1.13838 -0.066049 0)
(1.13514 -0.066741 0)
(1.1319 -0.0672239 0)
(1.12866 -0.0674946 0)
(1.12544 -0.0675526 0)
(1.12224 -0.0674003 0)
(1.11909 -0.0670433 0)
(1.11599 -0.0664901 0)
(1.11297 -0.0657521 0)
(1.11004 -0.0648437 0)
(1.1072 -0.0637819 0)
(1.10447 -0.0625858 0)
(1.10186 -0.0612762 0)
(1.09937 -0.0598752 0)
(1.09701 -0.0584054 0)
(1.09478 -0.0568894 0)
(1.09267 -0.0553493 0)
(1.09069 -0.0538054 0)
(1.25652 0.0540618 0)
(1.25534 0.0492297 0)
(1.25397 0.0444738 0)
(1.25241 0.0397961 0)
(1.25069 0.0352001 0)
(1.2488 0.0306875 0)
(1.24677 0.0262633 0)
(1.2446 0.0219288 0)
(1.24232 0.0176908 0)
(1.23993 0.0135482 0)
(1.23745 0.00950622 0)
(1.23489 0.00555812 0)
(1.23228 0.0016989 0)
(1.2296 -0.00206835 0)
(1.22687 -0.00574683 0)
(1.22411 -0.00933577 0)
(1.2213 -0.0128359 0)
(1.21847 -0.0162478 0)
(1.21561 -0.0195724 0)
(1.21273 -0.0228102 0)
(1.20984 -0.0259618 0)
(1.20692 -0.0290276 0)
(1.20399 -0.0320072 0)
(1.20104 -0.0348998 0)
(1.19808 -0.0377039 0)
(1.19509 -0.040417 0)
(1.17219 -0.0470335 0)
(1.19208 -0.0430359 0)
)
;
    }
}


// ************************************************************************* //
