/*--------------------------------*- C++ -*----------------------------------*\
  =========                 |
  \\      /  F ield         | OpenFOAM: The Open Source CFD Toolbox
   \\    /   O peration     | Website:  https://openfoam.org
    \\  /    A nd           | Version:  7
     \\/     M anipulation  |
\*---------------------------------------------------------------------------*/
FoamFile
{
    version     2.0;
    format      ascii;
    class       surfaceScalarField;
    location    "65";
    object      phi;
}
// * * * * * * * * * * * * * * * * * * * * * * * * * * * * * * * * * * * * * //

dimensions      [0 3 -1 0 0 0 0];

internalField   nonuniform List<scalar> 
3882
(
0.00652505
0.000438913
0.00651366
0.00040507
0.00650145
0.000371214
0.00648851
0.000337359
0.00647496
0.000303521
0.00646092
0.000269702
0.00644647
0.000235902
0.00643173
0.000202111
0.00641678
0.000168311
0.00640174
0.000134488
0.00638668
0.000100579
0.00637174
6.66089e-05
0.00635693
3.23592e-05
0.00634223
-2.27726e-06
0.00632772
-3.7412e-05
0.00631337
-7.30378e-05
0.00629917
-0.000109272
0.00628509
-0.000146176
0.0062711
-0.000183802
0.00625713
-0.000222181
0.00624312
-0.00026132
0.00622898
-0.000301191
0.00621462
-0.00034173
0.00619993
-0.000382823
0.00618482
-0.000424308
0.00616919
-0.000465967
0.00615295
-0.00050753
0.00613601
-0.000548669
0.00611832
-0.000589009
0.00609984
-0.000628129
0.00608057
-0.00066557
0.00606051
-0.000700854
0.00603974
-0.000733489
0.00601833
-0.000762994
0.00599642
-0.000788911
0.00597415
-0.000810827
-0.000828393
0.00679507
0.000444905
0.00678807
0.000412072
0.00678013
0.000379144
0.00677136
0.000346138
0.00676181
0.000313063
0.00675159
0.000279924
0.00674077
0.000246719
0.00672944
0.000213442
0.00671768
0.000180072
0.00670557
0.000146597
0.00669319
0.000112968
0.00668063
7.91661e-05
0.00666792
4.50666e-05
0.00665508
1.05652e-05
0.0066421
-2.44362e-05
0.00662901
-5.99504e-05
0.0066158
-9.60545e-05
0.00660243
-0.000132805
0.00658886
-0.00017024
0.00657506
-0.000208378
0.00656096
-0.000247214
0.00654647
-0.00028671
0.00653154
-0.000326794
0.00651607
-0.000367349
0.00649997
-0.000408213
0.00648318
-0.000449172
0.00646561
-0.000489964
0.00644722
-0.000530278
0.00642796
-0.000569754
0.00640783
-0.000607997
0.00638684
-0.000644575
0.00636502
-0.000679039
0.00634247
-0.000710932
0.00631927
-0.000739803
0.00629559
-0.000765228
0.00627159
-0.000786824
0.00624747
-0.00080427
0.00622344
-0.000817317
0.00619975
-0.000825813
0.00617664
-0.000829709
0.00615434
-0.000829073
0.0061331
-0.000824094
0.00611313
-0.000815089
0.00609461
-0.000802502
0.00607771
-0.000786893
0.00606254
-0.000768936
0.00604916
-0.000749398
0.0060376
-0.00072912
0.00602781
-0.000708995
0.0060197
-0.000689934
0.0060131
-0.000672832
0.0060078
-0.000658531
0.00600355
-0.000647778
0.00600003
-0.000641183
0.00599691
-0.00063918
-0.000641993
0.00705393
0.000447503
0.00705035
0.000415648
0.00704585
0.000383649
0.00704047
0.000351517
0.00703427
0.000319257
0.00702732
0.000286874
0.00701968
0.000254364
0.0070114
0.000221719
0.00700255
0.000188921
0.0069932
0.000155955
0.00698338
0.000122778
0.00697319
8.93573e-05
0.00696265
5.56131e-05
0.00695176
2.14566e-05
0.00694051
-1.31876e-05
0.00692892
-4.83645e-05
0.00691698
-8.41096e-05
0.00690465
-0.000120475
0.0068919
-0.000157489
0.00687868
-0.000195159
0.00686493
-0.00023347
0.0068506
-0.000272377
0.00683561
-0.000311802
0.00681988
-0.000351627
0.00680336
-0.000391691
0.00678598
-0.000431789
0.00676768
-0.000471666
0.00674843
-0.000511028
0.00672821
-0.000549536
0.00670703
-0.000586814
0.00668492
-0.000622462
0.00666194
-0.000656058
0.00663818
-0.000687175
0.00661377
-0.000715396
0.00658887
-0.000740328
0.00656366
-0.000761614
0.00653835
-0.000778958
0.00651316
-0.00079213
0.00648834
-0.000800992
0.00646413
-0.000805498
0.00644077
-0.000805715
0.0064185
-0.000801822
0.00639753
-0.000794117
0.00637804
-0.000783014
0.00636019
-0.00076904
0.00634408
-0.000752825
0.00632977
-0.000735089
0.00631727
-0.00071662
0.00630653
-0.000698253
0.00629743
-0.00068084
0.00628982
-0.00066522
0.00628347
-0.00065218
0.00627811
-0.000642417
0.00627343
-0.000636502
0.00626909
-0.000634837
-0.000637631
0.00730796
0.000447692
0.00730685
0.000416751
0.00730487
0.000385633
0.00730204
0.000354345
0.00729841
0.000322891
0.00729401
0.000291274
0.00728889
0.000259488
0.00728308
0.000227524
0.00727664
0.000195365
0.0072696
0.000162993
0.007262
0.000130372
0.0072539
9.74652e-05
0.0072453
6.42133e-05
0.00723621
3.05481e-05
0.00722661
-3.58791e-06
0.0072165
-3.82622e-05
0.00720587
-7.34788e-05
0.00719468
-0.000109286
0.0071829
-0.000145702
0.00717046
-0.000182727
0.00715733
-0.000220338
0.00714344
-0.000258486
0.00712873
-0.000297088
0.00711313
-0.000336028
0.00709658
-0.000375148
0.00707905
-0.00041425
0.00706047
-0.000453093
0.00704084
-0.000491397
0.00702015
-0.000528844
0.00699842
-0.000565083
0.00697569
-0.000599738
0.00695205
-0.000632417
0.0069276
-0.000662725
0.00690248
-0.000690274
0.00687685
-0.000714697
0.00685091
-0.000735668
0.00682486
-0.00075291
0.00679894
-0.000766213
0.0067734
-0.000775447
0.00674847
-0.000780572
0.0067244
-0.00078165
0.00670143
-0.000778849
0.00667976
-0.000772444
0.00665957
-0.000762824
0.00664101
-0.000750478
0.00662418
-0.000735994
0.00660913
-0.000720042
0.00659586
-0.000703356
0.00658433
-0.000686714
0.0065744
-0.000670913
0.00656591
-0.000656732
0.00655863
-0.000644904
0.0065523
-0.00063608
0.00654658
-0.000630789
0.00654116
-0.000629409
-0.000632132
0.00756202
0.000446207
0.00756264
0.000416124
0.00756244
0.000385839
0.00756142
0.000355357
0.00755963
0.000324682
0.00755709
0.000293814
0.00755383
0.000262748
0.00754988
0.000231475
0.00754527
0.000199979
0.00754002
0.00016824
0.00753416
0.000136228
0.00752772
0.000103909
0.0075207
7.12342e-05
0.0075131
3.81507e-05
0.00750489
4.61456e-06
0.00749608
-2.94441e-05
0.00748662
-6.40184e-05
0.00747648
-9.91481e-05
0.00746562
-0.000134844
0.00745399
-0.000171099
0.00744154
-0.000207886
0.00742821
-0.000245151
0.00741393
-0.000282811
0.00739865
-0.000320752
0.00738233
-0.000358821
0.0073649
-0.000396829
0.00734636
-0.000434549
0.00732668
-0.000471716
0.00730587
-0.000508034
0.00728396
-0.000543174
0.00726101
-0.000576788
0.0072371
-0.000608512
0.00721236
-0.000637978
0.00718691
-0.00066483
0.00716094
-0.000688727
0.00713464
-0.000709368
0.00710823
-0.000726497
0.00708194
-0.000739919
0.007056
-0.000749515
0.00703068
-0.000755247
0.0070062
-0.000757172
0.00698279
-0.000755444
0.00696067
-0.000750319
0.00694
-0.000742156
0.00692093
-0.000731408
0.00690356
-0.00071862
0.00688793
-0.000704413
0.00687404
-0.000689467
0.00686183
-0.000674506
0.00685119
-0.000660267
0.00684193
-0.000647474
0.00683383
-0.000636808
0.00682662
-0.000628871
0.00681999
-0.000624157
0.0068136
-0.000623017
-0.000625629
0.00781935
0.000443504
0.00782122
0.000414254
0.00782229
0.000384776
0.00782257
0.000355077
0.00782209
0.000325162
0.00782087
0.00029503
0.00781894
0.000264677
0.00781632
0.000234095
0.00781303
0.00020327
0.00780909
0.000172183
0.00780451
0.00014081
0.0077993
0.000109118
0.00779346
7.70702e-05
0.00778699
4.46244e-05
0.00777986
1.17402e-05
0.00777205
-2.16286e-05
0.00776352
-5.5491e-05
0.00775424
-8.98671e-05
0.00774416
-0.000124763
0.00773323
-0.000160168
0.00772139
-0.000196049
0.00770859
-0.000232351
0.00769477
-0.000268992
0.00767988
-0.000305859
0.00766387
-0.000342808
0.0076467
-0.000379659
0.00762835
-0.000416198
0.00760881
-0.000452178
0.00758809
-0.000487322
0.00756625
-0.000521326
0.00754333
-0.000553867
0.00751942
-0.000584608
0.00749466
-0.000613212
0.00746917
-0.000639346
0.00744314
-0.0006627
0.00741677
-0.000682993
0.00739026
-0.000699991
0.00736386
-0.000713512
0.00733779
-0.000723446
0.0073123
-0.000729758
0.00728763
-0.000732498
0.00726399
-0.000731808
0.00724159
-0.000727924
0.00722061
-0.000721173
0.00720118
-0.000711975
0.00718339
-0.000700832
0.00716729
-0.000688315
0.00715288
-0.000675054
0.00714009
-0.000661716
0.0071288
-0.000648982
0.00711885
-0.000637521
0.00711001
-0.000627964
0.007102
-0.000620867
0.00709453
-0.000616688
0.00708727
-0.000615751
-0.000618226
0.00808192
0.000439821
0.00808477
0.000411403
0.00808681
0.000382732
0.00808807
0.000353817
0.00808857
0.000324661
0.00808833
0.000295267
0.00808738
0.000265632
0.00808573
0.000235749
0.00808339
0.000205606
0.00808038
0.00017519
0.00807672
0.000144477
0.00807239
0.000113442
0.00806741
8.20562e-05
0.00806175
5.02841e-05
0.00805539
1.80941e-05
0.00804831
-1.45445e-05
0.00804046
-4.76473e-05
0.00803182
-8.12222e-05
0.00802232
-0.00011527
0.00801193
-0.000149774
0.00800058
-0.0001847
0.00798822
-0.000219992
0.0079748
-0.000255568
0.00796026
-0.000291321
0.00794456
-0.000327111
0.00792767
-0.00036277
0.00790958
-0.000398099
0.00789026
-0.000432866
0.00786976
-0.000466815
0.0078481
-0.000499666
0.00782535
-0.000531119
0.00780161
-0.000560866
0.00777699
-0.000588594
0.00775164
-0.000614
0.00772574
-0.000636796
0.00769947
-0.000656725
0.00767305
-0.00067357
0.0076467
-0.000687165
0.00762067
-0.000697407
0.00759517
-0.000704263
0.00757045
-0.000707776
0.00754672
-0.000708077
0.00752417
-0.000705378
0.00750298
-0.000699982
0.00748328
-0.000692272
0.00746515
-0.000682707
0.00744865
-0.000671814
0.00743377
-0.000660171
0.00742044
-0.00064839
0.00740856
-0.000637098
0.00739795
-0.000626912
0.0073884
-0.000618411
0.00737964
-0.00061211
0.00737138
-0.000608429
0.0073633
-0.000607671
-0.000609993
0.00835087
0.000435259
0.00835458
0.000407691
0.00835746
0.000379846
0.00835955
0.000351731
0.00836086
0.000323353
0.00836141
0.000294715
0.00836123
0.000265816
0.00836032
0.000236652
0.00835872
0.000207214
0.00835641
0.000177492
0.00835342
0.000147467
0.00834975
0.000117119
0.00834538
8.64262e-05
0.0083403
5.5361e-05
0.00833449
2.39002e-05
0.00832793
-7.97741e-06
0.00832056
-4.02855e-05
0.00831237
-7.30255e-05
0.00830329
-0.000106192
0.00829328
-0.000139764
0.00828229
-0.000173707
0.00827026
-0.000207961
0.00825714
-0.00024245
0.00824288
-0.000277067
0.00822746
-0.000311683
0.00821083
-0.000346139
0.00819297
-0.000380248
0.00817391
-0.000413797
0.00815364
-0.000446549
0.00813222
-0.000478245
0.00810971
-0.000508611
0.00808621
-0.000537362
0.00806182
-0.000564213
0.00803671
-0.000588884
0.00801103
-0.000611114
0.00798497
-0.000630664
0.00795873
-0.000647337
0.00793255
-0.00066098
0.00790664
-0.000671495
0.00788122
-0.000678852
0.00785654
-0.000683089
0.00783278
-0.000684323
0.00781015
-0.000682748
0.00778881
-0.000678639
0.00776888
-0.000672344
0.00775046
-0.000664284
0.00773358
-0.000654939
0.00771825
-0.000644839
0.00770441
-0.000634543
0.00769193
-0.000624627
0.00768068
-0.000615655
0.00767042
-0.000608158
0.00766092
-0.00060261
0.00765189
-0.000599399
0.00764303
-0.000598802
-0.000600968
0.00862701
0.000429856
0.00863154
0.000403166
0.00863521
0.000376173
0.00863806
0.000348886
0.0086401
0.000321313
0.00864135
0.000293459
0.00864184
0.000265326
0.00864158
0.000236911
0.00864059
0.000208209
0.00863887
0.000179213
0.00863643
0.000149909
0.00863326
0.000120283
0.00862937
9.03178e-05
0.00862474
5.99945e-05
0.00861934
2.92967e-05
0.00861315
-1.7893e-06
0.00860614
-3.32723e-05
0.00859826
-6.51488e-05
0.00858948
-9.74079e-05
0.00857974
-0.000130026
0.008569
-0.000162965
0.00855721
-0.000196168
0.00854431
-0.000229557
0.00853028
-0.000263032
0.00851507
-0.00029647
0.00849865
-0.000329723
0.00848102
-0.000362618
0.00846218
-0.000394956
0.00844215
-0.00042652
0.00842098
-0.000457072
0.00839872
-0.000486359
0.00837549
-0.000514123
0.00835137
-0.000540102
0.00832653
-0.00056404
0.00830112
-0.000585698
0.00827531
-0.000604859
0.00824931
-0.00062134
0.00822333
-0.000635002
0.00819759
-0.000645754
0.00817231
-0.000653567
0.00814769
-0.000658474
0.00812395
-0.00066058
0.00810126
-0.00066006
0.00807979
-0.000657163
0.00805965
-0.000652204
0.00804093
-0.000645567
0.00802368
-0.000637689
0.00800789
-0.000629051
0.00799352
-0.000620165
0.00798044
-0.000611555
0.00796852
-0.000603735
0.00795756
-0.000597192
0.00794731
-0.000592359
0.0079375
-0.000589591
0.00792784
-0.000589146
-0.000591161
0.0089111
0.000423633
0.00891641
0.000397849
0.00892085
0.000371738
0.00892442
0.000345309
0.00892716
0.000318574
0.00892909
0.000291536
0.00893021
0.000264202
0.00893055
0.000236571
0.00893012
0.000208641
0.00892892
0.000180408
0.00892697
0.000151863
0.00892426
0.000122997
0.00892078
9.37974e-05
0.00891652
6.42531e-05
0.00891146
3.43535e-05
0.00890558
4.09139e-06
0.00889884
-2.65361e-05
0.00889122
-5.75216e-05
0.00888266
-8.88499e-05
0.00887313
-0.000120495
0.00886258
-0.000152415
0.00885096
-0.000184554
0.00883824
-0.000216838
0.00882438
-0.00024917
0.00880934
-0.000281434
0.00879311
-0.000313491
0.00877568
-0.000345182
0.00875704
-0.000376324
0.00873724
-0.000406715
0.0087163
-0.000436138
0.00869431
-0.000464363
0.00867134
-0.000491153
0.0086475
-0.000516269
0.00862294
-0.000539478
0.00859781
-0.000560562
0.00857227
-0.000579323
0.00854652
-0.000595594
0.00852077
-0.000609247
0.00849521
-0.000620199
0.00847007
-0.00062842
0.00844553
-0.000633941
0.00842181
-0.000636853
0.00839906
-0.000637315
0.00837745
-0.00063555
0.00835709
-0.000631845
0.00833807
-0.000626545
0.00832043
-0.000620048
0.00830416
-0.000612789
0.00828923
-0.000605233
0.00827553
-0.000597855
0.00826292
-0.000591126
0.00825122
-0.000585486
0.00824019
-0.000581331
0.00822958
-0.000578986
0.00821912
-0.000578687
-0.000580562
0.00920387
0.000416616
0.00920995
0.000391763
0.00921513
0.00036656
0.00921942
0.00034102
0.00922284
0.000315152
0.00922541
0.000288964
0.00922715
0.000262463
0.00922807
0.000235652
0.00922818
0.000208531
0.00922749
0.000181099
0.009226
0.000153352
0.00922371
0.000125284
0.00922062
9.68898e-05
0.00921671
6.81624e-05
0.00921197
3.90972e-05
0.00920637
9.69245e-06
0.00919988
-2.00488e-05
0.00919247
-5.0116e-05
0.00918411
-8.049e-05
0.00917476
-0.000111142
0.00916438
-0.000142029
0.00915292
-0.000173096
0.00914035
-0.000204269
0.00912664
-0.000235458
0.00911176
-0.000266554
0.00909569
-0.000297426
0.00907844
-0.000327927
0.00906
-0.000357888
0.00904041
-0.000387124
0.00901971
-0.000415437
0.00899796
-0.000442617
0.00897526
-0.000468447
0.0089517
-0.000492711
0.00892742
-0.000515197
0.00890256
-0.000535705
0.0088773
-0.000554057
0.0088518
-0.000570099
0.00882627
-0.000583714
0.0088009
-0.000594827
0.00877589
-0.000603408
0.00875143
-0.000609483
0.00872771
-0.000613134
0.00870489
-0.000614502
0.00868313
-0.000613787
0.00866254
-0.000611249
0.00864319
-0.000607198
0.00862513
-0.000601991
0.00860837
-0.000596024
0.00859285
-0.000589717
0.0085785
-0.000583499
0.00856517
-0.000577797
0.00855269
-0.00057301
0.00854086
-0.000569497
0.00852942
-0.000567555
0.00851814
-0.0005674
-0.000569151
0.00950604
0.000408827
0.00951287
0.000384928
0.00951877
0.000360659
0.00952376
0.000336033
0.00952785
0.000311062
0.00953106
0.000285756
0.0095334
0.000260121
0.00953489
0.000234164
0.00953553
0.000207887
0.00953534
0.000181293
0.00953431
0.000154382
0.00953244
0.000127151
0.00952973
9.95999e-05
0.00952617
7.17266e-05
0.00952173
4.35314e-05
0.00951641
1.50174e-05
0.00951017
-1.38074e-05
0.00950298
-4.29292e-05
0.00949482
-7.23257e-05
0.00948564
-0.000101965
0.00947542
-0.000131806
0.00946411
-0.000161791
0.00945169
-0.00019185
0.00943813
-0.000221898
0.00942341
-0.00025183
0.00940751
-0.000281527
0.00939043
-0.000310851
0.00937219
-0.000339647
0.00935282
-0.000367747
0.00933235
-0.000394968
0.00931085
-0.00042112
0.00928841
-0.000446005
0.00926512
-0.000469427
0.00924112
-0.000491194
0.00921654
-0.000511124
0.00919154
-0.000529056
0.00916629
-0.000544849
0.00914097
-0.000558397
0.00911578
-0.00056963
0.00909089
-0.00057852
0.0090665
-0.000585089
0.00904277
-0.000589409
0.00901988
-0.000591606
0.00899795
-0.000591858
0.00897709
-0.000590397
0.0089574
-0.000587503
0.00893891
-0.000583497
0.00892162
-0.000578734
0.00890549
-0.000573592
0.00889045
-0.000568459
0.00887637
-0.000563719
0.0088631
-0.000559734
0.00885043
-0.000556828
0.00883814
-0.00055527
0.008826
-0.000555258
-0.000556902
0.0098182
0.000400281
0.00982577
0.000377357
0.00983238
0.000354045
0.00983805
0.000330359
0.0098428
0.000306312
0.00984664
0.000281916
0.00984959
0.000257178
0.00985164
0.000232108
0.00985282
0.00020671
0.00985312
0.00018099
0.00985255
0.000154951
0.00985111
0.000128594
0.00984879
0.000101922
0.00984558
7.49388e-05
0.00984146
4.76479e-05
0.00983642
2.0057e-05
0.00983043
-7.82223e-06
0.00982348
-3.59721e-05
0.00981552
-6.43684e-05
0.00980653
-9.29778e-05
0.00979648
-0.000121757
0.00978534
-0.000150651
0.00977309
-0.000179593
0.00975969
-0.000208499
0.00974513
-0.000237274
0.00972941
-0.000265805
0.00971252
-0.000293964
0.00969449
-0.000321611
0.00967533
-0.000348591
0.0096551
-0.000374737
0.00963385
-0.000399876
0.00961168
-0.000423829
0.00958867
-0.000446418
0.00956494
-0.000467468
0.00954063
-0.000486817
0.00951589
-0.000504316
0.00949088
-0.000519839
0.00946578
-0.000533289
0.00944075
-0.000544601
0.00941597
-0.000553749
0.00939163
-0.00056075
0.00936789
-0.000565668
0.0093449
-0.000568614
0.00932279
-0.000569748
0.00930167
-0.000569275
0.00928161
-0.000567445
0.00926266
-0.000564547
0.00924482
-0.000560898
0.00922807
-0.000556837
0.00921232
-0.000552713
0.00919748
-0.000548871
0.00918338
-0.000545636
0.00916985
-0.0005433
0.00915669
-0.000542108
0.00914367
-0.000542239
-0.000543794
0.0101408
0.000390981
0.0101491
0.000369051
0.0101564
0.000346717
0.0101628
0.000323996
0.0101682
0.000300899
0.0101727
0.000277441
0.0101762
0.00025363
0.0101788
0.000229479
0.0101806
0.000204993
0.0101814
0.000180181
0.0101813
0.000155048
0.0101803
0.0001296
0.0101783
0.000103843
0.0101755
7.77837e-05
0.0101717
5.14301e-05
0.010167
2.47932e-05
0.0101613
-2.11222e-06
0.0101546
-2.92645e-05
0.0101468
-5.66387e-05
0.0101381
-8.41998e-05
0.0101282
-0.000111904
0.0101173
-0.000139698
0.0101052
-0.000167517
0.010092
-0.000195282
0.0100776
-0.000222903
0.0100621
-0.000250275
0.0100454
-0.000277282
0.0100276
-0.000303793
0.0100086
-0.000329667
0.00998865
-0.000354752
0.00996767
-0.000378891
0.00994576
-0.000401923
0.00992303
-0.000423685
0.00989958
-0.000444021
0.00987555
-0.000462782
0.00985107
-0.000479835
0.00982629
-0.000495065
0.00980139
-0.000508384
0.00977652
-0.000519732
0.00975185
-0.000529085
0.00972756
-0.000536456
0.00970379
-0.000541901
0.0096807
-0.000545517
0.00965839
-0.000547446
0.00963699
-0.00054787
0.00961656
-0.000547012
0.00959714
-0.000545129
0.00957874
-0.000542503
0.00956135
-0.000539439
0.00954488
-0.000536247
0.00952925
-0.000533237
0.00951431
-0.000530699
0.00949991
-0.000528898
0.00948585
-0.000528052
0.00947193
-0.000528323
-0.000529805
0.0104741
0.000380918
0.0104832
0.00036
0.0104912
0.000338666
0.0104983
0.000316931
0.0105044
0.00029481
0.0105095
0.000272316
0.0105137
0.000249462
0.0105169
0.000226259
0.0105192
0.000202717
0.0105205
0.000178846
0.0105209
0.000154653
0.0105203
0.000130148
0.0105188
0.00010534
0.0105164
8.02374e-05
0.010513
5.4853e-05
0.0105086
2.92005e-05
0.0105032
3.29593e-06
0.0104967
-2.28335e-05
0.0104892
-4.91644e-05
0.0104807
-7.56593e-05
0.0104711
-0.000102275
0.0104603
-0.00012896
0.0104485
-0.00015565
0.0104355
-0.000182273
0.0104213
-0.000208742
0.010406
-0.000234963
0.0103895
-0.000260826
0.010372
-0.000286212
0.0103533
-0.000310992
0.0103336
-0.000335029
0.0103128
-0.00035818
0.0102912
-0.000380298
0.0102688
-0.000401238
0.0102456
-0.000420857
0.0102218
-0.000439023
0.0101976
-0.000455613
0.0101731
-0.000470526
0.0101484
-0.00048368
0.0101237
-0.00049502
0.0100991
-0.000504524
0.0100749
-0.000512202
0.0100511
-0.000518102
0.0100278
-0.000522308
0.0100053
-0.000524945
0.00998365
-0.000526176
0.00996284
-0.000526197
0.00994294
-0.000525236
0.00992398
-0.000523544
0.00990594
-0.000521391
0.00988874
-0.000519055
0.00987232
-0.00051681
0.00985653
-0.000514917
0.00984125
-0.000513612
0.00982629
-0.000513091
0.00981146
-0.0005135
-0.000514925
0.0108185
0.000370084
0.0108283
0.000350194
0.0108371
0.000329877
0.0108449
0.000309149
0.0108517
0.000288026
0.0108574
0.000266523
0.0108623
0.000244652
0.0108661
0.000222427
0.0108689
0.000199859
0.0108708
0.00017696
0.0108717
0.00015374
0.0108717
0.00013021
0.0108706
0.000106383
0.0108686
8.22695e-05
0.0108656
5.78849e-05
0.0108615
3.32453e-05
0.0108565
8.37029e-06
0.0108503
-1.67138e-05
0.0108432
-4.19795e-05
0.0108349
-6.73904e-05
0.0108255
-9.29036e-05
0.010815
-0.000118468
0.0108034
-0.000144024
0.0107906
-0.000169502
0.0107767
-0.000194822
0.0107616
-0.000219895
0.0107454
-0.000244621
0.0107281
-0.000268891
0.0107097
-0.000292587
0.0106903
-0.000315585
0.0106698
-0.000337755
0.0106485
-0.000358965
0.0106264
-0.000379084
0.0106035
-0.000397983
0.01058
-0.000415543
0.010556
-0.000431653
0.0105317
-0.000446222
0.0105072
-0.000459176
0.0104827
-0.000470464
0.0104582
-0.000480065
0.010434
-0.000487986
0.0104102
-0.000494267
0.0103868
-0.000498984
0.0103641
-0.000502245
0.0103422
-0.000504192
0.010321
-0.000504999
0.0103006
-0.000504867
0.0102811
-0.000504019
0.0102624
-0.000502693
0.0102444
-0.000501135
0.0102272
-0.00049959
0.0102106
-0.000498288
0.0101944
-0.00049744
0.0101786
-0.000497222
0.0101628
-0.000497764
-0.000499145
0.0111742
0.000358472
0.0111848
0.000339622
0.0111943
0.000320337
0.0112029
0.000300634
0.0112104
0.00028053
0.0112168
0.00026004
0.0112223
0.000239178
0.0112268
0.000217957
0.0112303
0.000196392
0.0112327
0.000174494
0.0112342
0.000152277
0.0112346
0.000129754
0.0112341
0.000106939
0.0112325
8.38451e-05
0.0112299
6.04898e-05
0.0112263
3.68914e-05
0.0112215
1.30718e-05
0.0112158
-1.09432e-05
0.0112089
-3.51227e-05
0.011201
-5.94317e-05
0.0111919
-8.38279e-05
0.0111817
-0.000108262
0.0111703
-0.000132676
0.0111578
-0.000157005
0.0111442
-0.000181175
0.0111294
-0.000205103
0.0111135
-0.000228696
0.0110964
-0.000251856
0.0110783
-0.000274475
0.0110592
-0.000296441
0.0110391
-0.000317635
0.011018
-0.00033794
0.0109962
-0.000357236
0.0109736
-0.000375409
0.0109504
-0.00039235
0.0109267
-0.000407961
0.0109027
-0.000422157
0.0108784
-0.000434874
0.010854
-0.000446064
0.0108296
-0.000455706
0.0108054
-0.000463806
0.0107816
-0.000470398
0.0107581
-0.000475545
0.0107352
-0.000479344
0.0107129
-0.000481919
0.0106914
-0.00048342
0.0106705
-0.000484026
0.0106504
-0.000483932
0.0106311
-0.000483349
0.0106124
-0.000482493
0.0105944
-0.000481581
0.010577
-0.000480817
0.0105599
-0.000480387
0.0105431
-0.000480447
0.0105265
-0.000481116
-0.000482463
0.0115417
0.000346081
0.0115531
0.000328279
0.0115634
0.000310038
0.0115726
0.000291376
0.0115808
0.000272308
0.011588
0.000252851
0.0115942
0.000233019
0.0115993
0.000212828
0.0116034
0.000192291
0.0116065
0.000171422
0.0116085
0.000150237
0.0116095
0.000128749
0.0116095
0.000106974
0.0116084
8.49289e-05
0.0116063
6.26309e-05
0.0116031
4.01007e-05
0.0115988
1.7361e-05
0.0115934
-5.56188e-06
0.0115869
-2.86345e-05
0.0115793
-5.18239e-05
0.0115706
-7.50883e-05
0.0115607
-9.83798e-05
0.0115496
-0.000121644
0.0115375
-0.000144819
0.0115241
-0.000167837
0.0115096
-0.000190619
0.011494
-0.000213083
0.0114773
-0.000235137
0.0114595
-0.000256683
0.0114407
-0.000277619
0.0114209
-0.000297841
0.0114002
-0.000317239
0.0113787
-0.000335709
0.0113564
-0.000353145
0.0113335
-0.000369452
0.0113101
-0.000384541
0.0112863
-0.000398336
0.0112622
-0.000410777
0.0112379
-0.000421822
0.0112137
-0.00043145
0.0111895
-0.000439665
0.0111656
-0.000446495
0.0111421
-0.000451995
0.011119
-0.000456247
0.0110964
-0.00045936
0.0110745
-0.000461466
0.0110532
-0.000462719
0.0110325
-0.000463292
0.0110125
-0.000463368
0.0109932
-0.000463138
0.0109744
-0.000462792
0.0109561
-0.000462512
0.0109382
-0.000462459
0.0109205
-0.000462774
0.0109029
-0.000463561
-0.000464883
0.0119214
0.000332917
0.0119335
0.000316168
0.0119446
0.000298979
0.0119546
0.000281368
0.0119635
0.000263351
0.0119714
0.000244943
0.0119783
0.000226161
0.0119841
0.00020702
0.0119889
0.000187534
0.0119926
0.000167719
0.0119952
0.000147591
0.0119968
0.000127165
0.0119973
0.000106458
0.0119968
8.54873e-05
0.0119951
6.42728e-05
0.0119924
4.28359e-05
0.0119885
2.12003e-05
0.0119836
-6.0964e-07
0.0119775
-2.25543e-05
0.0119703
-4.46071e-05
0.0119619
-6.67249e-05
0.0119524
-8.88621e-05
0.0119417
-0.000110967
0.0119299
-0.000132982
0.0119169
-0.000154843
0.0119028
-0.000176479
0.0118875
-0.000197813
0.0118711
-0.000218761
0.0118537
-0.000239236
0.0118352
-0.000259144
0.0118157
-0.000278391
0.0117954
-0.00029688
0.0117742
-0.000314515
0.0117523
-0.000331204
0.0117297
-0.00034686
0.0117065
-0.000361402
0.011683
-0.000374764
0.0116591
-0.00038689
0.011635
-0.000397742
0.0116108
-0.0004073
0.0115867
-0.000415566
0.0115628
-0.000422562
0.0115391
-0.000428336
0.0115159
-0.000432959
0.011493
-0.000436523
0.0114707
-0.000439144
0.0114489
-0.000440955
0.0114277
-0.000442107
0.0114071
-0.000442761
0.0113871
-0.000443082
0.0113675
-0.000443238
0.0113484
-0.000443386
0.0113296
-0.00044367
0.0113111
-0.000444214
0.0112926
-0.000445108
-0.000446412
0.0123138
0.000318988
0.0123267
0.000303293
0.0123385
0.000287161
0.0123492
0.000270609
0.0123589
0.000253653
0.0123676
0.000236309
0.0123752
0.000218592
0.0123817
0.000200519
0.0123871
0.000182104
0.0123914
0.000163365
0.0123947
0.000144317
0.0123969
0.000124976
0.012398
0.000105361
0.012398
8.54899e-05
0.0123969
6.53831e-05
0.0123947
4.50627e-05
0.0123913
2.45531e-05
0.0123868
3.87924e-06
0.0123812
-1.69205e-05
0.0123744
-3.78193e-05
0.0123664
-5.87758e-05
0.0123573
-7.97463e-05
0.012347
-0.000100682
0.0123356
-0.00012153
0.012323
-0.000142229
0.0123092
-0.000162715
0.0122943
-0.000182916
0.0122783
-0.000202757
0.0122612
-0.000222159
0.0122431
-0.000241037
0.012224
-0.000259306
0.012204
-0.000276879
0.0121832
-0.00029367
0.0121616
-0.000309597
0.0121393
-0.000324581
0.0121165
-0.00033855
0.0120931
-0.000351445
0.0120695
-0.000363215
0.0120455
-0.000373826
0.0120215
-0.000383257
0.0119974
-0.00039151
0.0119735
-0.000398602
0.0119497
-0.000404573
0.0119263
-0.000409484
0.0119031
-0.000413413
0.0118805
-0.000416461
0.0118582
-0.000418744
0.0118365
-0.00042039
0.0118153
-0.00042154
0.0117946
-0.000422339
0.0117743
-0.00042293
0.0117543
-0.000423453
0.0117347
-0.000424034
0.0117153
-0.000424778
0.0116959
-0.000425769
-0.000427057
0.0127195
0.000304308
0.0127331
0.000289664
0.0127457
0.00027459
0.0127572
0.000259101
0.0127676
0.000243213
0.012777
0.000226942
0.0127853
0.000210304
0.0127925
0.000193314
0.0127986
0.000175988
0.0128036
0.000158343
0.0128075
0.000140394
0.0128104
0.000122161
0.0128121
0.000103659
0.0128126
8.49099e-05
0.0128121
6.59328e-05
0.0128104
4.67506e-05
0.0128076
2.73877e-05
0.0128036
7.87055e-06
0.0127984
-1.17674e-05
0.0127921
-3.14952e-05
0.0127846
-5.12755e-05
0.0127759
-7.10668e-05
0.0127661
-9.08233e-05
0.012755
-0.000110495
0.0127428
-0.000130025
0.0127295
-0.000149355
0.012715
-0.00016842
0.0126994
-0.00018715
0.0126827
-0.000205475
0.012665
-0.000223318
0.0126463
-0.000240602
0.0126266
-0.00025725
0.0126061
-0.000273184
0.0125849
-0.000288331
0.0125629
-0.000302621
0.0125404
-0.00031599
0.0125173
-0.000328383
0.0124938
-0.000339756
0.0124701
-0.000350075
0.0124462
-0.000359324
0.0124221
-0.0003675
0.0123982
-0.000374617
0.0123743
-0.000380709
0.0123506
-0.000385827
0.0123273
-0.000390038
0.0123042
-0.000393427
0.0122816
-0.000396095
0.0122593
-0.000398152
0.0122375
-0.00039972
0.0122161
-0.000400923
0.0121951
-0.000401886
0.0121743
-0.00040273
0.0121539
-0.000403565
0.0121336
-0.000404483
0.0121134
-0.000405555
-0.000406829
0.0131391
0.00028889
0.0131535
0.000275292
0.0131668
0.000261273
0.013179
0.000246849
0.0131902
0.000232033
0.0132003
0.000216843
0.0132093
0.000201292
0.0132172
0.000185397
0.013224
0.000169174
0.0132297
0.000152639
0.0132343
0.000135808
0.0132378
0.0001187
0.0132401
0.000101332
0.0132413
8.37238e-05
0.0132413
6.58967e-05
0.0132402
4.78727e-05
0.0132379
2.96761e-05
0.0132345
1.13333e-05
0.0132298
-7.12524e-06
0.013224
-2.56656e-05
0.013217
-4.42551e-05
0.0132088
-6.28544e-05
0.0131994
-8.14202e-05
0.0131888
-9.99053e-05
0.013177
-0.000118259
0.0131641
-0.000136426
0.01315
-0.000154348
0.0131348
-0.000171961
0.0131185
-0.000189202
0.0131012
-0.000206002
0.0130829
-0.000222292
0.0130637
-0.000238003
0.0130436
-0.000253066
0.0130226
-0.000267414
0.013001
-0.000280986
0.0129787
-0.000293724
0.0129559
-0.000305579
0.0129327
-0.000316511
0.0129091
-0.000326489
0.0128853
-0.000335498
0.0128613
-0.000343534
0.0128373
-0.000350607
0.0128133
-0.000356745
0.0127895
-0.00036199
0.0127659
-0.000366401
0.0127425
-0.000370048
0.0127194
-0.000373017
0.0126967
-0.000375404
0.0126743
-0.000377312
0.0126522
-0.000378848
0.0126304
-0.00038012
0.0126089
-0.000381232
0.0125876
-0.000382279
0.0125665
-0.000383341
0.0125454
-0.000384481
-0.000385738
0.0135733
0.000272749
0.0135884
0.000260189
0.0136024
0.00024722
0.0136154
0.000233858
0.0136273
0.000220117
0.0136382
0.000206011
0.0136479
0.000191555
0.0136565
0.000176764
0.0136641
0.000161655
0.0136705
0.000146243
0.0136757
0.000130544
0.0136798
0.000114578
0.0136828
9.83602e-05
0.0136846
8.19118e-05
0.0136853
6.52529e-05
0.0136847
4.84056e-05
0.013683
3.13937e-05
0.0136801
1.42421e-05
0.013676
-3.02198e-06
0.0136707
-2.03571e-05
0.0136642
-3.77415e-05
0.0136565
-5.51358e-05
0.0136476
-7.24989e-05
0.0136374
-8.97872e-05
0.0136261
-0.000106954
0.0136137
-0.000123949
0.0136
-0.00014072
0.0135853
-0.000157208
0.0135694
-0.000173356
0.0135525
-0.000189103
0.0135346
-0.000204388
0.0135158
-0.000219147
0.013496
-0.00023332
0.0134755
-0.000246848
0.0134541
-0.000259674
0.0134322
-0.00027175
0.0134096
-0.000283029
0.0133866
-0.000293476
0.0133632
-0.000303064
0.0133394
-0.000311776
0.0133155
-0.000319609
0.0132915
-0.000326569
0.0132674
-0.00033268
0.0132434
-0.000337976
0.0132195
-0.000342505
0.0131958
-0.000346328
0.0131723
-0.000349518
0.013149
-0.000352155
0.013126
-0.000354327
0.0131033
-0.000356127
0.0130808
-0.000357646
0.0130586
-0.000358973
0.0130365
-0.00036019
0.0130145
-0.000361367
0.0129926
-0.000362557
-0.000363795
0.0140228
0.000255901
0.0140386
0.000244367
0.0140534
0.000232442
0.0140671
0.000220138
0.0140798
0.000207468
0.0140914
0.000194448
0.0141018
0.000181091
0.0141112
0.000167411
0.0141194
0.000153425
0.0141265
0.000139147
0.0141325
0.000124593
0.0141372
0.000109782
0.0141409
9.47304e-05
0.0141433
7.94574e-05
0.0141446
6.39833e-05
0.0141447
4.83293e-05
0.0141436
3.25194e-05
0.0141412
1.65779e-05
0.0141377
5.18514e-07
0.0141329
-1.5591e-05
0.0141269
-3.17582e-05
0.0141197
-4.79335e-05
0.0141113
-6.40807e-05
0.0141017
-8.01603e-05
0.0140909
-9.61295e-05
0.0140788
-0.000111942
0.0140657
-0.00012755
0.0140514
-0.000142903
0.014036
-0.000157947
0.0140195
-0.000172629
0.014002
-0.000186893
0.0139835
-0.000200683
0.0139642
-0.000213946
0.0139439
-0.000226629
0.0139229
-0.000238683
0.0139013
-0.000250062
0.013879
-0.000260727
0.0138561
-0.000270645
0.0138329
-0.000279791
0.0138092
-0.000288151
0.0137853
-0.000295718
0.0137613
-0.000302499
0.0137371
-0.00030851
0.0137129
-0.00031378
0.0136887
-0.00031835
0.0136647
-0.00032227
0.0136408
-0.000325601
0.013617
-0.000328411
0.0135935
-0.000330775
0.0135701
-0.000332771
0.0135469
-0.000334476
0.0135239
-0.000335967
0.0135011
-0.000337313
0.0134783
-0.000338573
0.0134555
-0.000339795
-0.000341009
0.0144885
0.000238359
0.014505
0.000227839
0.0145205
0.000216947
0.014535
0.000205694
0.0145484
0.000194094
0.0145606
0.000182159
0.0145718
0.000169902
0.0145819
0.000157338
0.0145909
0.000144481
0.0145987
0.000131346
0.0146053
0.000117948
0.0146108
0.000104304
0.0146151
9.04313e-05
0.0146182
7.63481e-05
0.0146201
6.20738e-05
0.0146208
4.76288e-05
0.0146203
3.30353e-05
0.0146185
1.83157e-05
0.0146156
3.49305e-06
0.0146114
-1.13912e-05
0.0146059
-2.63214e-05
0.0145993
-4.12635e-05
0.0145914
-5.61818e-05
0.0145822
-7.10398e-05
0.0145719
-8.57984e-05
0.0145604
-0.000100416
0.0145477
-0.00011485
0.0145338
-0.000129054
0.0145189
-0.00014298
0.0145028
-0.000156581
0.0144857
-0.000169807
0.0144677
-0.00018261
0.0144487
-0.00019494
0.0144288
-0.000206753
0.0144081
-0.000218003
0.0143867
-0.000228651
0.0143646
-0.000238661
0.014342
-0.000248005
0.0143188
-0.000256659
0.0142953
-0.00026461
0.0142714
-0.00027185
0.0142473
-0.000278385
0.014223
-0.000284226
0.0141987
-0.000289398
0.0141742
-0.000293933
0.0141498
-0.000297873
0.0141255
-0.000301269
0.0141013
-0.000304177
0.0140772
-0.000306662
0.0140532
-0.000308787
0.0140293
-0.00031062
0.0140056
-0.000312223
0.0139819
-0.000313656
0.0139583
-0.00031497
0.0139347
-0.000316205
-0.000317386
0.0149712
0.000220135
0.0149885
0.000210616
0.0150047
0.000200746
0.0150198
0.000190537
0.0150339
0.00018
0.0150469
0.000169148
0.0150588
0.000157992
0.0150696
0.000146546
0.0150793
0.000134822
0.0150878
0.000122837
0.0150951
0.000110603
0.0151013
9.81372e-05
0.0151063
8.54555e-05
0.01511
7.25751e-05
0.0151126
5.95145e-05
0.0151139
4.6293e-05
0.015114
3.29312e-05
0.0151129
1.94515e-05
0.0151105
5.87583e-06
0.0151069
-7.76418e-06
0.015102
-2.14442e-05
0.0150959
-3.51376e-05
0.0150885
-4.88121e-05
0.0150799
-6.2434e-05
0.0150701
-7.5968e-05
0.0150591
-8.93767e-05
0.0150468
-0.000102621
0.0150334
-0.000115661
0.0150189
-0.000128453
0.0150033
-0.000140956
0.0149866
-0.000153125
0.0149689
-0.000164918
0.0149503
-0.000176291
0.0149307
-0.000187205
0.0149103
-0.000197619
0.0148892
-0.0002075
0.0148673
-0.000216815
0.0148449
-0.000225538
0.0148219
-0.00023365
0.0147984
-0.000241136
0.0147745
-0.000247989
0.0147503
-0.000254213
0.0147259
-0.000259816
0.0147014
-0.000264818
0.0146767
-0.000269244
0.0146519
-0.00027313
0.0146272
-0.000276517
0.0146024
-0.000279453
0.0145778
-0.000281989
0.0145532
-0.000284181
0.0145286
-0.000286083
0.0145042
-0.000287749
0.0144797
-0.000289229
0.0144553
-0.000290566
0.0144309
-0.000291792
0.0154719
0.000201239
0.0154898
0.000192706
0.0155067
0.000183847
0.0155226
0.000174672
0.0155374
0.000165193
0.0155511
0.000155419
0.0155638
0.000145363
0.0155753
0.000135036
0.0155856
0.000124451
0.0155949
0.00011362
0.0156029
0.000102558
0.0156098
9.12796e-05
0.0156154
7.97995e-05
0.0156199
6.8134e-05
0.0156231
5.63003e-05
0.015625
4.43165e-05
0.0156258
3.22017e-05
0.0156252
1.99766e-05
0.0156235
7.66167e-06
0.0156204
-4.71696e-06
0.0156161
-1.71306e-05
0.0156105
-2.95598e-05
0.0156037
-4.19747e-05
0.0155956
-5.43447e-05
0.0155863
-6.66382e-05
0.0155757
-7.88216e-05
0.015564
-9.08603e-05
0.015551
-0.000102718
0.0155369
-0.000114358
0.0155217
-0.000125743
0.0155054
-0.000136833
0.0154881
-0.000147592
0.0154698
-0.000157981
0.0154505
-0.000167966
0.0154304
-0.000177511
0.0154095
-0.000186587
0.0153879
-0.000195165
0.0153655
-0.000203222
0.0153426
-0.00021074
0.0153192
-0.000217706
0.0152953
-0.000224114
0.0152711
-0.000229963
0.0152465
-0.000235262
0.0152217
-0.000240024
0.0151968
-0.000244272
0.0151717
-0.000248032
0.0151465
-0.000251339
0.0151213
-0.000254233
0.015096
-0.000256755
0.0150708
-0.000258951
0.0150456
-0.000260867
0.0150204
-0.000262548
0.0149952
-0.000264035
0.01497
-0.000265363
-0.00026656
0.0159916
0.000181678
0.0160102
0.000174115
0.0160278
0.000166255
0.0160444
0.000158106
0.0160599
0.000149677
0.0160743
0.000140978
0.0160877
0.00013202
0.0160999
0.000122813
0.016111
0.000113368
0.0161209
0.000103698
0.0161296
9.38148e-05
0.0161372
8.37321e-05
0.0161435
7.34639e-05
0.0161486
6.3025e-05
0.0161525
5.24311e-05
0.0161551
4.16989e-05
0.0161565
3.0846e-05
0.0161566
1.98908e-05
0.0161554
8.85229e-06
0.0161529
-2.24939e-06
0.0161492
-1.33785e-05
0.0161441
-2.45268e-05
0.0161378
-3.56651e-05
0.0161302
-4.67659e-05
0.0161214
-5.78009e-05
0.0161113
-6.87408e-05
0.0161
-7.95549e-05
0.0160875
-9.02115e-05
0.0160738
-0.000100678
0.016059
-0.000110922
0.0160431
-0.00012091
0.0160261
-0.000130608
0.0160081
-0.000139985
0.0159891
-0.000149008
0.0159693
-0.00015765
0.0159486
-0.000165882
0.0159271
-0.000173681
0.0159049
-0.000181025
0.0158821
-0.000187899
0.0158586
-0.000194291
0.0158347
-0.000200194
0.0158104
-0.000205608
0.0157856
-0.000210538
0.0157606
-0.000214995
0.0157353
-0.000218995
0.0157099
-0.000222561
0.0156842
-0.000225721
0.0156585
-0.000228506
0.0156327
-0.000230951
0.0156069
-0.000233093
0.015581
-0.00023497
0.015555
-0.000236618
0.0155291
-0.000238072
0.0155031
-0.00023936
-0.000240507
0.0165315
0.000161452
0.0165508
0.000154846
0.0165691
0.000147974
0.0165863
0.000140841
0.0166025
0.000133457
0.0166177
0.000125829
0.0166317
0.000117968
0.0166447
0.000109881
0.0166565
0.00010158
0.0166671
9.30749e-05
0.0166765
8.43774e-05
0.0166848
7.54994e-05
0.0166918
6.64535e-05
0.0166975
5.7253e-05
0.0167021
4.79121e-05
0.0167053
3.84459e-05
0.0167073
2.88699e-05
0.016708
1.92013e-05
0.0167074
9.45706e-06
0.0167055
-3.53635e-07
0.0167023
-1.01771e-05
0.0166978
-2.00271e-05
0.016692
-2.987e-05
0.0166849
-3.96821e-05
0.0166765
-4.94389e-05
0.0166669
-5.91148e-05
0.016656
-6.8683e-05
0.0166439
-7.81162e-05
0.0166306
-8.73863e-05
0.0166162
-9.64647e-05
0.0166006
-0.000105323
0.0165839
-0.000113932
0.0165662
-0.000122265
0.0165475
-0.000130295
0.0165278
-0.000137996
0.0165073
-0.000145345
0.0164859
-0.000152321
0.0164638
-0.000158906
0.016441
-0.000165086
0.0164176
-0.00017085
0.0163936
-0.000176193
0.0163691
-0.000181112
0.0163441
-0.000185611
0.0163188
-0.000189697
0.0162932
-0.000193386
0.0162674
-0.000196692
0.0162413
-0.00019964
0.016215
-0.000202254
0.0161886
-0.000204562
0.0161621
-0.000206593
0.0161356
-0.00020838
0.0161089
-0.00020995
0.0160822
-0.000211333
0.0160553
-0.000212551
-0.000213625
0.0170928
0.000140557
0.0171128
0.000134897
0.0171317
0.000129002
0.0171497
0.000122879
0.0171666
0.000116534
0.0171825
0.000109975
0.0171972
0.000103209
0.0172109
9.62453e-05
0.0172233
8.90916e-05
0.0172347
8.17578e-05
0.0172448
7.42537e-05
0.0172537
6.65899e-05
0.0172614
5.87775e-05
0.0172678
5.08283e-05
0.017273
4.27545e-05
0.0172768
3.45695e-05
0.0172794
2.6287e-05
0.0172807
1.79217e-05
0.0172807
9.48834e-06
0.0172793
9.9745e-07
0.0172766
-7.51001e-06
0.0172727
-1.60394e-05
0.0172674
-2.45656e-05
0.0172607
-3.30676e-05
0.0172528
-4.1524e-05
0.0172436
-4.9913e-05
0.0172332
-5.82116e-05
0.0172214
-6.63967e-05
0.0172085
-7.44442e-05
0.0171944
-8.23301e-05
0.0171791
-9.00301e-05
0.0171626
-9.752e-05
0.0171452
-0.000104777
0.0171266
-0.000111777
0.0171071
-0.0001185
0.0170867
-0.000124925
0.0170654
-0.000131035
0.0170433
-0.000136814
0.0170205
-0.000142251
0.016997
-0.000147335
0.0169729
-0.000152062
0.0169482
-0.000156428
0.016923
-0.000160436
0.0168974
-0.000164093
0.0168714
-0.000167407
0.0168451
-0.000170392
0.0168186
-0.000173067
0.0167917
-0.00017545
0.0167647
-0.000177563
0.0167376
-0.000179432
0.0167103
-0.000181079
0.0166829
-0.000182529
0.0166553
-0.000183804
0.0166277
-0.000184923
-0.000185902
0.0176769
0.000118983
0.0176976
0.000114259
0.0177172
0.000109336
0.0177359
0.000104217
0.0177535
9.89091e-05
0.0177701
9.34177e-05
0.0177855
8.77494e-05
0.0177999
8.19113e-05
0.017813
7.59108e-05
0.017825
6.97557e-05
0.0178358
6.34546e-05
0.0178454
5.70164e-05
0.0178537
5.04505e-05
0.0178608
4.37669e-05
0.0178666
3.69763e-05
0.0178711
3.00897e-05
0.0178742
2.3119e-05
0.0178761
1.60765e-05
0.0178766
8.975e-06
0.0178758
1.82533e-06
0.0178736
-5.34458e-06
0.0178701
-1.25308e-05
0.0178652
-1.97168e-05
0.0178591
-2.68844e-05
0.0178515
-3.40156e-05
0.0178427
-4.1092e-05
0.0178326
-4.80947e-05
0.0178212
-5.50042e-05
0.0178086
-6.18007e-05
0.0177947
-6.84642e-05
0.0177797
-7.49747e-05
0.0177634
-8.13124e-05
0.0177461
-8.74577e-05
0.0177277
-9.3392e-05
0.0177083
-9.90975e-05
0.017688
-0.000104558
0.0176667
-0.000109758
0.0176446
-0.000114686
0.0176216
-0.000119331
0.017598
-0.000123684
0.0175737
-0.000127741
0.0175487
-0.000131499
0.0175233
-0.00013496
0.0174973
-0.000138128
0.0174709
-0.00014101
0.0174441
-0.000143616
0.017417
-0.00014596
0.0173896
-0.000148056
0.017362
-0.000149923
0.0173341
-0.000151578
0.0173061
-0.000153041
0.0172779
-0.000154329
0.0172496
-0.000155462
0.0172211
-0.000156453
-0.000157315
0.0182854
9.67115e-05
0.0183067
9.29192e-05
0.0183271
8.89633e-05
0.0183465
8.48478e-05
0.0183648
8.05772e-05
0.018382
7.61562e-05
0.0183982
7.15903e-05
0.0184132
6.68849e-05
0.0184271
6.20461e-05
0.0184398
5.70804e-05
0.0184512
5.19946e-05
0.0184615
4.6796e-05
0.0184704
4.14923e-05
0.0184781
3.60916e-05
0.0184845
3.06027e-05
0.0184895
2.50346e-05
0.0184932
1.93969e-05
0.0184956
1.36998e-05
0.0184966
7.95373e-06
0.0184963
2.16754e-06
0.0184946
-3.63777e-06
0.0184915
-9.45561e-06
0.0184871
-1.5275e-05
0.0184813
-2.10809e-05
0.0184741
-2.68588e-05
0.0184656
-3.25939e-05
0.0184558
-3.8271e-05
0.0184447
-4.38745e-05
0.0184322
-4.93885e-05
0.0184186
-5.47972e-05
0.0184037
-6.00846e-05
0.0183876
-6.52348e-05
0.0183704
-7.02323e-05
0.0183521
-7.50623e-05
0.0183327
-7.97107e-05
0.0183123
-8.41642e-05
0.0182909
-8.84112e-05
0.0182687
-9.24414e-05
0.0182456
-9.62461e-05
0.0182217
-9.98189e-05
0.0181971
-0.000103155
0.0181719
-0.000106253
0.0181461
-0.000109113
0.0181197
-0.000111738
0.0180928
-0.000114133
0.0180655
-0.000116306
0.0180378
-0.000118266
0.0180098
-0.000120024
0.0179814
-0.000121595
0.0179528
-0.000122991
0.017924
-0.000124227
0.017895
-0.000125317
0.0178658
-0.000126274
0.0178365
-0.00012711
-0.000127834
0.0189199
7.37178e-05
0.0189419
7.08563e-05
0.018963
6.78695e-05
0.0189831
6.47604e-05
0.0190022
6.15323e-05
0.0190201
5.8189e-05
0.019037
5.47344e-05
0.0190527
5.11727e-05
0.0190672
4.75084e-05
0.0190806
4.37466e-05
0.0190927
3.98924e-05
0.0191035
3.59513e-05
0.0191131
3.19294e-05
0.0191213
2.78327e-05
0.0191283
2.36679e-05
0.0191339
1.94421e-05
0.0191381
1.51624e-05
0.019141
1.08367e-05
0.0191424
6.47279e-06
0.0191425
2.07836e-06
0.0191412
-2.33304e-06
0.0191385
-6.75333e-06
0.0191344
-1.11758e-05
0.0191289
-1.55891e-05
0.0191221
-1.9982e-05
0.0191138
-2.43435e-05
0.0191042
-2.86619e-05
0.0190932
-3.29255e-05
0.019081
-3.71225e-05
0.0190674
-4.12409e-05
0.0190526
-4.52687e-05
0.0190366
-4.91941e-05
0.0190193
-5.30053e-05
0.019001
-5.66913e-05
0.0189815
-6.02414e-05
0.018961
-6.36458e-05
0.0189395
-6.68956e-05
0.018917
-6.9983e-05
0.0188937
-7.29016e-05
0.0188695
-7.56462e-05
0.0188445
-7.82135e-05
0.0188189
-8.06016e-05
0.0187926
-8.28105e-05
0.0187657
-8.48421e-05
0.0187383
-8.66999e-05
0.0187103
-8.83892e-05
0.018682
-8.99168e-05
0.0186533
-9.12909e-05
0.0186242
-9.25207e-05
0.0185948
-9.3616e-05
0.0185652
-9.45872e-05
0.0185353
-9.54443e-05
0.0185052
-9.61969e-05
0.018475
-9.68533e-05
-9.74202e-05
0.0195823
4.99655e-05
0.0196051
4.80407e-05
0.0196269
4.60308e-05
0.0196478
4.39376e-05
0.0196675
4.17636e-05
0.0196862
3.9511e-05
0.0197038
3.71826e-05
0.0197202
3.47812e-05
0.0197354
3.231e-05
0.0197493
2.97721e-05
0.0197621
2.71712e-05
0.0197735
2.4511e-05
0.0197836
2.17955e-05
0.0197924
1.9029e-05
0.0197999
1.62159e-05
0.019806
1.3361e-05
0.0198107
1.04693e-05
0.0198139
7.54599e-06
0.0198158
4.59646e-06
0.0198163
1.62521e-06
0.0198153
-1.35792e-06
0.0198129
-4.34607e-06
0.0198091
-7.33708e-06
0.0198038
-1.03223e-05
0.0197971
-1.32942e-05
0.019789
-1.62453e-05
0.0197795
-1.91679e-05
0.0197686
-2.20541e-05
0.0197564
-2.48959e-05
0.0197429
-2.76853e-05
0.019728
-3.04142e-05
0.0197119
-3.30747e-05
0.0196945
-3.56591e-05
0.019676
-3.81597e-05
0.0196563
-4.05696e-05
0.0196356
-4.28821e-05
0.0196138
-4.50913e-05
0.019591
-4.71919e-05
0.0195672
-4.91794e-05
0.0195427
-5.10506e-05
0.0195172
-5.28028e-05
0.0194911
-5.44349e-05
0.0194642
-5.59468e-05
0.0194367
-5.73393e-05
0.0194086
-5.86149e-05
0.01938
-5.97767e-05
0.0193509
-6.08291e-05
0.0193214
-6.17774e-05
0.0192915
-6.26274e-05
0.0192613
-6.33856e-05
0.0192308
-6.40586e-05
0.0192
-6.46528e-05
0.0191689
-6.51745e-05
0.0191377
-6.56292e-05
-6.6021e-05
0.0202747
2.54109e-05
0.0202983
2.44365e-05
0.0203209
2.34188e-05
0.0203425
2.23587e-05
0.020363
2.12574e-05
0.0203824
2.01161e-05
0.0204007
1.89361e-05
0.0204177
1.77189e-05
0.0204336
1.6466e-05
0.0204482
1.51791e-05
0.0204615
1.38601e-05
0.0204735
1.25107e-05
0.0204841
1.11331e-05
0.0204934
9.72945e-06
0.0205014
8.30197e-06
0.0205079
6.85309e-06
0.020513
5.38533e-06
0.0205166
3.90132e-06
0.0205188
2.40384e-06
0.0205195
8.9572e-07
0.0205188
-6.19046e-07
0.0205166
-2.13674e-06
0.0205129
-3.65561e-06
0.0205077
-5.17178e-06
0.0205011
-6.68142e-06
0.0204931
-8.18067e-06
0.0204836
-9.6656e-06
0.0204726
-1.11322e-05
0.0204603
-1.25766e-05
0.0204466
-1.39945e-05
0.0204316
-1.5382e-05
0.0204153
-1.6735e-05
0.0203976
-1.80497e-05
0.0203788
-1.93222e-05
0.0203588
-2.0549e-05
0.0203376
-2.17267e-05
0.0203154
-2.28522e-05
0.0202921
-2.39231e-05
0.0202679
-2.49369e-05
0.0202427
-2.58919e-05
0.0202167
-2.67869e-05
0.0201899
-2.76213e-05
0.0201623
-2.83948e-05
0.0201341
-2.9108e-05
0.0201053
-2.97619e-05
0.0200758
-3.03581e-05
0.0200459
-3.08988e-05
0.0200155
-3.13864e-05
0.0199847
-3.1824e-05
0.0199535
-3.22146e-05
0.019922
-3.25615e-05
0.0198903
-3.2868e-05
0.0198582
-3.31371e-05
0.019826
-3.33714e-05
-3.35731e-05
0.0209996
0.0210241
0.0210475
0.0210699
0.0210911
0.0211112
0.0211302
0.0211479
0.0211643
0.0211795
0.0211934
0.0212059
0.021217
0.0212268
0.0212351
0.0212419
0.0212473
0.0212512
0.0212536
0.0212545
0.0212539
0.0212517
0.0212481
0.0212429
0.0212362
0.0212281
0.0212184
0.0212073
0.0211947
0.0211807
0.0211653
0.0211486
0.0211305
0.0211112
0.0210907
0.0210689
0.0210461
0.0210221
0.0209972
0.0209713
0.0209445
0.0209169
0.0208885
0.0208594
0.0208296
0.0207993
0.0207684
0.020737
0.0207052
0.020673
0.0206404
0.0206075
0.0205744
0.020541
)
;

boundaryField
{
    inlet
    {
        type            calculated;
        value           nonuniform 0();
    }
    outlet
    {
        type            calculated;
        value           nonuniform 0();
    }
    cylinder
    {
        type            calculated;
        value           nonuniform 0();
    }
    top
    {
        type            symmetryPlane;
        value           nonuniform 0();
    }
    bottom
    {
        type            symmetryPlane;
        value           uniform 0;
    }
    defaultFaces
    {
        type            empty;
        value           nonuniform 0();
    }
    procBoundary2to1
    {
        type            processor;
        value           nonuniform List<scalar> 
36
(
-0.0065355
-0.00680106
-0.00705653
-0.00730815
-0.00756053
-0.00781665
-0.00807823
-0.0083463
-0.00862161
-0.00890487
-0.00919685
-0.00949825
-0.00980965
-0.0101315
-0.0104641
-0.0108077
-0.0111626
-0.0115293
-0.0119082
-0.0122999
-0.0127048
-0.0131237
-0.0135571
-0.014006
-0.014471
-0.014953
-0.015453
-0.0159721
-0.0165113
-0.0170719
-0.0176553
-0.0182631
-0.0188969
-0.0195585
-0.0202502
-0.0209742
)
;
    }
    procBoundary2to3
    {
        type            processor;
        value           nonuniform List<scalar> 
36
(
0.00599384
0.00626472
0.00653566
0.0068071
0.00707986
0.00735507
0.007634
0.00791804
0.00820852
0.00850673
0.00881375
0.00913056
0.00945795
0.00979658
0.010147
0.0105098
0.0108854
0.0112741
0.0116766
0.0120931
0.0125243
0.0129707
0.0134327
0.0139111
0.0144065
-0.000292932
0.0149448
0.015477
0.0160285
0.0166
0.0171925
0.017807
0.0184446
0.0191063
0.0197935
0.0205075
)
;
    }
    procBoundary2to6
    {
        type            processor;
        value           nonuniform List<scalar> 
57
(
-0.000428465
-0.000393681
-0.000358994
-0.000324421
-0.000289976
-0.000255655
-0.000221459
-0.000187367
-0.000153367
-0.000119443
-8.55198e-05
-5.16678e-05
-1.75499e-05
1.69719e-05
5.19252e-05
8.73905e-05
0.000123472
0.000160252
0.000197795
0.000236148
0.000275332
0.000315332
0.000356093
0.000397508
0.000439417
0.000481598
0.000523774
0.000565606
0.000606698
0.000646606
0.000684847
0.000720907
0.000754264
0.000784401
0.000810825
0.000833091
0.000850821
0.00595173
0.000841342
0.000849504
0.000852823
0.000851368
0.000845336
0.000835064
0.000821018
0.000803794
0.000784107
0.000762771
0.000740681
0.000718785
0.000698051
0.000679433
0.000663828
0.000652032
0.000644699
0.000642295
0.000645063
)
;
    }
}


// ************************************************************************* //
