/*--------------------------------*- C++ -*----------------------------------*\
  =========                 |
  \\      /  F ield         | OpenFOAM: The Open Source CFD Toolbox
   \\    /   O peration     | Website:  https://openfoam.org
    \\  /    A nd           | Version:  7
     \\/     M anipulation  |
\*---------------------------------------------------------------------------*/
FoamFile
{
    version     2.0;
    format      ascii;
    class       surfaceScalarField;
    location    "50";
    object      phi;
}
// * * * * * * * * * * * * * * * * * * * * * * * * * * * * * * * * * * * * * //

dimensions      [0 3 -1 0 0 0 0];

internalField   nonuniform List<scalar> 
3882
(
0.00653202
0.000432211
0.00652103
0.000396975
0.00650914
0.000361539
0.00649645
0.00032592
0.00648303
0.000290145
0.00646898
0.000254234
0.00645436
0.000218229
0.00643927
0.000182146
0.0064238
0.000146059
0.00640802
0.000109954
0.00639208
7.39701e-05
0.00637599
3.79566e-05
0.00635976
1.90648e-06
0.00634347
-3.42092e-05
0.00632713
-7.02641e-05
0.00631077
-0.00010629
0.00629441
-0.000142256
0.00627808
-0.000178134
0.00626179
-0.000213895
0.00624553
-0.000249505
0.00622932
-0.000284925
0.00621315
-0.00032011
0.00619701
-0.000355007
0.0061809
-0.000389556
0.00616481
-0.00042369
0.00614871
-0.000457334
0.0061326
-0.000490402
0.00611647
-0.000522803
0.00610031
-0.000554437
0.00608411
-0.000585199
0.00606786
-0.000614978
0.00605156
-0.000643659
0.00603522
-0.000671126
0.00601885
-0.000697264
0.00600245
-0.00072196
0.00598606
-0.000745107
-0.000766606
0.00680136
0.000437871
0.00679463
0.000403701
0.0067869
0.000369271
0.00677822
0.000334598
0.00676866
0.000299707
0.00675828
0.000264617
0.00674714
0.000229368
0.00673531
0.000193977
0.00672286
0.000158503
0.00670986
0.000122954
0.00669643
8.74022e-05
0.00668259
5.17969e-05
0.00666838
1.61143e-05
0.00665382
-1.96421e-05
0.00663896
-5.54072e-05
0.00662383
-9.11614e-05
0.00660846
-0.000126885
0.00659287
-0.000162545
0.00657708
-0.000198107
0.00656111
-0.000233533
0.00654497
-0.00026878
0.00652866
-0.000303799
0.00651218
-0.000338534
0.00649555
-0.000372925
0.00647876
-0.000406901
0.00646181
-0.000440385
0.00644471
-0.000473294
0.00642744
-0.000505537
0.00641002
-0.000537015
0.00639244
-0.000567625
0.00637473
-0.00059726
0.00635687
-0.000625808
0.00633891
-0.000653157
0.00632084
-0.000679196
0.00630269
-0.000703817
0.00628451
-0.000726918
0.0062663
-0.000748403
0.00624812
-0.000768187
0.00623
-0.000786198
0.00621198
-0.00080238
0.0061941
-0.00081669
0.00617642
-0.000829105
0.00615895
-0.000839619
0.00614176
-0.000848245
0.00612487
-0.000855016
0.00610832
-0.000859981
0.00609214
-0.000863203
0.00607635
-0.000864762
0.00606096
-0.000864748
0.00604599
-0.000863259
0.00603144
-0.000860399
0.00601731
-0.000856274
0.0060036
-0.000850987
0.00599029
-0.000844638
0.00597737
-0.000837319
-0.000829113
0.00705962
0.000440231
0.00705621
0.000407106
0.0070518
0.000373689
0.0070464
0.000339993
0.00704007
0.000306042
0.00703283
0.000271852
0.00702474
0.000237458
0.00701584
0.000202877
0.00700619
0.000168157
0.00699583
0.000133311
0.00698485
9.83829e-05
0.00697328
6.33635e-05
0.00696116
2.82412e-05
0.00694848
-6.96657e-06
0.00693532
-4.22417e-05
0.00692168
-7.75256e-05
0.0069076
-0.000112806
0.0068931
-0.000148047
0.00687821
-0.000183212
0.00686294
-0.00021826
0.0068473
-0.000253144
0.00683131
-0.000287813
0.00681499
-0.00032221
0.00679834
-0.000356272
0.00678136
-0.000389928
0.00676408
-0.000423102
0.0067465
-0.000455709
0.00672862
-0.000487661
0.00671046
-0.00051886
0.00669205
-0.000549206
0.00667338
-0.000578594
0.00665449
-0.000606916
0.0066354
-0.000634065
0.00661613
-0.000659933
0.00659673
-0.000684415
0.00657723
-0.000707414
0.00655766
-0.000728838
0.00653808
-0.000748605
0.00651853
-0.000766646
0.00649905
-0.000782904
0.0064797
-0.000797339
0.00646052
-0.000809928
0.00644157
-0.000820662
0.00642288
-0.000829554
0.00640449
-0.000836631
0.00638645
-0.000841938
0.00636878
-0.000845535
0.00635151
-0.000847495
0.00633467
-0.000847901
0.00631825
-0.000846847
0.00630228
-0.000844428
0.00628676
-0.000840746
0.00627167
-0.000835898
0.00625701
-0.000829979
0.00624277
-0.000823079
-0.000815275
0.0073131
0.000440262
0.00731209
0.000408122
0.0073101
0.000375674
0.00730717
0.00034293
0.0073033
0.000309911
0.00729852
0.000276632
0.00729286
0.000243119
0.00728634
0.000209394
0.00727901
0.00017549
0.00727089
0.000141425
0.00726205
0.000107228
0.0072525
7.29086e-05
0.00724228
3.84677e-05
0.00723139
3.9251e-06
0.00721986
-3.07163e-05
0.00720772
-6.53904e-05
0.007195
-0.000100081
0.00718171
-0.000134755
0.00716787
-0.000169371
0.00715349
-0.000203888
0.00713861
-0.000238257
0.00712322
-0.000272427
0.00710735
-0.000306339
0.00709101
-0.000339929
0.00707421
-0.000373128
0.00705696
-0.000405858
0.00703929
-0.000438038
0.00702121
-0.000469579
0.00700274
-0.000500387
0.0069839
-0.000530364
0.00696471
-0.000559408
0.00694521
-0.000587415
0.00692543
-0.000614282
0.0069054
-0.000639904
0.00688516
-0.000664181
0.00686477
-0.000687019
0.00684426
-0.000708329
0.00682369
-0.000728033
0.0068031
-0.000746062
0.00678256
-0.000762363
0.00676211
-0.000776894
0.00674182
-0.000789632
0.00672172
-0.000800567
0.00670188
-0.000809708
0.00668233
-0.00081708
0.00666311
-0.000822722
0.00664426
-0.000826689
0.00662582
-0.000829049
0.0066078
-0.000829878
0.00659021
-0.000829263
0.00657308
-0.000827294
0.0065564
-0.000824066
0.00654017
-0.00081967
0.00652439
-0.000814198
0.00650904
-0.000807733
-0.000800352
0.00756666
0.000438685
0.0075673
0.000407477
0.00756702
0.000375953
0.00756583
0.000344124
0.00756373
0.000312008
0.00756075
0.000279619
0.00755688
0.000246982
0.00755216
0.000214115
0.00754661
0.000181045
0.00754024
0.000147791
0.00753309
0.000114377
0.00752518
8.08182e-05
0.00751653
4.71243e-05
0.00750714
1.33107e-05
0.00749703
-2.06066e-05
0.00748622
-5.45834e-05
0.00747473
-8.85899e-05
0.00746257
-0.000122594
0.00744976
-0.000156557
0.0074363
-0.000190434
0.00742223
-0.000224178
0.00740754
-0.000257737
0.00739225
-0.000291053
0.00737638
-0.000324062
0.00735995
-0.000356695
0.00734297
-0.000388876
0.00732546
-0.000420526
0.00730744
-0.000451557
0.00728893
-0.00048188
0.00726996
-0.000511397
0.00725057
-0.000540013
0.00723078
-0.000567626
0.00721063
-0.000594136
0.00719017
-0.000619443
0.00716944
-0.000643452
0.00714849
-0.00066607
0.00712738
-0.000687213
0.00710615
-0.000706804
0.00708486
-0.000724778
0.00706358
-0.000741081
0.00704236
-0.000755673
0.00702126
-0.000768529
0.00700033
-0.000779637
0.00697962
-0.000789004
0.00695919
-0.00079665
0.00693908
-0.00080261
0.00691933
-0.000806934
0.00689996
-0.000809683
0.00688101
-0.000810927
0.00686249
-0.000810747
0.00684443
-0.000809227
0.00682681
-0.000806453
0.00680966
-0.000802514
0.00679295
-0.000797495
0.0067767
-0.000791476
-0.00078453
0.00782351
0.000435946
0.00782534
0.000405646
0.00782628
0.00037502
0.00782632
0.000344081
0.00782548
0.000312845
0.00782377
0.00028133
0.0078212
0.000249554
0.00781778
0.000217538
0.00781352
0.000185303
0.00780844
0.00015287
0.00780256
0.000120259
0.00779589
8.74892e-05
0.00778844
5.45735e-05
0.00778022
2.15294e-05
0.00777123
-1.16214e-05
0.0077615
-4.48473e-05
0.00775102
-7.81127e-05
0.00773981
-0.000111385
0.00772788
-0.000144627
0.00771524
-0.000177794
0.0077019
-0.00021084
0.00768788
-0.000243712
0.00767318
-0.000276354
0.00765782
-0.000308703
0.00764182
-0.000340691
0.00762518
-0.000372245
0.00760795
-0.000403287
0.00759012
-0.000433733
0.00757174
-0.000463496
0.00755282
-0.000492484
0.00753341
-0.000520603
0.00751354
-0.000547755
0.00749325
-0.000573846
0.00747259
-0.000598779
0.0074516
-0.000622463
0.00743034
-0.000644808
0.00740886
-0.000665734
0.00738723
-0.000685167
0.00736549
-0.000703042
0.00734372
-0.000719308
0.00732197
-0.000733923
0.0073003
-0.000746862
0.00727877
-0.000758112
0.00725744
-0.000767675
0.00723636
-0.00077557
0.00721558
-0.000781825
0.00719513
-0.000786485
0.00717505
-0.000789605
0.00715537
-0.00079125
0.00713612
-0.000791493
0.00711731
-0.000790412
0.00709894
-0.000788088
0.00708103
-0.000784603
0.00706357
-0.000780037
0.00704656
-0.000774466
-0.000767961
0.0080856
0.000432276
0.00808836
0.000402882
0.00809023
0.000373153
0.00809121
0.0003431
0.00809132
0.000312742
0.00809055
0.000282095
0.00808893
0.000251178
0.00808645
0.000220011
0.00808314
0.000188614
0.00807901
0.000157008
0.00807405
0.000125212
0.0080683
9.3247e-05
0.00806174
6.11288e-05
0.00805439
2.88775e-05
0.00804625
-3.48315e-06
0.00803733
-3.59269e-05
0.00802764
-6.84169e-05
0.00801717
-0.00010092
0.00800595
-0.0001334
0.00799396
-0.000165813
0.00798124
-0.000198112
0.00796777
-0.000230248
0.00795358
-0.000262164
0.00793868
-0.0002938
0.00792308
-0.000325089
0.0079068
-0.000355962
0.00788985
-0.000386342
0.00787227
-0.000416149
0.00785407
-0.000445298
0.00783529
-0.000473703
0.00781596
-0.000501272
0.00779611
-0.000527914
0.0077758
-0.000553536
0.00775507
-0.000578047
0.00773397
-0.000601359
0.00771255
-0.000623388
0.00769087
-0.000644053
0.00766899
-0.000663286
0.00764697
-0.000681022
0.00762487
-0.000697212
0.00760276
-0.000711814
0.0075807
-0.000724801
0.00755875
-0.00073616
0.00753696
-0.00074589
0.0075154
-0.000754003
0.0074941
-0.000760527
0.00747311
-0.000765499
0.00745248
-0.000768969
0.00743222
-0.000770995
0.00741238
-0.000771645
0.00739295
-0.000770989
0.00737397
-0.000769104
0.00735543
-0.000766065
0.00733734
-0.000761948
0.0073197
-0.000756824
-0.00075076
0.00835408
0.000427769
0.00835766
0.0003993
0.00836033
0.000370481
0.0083621
0.000341329
0.00836298
0.00031186
0.00836299
0.000282091
0.00836212
0.000252043
0.0083604
0.000221735
0.00835782
0.000191188
0.00835441
0.000160421
0.00835017
0.000129456
0.0083451
9.83121e-05
0.00833922
6.70097e-05
0.00833253
3.55701e-05
0.00832503
4.01763e-06
0.00831672
-2.76212e-05
0.00830762
-5.93118e-05
0.00829772
-9.10204e-05
0.00828703
-0.00012271
0.00827555
-0.000154338
0.0082633
-0.000185861
0.00825028
-0.000217227
0.0082365
-0.000248383
0.00822197
-0.00027927
0.0082067
-0.000309825
0.00819072
-0.000339978
0.00817404
-0.000369658
0.00815668
-0.000398788
0.00813866
-0.000427286
0.00812003
-0.000455069
0.00810081
-0.000482051
0.00808104
-0.000508144
0.00806076
-0.00053326
0.00804003
-0.000557311
0.00801888
-0.000580215
0.00799738
-0.000601889
0.00797559
-0.000622258
0.00795356
-0.000641254
0.00793135
-0.000658817
0.00790904
-0.000674896
0.00788667
-0.000689451
0.00786433
-0.000702455
0.00784206
-0.00071389
0.00781992
-0.000723755
0.00779798
-0.000732059
0.00777627
-0.000738823
0.00775486
-0.000744081
0.00773376
-0.000747877
0.00771303
-0.000750263
0.00769269
-0.0007513
0.00767275
-0.000751054
0.00765324
-0.000749593
0.00763416
-0.000746989
0.00761553
-0.000743312
0.00759733
-0.00073863
-0.000733006
0.00862975
0.00042246
0.00863411
0.000394939
0.00863753
0.000367056
0.00864004
0.000338826
0.00864163
0.000310267
0.00864232
0.000281399
0.00864213
0.00025224
0.00864105
0.00022281
0.00863911
0.000193132
0.0086363
0.000163224
0.00863265
0.00013311
0.00862815
0.000102809
0.00862282
7.23433e-05
0.00861665
4.1736e-05
0.00860966
1.10121e-05
0.00860184
-1.98007e-05
0.0085932
-5.06702e-05
0.00858374
-8.15617e-05
0.00857347
-0.000112438
0.00856239
-0.000143259
0.00855051
-0.00017398
0.00853783
-0.000204553
0.00852437
-0.000234923
0.00851014
-0.000265036
0.00849514
-0.000294829
0.0084794
-0.000324237
0.00846293
-0.000353189
0.00844576
-0.000381614
0.0084279
-0.000409433
0.0084094
-0.000436567
0.00839028
-0.000462933
0.00837059
-0.000488448
0.00835036
-0.000513028
0.00832964
-0.000536591
0.00830848
-0.000559056
0.00828693
-0.000580346
0.00826507
-0.000600389
0.00824293
-0.000619119
0.00822059
-0.000636477
0.00819811
-0.000652415
0.00817555
-0.000666892
0.00815297
-0.00067988
0.00813045
-0.000691362
0.00810802
-0.000701333
0.00808576
-0.000709797
0.00806371
-0.000716774
0.00804192
-0.000722292
0.00802043
-0.000726388
0.00799928
-0.000729112
0.0079785
-0.000730515
0.0079581
-0.00073066
0.00793812
-0.000729608
0.00791856
-0.000727426
0.00789942
-0.000724179
0.00788072
-0.000719931
-0.000714741
0.00891336
0.000416366
0.00891848
0.00038982
0.00892264
0.000362897
0.00892585
0.000335615
0.00892812
0.000307991
0.00892947
0.000280047
0.00892991
0.000251801
0.00892945
0.000223275
0.00892809
0.00019449
0.00892585
0.000165466
0.00892273
0.000136227
0.00891875
0.000106794
0.0089139
7.71899e-05
0.0089082
4.74389e-05
0.00890164
1.75671e-05
0.00889424
-1.23974e-05
0.00888599
-4.24228e-05
0.0088769
-7.24748e-05
0.00886698
-0.000102516
0.00885623
-0.000132508
0.00884466
-0.000162405
0.00883226
-0.000192161
0.00881907
-0.000221725
0.00880507
-0.000251041
0.00879029
-0.000280051
0.00877475
-0.000308691
0.00875845
-0.000336895
0.00874143
-0.000364593
0.00872371
-0.000391711
0.00870532
-0.000418172
0.00868628
-0.0004439
0.00866665
-0.000468814
0.00864646
-0.000492836
0.00862575
-0.000515886
0.00860458
-0.000537888
0.008583
-0.000558768
0.00856107
-0.000578458
0.00853885
-0.000596894
0.00851639
-0.00061402
0.00849377
-0.000629789
0.00847103
-0.000644159
0.00844826
-0.000657104
0.0084255
-0.000668604
0.00840282
-0.00067865
0.00838027
-0.000687248
0.0083579
-0.00069441
0.00833577
-0.00070016
0.00831392
-0.000704533
0.00829237
-0.000707569
0.00827118
-0.000709318
0.00825035
-0.000709833
0.00822992
-0.000709174
0.00820989
-0.000707399
0.00819028
-0.00070457
0.0081711
-0.000700747
-0.000695986
0.00920566
0.000409509
0.00921152
0.000383959
0.00921639
0.00035802
0.0092203
0.000331709
0.00922325
0.000305045
0.00922524
0.000278049
0.0092263
0.000250742
0.00922643
0.000223144
0.00922565
0.000195278
0.00922395
0.000167165
0.00922135
0.000138827
0.00921785
0.000110288
0.00921347
8.15718e-05
0.00920821
5.2703e-05
0.00920207
2.37084e-05
0.00919505
-5.38337e-06
0.00918717
-3.45405e-05
0.00917842
-6.37293e-05
0.00916882
-9.2913e-05
0.00915837
-0.000122052
0.00914706
-0.000151104
0.00913493
-0.000180022
0.00912196
-0.000208758
0.00910817
-0.000237257
0.00909359
-0.000265463
0.00907821
-0.000293316
0.00906207
-0.000320752
0.00904518
-0.000347703
0.00902757
-0.000374099
0.00900926
-0.000399869
0.0089903
-0.000424939
0.00897072
-0.000449232
0.00895056
-0.000472673
0.00892986
-0.000495189
0.00890868
-0.000516705
0.00888706
-0.000537153
0.00886507
-0.000556466
0.00884276
-0.000574584
0.00882019
-0.000591452
0.00879743
-0.000607024
0.00877453
-0.000621262
0.00875156
-0.000634134
0.00872858
-0.000645623
0.00870565
-0.000655719
0.00868282
-0.000664421
0.00866015
-0.00067174
0.00863769
-0.000677696
0.00861547
-0.000682319
0.00859355
-0.000685644
0.00857195
-0.000687715
0.00855069
-0.000688582
0.00852982
-0.000688296
0.00850933
-0.000686913
0.00848925
-0.000684489
0.00846958
-0.00068108
-0.000676739
0.00950736
0.000401907
0.00951394
0.000377374
0.00951952
0.000352439
0.00952411
0.00032712
0.00952772
0.000301438
0.00953035
0.000275414
0.00953203
0.000249069
0.00953275
0.000222424
0.00953252
0.000195502
0.00953136
0.000168324
0.00952928
0.000140914
0.00952627
0.000113296
0.00952235
8.54934e-05
0.00951752
5.75328e-05
0.00951178
2.94411e-05
0.00950515
1.24702e-06
0.00949763
-2.70171e-05
0.00948922
-5.53185e-05
0.00947993
-8.36205e-05
0.00946976
-0.000111884
0.00945872
-0.000140068
0.00944683
-0.000168127
0.00943408
-0.000196013
0.0094205
-0.000223674
0.00940609
-0.000251057
0.00939088
-0.000278102
0.00937488
-0.00030475
0.00935811
-0.000330935
0.0093406
-0.000356592
0.00932238
-0.000381651
0.00930349
-0.000406042
0.00928395
-0.000429694
0.00926381
-0.000452536
0.00924312
-0.000474496
0.00922192
-0.000495506
0.00920027
-0.000515499
0.00917821
-0.000534412
0.00915582
-0.000552187
0.00913314
-0.000568772
0.00911023
-0.000584122
0.00908717
-0.000598198
0.00906401
-0.000610972
0.00904081
-0.000622422
0.00901762
-0.000632537
0.00899452
-0.000641316
0.00897154
-0.000648764
0.00894875
-0.000654899
0.00892617
-0.000659745
0.00890386
-0.000663334
0.00888185
-0.000665705
0.00886017
-0.0006669
0.00883885
-0.000666969
0.00881789
-0.000665961
0.00879733
-0.000663928
0.00877717
-0.000660921
-0.000656992
0.00981905
0.000393572
0.00982635
0.000370073
0.00983263
0.00034616
0.00983789
0.000321854
0.00984216
0.000297175
0.00984543
0.000272145
0.00984771
0.000246784
0.00984902
0.000221115
0.00984936
0.00019516
0.00984874
0.000168943
0.00984717
0.000142485
0.00984466
0.000115813
0.0098412
8.895e-05
0.00983681
6.19231e-05
0.00983149
3.47596e-05
0.00982525
7.48863e-06
0.00981809
-1.98581e-05
0.00981002
-4.72477e-05
0.00980104
-7.46441e-05
0.00979117
-0.000102009
0.0097804
-0.000129302
0.00976875
-0.000156479
0.00975624
-0.000183494
0.00974286
-0.000210297
0.00972864
-0.000236835
0.00971359
-0.000263053
0.00969773
-0.000288892
0.00968109
-0.000314292
0.00966368
-0.000339189
0.00964555
-0.000363518
0.00962672
-0.000387212
0.00960723
-0.000410204
0.00958712
-0.000432425
0.00956643
-0.000453809
0.00954522
-0.00047429
0.00952352
-0.000493806
0.00950141
-0.000512295
0.00947892
-0.000529703
0.00945613
-0.00054598
0.00943309
-0.000561081
0.00940986
-0.000574969
0.0093865
-0.000587616
0.00936308
-0.000598998
0.00933965
-0.000609105
0.00931626
-0.00061793
0.00929298
-0.00062548
0.00926984
-0.000631765
0.00924691
-0.000636808
0.00922421
-0.000640634
0.00920178
-0.000643279
0.00917966
-0.000644782
0.00915788
-0.000645184
0.00913645
-0.000644533
0.00911539
-0.000642874
0.00909473
-0.000640258
-0.00063673
0.0101412
0.000384504
0.0101492
0.000362054
0.0101562
0.000339181
0.0101621
0.000315906
0.010167
0.000292249
0.0101709
0.000268233
0.0101739
0.000243878
0.0101758
0.000219207
0.0101767
0.000194243
0.0101766
0.000169009
0.0101756
0.000143529
0.0101736
0.000117827
0.0101706
9.19292e-05
0.0101666
6.58611e-05
0.0101617
3.96509e-05
0.0101559
1.33278e-05
0.0101491
-1.3077e-05
0.0101414
-3.95304e-05
0.0101328
-6.59973e-05
0.0101232
-9.24402e-05
0.0101127
-0.000118819
0.0101013
-0.000145092
0.010089
-0.000171214
0.0100759
-0.000197136
0.0100619
-0.000222809
0.010047
-0.000248178
0.0100313
-0.00027319
0.0100148
-0.000297784
0.00999748
-0.000321901
0.00997944
-0.00034548
0.00996069
-0.000368456
0.00994125
-0.000390767
0.00992117
-0.000412347
0.0099005
-0.000433133
0.00987927
-0.000453063
0.00985754
-0.000472078
0.00983537
-0.000490119
0.0098128
-0.000507135
0.0097899
-0.000523077
0.00976672
-0.000537903
0.00974332
-0.000551575
0.00971977
-0.000564066
0.00969613
-0.000575352
0.00967244
-0.000585419
0.00964877
-0.000594262
0.00962518
-0.000601883
0.0096017
-0.00060829
0.00957839
-0.0006135
0.0095553
-0.000617538
0.00953245
-0.000620432
0.00950988
-0.000622216
0.00948763
-0.000622931
0.00946571
-0.000622616
0.00944415
-0.000621316
0.00942297
-0.000619075
-0.000615936
0.010474
0.00037469
0.0104828
0.000353305
0.0104905
0.000331488
0.0104971
0.000309261
0.0105027
0.000286645
0.0105073
0.000263662
0.0105108
0.000240334
0.0105134
0.000216683
0.0105149
0.000192732
0.0105154
0.000168505
0.0105149
0.000144026
0.0105134
0.00011932
0.0105109
9.44107e-05
0.0105074
6.93264e-05
0.010503
4.40944e-05
0.0104976
1.87439e-05
0.0104912
-6.69435e-06
0.0104839
-3.21869e-05
0.0104756
-5.77002e-05
0.0104663
-8.31972e-05
0.0104561
-0.000108639
0.010445
-0.000133985
0.010433
-0.00015919
0.0104201
-0.00018421
0.0104063
-0.000208996
0.0103916
-0.000233496
0.0103761
-0.000257658
0.0103597
-0.000281425
0.0103425
-0.000304742
0.0103246
-0.00032755
0.0103059
-0.000349787
0.0102866
-0.000371395
0.0102665
-0.000392311
0.0102459
-0.000412477
0.0102246
-0.000431833
0.0102029
-0.000450323
0.0101807
-0.000467892
0.010158
-0.00048449
0.010135
-0.00050007
0.0101117
-0.000514592
0.0100881
-0.000528019
0.0100644
-0.000540324
0.0100405
-0.000551483
0.0100166
-0.000561481
0.00999265
-0.000570311
0.00996874
-0.000577972
0.00994492
-0.00058447
0.00992124
-0.000589819
0.00989774
-0.000594039
0.00987446
-0.000597155
0.00985144
-0.000599198
0.00982871
-0.000600201
0.0098063
-0.000600202
0.00978422
-0.000599241
0.00976251
-0.000597359
-0.000594595
0.010818
0.00036412
0.0108274
0.00034381
0.0108359
0.000323063
0.0108432
0.0003019
0.0108495
0.000280341
0.0108548
0.00025841
0.010859
0.000236129
0.0108622
0.000213518
0.0108643
0.000190603
0.0108654
0.000167406
0.0108655
0.000143951
0.0108645
0.000120263
0.0108626
9.63679e-05
0.0108596
7.2292e-05
0.0108556
4.80632e-05
0.0108507
2.37104e-05
0.0108447
-7.37092e-07
0.0108378
-2.52437e-05
0.0108298
-4.9779e-05
0.0108209
-7.43059e-05
0.0108111
-9.87867e-05
0.0108003
-0.000123181
0.0107886
-0.000147448
0.0107759
-0.000171543
0.0107623
-0.000195418
0.0107478
-0.000219027
0.0107325
-0.000242317
0.0107163
-0.000265236
0.0106993
-0.000287731
0.0106815
-0.000309745
0.0106629
-0.000331222
0.0106436
-0.000352104
0.0106237
-0.000372334
0.010603
-0.000391856
0.0105818
-0.000410614
0.01056
-0.000428553
0.0105378
-0.000445623
0.0105151
-0.000461776
0.010492
-0.000476966
0.0104685
-0.000491155
0.0104448
-0.000504308
0.0104209
-0.000516396
0.0103968
-0.000527397
0.0103726
-0.000537295
0.0103484
-0.000546079
0.0103242
-0.000553749
0.0103
-0.000560307
0.0102759
-0.000565764
0.010252
-0.000570137
0.0102283
-0.000573447
0.0102049
-0.00057572
0.0101816
-0.000576987
0.0101587
-0.000577282
0.0101361
-0.000576641
0.0101139
-0.0005751
-0.000572697
0.0111732
0.000352784
0.0111835
0.000333558
0.0111927
0.000313892
0.0112008
0.000293805
0.0112078
0.000273319
0.0112137
0.000252456
0.0112186
0.000231239
0.0112225
0.000209688
0.0112252
0.000187829
0.011227
0.000165683
0.0112276
0.000143274
0.0112273
0.000120629
0.0112259
9.77709e-05
0.0112234
7.47277e-05
0.01122
5.15264e-05
0.0112155
2.81957e-05
0.01121
4.76507e-06
0.0112035
-1.87321e-05
0.0111959
-4.22644e-05
0.0111874
-6.57966e-05
0.0111779
-8.92919e-05
0.0111675
-0.000112712
0.011156
-0.000136016
0.0111437
-0.000159161
0.0111303
-0.000182104
0.0111161
-0.000204797
0.011101
-0.000227193
0.011085
-0.000249241
0.0110682
-0.00027089
0.0110505
-0.000292088
0.0110321
-0.00031278
0.0110129
-0.000332914
0.010993
-0.000352434
0.0109724
-0.000371287
0.0109512
-0.00038942
0.0109294
-0.000406783
0.0109071
-0.000423327
0.0108844
-0.000439006
0.0108612
-0.000453777
0.0108376
-0.000467604
0.0108138
-0.000480451
0.0107897
-0.000492291
0.0107654
-0.000503101
0.0107409
-0.000512865
0.0107164
-0.000521572
0.0106919
-0.000529217
0.0106674
-0.000535802
0.010643
-0.000541336
0.0106187
-0.000545831
0.0105945
-0.000549305
0.0105706
-0.000551781
0.0105469
-0.000553287
0.0105234
-0.000553852
0.0105003
-0.000553508
0.0104775
-0.000552289
-0.00055023
0.0115403
0.000340678
0.0115513
0.000322542
0.0115612
0.000303964
0.0115701
0.000284963
0.0115778
0.000265562
0.0115845
0.000245781
0.0115901
0.000225643
0.0115946
0.00020517
0.0115981
0.000184385
0.0116004
0.00016331
0.0116017
0.000141969
0.011602
0.000120387
0.0116012
9.85898e-05
0.0115993
7.66026e-05
0.0115964
5.44528e-05
0.0115924
3.21685e-05
0.0115874
9.7791e-06
0.0115813
-1.26839e-05
0.0115742
-3.51885e-05
0.0115661
-5.77011e-05
0.011557
-8.01863e-05
0.0115469
-0.000102607
0.0115358
-0.000124924
0.0115238
-0.000147096
0.0115108
-0.000169081
0.0114968
-0.000190836
0.0114819
-0.000212313
0.0114661
-0.000233466
0.0114495
-0.000254246
0.011432
-0.000274603
0.0114137
-0.000294486
0.0113946
-0.000313846
0.0113748
-0.00033263
0.0113543
-0.000350788
0.0113332
-0.000368271
0.0113114
-0.000385029
0.0112891
-0.000401019
0.0112663
-0.000416195
0.0112431
-0.000430517
0.0112194
-0.000443949
0.0111954
-0.000456458
0.0111711
-0.000468017
0.0111466
-0.000478604
0.011122
-0.0004882
0.0110972
-0.000496795
0.0110724
-0.000504382
0.0110475
-0.000510961
0.0110227
-0.000516538
0.010998
-0.000521123
0.0109734
-0.000524731
0.010949
-0.000527382
0.0109249
-0.000529098
0.0109009
-0.000529907
0.0108772
-0.000529838
0.0108539
-0.000528921
-0.000527188
0.0119195
0.000327806
0.0119313
0.000310761
0.011942
0.000293274
0.0119516
0.000275366
0.0119601
0.000257059
0.0119675
0.000238371
0.0119738
0.000219326
0.011979
0.000199945
0.0119832
0.00018025
0.0119862
0.000160264
0.0119882
0.00014001
0.0119891
0.000119513
0.0119888
9.87972e-05
0.0119876
7.78883e-05
0.0119852
5.68129e-05
0.0119818
3.55986e-05
0.0119773
1.42741e-05
0.0119717
-7.13053e-06
0.0119651
-2.85826e-05
0.0119575
-5.00512e-05
0.0119488
-7.15016e-05
0.0119391
-9.28978e-05
0.0119284
-0.000114203
0.0119166
-0.000135377
0.0119039
-0.000156381
0.0118903
-0.000177171
0.0118757
-0.000197705
0.0118601
-0.000217938
0.0118437
-0.000237824
0.0118264
-0.000257315
0.0118083
-0.000276364
0.0117894
-0.000294923
0.0117697
-0.000312945
0.0117493
-0.000330381
0.0117282
-0.000347184
0.0117065
-0.00036331
0.0116842
-0.000378715
0.0116613
-0.000393357
0.011638
-0.000407199
0.0116143
-0.000420204
0.0115902
-0.000432343
0.0115657
-0.000443587
0.011541
-0.000453915
0.0115162
-0.000463309
0.0114911
-0.000471757
0.011466
-0.000479251
0.0114408
-0.00048579
0.0114156
-0.000491376
0.0113905
-0.000496018
0.0113655
-0.000499728
0.0113407
-0.000502522
0.011316
-0.000504421
0.0112915
-0.000505448
0.0112673
-0.000505629
0.0112434
-0.000504991
-0.000503565
0.0123115
0.000314175
0.012324
0.000298218
0.0123355
0.000281824
0.0123458
0.000265012
0.0123551
0.000247804
0.0123632
0.000230218
0.0123703
0.000212276
0.0123762
0.000193999
0.0123811
0.000175409
0.0123848
0.000156527
0.0123874
0.000137378
0.012389
0.000117984
0.0123894
9.83693e-05
0.0123887
7.85595e-05
0.012387
5.85803e-05
0.0123841
3.84586e-05
0.0123802
1.82222e-05
0.0123751
-2.10117e-06
0.012369
-2.24761e-05
0.0123618
-4.28764e-05
0.0123536
-6.32673e-05
0.0123443
-8.36145e-05
0.012334
-0.000103882
0.0123227
-0.000124034
0.0123103
-0.00014403
0.012297
-0.000163832
0.0122827
-0.000183397
0.0122674
-0.000202684
0.0122512
-0.000221649
0.0122342
-0.000240248
0.0122162
-0.000258436
0.0121975
-0.000276169
0.0121779
-0.0002934
0.0121576
-0.000310085
0.0121366
-0.000326181
0.012115
-0.000341644
0.0120927
-0.000356434
0.0120699
-0.000370511
0.0120465
-0.000383838
0.0120227
-0.000396384
0.0119984
-0.000408117
0.0119739
-0.000419012
0.011949
-0.000429046
0.0119239
-0.000438201
0.0118986
-0.000446466
0.0118732
-0.000453831
0.0118477
-0.000460294
0.0118222
-0.000465854
0.0117967
-0.000470519
0.0117712
-0.000474297
0.0117459
-0.000477204
0.0117208
-0.000479255
0.0116958
-0.000480472
0.011671
-0.000480877
0.0116465
-0.000480496
-0.000479355
0.0127167
0.000299795
0.01273
0.000284921
0.0127423
0.000269617
0.0127534
0.000253902
0.0127634
0.000237795
0.0127723
0.000221316
0.0127801
0.000204485
0.0127867
0.000187322
0.0127923
0.000169848
0.0127967
0.000152085
0.0128001
0.000134055
0.0128023
0.000115781
0.0128034
9.72862e-05
0.0128033
7.85948e-05
0.0128022
5.97321e-05
0.0127999
4.07243e-05
0.0127965
2.15982e-05
0.012792
2.37956e-06
0.0127865
-1.68953e-05
0.0127798
-3.62033e-05
0.012772
-5.55104e-05
0.0127632
-7.47838e-05
0.0127533
-9.39898e-05
0.0127424
-0.000113093
0.0127304
-0.000132057
0.0127174
-0.000150843
0.0127034
-0.000169414
0.0126885
-0.000187729
0.0126726
-0.000205747
0.0126557
-0.000223426
0.012638
-0.000240726
0.0126195
-0.000257603
0.0126001
-0.000274015
0.0125799
-0.00028992
0.012559
-0.000305278
0.0125374
-0.000320047
0.0125152
-0.000334189
0.0124923
-0.000347668
0.0124689
-0.000360449
0.0124451
-0.0003725
0.0124207
-0.000383793
0.012396
-0.000394301
0.012371
-0.000404005
0.0123457
-0.000412886
0.0123201
-0.00042093
0.0122944
-0.000428129
0.0122686
-0.000434479
0.0122427
-0.000439978
0.0122168
-0.00044463
0.012191
-0.000448443
0.0121652
-0.000451429
0.0121396
-0.000453602
0.0121141
-0.00045498
0.0120888
-0.000455582
0.0120637
-0.000455433
-0.000454554
0.0131359
0.000284679
0.01315
0.000270879
0.0131629
0.000256659
0.0131748
0.000242038
0.0131856
0.000227034
0.0131952
0.000211664
0.0132037
0.000195949
0.0132112
0.000179908
0.0132175
0.00016356
0.0132226
0.000146927
0.0132266
0.000130029
0.0132295
0.00011289
0.0132313
9.55312e-05
0.0132319
7.79762e-05
0.0132314
6.02493e-05
0.0132297
4.23755e-05
0.013227
2.43804e-05
0.013223
6.29028e-06
0.013218
-1.18636e-05
0.0132119
-3.00551e-05
0.0132046
-4.82541e-05
0.0131962
-6.64293e-05
0.0131868
-8.45482e-05
0.0131763
-0.000102578
0.0131647
-0.000120483
0.0131521
-0.000138228
0.0131385
-0.000155778
0.0131238
-0.000173093
0.0131082
-0.000190137
0.0130917
-0.000206869
0.0130742
-0.000223251
0.0130558
-0.000239244
0.0130366
-0.000254807
0.0130166
-0.000269902
0.0129958
-0.00028449
0.0129743
-0.000298533
0.0129521
-0.000311995
0.0129293
-0.000324842
0.0129059
-0.000337042
0.0128819
-0.000348563
0.0128575
-0.000359379
0.0128327
-0.000369465
0.0128075
-0.000378801
0.012782
-0.000387368
0.0127562
-0.000395155
0.0127302
-0.000402151
0.0127041
-0.000408349
0.0126779
-0.00041375
0.0126516
-0.000418353
0.0126253
-0.000422166
0.0125991
-0.000425198
0.0125729
-0.00042746
0.0125469
-0.000428968
0.0125211
-0.00042974
0.0124954
-0.000429796
-0.000429156
0.0135697
0.000268841
0.0135845
0.000256104
0.0135982
0.00024296
0.0136108
0.000229428
0.0136223
0.000215523
0.0136327
0.000201263
0.013642
0.000186667
0.0136502
0.000171752
0.0136572
0.000156537
0.0136631
0.000141044
0.0136678
0.000125291
0.0136714
0.000109299
0.0136738
9.30915e-05
0.0136751
7.66894e-05
0.0136753
6.0116e-05
0.0136742
4.33954e-05
0.0136721
2.65519e-05
0.0136688
9.61097e-06
0.0136643
-7.39958e-06
0.0136587
-2.44514e-05
0.013652
-4.15185e-05
0.0136441
-5.85708e-05
0.0136351
-7.55778e-05
0.0136251
-9.25079e-05
0.0136139
-0.000109329
0.0136017
-0.000126006
0.0135884
-0.000142507
0.0135741
-0.000158796
0.0135588
-0.000174836
0.0135425
-0.000190593
0.0135253
-0.000206029
0.0135072
-0.000221107
0.0134882
-0.00023579
0.0134683
-0.000250043
0.0134476
-0.000263829
0.0134262
-0.000277113
0.0134041
-0.000289862
0.0133813
-0.000302042
0.0133579
-0.000313624
0.0133339
-0.000324579
0.0133094
-0.000334881
0.0132844
-0.000344507
0.0132591
-0.000353437
0.0132334
-0.000361654
0.0132073
-0.000369144
0.0131811
-0.000375897
0.0131546
-0.000381907
0.0131281
-0.000387171
0.0131014
-0.000391689
0.0130747
-0.000395466
0.013048
-0.000398508
0.0130214
-0.000400827
0.0129948
-0.000402434
0.0129684
-0.000403346
0.0129422
-0.00040358
-0.000403155
0.0140189
0.000252295
0.0140344
0.000240607
0.0140488
0.000228529
0.0140622
0.000216078
0.0140744
0.000203268
0.0140856
0.000190116
0.0140956
0.000176639
0.0141045
0.000162853
0.0141123
0.000148778
0.0141189
0.000134431
0.0141243
0.000119832
0.0141286
0.000105001
0.0141318
8.99574e-05
0.0141337
7.47233e-05
0.0141345
5.93204e-05
0.0141341
4.37712e-05
0.0141326
2.8099e-05
0.0141299
1.23273e-05
0.014126
-3.51949e-06
0.014121
-1.94074e-05
0.0141148
-3.53192e-05
0.0141074
-5.12246e-05
0.0140989
-6.70946e-05
0.0140893
-8.28995e-05
0.0140786
-9.8609e-05
0.0140668
-0.000114192
0.0140539
-0.000129617
0.01404
-0.00014485
0.014025
-0.000159859
0.014009
-0.00017461
0.013992
-0.000189069
0.0139741
-0.000203202
0.0139553
-0.000216975
0.0139356
-0.000230353
0.0139151
-0.000243304
0.0138938
-0.000255795
0.0138717
-0.000267795
0.0138489
-0.000279273
0.0138255
-0.000290201
0.0138015
-0.000300553
0.0137769
-0.000310303
0.0137518
-0.000319431
0.0137263
-0.000327916
0.0137004
-0.000335742
0.0136742
-0.000342896
0.0136476
-0.000349368
0.0136209
-0.00035515
0.0135939
-0.000360239
0.0135669
-0.000364634
0.0135398
-0.000368338
0.0135126
-0.000371356
0.0134855
-0.000373697
0.0134584
-0.000375372
0.0134315
-0.000376393
0.0134047
-0.000376777
-0.00037654
0.0144842
0.000235053
0.0145004
0.0002244
0.0145156
0.000213376
0.0145296
0.000201996
0.0145426
0.000190275
0.0145545
0.000178227
0.0145653
0.000165868
0.0145749
0.000153214
0.0145834
0.000140281
0.0145908
0.000127088
0.014597
0.000113651
0.014602
9.99895e-05
0.0146058
8.61229e-05
0.0146085
7.20708e-05
0.0146099
5.7854e-05
0.0146102
4.34934e-05
0.0146093
2.90115e-05
0.0146072
1.44306e-05
0.0146039
-2.35918e-07
0.0145994
-1.49334e-05
0.0145938
-2.96679e-05
0.0145869
-4.44021e-05
0.014579
-5.91097e-05
0.0145698
-7.37634e-05
0.0145596
-8.83352e-05
0.0145482
-0.000102796
0.0145357
-0.000117116
0.0145221
-0.000131266
0.0145074
-0.000145214
0.0144917
-0.000158929
0.0144751
-0.00017238
0.0144574
-0.000185536
0.0144388
-0.000198365
0.0144193
-0.000210836
0.0143989
-0.000222918
0.0143777
-0.000234581
0.0143557
-0.000245796
0.0143329
-0.000256536
0.0143095
-0.000266773
0.0142854
-0.000276483
0.0142608
-0.000285643
0.0142356
-0.000294233
0.0142099
-0.000302233
0.0141838
-0.000309629
0.0141573
-0.000316407
0.0141305
-0.000322557
0.0141034
-0.000328072
0.0140761
-0.000332947
0.0140487
-0.000337181
0.0140211
-0.000340775
0.0139935
-0.000343733
0.0139658
-0.000346062
0.0139382
-0.000347771
0.0139107
-0.000348871
0.0138833
-0.000349376
-0.000349301
0.0149665
0.000217129
0.0149834
0.000207493
0.0149993
0.00019751
0.0150141
0.000187192
0.0150278
0.000176552
0.0150405
0.000165603
0.015052
0.000154359
0.0150623
0.000142836
0.0150716
0.000131049
0.0150797
0.000119013
0.0150866
0.000106746
0.0150923
9.4264e-05
0.0150968
8.15854e-05
0.0151002
6.87286e-05
0.0151023
5.57126e-05
0.0151032
4.25572e-05
0.015103
2.92828e-05
0.0151015
1.59097e-05
0.0150988
2.45659e-06
0.0150949
-1.104e-05
0.0150898
-2.4571e-05
0.0150835
-3.81093e-05
0.015076
-5.16292e-05
0.0150674
-6.51056e-05
0.0150576
-7.85123e-05
0.0150466
-9.18228e-05
0.0150345
-0.00010501
0.0150213
-0.000118046
0.0150069
-0.000130902
0.0149916
-0.00014355
0.0149751
-0.000155962
0.0149577
-0.000168108
0.0149393
-0.00017996
0.01492
-0.000191489
0.0148997
-0.000202667
0.0148786
-0.000213466
0.0148567
-0.000223861
0.014834
-0.000233824
0.0148105
-0.000243332
0.0147864
-0.000252362
0.0147616
-0.000260893
0.0147363
-0.000268905
0.0147105
-0.000276381
0.0146841
-0.000283306
0.0146574
-0.000289668
0.0146303
-0.000295457
0.0146029
-0.000300664
0.0145752
-0.000305286
0.0145474
-0.00030932
0.0145194
-0.000312766
0.0144913
-0.000315627
0.0144631
-0.000317909
0.0144349
-0.000319619
0.0144068
-0.000320767
0.0143788
-0.000321363
0.0154669
0.000198531
0.0154845
0.000189897
0.015501
0.000180941
0.0155165
0.000171673
0.015531
0.000162105
0.0155443
0.000152249
0.0155566
0.000142118
0.0155677
0.000131726
0.0155777
0.000121085
0.0155865
0.000110212
0.0155941
9.91202e-05
0.0156005
8.78262e-05
0.0156058
7.63462e-05
0.0156098
6.46972e-05
0.0156126
5.28965e-05
0.0156142
4.09625e-05
0.0156146
2.89136e-05
0.0156137
1.67691e-05
0.0156116
4.54723e-06
0.0156083
-7.72424e-06
0.0156038
-2.00291e-05
0.015598
-3.23466e-05
0.015591
-4.46531e-05
0.0155829
-5.69252e-05
0.0155735
-6.91392e-05
0.0155629
-8.12708e-05
0.0155512
-9.32951e-05
0.0155384
-0.000105187
0.0155244
-0.00011692
0.0155093
-0.00012847
0.0154931
-0.000139809
0.0154759
-0.000150912
0.0154577
-0.000161752
0.0154386
-0.000172304
0.0154184
-0.000182542
0.0153974
-0.000192441
0.0153755
-0.000201977
0.0153528
-0.000211126
0.0153294
-0.000219867
0.0153052
-0.000228177
0.0152803
-0.000236039
0.0152548
-0.000243433
0.0152288
-0.000250344
0.0152023
-0.000256758
0.0151753
-0.000262663
0.0151478
-0.000268049
0.0151201
-0.000272909
0.015092
-0.000277238
0.0150638
-0.000281033
0.0150353
-0.000284293
0.0150067
-0.000287021
0.014978
-0.000289221
0.0149493
-0.000290898
0.0149206
-0.000292061
-0.000292719
0.0159862
0.000179265
0.0160045
0.000171617
0.0160218
0.000163674
0.016038
0.000155445
0.0160532
0.000146941
0.0160672
0.000138173
0.0160802
0.000129151
0.016092
0.000119888
0.0161027
0.000110396
0.0161122
0.000100689
0.0161206
9.0779e-05
0.0161277
8.06812e-05
0.0161337
7.04103e-05
0.0161384
5.99815e-05
0.0161419
4.94107e-05
0.0161441
3.87142e-05
0.0161451
2.79091e-05
0.0161449
1.70127e-05
0.0161434
6.04191e-06
0.0161406
-4.98081e-06
0.0161366
-1.60356e-05
0.0161314
-2.71073e-05
0.0161249
-3.81739e-05
0.0161172
-4.92145e-05
0.0161083
-6.02073e-05
0.0160981
-7.11305e-05
0.0160868
-8.19617e-05
0.0160743
-9.26781e-05
0.0160606
-0.000103257
0.0160458
-0.000113674
0.0160299
-0.000123907
0.016013
-0.000133932
0.0159949
-0.000143726
0.0159759
-0.000153265
0.0159559
-0.000162526
0.0159349
-0.000171487
0.0159131
-0.000180126
0.0158904
-0.000188423
0.0158669
-0.000196356
0.0158426
-0.000203907
0.0158176
-0.000211058
0.015792
-0.000217794
0.0157657
-0.000224099
0.0157389
-0.000229961
0.0157116
-0.000235368
0.0156839
-0.000240311
0.0156558
-0.000244783
0.0156273
-0.000248779
0.0155986
-0.000252296
0.0155696
-0.000255334
0.0155405
-0.000257892
0.0155112
-0.000259974
0.0154819
-0.000261585
0.0154526
-0.000262731
-0.000263421
0.0165257
0.000159333
0.0165447
0.000152656
0.0165627
0.000145713
0.0165796
0.000138514
0.0165955
0.000131066
0.0166103
0.00012338
0.0166239
0.000115465
0.0166365
0.000107331
0.0166479
9.89893e-05
0.0166581
9.04519e-05
0.0166672
8.17306e-05
0.016675
7.28379e-05
0.0166817
6.37869e-05
0.0166871
5.45913e-05
0.0166912
4.52652e-05
0.0166941
3.58231e-05
0.0166957
2.62802e-05
0.0166961
1.66518e-05
0.0166952
6.95354e-06
0.016693
-2.79739e-06
0.0166895
-1.25768e-05
0.0166848
-2.23768e-05
0.0166788
-3.21765e-05
0.0166715
-4.19572e-05
0.016663
-5.16995e-05
0.0166533
-6.13839e-05
0.0166423
-7.09905e-05
0.0166301
-8.04993e-05
0.0166168
-8.98898e-05
0.0166022
-9.91414e-05
0.0165866
-0.000108233
0.0165698
-0.000117145
0.0165519
-0.000125855
0.016533
-0.000134344
0.0165131
-0.000142591
0.0164921
-0.000150576
0.0164703
-0.000158279
0.0164476
-0.000165683
0.016424
-0.000172769
0.0163996
-0.00017952
0.0163744
-0.000185921
0.0163486
-0.000191957
0.0163221
-0.000197615
0.016295
-0.000202883
0.0162674
-0.000207751
0.0162393
-0.00021221
0.0162108
-0.000216255
0.0161819
-0.000219879
0.0161527
-0.00022308
0.0161232
-0.000225856
0.0160935
-0.000228207
0.0160637
-0.000230137
0.0160337
-0.000231648
0.0160038
-0.000232746
-0.000233439
0.0170867
0.000138732
0.0171063
0.000133013
0.017125
0.00012706
0.0171426
0.000120881
0.0171592
0.000114484
0.0171747
0.000107876
0.0171891
0.000101065
0.0172024
9.40612e-05
0.0172145
8.68734e-05
0.0172254
7.95117e-05
0.0172352
7.19864e-05
0.0172437
6.43086e-05
0.017251
5.64895e-05
0.0172571
4.8541e-05
0.0172618
4.04755e-05
0.0172654
3.23056e-05
0.0172676
2.40445e-05
0.0172685
1.57057e-05
0.0172682
7.30231e-06
0.0172666
-1.15358e-06
0.0172636
-9.63042e-06
0.0172594
-1.81315e-05
0.0172538
-2.66363e-05
0.017247
-3.51275e-05
0.0172389
-4.35885e-05
0.0172295
-5.20024e-05
0.0172189
-6.03518e-05
0.017207
-6.86194e-05
0.0171939
-7.67873e-05
0.0171796
-8.48377e-05
0.0171641
-9.27525e-05
0.0171475
-0.000100514
0.0171297
-0.000108104
0.0171109
-0.000115504
0.017091
-0.000122698
0.0170701
-0.000129667
0.0170482
-0.000136395
0.0170254
-0.000142866
0.0170017
-0.000149064
0.0169771
-0.000154975
0.0169518
-0.000160584
0.0169257
-0.000165879
0.0168989
-0.000170849
0.0168715
-0.000175482
0.0168436
-0.00017977
0.0168151
-0.000183706
0.0167861
-0.000187282
0.0167567
-0.000190495
0.016727
-0.000193341
0.0166969
-0.000195819
0.0166666
-0.000197929
0.0166362
-0.000199672
0.0166056
-0.00020105
0.0165749
-0.00020207
-0.000202735
0.0176705
0.000117453
0.0176908
0.000112681
0.0177102
0.00010771
0.0177285
0.000102546
0.0177458
9.71951e-05
0.017762
9.16637e-05
0.0177771
8.59588e-05
0.0177911
8.0088e-05
0.0178039
7.40591e-05
0.0178155
6.78805e-05
0.0178259
6.1561e-05
0.0178351
5.51097e-05
0.0178431
4.85362e-05
0.0178498
4.18506e-05
0.0178552
3.50633e-05
0.0178593
2.81851e-05
0.0178621
2.12272e-05
0.0178636
1.42014e-05
0.0178638
7.11904e-06
0.0178627
-2.0837e-08
0.0178602
-7.1631e-06
0.0178564
-1.43382e-05
0.0178513
-2.15178e-05
0.0178449
-2.86882e-05
0.0178371
-3.58356e-05
0.0178281
-4.29456e-05
0.0178177
-5.00036e-05
0.0178061
-5.69947e-05
0.0177932
-6.39041e-05
0.0177791
-7.07165e-05
0.0177637
-7.74169e-05
0.0177472
-8.39899e-05
0.0177295
-9.04204e-05
0.0177107
-9.66933e-05
0.0176908
-0.000102794
0.0176699
-0.000108707
0.0176479
-0.00011442
0.0176249
-0.000119917
0.0176011
-0.000125186
0.0175763
-0.000130215
0.0175507
-0.000134992
0.0175243
-0.000139505
0.0174972
-0.000143745
0.0174695
-0.000147703
0.0174411
-0.000151371
0.0174121
-0.000154742
0.0173826
-0.000157812
0.0173527
-0.000160575
0.0173224
-0.000163029
0.0172917
-0.000165173
0.0172608
-0.000167006
0.0172297
-0.000168528
0.0171984
-0.000169743
0.017167
-0.000170654
-0.000171264
0.0182786
9.54782e-05
0.0182996
9.16475e-05
0.0183197
8.76543e-05
0.0183387
8.35031e-05
0.0183567
7.91986e-05
0.0183736
7.47461e-05
0.0183894
7.01511e-05
0.0184041
6.54197e-05
0.0184176
6.05581e-05
0.0184299
5.55732e-05
0.018441
5.04719e-05
0.0184509
4.52617e-05
0.0184594
3.99505e-05
0.0184667
3.45463e-05
0.0184728
2.90576e-05
0.0184774
2.34931e-05
0.0184808
1.78619e-05
0.0184828
1.21734e-05
0.0184835
6.43637e-06
0.0184828
6.5632e-07
0.0184808
-5.13614e-06
0.0184774
-1.09511e-05
0.0184727
-1.6773e-05
0.0184666
-2.25894e-05
0.0184591
-2.83888e-05
0.0184504
-3.41595e-05
0.0184402
-3.98897e-05
0.0184288
-4.55674e-05
0.0184161
-5.11804e-05
0.0184021
-5.67164e-05
0.0183868
-6.21632e-05
0.0183704
-6.75083e-05
0.0183527
-7.27394e-05
0.0183338
-7.78445e-05
0.0183138
-8.28113e-05
0.0182928
-8.7628e-05
0.0182706
-9.22832e-05
0.0182475
-9.67657e-05
0.0182234
-0.000101065
0.0181983
-0.00010517
0.0181724
-0.000109072
0.0181456
-0.000112763
0.0181181
-0.000116232
0.0180899
-0.000119475
0.018061
-0.000122483
0.0180315
-0.000125251
0.0180015
-0.000127776
0.017971
-0.000130053
0.01794
-0.000132079
0.0179087
-0.000133854
0.0178771
-0.000135376
0.0178452
-0.000136647
0.0178131
-0.000137668
0.0177809
-0.000138441
-0.00013897
0.0189128
7.27838e-05
0.0189345
6.98937e-05
0.0189553
6.68792e-05
0.018975
6.37435e-05
0.0189938
6.04903e-05
0.0190114
5.71234e-05
0.0190279
5.36471e-05
0.0190432
5.00658e-05
0.0190574
4.63843e-05
0.0190704
4.26077e-05
0.0190821
3.87413e-05
0.0190926
3.47909e-05
0.0191018
3.07623e-05
0.0191096
2.66616e-05
0.0191162
2.24954e-05
0.0191214
1.82703e-05
0.0191253
1.39931e-05
0.0191278
9.67084e-06
0.0191289
5.31088e-06
0.0191287
9.18837e-07
0.019127
-3.48814e-06
0.019124
-7.91045e-06
0.0191195
-1.23393e-05
0.0191137
-1.67654e-05
0.0191065
-2.11797e-05
0.0190979
-2.55733e-05
0.019088
-2.99371e-05
0.0190767
-3.4262e-05
0.019064
-3.85387e-05
0.0190501
-4.27578e-05
0.0190348
-4.69101e-05
0.0190183
-5.09861e-05
0.0190005
-5.49764e-05
0.0189816
-5.88717e-05
0.0189614
-6.26629e-05
0.0189401
-6.63409e-05
0.0189177
-6.9897e-05
0.0188943
-7.33227e-05
0.0188698
-7.66097e-05
0.0188444
-7.97504e-05
0.0188181
-8.27373e-05
0.0187909
-8.55637e-05
0.0187629
-8.82233e-05
0.0187341
-9.07105e-05
0.0187046
-9.30202e-05
0.0186745
-9.51481e-05
0.0186439
-9.70908e-05
0.0186127
-9.88453e-05
0.018581
-0.00010041
0.0185489
-0.000101783
0.0185165
-0.000102964
0.0184838
-0.000103953
0.0184509
-0.000104752
0.0184178
-0.000105362
-0.000105786
0.0195749
4.93355e-05
0.0195974
4.73917e-05
0.0196189
4.53633e-05
0.0196394
4.32525e-05
0.0196588
4.10617e-05
0.0196771
3.87934e-05
0.0196943
3.64504e-05
0.0197103
3.40359e-05
0.0197252
3.15529e-05
0.0197388
2.9005e-05
0.0197511
2.63956e-05
0.0197622
2.37287e-05
0.0197719
2.10083e-05
0.0197804
1.82384e-05
0.0197874
1.54235e-05
0.0197931
1.2568e-05
0.0197975
9.67679e-06
0.0198004
6.75456e-06
0.0198019
3.80611e-06
0.019802
8.34192e-07
0.0198006
-2.14697e-06
0.0197979
-5.13933e-06
0.0197937
-8.13691e-06
0.019788
-1.11331e-05
0.019781
-1.4122e-05
0.0197725
-1.70974e-05
0.0197626
-2.00532e-05
0.0197513
-2.29831e-05
0.0197387
-2.5881e-05
0.0197246
-2.87405e-05
0.0197093
-3.15552e-05
0.0196926
-3.43189e-05
0.0196747
-3.7025e-05
0.0196555
-3.96674e-05
0.019635
-4.22398e-05
0.0196134
-4.47361e-05
0.0195907
-4.71504e-05
0.0195668
-4.94769e-05
0.0195419
-5.17101e-05
0.019516
-5.38447e-05
0.0194892
-5.58756e-05
0.0194614
-5.77984e-05
0.0194328
-5.96086e-05
0.0194034
-6.13024e-05
0.0193733
-6.28765e-05
0.0193424
-6.43278e-05
0.019311
-6.56539e-05
0.019279
-6.68529e-05
0.0192465
-6.79232e-05
0.0192136
-6.88641e-05
0.0191803
-6.9675e-05
0.0191467
-7.03563e-05
0.0191129
-7.09084e-05
0.0190788
-7.13326e-05
-7.16306e-05
0.020267
2.50915e-05
0.0202903
2.41075e-05
0.0203125
2.30805e-05
0.0203338
2.20116e-05
0.0203539
2.09018e-05
0.020373
1.97526e-05
0.0203909
1.85652e-05
0.0204076
1.73413e-05
0.020423
1.60825e-05
0.0204373
1.47905e-05
0.0204502
1.34671e-05
0.0204618
1.21142e-05
0.0204721
1.07339e-05
0.020481
9.32832e-06
0.0204885
7.89964e-06
0.0204946
6.45015e-06
0.0204993
4.98224e-06
0.0205026
3.49829e-06
0.0205044
2.00083e-06
0.0205047
4.92269e-07
0.0205036
-1.02279e-06
0.020501
-2.54302e-06
0.0204969
-4.06599e-06
0.0204914
-5.58855e-06
0.0204844
-7.10758e-06
0.0204759
-8.61995e-06
0.020466
-1.01225e-05
0.0204546
-1.16121e-05
0.0204418
-1.30856e-05
0.0204276
-1.45398e-05
0.020412
-1.59714e-05
0.0203951
-1.73772e-05
0.0203768
-1.87539e-05
0.0203572
-2.00984e-05
0.0203364
-2.14076e-05
0.0203143
-2.26782e-05
0.0202911
-2.39073e-05
0.0202667
-2.5092e-05
0.0202412
-2.62294e-05
0.0202147
-2.73168e-05
0.0201872
-2.83517e-05
0.0201587
-2.93318e-05
0.0201294
-3.02548e-05
0.0200992
-3.11189e-05
0.0200682
-3.19221e-05
0.0200366
-3.26631e-05
0.0200042
-3.33405e-05
0.0199713
-3.39534e-05
0.0199379
-3.4501e-05
0.019904
-3.49828e-05
0.0198698
-3.53985e-05
0.0198352
-3.57484e-05
0.0198003
-3.60326e-05
0.0197652
-3.62517e-05
-3.64066e-05
0.0209916
0.0210157
0.0210388
0.0210608
0.0210817
0.0211014
0.02112
0.0211373
0.0211534
0.0211682
0.0211817
0.0211938
0.0212045
0.0212139
0.0212218
0.0212282
0.0212332
0.0212367
0.0212387
0.0212392
0.0212382
0.0212356
0.0212316
0.021226
0.0212189
0.0212102
0.0212001
0.0211885
0.0211754
0.0211609
0.0211449
0.0211275
0.0211088
0.0210887
0.0210673
0.0210446
0.0210207
0.0209956
0.0209694
0.020942
0.0209137
0.0208844
0.0208541
0.020823
0.0207911
0.0207584
0.0207251
0.0206911
0.0206566
0.0206216
0.0205862
0.0205505
0.0205144
0.0204782
)
;

boundaryField
{
    inlet
    {
        type            calculated;
        value           nonuniform 0();
    }
    outlet
    {
        type            calculated;
        value           nonuniform 0();
    }
    cylinder
    {
        type            calculated;
        value           nonuniform 0();
    }
    top
    {
        type            symmetryPlane;
        value           nonuniform 0();
    }
    bottom
    {
        type            symmetryPlane;
        value           uniform 0;
    }
    defaultFaces
    {
        type            empty;
        value           nonuniform 0();
    }
    procBoundary2to1
    {
        type            processor;
        value           nonuniform List<scalar> 
36
(
-0.00654203
-0.00680702
-0.00706198
-0.00731314
-0.00756508
-0.00782077
-0.00808193
-0.00834957
-0.00862444
-0.00890726
-0.0091988
-0.00949976
-0.00981071
-0.0101321
-0.0104642
-0.0108074
-0.0111619
-0.0115282
-0.0119066
-0.0122979
-0.0127024
-0.0131208
-0.0135539
-0.0140023
-0.014467
-0.0149486
-0.0154483
-0.0159669
-0.0165058
-0.0170661
-0.0176492
-0.0182566
-0.0188901
-0.0195514
-0.0202427
-0.0209665
)
;
    }
    procBoundary2to3
    {
        type            processor;
        value           nonuniform List<scalar> 
36
(
0.00596482
0.00622893
0.00649412
0.00676087
0.00702999
0.0073025
0.00757958
0.00786246
0.00815234
0.00845033
0.00875743
0.00907447
0.00940218
0.00974117
0.010092
0.010455
0.0108308
0.0112198
0.0116223
0.0120389
0.01247
0.0129162
0.013378
0.0138561
0.014351
-0.000321422
0.0148919
0.0154233
0.0159738
0.0165442
0.0171355
0.0177486
0.0183846
0.0190447
0.01973
0.0204418
)
;
    }
    procBoundary2to6
    {
        type            processor;
        value           nonuniform List<scalar> 
57
(
-0.000422207
-0.000385983
-0.00034965
-0.000313224
-0.000276729
-0.000240179
-0.000203615
-0.000167054
-0.000130588
-9.41749e-05
-5.80291e-05
-2.18704e-05
1.43284e-05
5.04993e-05
8.66054e-05
0.000122649
0.00015861
0.000194465
0.000230191
0.000265759
0.000301136
0.00033628
0.000371143
0.000405667
0.000439788
0.000473429
0.000506509
0.000538933
0.0005706
0.000601403
0.000631228
0.000659955
0.000687465
0.000713637
0.000738354
0.000761503
0.000782982
0.00596968
0.000786368
0.00080432
0.000820399
0.000834565
0.000846794
0.000857079
0.000865438
0.000871904
0.00087653
0.000879386
0.000880556
0.000880136
0.00087823
0.000874948
0.000870402
0.0008647
0.000857946
0.000850238
0.00084166
)
;
    }
}


// ************************************************************************* //
