/*--------------------------------*- C++ -*----------------------------------*\
  =========                 |
  \\      /  F ield         | OpenFOAM: The Open Source CFD Toolbox
   \\    /   O peration     | Website:  https://openfoam.org
    \\  /    A nd           | Version:  7
     \\/     M anipulation  |
\*---------------------------------------------------------------------------*/
FoamFile
{
    version     2.0;
    format      ascii;
    class       volVectorField;
    location    "65";
    object      U;
}
// * * * * * * * * * * * * * * * * * * * * * * * * * * * * * * * * * * * * * //

dimensions      [0 1 -1 0 0 0 0];

internalField   nonuniform List<vector> 
1987
(
(-0.196495 0.00313693 -3.58272e-21)
(-0.19893 0.00299009 2.89697e-21)
(-0.201143 0.00277977 -2.75559e-22)
(-0.20314 0.00250148 -2.00289e-21)
(1.15537 -0.0436243 0)
(1.14869 -0.0387862 0)
(1.14217 -0.0341247 0)
(1.13584 -0.0296339 0)
(1.12971 -0.0253091 0)
(1.12382 -0.0211417 0)
(1.11818 -0.0171259 0)
(1.1128 -0.0132476 0)
(1.10771 -0.00950707 0)
(1.1029 -0.00587066 0)
(1.09838 -0.00244681 0)
(1.09413 0.000967403 0)
(1.09027 0.0043372 0)
(1.08679 0.00766577 0)
(1.08362 0.0109661 0)
(1.08075 0.0142482 0)
(1.07818 0.0175261 0)
(1.07589 0.0208143 0)
(1.07388 0.0241253 0)
(1.07211 0.0274688 0)
(1.07057 0.0308513 0)
(1.06922 0.0342747 0)
(1.06802 0.037736 0)
(1.06695 0.0412262 0)
(1.06596 0.0447302 0)
(1.06501 0.0482265 0)
(1.06405 0.0516872 0)
(1.06305 0.0550783 0)
(1.06196 0.0583602 0)
(1.06075 0.0614888 0)
(1.0594 0.0644166 0)
(1.05787 0.0670945 0)
(1.05615 0.0694733 0)
(1.05425 0.0715059 0)
(1.05215 0.0731494 0)
(1.04988 0.0743674 0)
(1.04746 0.0751313 0)
(1.04492 0.0754228 0)
(1.04231 0.0752345 0)
(1.03966 0.0745716 0)
(1.03702 0.073452 0)
(1.03445 0.0719066 0)
(1.032 0.0699788 0)
(1.02972 0.0677234 0)
(1.02766 0.0652059 0)
(1.02586 0.0625005 0)
(1.02435 0.059688 0)
(1.02317 0.0568537 0)
(1.02233 0.0540844 0)
(1.02184 0.0514659 0)
(1.0217 0.0490794 0)
(1.02189 0.0469983 0)
(1.02239 0.0452854 0)
(1.02316 0.0439887 0)
(1.02414 0.0431394 0)
(1.02529 0.0427493 0)
(1.19224 -0.0471361 0)
(1.18661 -0.042212 0)
(1.18102 -0.037447 0)
(1.1755 -0.032837 0)
(1.17008 -0.0283785 0)
(1.16478 -0.0240644 0)
(1.15962 -0.0198895 0)
(1.15464 -0.015841 0)
(1.14983 -0.0119158 0)
(1.14522 -0.00808448 0)
(1.1408 -0.00435006 0)
(1.13665 -0.000718382 0)
(1.13279 0.00271767 0)
(1.12917 0.00612789 0)
(1.12579 0.00953757 0)
(1.12265 0.0129393 0)
(1.11975 0.0163381 0)
(1.11707 0.0197439 0)
(1.1146 0.0231654 0)
(1.11233 0.0266092 0)
(1.11022 0.0300792 0)
(1.10826 0.0335756 0)
(1.10642 0.0370938 0)
(1.10466 0.0406238 0)
(1.10294 0.0441499 0)
(1.10123 0.0476506 0)
(1.0995 0.0510985 0)
(1.09772 0.0544609 0)
(1.09583 0.0576997 0)
(1.09383 0.0607734 0)
(1.09169 0.0636371 0)
(1.08939 0.066245 0)
(1.08692 0.0685516 0)
(1.08429 0.0705135 0)
(1.0815 0.0720917 0)
(1.07857 0.0732531 0)
(1.07552 0.0739727 0)
(1.07239 0.0742348 0)
(1.06923 0.0740345 0)
(1.06606 0.0733784 0)
(1.06295 0.0722854 0)
(1.05995 0.0707863 0)
(1.0571 0.0689239 0)
(1.05445 0.0667516 0)
(1.05204 0.0643328 0)
(1.04992 0.061739 0)
(1.04811 0.0590479 0)
(1.04663 0.0563412 0)
(1.04551 0.0537019 0)
(1.04473 0.0512115 0)
(1.04429 0.0489474 0)
(1.04417 0.0469787 0)
(1.04434 0.0453642 0)
(1.04475 0.0441485 0)
(1.04535 0.0433596 0)
(1.04607 0.0430069 0)
(1.21968 -0.0499372 0)
(1.21526 -0.0450032 0)
(1.21077 -0.0402097 0)
(1.20626 -0.0355546 0)
(1.20175 -0.0310359 0)
(1.19726 -0.0266488 0)
(1.19282 -0.0223897 0)
(1.18845 -0.0182498 0)
(1.18418 -0.014225 0)
(1.18001 -0.0103036 0)
(1.17597 -0.00648763 0)
(1.1721 -0.00281919 0)
(1.16842 0.000812534 0)
(1.1649 0.004403 0)
(1.16155 0.00796279 0)
(1.15836 0.0114986 0)
(1.15534 0.0150206 0)
(1.15248 0.0185396 0)
(1.14976 0.0220639 0)
(1.14718 0.0255992 0)
(1.14471 0.0291482 0)
(1.14233 0.0327099 0)
(1.14001 0.0362788 0)
(1.13774 0.0398443 0)
(1.13547 0.0433905 0)
(1.13318 0.046896 0)
(1.13085 0.0503341 0)
(1.12843 0.0536733 0)
(1.12591 0.0568774 0)
(1.12326 0.0599069 0)
(1.12047 0.0627198 0)
(1.11753 0.0652731 0)
(1.11444 0.0675245 0)
(1.1112 0.0694342 0)
(1.10782 0.0709663 0)
(1.10433 0.072091 0)
(1.10075 0.0727859 0)
(1.09712 0.0730376 0)
(1.09348 0.072843 0)
(1.08988 0.0722097 0)
(1.08636 0.071157 0)
(1.08297 0.0697154 0)
(1.07976 0.0679266 0)
(1.07678 0.0658426 0)
(1.07407 0.0635245 0)
(1.07165 0.0610412 0)
(1.06956 0.0584673 0)
(1.06781 0.0558811 0)
(1.06641 0.0533622 0)
(1.06536 0.0509884 0)
(1.06464 0.0488332 0)
(1.06423 0.0469623 0)
(1.06408 0.045431 0)
(1.06416 0.044281 0)
(1.0644 0.0435379 0)
(1.06474 0.043209 0)
(1.23838 -0.0522057 0)
(1.23518 -0.0473193 0)
(1.23185 -0.0425543 0)
(1.22842 -0.0379102 0)
(1.22491 -0.0333862 0)
(1.22134 -0.0289794 0)
(1.21775 -0.0246872 0)
(1.21415 -0.020504 0)
(1.21056 -0.0164263 0)
(1.207 -0.0124504 0)
(1.2035 -0.00857481 0)
(1.20007 -0.00480765 0)
(1.19675 -0.00107173 0)
(1.19352 0.00261979 0)
(1.19038 0.00627286 0)
(1.18733 0.00989783 0)
(1.18439 0.013505 0)
(1.18153 0.0171031 0)
(1.17875 0.020699 0)
(1.17605 0.0242967 0)
(1.17339 0.0278978 0)
(1.17078 0.0315 0)
(1.16818 0.035097 0)
(1.16557 0.0386778 0)
(1.16293 0.0422265 0)
(1.16024 0.0457222 0)
(1.15746 0.049139 0)
(1.15459 0.0524468 0)
(1.15159 0.0556114 0)
(1.14846 0.0585954 0)
(1.14518 0.0613596 0)
(1.14175 0.0638641 0)
(1.13817 0.0660695 0)
(1.13446 0.0679393 0)
(1.13062 0.0694404 0)
(1.12669 0.070546 0)
(1.1227 0.0712358 0)
(1.11868 0.0714985 0)
(1.11467 0.0713321 0)
(1.11072 0.0707448 0)
(1.10687 0.0697558 0)
(1.10318 0.0683949 0)
(1.09969 0.0667022 0)
(1.09644 0.0647277 0)
(1.09347 0.0625301 0)
(1.09081 0.060175 0)
(1.08848 0.0577337 0)
(1.0865 0.0552809 0)
(1.08486 0.0528922 0)
(1.08357 0.0506417 0)
(1.0826 0.0485991 0)
(1.08192 0.0468267 0)
(1.0815 0.0453766 0)
(1.08127 0.0442879 0)
(1.08119 0.043584 0)
(1.08119 0.0432711 0)
(1.13685 0.0697347 0)
(1.13258 0.0696077 0)
(1.12838 0.0690782 0)
(1.12431 0.0681648 0)
(1.12041 0.0668963 0)
(1.11671 0.0653112 0)
(1.11327 0.0634573 0)
(1.11011 0.0613903 0)
(1.10726 0.0591727 0)
(1.10475 0.0568721 0)
(1.10258 0.0545594 0)
(1.10076 0.0523063 0)
(1.09927 0.0501829 0)
(1.09808 0.048255 0)
(1.09718 0.0465815 0)
(1.09651 0.0452114 0)
(1.09603 0.0441811 0)
(1.09567 0.0435126 0)
(1.09536 0.043211 0)
(-0.196651 0.00179836 3.58129e-21)
(-0.199091 0.00178764 -2.89569e-21)
(-0.201308 0.00170559 2.75512e-22)
(-0.203309 0.00155078 2.00146e-21)
(-0.205097 0.00131741 -3.399e-21)
(-0.206671 0.00100154 2.78803e-21)
(-0.208038 0.000592999 -1.71592e-22)
(-0.209198 0.000104093 -8.90057e-22)
(-0.210145 -0.00046852 1.94847e-21)
(-0.210882 -0.00111177 -2.79464e-21)
(-0.211417 -0.00182305 6.86464e-22)
(-0.211749 -0.00260087 5.12762e-22)
(-0.211874 -0.00343488 1.27643e-21)
(-0.211791 -0.0043123 8.04401e-22)
(-0.211494 -0.00521722 -3.85142e-21)
(-0.210981 -0.00613089 -6.84735e-22)
(-0.210246 -0.00703173 2.14236e-21)
(-0.209284 -0.00789561 -9.65473e-22)
(-0.20809 -0.00869631 1.06063e-21)
(-0.206658 -0.00940528 7.37811e-22)
(-0.204979 -0.00999312 -2.49332e-22)
(-0.203045 -0.01043 -2.55892e-21)
(-0.200849 -0.0106865 -1.79044e-22)
(-0.198382 -0.0107339 2.01192e-21)
(-0.195634 -0.0105455 1.27259e-21)
(-0.192596 -0.0100997 5.49509e-22)
(-0.18926 -0.00937562 -1.52276e-21)
(-0.185616 -0.00835955 5.56746e-22)
(-0.181654 -0.00704317 6.98732e-22)
(-0.177366 -0.00542711 -1.86199e-21)
(-0.17274 -0.00352796 -9.87952e-22)
(-0.167769 -0.00136808 2.21706e-21)
(-0.162454 0.00106438 -5.19125e-22)
(-0.156787 0.00369559 -1.80395e-21)
(-0.150755 0.00648824 8.56551e-22)
(-0.14436 0.00938136 -3.81917e-22)
(-0.137598 0.0123068 9.13201e-22)
(-0.130469 0.0151846 -3.69125e-22)
(-0.122975 0.017933 6.8696e-22)
(-0.115117 0.0204665 -6.71939e-22)
(-0.106896 0.0226912 1.37577e-22)
(-0.0983136 0.0245231 -8.62811e-23)
(-0.0893724 0.0258768 4.53704e-22)
(-0.0800734 0.0266776 -1.7585e-22)
(-0.0704136 0.0268585 2.70527e-22)
(-0.0604009 0.0263802 1.49882e-22)
(-0.0500307 0.025204 -4.62266e-22)
(-0.0393125 0.0233258 4.87179e-22)
(-0.0282557 0.020761 -1.19325e-22)
(-0.0168622 0.0175441 9.54221e-24)
(-0.0051598 0.0137391 -1.41005e-22)
(0.00683137 0.00944406 4.57191e-23)
(0.0190799 0.00476878 -2.02631e-22)
(0.03155 -0.000174174 -8.88578e-23)
(0.0442139 -0.00521296 2.5032e-22)
(0.0570244 -0.0102281 1.98277e-22)
(0.0699373 -0.0150333 -1.15428e-22)
(0.0829204 -0.0194748 6.34269e-23)
(0.0959389 -0.0233981 -1.57223e-22)
(0.108972 -0.0266585 2.37905e-22)
(-0.193263 0.000453019 7.0178e-21)
(-0.195657 0.000569592 -2.74123e-21)
(-0.197829 0.000620816 -3.43707e-21)
(-0.199787 0.000591416 -2.08653e-21)
(-0.201531 0.000476105 9.87665e-21)
(-0.203059 0.000272894 -3.12888e-21)
(-0.20438 -6.67192e-06 -7.97299e-22)
(-0.205497 -0.000378336 1.06124e-22)
(-0.206399 -0.000836819 -2.34243e-21)
(-0.207089 -0.00137273 2.18678e-22)
(-0.207574 -0.00198163 9.26638e-22)
(-0.207853 -0.00265824 4.88693e-21)
(-0.207921 -0.00339233 -4.29425e-21)
(-0.207777 -0.0041708 -3.0722e-21)
(-0.207416 -0.00497757 4.63619e-21)
(-0.206833 -0.00579369 -2.48778e-21)
(-0.206023 -0.00659735 2.09496e-21)
(-0.20498 -0.00736417 -4.78803e-21)
(-0.203699 -0.00806774 4.05482e-21)
(-0.202172 -0.00867914 -1.48799e-21)
(-0.200391 -0.00916876 -3.89027e-22)
(-0.198348 -0.00950665 5.56153e-22)
(-0.196034 -0.00966351 -2.53547e-21)
(-0.193442 -0.0096102 -1.56203e-22)
(-0.19056 -0.00932019 3.84693e-21)
(-0.187382 -0.00877259 -3.32752e-21)
(-0.1839 -0.00794607 3.42908e-22)
(-0.180106 -0.00682663 1.82905e-21)
(-0.175992 -0.00540701 3.43354e-22)
(-0.171547 -0.0036963 -2.96213e-21)
(-0.166765 -0.00171476 3.80165e-21)
(-0.161657 0.000571272 -2.16756e-21)
(-0.156213 0.00311505 4.5926e-22)
(-0.150421 0.0058558 -7.10042e-22)
(-0.144286 0.00875127 2.47364e-21)
(-0.137811 0.0117437 -4.12596e-21)
(-0.130997 0.0147669 8.127e-22)
(-0.123849 0.0177384 8.29616e-22)
(-0.116374 0.0205775 -7.59692e-22)
(-0.108578 0.0231977 1.73478e-22)
(-0.100465 0.0255069 -3.71964e-22)
(-0.0920386 0.0274195 -2.16933e-22)
(-0.083304 0.0288512 1.71304e-21)
(-0.0742618 0.0297276 1.24743e-21)
(-0.0649087 0.0299827 3.87617e-23)
(-0.0552481 0.0295749 -2.36984e-21)
(-0.0452697 0.0284685 1.94164e-21)
(-0.0349766 0.0266544 -2.4291e-21)
(-0.0243671 0.024153 5.4602e-22)
(-0.0134309 0.0209923 1.52279e-23)
(-0.00218519 0.0172368 5.52936e-22)
(0.00936492 0.012986 -7.43244e-22)
(0.021208 0.00833875 7.95108e-22)
(0.0333174 0.00341416 -7.34112e-22)
(0.0456861 -0.00163873 4.37583e-22)
(0.0582831 -0.00661867 5.51956e-24)
(0.0710698 -0.0114312 -2.69475e-22)
(0.0840281 -0.0158916 3.53316e-22)
(0.0971293 -0.0198409 -2.04688e-23)
(0.110356 -0.0231315 -1.10259e-22)
(-0.186327 -0.000843493 3.41872e-21)
(-0.188634 -0.000591759 6.06029e-21)
(-0.190719 -0.00041208 -6.91063e-21)
(-0.192585 -0.000318207 1.33826e-20)
(-0.194239 -0.000313396 -7.88164e-21)
(-0.195686 -0.000398351 7.83005e-21)
(-0.196924 -0.000560435 -8.79309e-21)
(-0.197947 -0.000818924 3.95182e-21)
(-0.198759 -0.00116844 -5.49193e-21)
(-0.19936 -0.00159819 1.13442e-20)
(-0.199753 -0.00210344 -8.63098e-22)
(-0.199936 -0.00267763 -1.3088e-20)
(-0.199906 -0.00331042 3.46278e-21)
(-0.19966 -0.00398852 -6.66254e-21)
(-0.199192 -0.00469569 6.53763e-22)
(-0.198497 -0.00541284 2.25225e-21)
(-0.19757 -0.00611797 1.14212e-20)
(-0.196404 -0.00678647 -8.55753e-21)
(-0.194993 -0.00739179 1.80815e-21)
(-0.19333 -0.00790466 7.20748e-22)
(-0.191405 -0.00829526 3.11104e-22)
(-0.189209 -0.00853354 9.2115e-22)
(-0.186736 -0.0085906 -7.90813e-21)
(-0.183976 -0.00843687 1.19861e-20)
(-0.180919 -0.00804594 -4.06198e-21)
(-0.177559 -0.00739781 -2.4292e-21)
(-0.173889 -0.00647062 -3.28426e-21)
(-0.169904 -0.00525082 1.7494e-21)
(-0.165593 -0.00374001 -2.68628e-21)
(-0.160946 -0.00195088 1.08482e-20)
(-0.155985 0.00015203 -9.46461e-21)
(-0.150702 0.00256867 2.87811e-21)
(-0.145079 0.00519899 -2.6673e-21)
(-0.139128 0.00803662 1.57189e-21)
(-0.132853 0.0110263 5.56708e-21)
(-0.126262 0.0141098 1.99974e-21)
(-0.119361 0.0172215 -3.0784e-21)
(-0.11216 0.0202759 -1.38653e-21)
(-0.104673 0.0231939 1.94931e-21)
(-0.0969071 0.025889 -2.17531e-21)
(-0.088872 0.0282701 -1.76458e-21)
(-0.0805748 0.030251 8.29923e-22)
(-0.0720219 0.0317485 4.63876e-21)
(-0.0632147 0.0326891 -2.50357e-21)
(-0.0541491 0.0330076 2.67756e-21)
(-0.0448253 0.0326618 -3.27146e-21)
(-0.0352266 0.0316185 1.25215e-21)
(-0.0253513 0.0298636 1.87826e-21)
(-0.0151866 0.0274236 -3.92325e-21)
(-0.00470965 0.0243177 -5.20686e-22)
(0.00607168 0.0206263 -5.88492e-22)
(0.0171687 0.0164254 2.85358e-21)
(0.0285888 0.0118215 -1.65257e-21)
(0.0403231 0.00693735 2.26323e-22)
(0.052359 0.00190094 1.98974e-21)
(0.0646984 -0.0030531 -1.81771e-21)
(0.077329 -0.00783698 -1.3124e-21)
(0.0902188 -0.0122915 1.89014e-21)
(0.103353 -0.0162417 6.2832e-22)
(0.116718 -0.0195377 6.95086e-22)
(-0.178036 -0.00166834 -2.56878e-21)
(-0.179987 -0.00136481 -3.63867e-21)
(-0.181723 -0.00114897 1.88056e-20)
(-0.183248 -0.00102286 -2.16237e-21)
(-0.184568 -0.000987376 2.3199e-21)
(-0.185678 -0.0010503 -2.89433e-20)
(-0.186575 -0.00120194 3.68781e-20)
(-0.18726 -0.00144264 -1.65158e-21)
(-0.187733 -0.00176616 -5.81171e-21)
(-0.187996 -0.00216735 -3.49707e-21)
(-0.188045 -0.00263864 1.97941e-21)
(-0.187879 -0.0031694 4.9809e-21)
(-0.187492 -0.00374619 2.97961e-21)
(-0.18688 -0.00435271 -1.41107e-20)
(-0.186035 -0.00496983 1.23073e-20)
(-0.184953 -0.00557538 -1.60558e-20)
(-0.183626 -0.00614458 8.50075e-21)
(-0.182047 -0.00665077 5.58655e-21)
(-0.180208 -0.0070644 -2.10312e-21)
(-0.178101 -0.00735544 -1.99278e-20)
(-0.175715 -0.00749379 1.01455e-20)
(-0.173043 -0.0074513 -1.13019e-21)
(-0.170077 -0.00719777 1.10495e-20)
(-0.166806 -0.00670648 -3.07198e-21)
(-0.163226 -0.00595889 2.18234e-21)
(-0.159332 -0.00493302 4.00306e-21)
(-0.155114 -0.00362446 -6.65878e-21)
(-0.150565 -0.0020382 -2.06839e-21)
(-0.145698 -0.000135427 1.57891e-21)
(-0.140525 0.00210473 -2.29821e-21)
(-0.135018 0.00460637 -5.90863e-21)
(-0.129184 0.00732714 7.52637e-21)
(-0.12304 0.0102537 -7.89867e-21)
(-0.116591 0.0133288 1.11559e-20)
(-0.109853 0.0164936 -6.12035e-21)
(-0.102832 0.0196833 -2.33946e-23)
(-0.0955462 0.0228089 -8.367e-22)
(-0.0880145 0.0257937 1.46361e-21)
(-0.0802495 0.0285509 4.05825e-21)
(-0.0722637 0.0309908 -8.941e-21)
(-0.0640677 0.0330268 5.62511e-21)
(-0.0556703 0.0345769 -1.50951e-21)
(-0.0470738 0.0355694 2.2974e-21)
(-0.0382738 0.0359394 2.43636e-21)
(-0.0292675 0.0356458 -4.14938e-21)
(-0.0200325 0.0346567 3.34498e-21)
(-0.0105624 0.0329564 -1.02641e-21)
(-0.000834438 0.0305727 -2.68017e-21)
(0.00918384 0.0275282 2.42506e-21)
(0.0194983 0.0239028 -3.63692e-21)
(0.0301367 0.0197579 2.82827e-22)
(0.0411184 0.0152106 1.329e-21)
(0.0524519 0.0103828 -8.79082e-23)
(0.0641368 0.00541537 2.35927e-21)
(0.076187 0.000454249 -1.1207e-21)
(0.0886126 -0.00427503 -6.61098e-22)
(0.10139 -0.00868815 1.23804e-21)
(0.114502 -0.0126154 -1.67582e-21)
(0.127944 -0.0158936 1.86304e-21)
(-0.163878 -0.00268487 -7.26789e-21)
(-0.165655 -0.00225346 -1.65664e-20)
(-0.167224 -0.00191491 -3.26444e-21)
(-0.168585 -0.00167056 -7.55216e-21)
(-0.169741 -0.00152109 3.68089e-20)
(-0.17069 -0.00146967 -1.82454e-20)
(-0.171427 -0.00151098 6.12179e-21)
(-0.171952 -0.00164277 -1.44506e-21)
(-0.172264 -0.00185995 -2.68706e-22)
(-0.172363 -0.00215681 -1.767e-20)
(-0.172246 -0.0025249 4.12729e-20)
(-0.171911 -0.00295309 -3.13824e-20)
(-0.171351 -0.00342785 -3.84868e-21)
(-0.170561 -0.00393287 2.63417e-20)
(-0.169534 -0.00444906 -1.47688e-20)
(-0.168263 -0.00495417 -1.50969e-20)
(-0.166741 -0.00542331 1.25057e-20)
(-0.164961 -0.00582976 -1.63864e-21)
(-0.162914 -0.00614373 2.74325e-21)
(-0.160591 -0.00633504 1.6625e-20)
(-0.157981 -0.00637346 5.75664e-21)
(-0.155077 -0.0062318 -1.50407e-20)
(-0.151874 -0.00587905 -6.12655e-21)
(-0.148357 -0.00528746 -1.08301e-20)
(-0.144524 -0.00444108 1.49902e-20)
(-0.14037 -0.00332946 2.58724e-21)
(-0.135884 -0.00195068 6.33079e-21)
(-0.13108 -0.000254501 5.64936e-21)
(-0.12597 0.00179091 -1.97564e-20)
(-0.120542 0.00411851 1.74388e-20)
(-0.11478 0.00670572 -1.23983e-20)
(-0.108707 0.00951109 -2.04431e-21)
(-0.102342 0.0125187 -1.69884e-21)
(-0.0956903 0.0156701 1.07427e-20)
(-0.0887759 0.0189057 -4.53999e-21)
(-0.0816083 0.0221635 -3.37969e-21)
(-0.074209 0.0253482 -4.1287e-21)
(-0.0666054 0.0283871 1.44685e-20)
(-0.0588134 0.0311933 -1.01227e-20)
(-0.0508495 0.0336785 9.02254e-21)
(-0.0427279 0.0357559 -8.79695e-21)
(-0.03446 0.0373449 1.12313e-20)
(-0.0260493 0.0383759 -1.26419e-20)
(-0.0174914 0.0387851 5.93537e-21)
(-0.00878126 0.0385324 -4.40477e-21)
(0.000108478 0.0375852 5.27731e-21)
(0.00918986 0.0359403 1.52804e-21)
(0.0184907 0.033607 2.84214e-21)
(0.0280574 0.0306264 -1.00338e-20)
(0.037908 0.0270602 3.16093e-21)
(0.048083 0.0229809 1.87406e-21)
(0.0586149 0.0185007 -1.52481e-21)
(0.0695293 0.0137413 1.35133e-21)
(0.080844 0.00884284 -1.23891e-21)
(0.0925709 0.00393294 7.97481e-22)
(0.104742 -0.000789082 4.39425e-23)
(0.117359 -0.0051059 -2.89039e-23)
(0.130394 -0.00897861 5.59931e-22)
(0.143847 -0.0122166 -3.14277e-22)
(-0.146168 -0.00360599 -8.01368e-21)
(-0.147741 -0.00304997 2.13981e-20)
(-0.149112 -0.00259087 -2.08466e-20)
(-0.150281 -0.00222963 3.8398e-21)
(-0.151246 -0.00196653 1.54793e-20)
(-0.152006 -0.00180218 -2.00333e-20)
(-0.152556 -0.00173314 3.26862e-20)
(-0.152894 -0.00175625 -4.39981e-20)
(-0.153017 -0.00186717 1.46236e-20)
(-0.152926 -0.00205963 2.53249e-20)
(-0.152617 -0.00232442 -2.08037e-20)
(-0.152086 -0.00264969 1.24435e-20)
(-0.151327 -0.00302181 -4.59376e-21)
(-0.150333 -0.00342462 8.98043e-21)
(-0.149097 -0.00383916 -1.08961e-20)
(-0.147612 -0.00424317 -1.47995e-20)
(-0.145869 -0.00461171 7.08348e-21)
(-0.143861 -0.00491791 -6.68712e-21)
(-0.141579 -0.00513202 4.91002e-21)
(-0.139014 -0.00522369 3.40004e-23)
(-0.136154 -0.0051622 -7.26591e-21)
(-0.132993 -0.00492103 1.10238e-20)
(-0.129526 -0.00446896 -1.48504e-20)
(-0.125739 -0.003781 1.48518e-20)
(-0.121624 -0.00284657 -3.03958e-21)
(-0.117177 -0.00167723 -3.72949e-21)
(-0.112414 -0.000177951 1.17755e-20)
(-0.107346 0.00166325 -4.31804e-21)
(-0.101953 0.00380266 1.56803e-21)
(-0.0962412 0.0062046 1.05409e-21)
(-0.0902061 0.00887732 7.81937e-21)
(-0.0838712 0.0117591 -1.12153e-20)
(-0.0772617 0.0148396 -4.47188e-21)
(-0.0703855 0.0180582 -4.14386e-21)
(-0.0632731 0.0213537 1.10517e-20)
(-0.0559358 0.0246709 -1.1569e-20)
(-0.0484 0.0279023 2.7866e-21)
(-0.0407014 0.0309825 1.09651e-20)
(-0.032859 0.0338244 -6.29676e-21)
(-0.0248934 0.0363412 -7.15903e-21)
(-0.016822 0.038446 2.67901e-21)
(-0.00865954 0.0400601 1.49342e-21)
(-0.000411021 0.0411156 8.83816e-21)
(0.00792801 0.041552 -3.07523e-21)
(0.0163645 0.0413288 -4.0435e-21)
(0.0249267 0.0404141 2.46995e-21)
(0.0336366 0.0388169 -2.12926e-21)
(0.0425262 0.0365303 2.37914e-21)
(0.0516508 0.0336062 5.05942e-23)
(0.0610421 0.0301015 -5.64432e-22)
(0.0707519 0.0260929 -1.70396e-22)
(0.0808261 0.0216873 -4.94924e-22)
(0.0913053 0.0170064 -3.00533e-22)
(0.102224 0.0121891 -2.07077e-21)
(0.113611 0.00737314 5.24214e-21)
(0.12548 0.00269746 -3.43668e-21)
(0.137868 -0.00159726 3.34042e-21)
(0.150775 -0.00535778 -1.82981e-21)
(0.164173 -0.00852546 5.88197e-22)
(-0.124907 -0.00441745 4.47989e-21)
(-0.126254 -0.00374098 -6.28761e-21)
(-0.127406 -0.00316455 -2.61299e-20)
(-0.128361 -0.00268877 -8.17585e-22)
(-0.129117 -0.00231355 3.42567e-20)
(-0.129669 -0.00203814 -7.16229e-21)
(-0.130014 -0.00185951 -2.19506e-22)
(-0.130146 -0.0017744 -2.18316e-20)
(-0.130062 -0.00177944 5.25527e-22)
(-0.129762 -0.00186779 2.20698e-22)
(-0.129243 -0.00202956 3.6644e-20)
(-0.1285 -0.00225183 -3.42149e-21)
(-0.127524 -0.00252104 -8.17621e-21)
(-0.126308 -0.00282118 -1.22234e-20)
(-0.124845 -0.00313361 -1.73672e-20)
(-0.123127 -0.00343617 8.90184e-21)
(-0.121144 -0.00370367 6.42451e-21)
(-0.11889 -0.00390869 -1.1328e-20)
(-0.116356 -0.00402207 2.64871e-20)
(-0.113531 -0.00401306 -1.03315e-20)
(-0.110403 -0.00385 6.24966e-21)
(-0.106966 -0.00351215 -1.29973e-20)
(-0.103217 -0.00296812 1.17708e-20)
(-0.0991384 -0.00220127 1.30326e-21)
(-0.094715 -0.00122767 3.57708e-21)
(-0.0899799 0.000102351 2.22503e-21)
(-0.0849424 0.0017489 -5.04883e-21)
(-0.0795715 0.00368536 6.25992e-21)
(-0.0738715 0.00589179 -1.19429e-20)
(-0.0678663 0.00837154 -1.12448e-20)
(-0.0615438 0.0111272 6.80571e-21)
(-0.0549314 0.0140772 5.22435e-21)
(-0.0480634 0.0172223 -6.9471e-21)
(-0.040947 0.0204989 6.04029e-23)
(-0.0336226 0.0238445 1.14277e-20)
(-0.0261003 0.0272106 -1.42564e-21)
(-0.0184107 0.0304769 -7.88013e-21)
(-0.0106002 0.0335863 8.10894e-21)
(-0.00268959 0.0364516 -2.92401e-21)
(0.00529634 0.038985 2.90022e-21)
(0.0133371 0.041103 -1.47494e-20)
(0.0214147 0.0427295 8.22231e-21)
(0.0295216 0.043796 -6.6389e-21)
(0.0376624 0.0442467 -1.55868e-21)
(0.0458461 0.0440417 3.77778e-21)
(0.0541006 0.0431518 -6.97868e-21)
(0.062456 0.0415865 9.57516e-21)
(0.0709499 0.0393427 -9.83709e-21)
(0.0796435 0.0364708 6.94521e-21)
(0.088582 0.033028 1.3158e-21)
(0.0978274 0.0290919 -1.57313e-21)
(0.107438 0.0247666 2.14863e-21)
(0.117469 0.0201724 -2.4495e-21)
(0.127967 0.0154458 -2.63356e-21)
(0.138977 0.0107301 1.76708e-22)
(0.150527 0.00617879 -2.97779e-22)
(0.162632 0.00191709 6.34791e-21)
(0.175325 -0.00179436 -3.74705e-21)
(0.188607 -0.00485642 -6.48919e-22)
(-0.100079 -0.00511304 -3.321e-20)
(-0.101189 -0.00432093 8.493e-20)
(-0.102112 -0.00363088 -4.38235e-20)
(-0.102844 -0.0030434 -1.84294e-21)
(-0.103381 -0.00255803 5.17861e-20)
(-0.103719 -0.00217329 -5.5219e-20)
(-0.10385 -0.00188614 3.50151e-20)
(-0.103767 -0.00169345 -2.33869e-20)
(-0.103468 -0.00159339 -3.06746e-21)
(-0.102951 -0.00157855 5.28112e-20)
(-0.102214 -0.0016381 -6.14303e-20)
(-0.101249 -0.00175708 -1.05937e-20)
(-0.100049 -0.0019225 2.13311e-20)
(-0.0986032 -0.0021187 -1.71679e-20)
(-0.0969044 -0.00232763 2.31517e-20)
(-0.0949445 -0.00252749 -6.34316e-21)
(-0.092714 -0.00269376 1.16933e-20)
(-0.0902055 -0.00279785 1.07159e-20)
(-0.0874093 -0.00281139 -4.9287e-20)
(-0.0843158 -0.00270206 1.63405e-20)
(-0.0809098 -0.00243919 -2.55815e-21)
(-0.0771855 -0.00202102 1.08173e-20)
(-0.0731402 -0.00141717 4.01296e-20)
(-0.0687476 -0.00054942 -6.22323e-20)
(-0.0640494 0.000581433 2.28176e-20)
(-0.0590403 0.00205663 1.31326e-21)
(-0.0536782 0.00378454 2.34995e-20)
(-0.0479924 0.00578607 -1.88194e-20)
(-0.0419837 0.00806906 7.61024e-21)
(-0.0356813 0.0106224 -1.26426e-20)
(-0.0290669 0.0134561 1.28169e-21)
(-0.0221686 0.0164677 -2.84736e-21)
(-0.0150359 0.0196698 2.03632e-20)
(-0.00767267 0.0229973 -1.6559e-20)
(-0.000129487 0.0263909 8.22912e-21)
(0.00758442 0.029775 1.68747e-21)
(0.015437 0.0330711 4.20996e-21)
(0.0233691 0.0362005 -1.55992e-20)
(0.0313592 0.0390776 1.14836e-20)
(0.0393781 0.041615 -1.11389e-20)
(0.0474012 0.0437332 1.30632e-21)
(0.0554086 0.0453587 7.88237e-21)
(0.0633905 0.0464235 -2.75896e-21)
(0.0713503 0.0468747 1.24762e-21)
(0.0792986 0.0466755 5.62124e-21)
(0.0872634 0.0457998 -7.96141e-21)
(0.0952805 0.044256 -8.59914e-22)
(0.103393 0.0420478 3.32374e-21)
(0.111668 0.0392231 -8.68119e-22)
(0.120161 0.0358399 4.33922e-21)
(0.128944 0.0319764 1.05813e-22)
(0.138087 0.0277347 -5.8634e-22)
(0.147657 0.0232334 -1.02203e-21)
(0.157715 0.0186062 -2.72151e-21)
(0.168315 0.0139959 1.6953e-21)
(0.1795 0.0095581 6.0825e-22)
(0.191294 0.00543309 2.36257e-23)
(0.203714 0.00176011 1.43123e-21)
(0.216786 -0.00128078 -8.86409e-22)
(-0.0716463 -0.00569211 -1.58643e-20)
(-0.0725213 -0.00478976 -1.33266e-21)
(-0.0732176 -0.00399033 -3.05759e-22)
(-0.07373 -0.00329442 7.62503e-21)
(-0.0740529 -0.00270137 -3.39016e-21)
(-0.0741792 -0.00220925 4.06242e-20)
(-0.0741008 -0.00181488 -6.73032e-20)
(-0.0738078 -0.00151532 4.88895e-20)
(-0.0732959 -0.00131174 5.63686e-21)
(-0.0725652 -0.00119466 -7.14631e-21)
(-0.0716131 -0.00115427 -1.1484e-20)
(-0.0704317 -0.00116856 -2.73116e-20)
(-0.0690098 -0.00122735 8.74914e-21)
(-0.0673375 -0.00131631 1.26392e-20)
(-0.0654056 -0.00141802 -4.01999e-20)
(-0.0632055 -0.00151249 1.55109e-20)
(-0.0607282 -0.00158152 2.921e-20)
(-0.0579664 -0.00159306 -3.64905e-20)
(-0.0549097 -0.00152084 -4.09929e-21)
(-0.0515491 -0.00133571 2.33924e-20)
(-0.0478599 -0.00101249 -1.38802e-20)
(-0.0438377 -0.000472299 4.41899e-20)
(-0.0395127 0.000280772 -4.59317e-20)
(-0.034862 0.00130022 2.45233e-20)
(-0.0298662 0.00258804 2.31485e-20)
(-0.0245363 0.00410292 -2.31538e-20)
(-0.0188675 0.00589938 1.8243e-20)
(-0.0128746 0.00797988 -2.47986e-21)
(-0.00655986 0.0103393 -3.79831e-20)
(3.60127e-05 0.0129721 2.17748e-20)
(0.00693626 0.015844 -4.38663e-21)
(0.0141192 0.0189225 2.21641e-20)
(0.0215134 0.0221766 -2.32068e-20)
(0.0291191 0.0255481 -1.87096e-20)
(0.0368859 0.0289802 2.84413e-20)
(0.0447907 0.0323732 -1.27977e-20)
(0.0527993 0.0356894 -5.82978e-21)
(0.0608554 0.0388274 3.20142e-20)
(0.0689285 0.0417039 -1.91169e-20)
(0.0769851 0.0442346 -1.08217e-20)
(0.0849971 0.0463408 6.85741e-21)
(0.0929428 0.0479513 6.20503e-21)
(0.10081 0.0490014 -9.33492e-21)
(0.108601 0.0494404 1.94098e-22)
(0.116327 0.0492347 6.08982e-21)
(0.124016 0.0483617 -4.80849e-21)
(0.131708 0.0468302 8.04539e-22)
(0.139452 0.0446489 -1.95469e-21)
(0.147318 0.0418652 2.75957e-21)
(0.155373 0.0385376 3.3913e-21)
(0.163697 0.0347452 -6.33394e-21)
(0.172369 0.0305882 3.78558e-22)
(0.181469 0.0261835 3.55492e-21)
(0.191067 0.0216622 1.14116e-21)
(0.20123 0.0171648 -2.56274e-21)
(0.212009 0.0128429 -1.42818e-21)
(0.223441 0.00884232 7.92982e-22)
(0.235553 0.00529881 1.78911e-21)
(0.248336 0.0023204 -2.07441e-21)
(-0.0395412 -0.00616164 3.97035e-20)
(-0.0401992 -0.00515486 -6.11766e-20)
(-0.0406877 -0.00425057 6.86627e-20)
(-0.0409995 -0.00344972 -1.57048e-20)
(-0.0411267 -0.00275167 -5.81036e-20)
(-0.0410608 -0.00215425 4.68404e-20)
(-0.0407913 -0.00165405 4.48649e-20)
(-0.0403048 -0.0012484 4.41011e-21)
(-0.0395963 -0.000942449 -6.83193e-20)
(-0.0386672 -0.00071855 -5.77767e-21)
(-0.0375172 -0.000591256 2.86918e-21)
(-0.0361371 -0.000525287 -1.85629e-20)
(-0.0345103 -0.000506058 7.18832e-20)
(-0.0326267 -0.000516631 -4.41906e-20)
(-0.0304757 -0.000534798 -1.15716e-20)
(-0.0280462 -0.000533598 3.99757e-20)
(-0.0253311 -0.000481209 -2.34833e-20)
(-0.0223254 -0.00036232 5.68686e-21)
(-0.0190149 -0.00015785 9.32012e-21)
(-0.0153904 0.000157517 -1.01781e-20)
(-0.0114568 0.000611957 1.79205e-20)
(-0.00719521 0.0012833 -1.30207e-20)
(-0.00259737 0.00218268 -2.46279e-20)
(0.00234647 0.00328915 3.51261e-20)
(0.00764173 0.00462399 5.29353e-21)
(0.0132646 0.00622286 -2.25779e-20)
(0.0192263 0.00810057 -1.5121e-20)
(0.0255127 0.0102581 2.09395e-20)
(0.0321179 0.0126902 2.02013e-21)
(0.0390063 0.0153962 -3.07116e-20)
(0.0461791 0.018301 3.41615e-20)
(0.053622 0.021441 -3.28584e-20)
(0.0612685 0.0247391 4.50412e-20)
(0.0691051 0.028145 -3.44582e-20)
(0.0770831 0.0315999 2.20732e-20)
(0.0851693 0.0350128 -1.70884e-20)
(0.0933253 0.0383331 8.17638e-22)
(0.101497 0.0414668 -4.29602e-21)
(0.109647 0.0443309 2.82055e-20)
(0.117737 0.0468428 -8.81591e-21)
(0.125736 0.048925 -9.30564e-21)
(0.133621 0.0505082 8.36833e-22)
(0.141376 0.0515312 -4.61769e-21)
(0.149003 0.051946 1.59101e-20)
(0.156514 0.0517221 3.01838e-21)
(0.163937 0.0508406 -2.37404e-21)
(0.171314 0.0493116 -9.33231e-21)
(0.178699 0.0471483 9.88886e-21)
(0.186166 0.0443983 -7.18621e-21)
(0.193789 0.0411213 -7.16278e-21)
(0.201655 0.0373968 1.76172e-20)
(0.209855 0.0333238 -8.70653e-21)
(0.218474 0.0290172 1.32861e-21)
(0.227596 0.0246055 2.5266e-21)
(0.237295 0.0202266 -1.89033e-21)
(0.247633 0.0160273 -1.59982e-21)
(0.258653 0.0121516 -1.2154e-22)
(0.270387 0.0087377 2.74246e-21)
(0.282834 0.00592452 -2.37141e-21)
(-0.00366449 -0.0065382 -8.35538e-20)
(-0.00414345 -0.00543246 2.87626e-20)
(-0.00446135 -0.00442762 1.12509e-20)
(-0.00460884 -0.00352515 6.49337e-21)
(-0.00457634 -0.00272466 -5.87431e-20)
(-0.00435333 -0.00202393 4.61569e-20)
(-0.00392744 -0.0014193 -4.0617e-20)
(-0.00327992 -0.000906657 5.10365e-20)
(-0.00240845 -0.000498629 1.50651e-20)
(-0.00130583 -0.000232098 1.95667e-20)
(2.50116e-05 1.98486e-05 -1.50735e-20)
(0.00158008 0.000214405 -4.49041e-21)
(0.00338371 0.00035563 1.1856e-20)
(0.00544763 0.000461729 -7.69338e-21)
(0.00778126 0.000557945 -1.86563e-20)
(0.0103934 0.000673031 -3.62334e-20)
(0.0133008 0.000837727 4.22564e-20)
(0.0165163 0.00106979 -4.70006e-20)
(0.0200488 0.00139391 3.88356e-20)
(0.0239055 0.00183997 2.05759e-20)
(0.0280865 0.00243796 -1.70843e-20)
(0.0326038 0.00318907 1.44337e-20)
(0.03746 0.00414934 -1.11489e-20)
(0.0426616 0.00531608 -6.36711e-21)
(0.0482193 0.00673895 4.28162e-21)
(0.0541121 0.00842271 -1.26977e-20)
(0.0603448 0.0103783 3.15274e-20)
(0.0669021 0.0126084 -1.55753e-20)
(0.0737743 0.0151065 2.3374e-20)
(0.0809301 0.0178702 -2.17088e-20)
(0.0883554 0.0208362 -8.3529e-21)
(0.096036 0.0240194 -2.53678e-20)
(0.103912 0.0273525 2.86131e-20)
(0.111957 0.0307844 -2.40081e-20)
(0.120124 0.0342538 -4.93371e-22)
(0.128371 0.0376772 9.03387e-21)
(0.136657 0.0409923 1.2272e-20)
(0.144926 0.0441119 -2.77386e-21)
(0.153136 0.0469534 5.99452e-21)
(0.161247 0.0494357 1.01727e-20)
(0.169222 0.0514828 -1.27396e-20)
(0.177038 0.0530276 8.86783e-21)
(0.184676 0.0540121 -1.28709e-20)
(0.192137 0.0543915 4.60103e-21)
(0.199433 0.0541384 6.92041e-21)
(0.206592 0.0532378 -1.74542e-20)
(0.21366 0.0517015 1.07046e-20)
(0.220691 0.0495473 -4.95698e-23)
(0.227764 0.0468233 -1.02473e-20)
(0.234959 0.0435909 1.06781e-20)
(0.24237 0.0399299 -4.73467e-21)
(0.250093 0.0359383 -1.85405e-21)
(0.258224 0.0317293 3.32707e-21)
(0.266855 0.0274287 7.20297e-21)
(0.276066 0.0231711 -3.13281e-21)
(0.285929 0.0190988 -9.8041e-21)
(0.296493 0.0153518 7.48501e-21)
(0.307795 0.0120654 -6.14939e-21)
(0.319839 0.009373 1.58539e-21)
(0.0361145 -0.00684797 -3.00312e-20)
(0.035754 -0.00564836 6.83752e-20)
(0.035548 -0.0045467 -3.44194e-20)
(0.0355081 -0.00354529 -1.00288e-20)
(0.0356453 -0.00264432 5.29914e-21)
(0.0359718 -0.0018417 -4.62258e-21)
(0.0365009 -0.00113321 7.3439e-21)
(0.0372597 -0.000518106 2.77222e-20)
(0.0382759 -5.98116e-05 1.79967e-21)
(0.039487 0.000370978 -6.51605e-20)
(0.0409017 0.000775053 1.01305e-20)
(0.0425839 0.00110986 5.33338e-20)
(0.0445255 0.00138989 -5.01524e-20)
(0.046734 0.00163322 2.25573e-20)
(0.0492198 0.00185982 2.39306e-20)
(0.0519949 0.00209063 -9.48192e-21)
(0.0550727 0.00234481 -1.19056e-20)
(0.0584639 0.00265845 -2.55542e-20)
(0.0621797 0.00306197 2.66183e-21)
(0.0662281 0.00358623 1.94275e-20)
(0.0706124 0.00426254 8.18527e-22)
(0.0753427 0.00510699 -4.10675e-21)
(0.0804205 0.00615902 2.01933e-21)
(0.085847 0.00741929 -1.01918e-20)
(0.0916338 0.00892754 1.38479e-20)
(0.0977626 0.0106909 -1.03846e-21)
(0.104232 0.0127214 4.93922e-21)
(0.111027 0.0150211 1.02491e-20)
(0.118133 0.0175819 -3.2541e-20)
(0.12552 0.020399 9.50804e-21)
(0.133166 0.0234199 3.4544e-21)
(0.141053 0.0266403 -3.07439e-20)
(0.149125 0.0300026 3.57454e-20)
(0.157347 0.0334537 1.28867e-20)
(0.16567 0.0369308 -1.10188e-20)
(0.174049 0.0403544 -9.27562e-21)
(0.182435 0.0436566 4.89956e-21)
(0.190774 0.0467535 1.4575e-20)
(0.199019 0.0495631 -3.12866e-20)
(0.207126 0.0520062 1.75413e-20)
(0.215058 0.0540084 6.83444e-21)
(0.222786 0.0555048 -7.05956e-21)
(0.230294 0.0564408 -2.09868e-20)
(0.237579 0.0567747 3.04197e-20)
(0.244652 0.0564823 -2.04092e-20)
(0.251544 0.0555527 4.17793e-21)
(0.2583 0.0539999 -2.28063e-21)
(0.264979 0.051846 3.22057e-21)
(0.27166 0.0491402 4.74417e-21)
(0.278429 0.0459456 -1.14126e-20)
(0.285384 0.0423427 2.11496e-21)
(0.292628 0.0384286 1.08016e-20)
(0.300263 0.0343149 -3.41725e-21)
(0.308387 0.0301245 -7.86513e-21)
(0.31709 0.0259889 3.62216e-21)
(0.326447 0.0220455 -5.22678e-21)
(0.336516 0.0184299 9.73976e-21)
(0.347337 0.0152723 -5.67677e-21)
(0.358917 0.0126973 -2.50233e-21)
(0.0799538 -0.00712977 -6.04394e-20)
(0.0796241 -0.00583982 6.52697e-20)
(0.0794468 -0.0046435 -2.02576e-20)
(0.0794347 -0.0035444 -2.92464e-20)
(0.0796002 -0.00254353 9.91829e-21)
(0.0799564 -0.00163925 1.89361e-20)
(0.0805188 -0.000825977 1.14463e-20)
(0.0813411 -0.000101201 -1.42303e-20)
(0.0823797 0.000489076 -1.96384e-20)
(0.0836144 0.00110462 1.44698e-20)
(0.085111 0.00160368 -9.27525e-22)
(0.0868645 0.0020333 3.12209e-20)
(0.0888825 0.00241374 -8.04692e-21)
(0.091176 0.00276079 -1.63731e-20)
(0.0937567 0.00309172 -5.78985e-21)
(0.0966372 0.00342819 2.16554e-20)
(0.0998296 0.00379464 -3.68954e-20)
(0.103345 0.00422008 3.01014e-20)
(0.107195 0.00473279 9.57415e-22)
(0.111389 0.00536097 -3.55707e-20)
(0.115928 0.00613533 3.10666e-20)
(0.120823 0.00707647 -2.17196e-20)
(0.126075 0.0082207 7.58755e-21)
(0.131683 0.0095725 -4.53807e-21)
(0.137654 0.0111646 3.95779e-20)
(0.143974 0.0130073 -2.70801e-20)
(0.150636 0.0151112 3.49947e-20)
(0.157623 0.0174779 -3.23404e-20)
(0.164919 0.0200985 -4.00061e-21)
(0.172493 0.0229657 -1.48217e-21)
(0.180318 0.0260332 3.05851e-20)
(0.188369 0.0292868 3.17346e-21)
(0.196593 0.0326727 -4.33446e-20)
(0.20495 0.0361367 9.53733e-21)
(0.213388 0.0396151 1.73003e-20)
(0.221856 0.0430308 -3.45014e-20)
(0.230304 0.0463128 2.59e-20)
(0.238676 0.0493791 -8.63633e-21)
(0.24692 0.0521489 -4.92191e-21)
(0.254991 0.0545442 1.31739e-20)
(0.262848 0.0564929 4.5411e-21)
(0.270463 0.0579324 -1.52177e-20)
(0.277816 0.058811 1.01112e-20)
(0.284905 0.0590905 -1.0696e-20)
(0.291742 0.0587501 1.13799e-20)
(0.298355 0.0577827 1.91722e-21)
(0.304792 0.0562049 -6.04506e-21)
(0.311113 0.0540431 -3.25241e-22)
(0.317399 0.0513479 1.92707e-21)
(0.323741 0.0481842 7.67531e-21)
(0.330238 0.0446333 2.25805e-21)
(0.336999 0.0407918 -7.11639e-21)
(0.34413 0.0367694 -7.65844e-21)
(0.351735 0.0326867 5.6809e-21)
(0.35991 0.0286716 5.30345e-21)
(0.368736 0.0248568 -1.04666e-20)
(0.378274 0.0213731 5.26673e-21)
(0.388568 0.0183453 5.67736e-21)
(0.399629 0.0158912 -6.78145e-21)
(0.127607 -0.0060569 -3.01348e-20)
(0.127349 -0.00476521 -2.24503e-20)
(0.12726 -0.00356708 5.89888e-21)
(0.127355 -0.00246463 2.66358e-20)
(0.127645 -0.00145689 -9.7302e-21)
(0.128142 -0.000538806 -3.30384e-20)
(0.128913 0.000275546 8.15882e-20)
(0.129916 0.00107993 -7.04409e-20)
(0.131124 0.00177268 8.91956e-21)
(0.1326 0.00238227 9.66718e-21)
(0.134345 0.00292882 7.46277e-22)
(0.136366 0.0034269 -3.3984e-20)
(0.138673 0.00389011 4.54203e-20)
(0.14128 0.00433599 1.87517e-20)
(0.144198 0.00478653 -2.84068e-20)
(0.147439 0.00526669 -2.47659e-20)
(0.151015 0.00580318 6.02353e-20)
(0.154937 0.00642418 -1.81265e-20)
(0.159214 0.0071578 -1.70343e-20)
(0.16385 0.00803375 -3.36702e-20)
(0.168851 0.00907279 1.48121e-20)
(0.174219 0.0103093 1.63344e-20)
(0.17995 0.0117516 3.11515e-20)
(0.18605 0.0134279 -4.46267e-20)
(0.192505 0.0153494 -6.05709e-22)
(0.199304 0.0175253 7.54595e-21)
(0.20643 0.0199567 1.32387e-20)
(0.213862 0.0226343 4.27573e-21)
(0.221569 0.0255483 -3.72034e-20)
(0.229518 0.028657 1.23801e-20)
(0.237681 0.0319393 3.21906e-20)
(0.246005 0.0353435 6.4925e-22)
(0.254444 0.0388145 -4.87915e-21)
(0.262945 0.0422883 1.71362e-21)
(0.271454 0.0456892 1.16702e-20)
(0.279915 0.0489443 -2.42301e-20)
(0.288271 0.0519732 -9.52298e-21)
(0.296469 0.054696 1.78936e-20)
(0.30446 0.0570365 -1.39728e-21)
(0.312203 0.0589245 -5.01711e-21)
(0.319668 0.0602997 -7.12783e-21)
(0.326835 0.0611137 6.41199e-21)
(0.3337 0.0613314 -9.25157e-21)
(0.340276 0.0609356 7.57033e-21)
(0.346592 0.0599231 -1.16e-20)
(0.352695 0.058313 7.73887e-21)
(0.358648 0.0561358 -4.69915e-21)
(0.364533 0.0534442 -3.03827e-21)
(0.370441 0.0503046 9.14065e-21)
(0.376477 0.0467994 5.24203e-23)
(0.382749 0.0430247 -1.78749e-21)
(0.389369 0.0390888 -7.87635e-21)
(0.396445 0.0351096 3.21728e-22)
(0.404076 0.0312117 5.07977e-21)
(0.412347 0.027523 5.40254e-21)
(0.421323 0.0241696 1.89406e-21)
(0.431051 0.0212706 -4.92335e-21)
(0.441546 0.0189372 -3.44599e-21)
(0.179833 -0.00636294 2.79171e-20)
(0.179354 -0.00497096 -1.37271e-20)
(0.179059 -0.00366872 -2.90091e-20)
(0.17896 -0.00245952 -5.6535e-20)
(0.17907 -0.00134359 1.47373e-19)
(0.179406 -0.000317051 -8.29966e-20)
(0.179997 0.000627415 1.13003e-20)
(0.180838 0.00156449 -2.92374e-20)
(0.181939 0.00238334 2.71385e-20)
(0.183306 0.00311674 6.56006e-20)
(0.184951 0.00378607 -2.33498e-20)
(0.186887 0.00440556 -2.23753e-20)
(0.189124 0.00498926 -7.60742e-21)
(0.191673 0.00555478 -1.10882e-20)
(0.194548 0.0061238 -1.12852e-20)
(0.19776 0.00672091 5.24287e-20)
(0.20132 0.00737192 -4.40105e-20)
(0.20524 0.00810443 7.7114e-21)
(0.209529 0.00894619 -2.72128e-20)
(0.214188 0.0099261 6.05501e-20)
(0.219225 0.0110657 -3.90684e-20)
(0.224641 0.0123966 -1.63606e-20)
(0.230429 0.0139303 8.77632e-22)
(0.236592 0.0156914 2.41276e-20)
(0.243115 0.0176912 -4.04358e-21)
(0.249987 0.0199379 9.28294e-21)
(0.257187 0.0224323 -3.18194e-21)
(0.26469 0.0251643 -2.96429e-21)
(0.272466 0.0281222 8.36667e-21)
(0.280478 0.0312678 -1.05795e-20)
(0.288691 0.0345745 1.56218e-20)
(0.297052 0.0379923 -4.04629e-21)
(0.305512 0.0414652 4.04546e-21)
(0.314015 0.0449289 -8.5163e-21)
(0.322504 0.0483091 6.42635e-21)
(0.330919 0.0515315 1.28328e-20)
(0.339203 0.0545171 -7.88866e-22)
(0.3473 0.0571871 -2.91045e-20)
(0.355159 0.0594668 -3.31288e-21)
(0.362739 0.0612883 8.58077e-22)
(0.370008 0.0625936 1.69214e-20)
(0.376948 0.0633372 -5.72138e-21)
(0.383553 0.0634876 4.67762e-21)
(0.389837 0.0630306 -1.94521e-21)
(0.39583 0.0619671 -8.61119e-21)
(0.40158 0.0603188 4.01001e-21)
(0.407149 0.0581202 5.75774e-21)
(0.41262 0.0554258 -1.01961e-20)
(0.418087 0.0523042 9.17036e-22)
(0.423653 0.0488384 2.49277e-21)
(0.429431 0.0451245 9.25393e-21)
(0.435534 0.0412693 -8.20654e-21)
(0.442071 0.0373885 1.60543e-21)
(0.449144 0.033603 -1.38834e-21)
(0.456841 0.0300364 4.06984e-21)
(0.465231 0.0268097 -3.00347e-21)
(0.474361 0.0240364 6.59047e-21)
(0.484247 0.0218211 -7.2383e-21)
(0.236384 -0.00683459 5.96563e-20)
(0.23552 -0.00533179 6.79778e-20)
(0.234866 -0.00391533 -9.11046e-20)
(0.234429 -0.00258955 -3.69317e-20)
(0.23422 -0.00135531 1.96429e-19)
(0.234246 -0.000202298 -8.78687e-20)
(0.234548 0.000908081 -8.34974e-20)
(0.235128 0.00194252 9.57115e-20)
(0.235991 0.0028893 -8.4881e-20)
(0.237138 0.00375495 6.1198e-20)
(0.238581 0.00455411 3.42826e-20)
(0.240331 0.00530217 -5.04059e-20)
(0.2424 0.00601321 -3.31732e-20)
(0.244799 0.00670459 7.59917e-20)
(0.24754 0.00739775 -1.39933e-20)
(0.250633 0.00811716 -3.93953e-20)
(0.254091 0.00888819 -2.913e-20)
(0.257925 0.00973742 5.99528e-20)
(0.262141 0.0106919 -1.55042e-20)
(0.266744 0.0117798 1.98186e-20)
(0.271738 0.0130231 -2.50872e-21)
(0.277122 0.0144513 3.90392e-20)
(0.28289 0.0160779 -3.05305e-20)
(0.28904 0.0179247 1.13288e-20)
(0.295558 0.020003 -2.76681e-21)
(0.302428 0.0223202 7.31674e-22)
(0.309628 0.0248763 -1.9768e-20)
(0.317131 0.0276608 -6.61883e-21)
(0.324903 0.0306603 2.95052e-20)
(0.332905 0.033839 -2.70555e-20)
(0.341097 0.0371665 2.0625e-20)
(0.349425 0.0405937 -4.53866e-21)
(0.357836 0.044064 1.63734e-21)
(0.366271 0.047513 4.42305e-22)
(0.374671 0.0508673 -2.08875e-21)
(0.382974 0.0540522 -3.73366e-21)
(0.39112 0.0569896 1.96496e-20)
(0.399051 0.059602 -2.93663e-20)
(0.406718 0.0618165 1.10962e-20)
(0.414078 0.0635672 -2.58054e-21)
(0.421098 0.0647984 7.20996e-22)
(0.427761 0.0654678 1.95164e-21)
(0.434063 0.0655468 -1.12782e-20)
(0.440018 0.0650249 1.31458e-20)
(0.445655 0.0639062 4.97584e-23)
(0.451024 0.0622156 2.62765e-21)
(0.456189 0.0599908 -9.90148e-21)
(0.46123 0.0572887 1.11992e-20)
(0.466244 0.0541796 -1.29666e-21)
(0.471333 0.0507475 -4.03947e-21)
(0.47661 0.0470884 2.23746e-21)
(0.482189 0.043308 -1.16299e-20)
(0.488179 0.0395195 1.08061e-20)
(0.494684 0.0358406 -8.5485e-21)
(0.501794 0.0323905 -4.05033e-21)
(0.509576 0.0292852 -2.54655e-22)
(0.518082 0.0266328 7.03319e-21)
(0.527327 0.0245315 4.05738e-21)
(0.297258 -0.00756035 1.5748e-19)
(0.295824 -0.00592928 9.4581e-21)
(0.294636 -0.00438241 -6.94722e-20)
(0.293699 -0.00292486 9.28933e-20)
(0.29302 -0.00155864 -9.2848e-20)
(0.292594 -0.000275992 -2.77208e-20)
(0.292466 0.000905847 -7.25867e-20)
(0.292652 0.00212845 1.20794e-19)
(0.293151 0.00323186 -1.21368e-19)
(0.293961 0.0042429 1.54853e-20)
(0.295087 0.00518273 6.95719e-20)
(0.296542 0.00606928 4.66208e-20)
(0.298337 0.00691666 -5.22261e-20)
(0.300483 0.00774212 -5.7901e-20)
(0.302989 0.00856699 1.08926e-19)
(0.305867 0.00941556 -1.1613e-20)
(0.309128 0.0103131 -2.65468e-20)
(0.312783 0.0112851 -2.62165e-20)
(0.316838 0.0123578 4.04697e-20)
(0.321295 0.0135586 -1.40208e-21)
(0.326158 0.0149099 2.75379e-20)
(0.331425 0.0164388 4.33937e-21)
(0.337089 0.0181606 -1.08724e-19)
(0.343143 0.0200948 1.44036e-20)
(0.349573 0.0222527 3.84968e-21)
(0.35636 0.0246405 5.09428e-20)
(0.363479 0.0272577 -2.95144e-20)
(0.370902 0.0300934 -5.55111e-21)
(0.37859 0.0331327 1.51039e-20)
(0.386502 0.0363416 -3.97061e-21)
(0.394594 0.0396868 6.21168e-21)
(0.40281 0.0431198 -9.08502e-21)
(0.411094 0.0465838 -5.63425e-21)
(0.419385 0.0500142 3.09683e-20)
(0.427619 0.0533384 -1.64511e-20)
(0.435735 0.0564818 3.07314e-21)
(0.443669 0.0593673 -8.16927e-21)
(0.451366 0.0619187 -1.3601e-20)
(0.458772 0.0640648 6.03878e-21)
(0.465846 0.0657418 2.20907e-20)
(0.472558 0.0668967 -7.06419e-21)
(0.478889 0.0674896 5.78882e-21)
(0.484838 0.0674954 -2.24802e-20)
(0.490419 0.0669065 1.2645e-20)
(0.495663 0.0657306 -6.02922e-21)
(0.50062 0.0639951 -5.44809e-21)
(0.505354 0.0617413 2.02198e-20)
(0.509948 0.0590279 -1.04508e-20)
(0.514494 0.0559271 2.75683e-21)
(0.519096 0.0525239 8.48406e-21)
(0.523866 0.048914 -7.87197e-21)
(0.528915 0.0452023 -6.68249e-21)
(0.534353 0.0414997 2.01857e-21)
(0.540284 0.0379208 -2.73637e-21)
(0.546795 0.0345805 9.63341e-21)
(0.553957 0.0315903 1.87978e-21)
(0.561818 0.0290526 -2.21311e-21)
(0.570397 0.0270594 -2.89653e-21)
(0.362315 -0.0086368 7.96285e-20)
(0.360113 -0.00685228 -2.66853e-20)
(0.358208 -0.00515216 -4.69783e-20)
(0.356601 -0.0035417 -7.88278e-20)
(0.355294 -0.00202391 1.36857e-19)
(0.354292 -0.000598636 6.45336e-20)
(0.353566 0.000734227 -5.34431e-20)
(0.353188 0.00211151 -6.61272e-20)
(0.353209 0.00336214 -9.6631e-21)
(0.35356 0.00452777 2.64568e-20)
(0.354252 0.00562017 3.09918e-20)
(0.355297 0.00665704 -2.48891e-20)
(0.356709 0.00765173 -4.64526e-20)
(0.358494 0.00862134 6.36305e-20)
(0.360663 0.00958713 -6.76759e-20)
(0.363225 0.0105732 1.25416e-19)
(0.36619 0.0116051 -2.67224e-20)
(0.36957 0.0127071 -1.37045e-21)
(0.373368 0.0139046 3.41548e-20)
(0.377587 0.0152243 -6.57297e-20)
(0.382228 0.0166885 -5.14088e-20)
(0.387287 0.0183226 5.49835e-20)
(0.392757 0.0201429 5.72288e-20)
(0.398627 0.0221671 -4.28564e-20)
(0.404881 0.0244061 -8.10881e-20)
(0.411498 0.0268654 6.60058e-20)
(0.418451 0.0295438 1.69736e-20)
(0.425706 0.0324301 2.46207e-20)
(0.433225 0.035508 -1.02431e-19)
(0.440962 0.0387448 1.05271e-19)
(0.448869 0.0421054 -5.80266e-20)
(0.456889 0.0455413 -1.03326e-20)
(0.464961 0.0489958 4.04062e-20)
(0.473023 0.0524044 -1.56646e-20)
(0.48101 0.0556954 7.89757e-21)
(0.488857 0.0587943 -2.19461e-20)
(0.496501 0.0616252 -1.15443e-21)
(0.503884 0.0641135 2.08094e-21)
(0.510957 0.0661895 1.39438e-20)
(0.517676 0.0677917 -2.04487e-22)
(0.524013 0.0688694 -8.66505e-22)
(0.529952 0.0693857 -1.5589e-20)
(0.535493 0.0693182 8.14504e-21)
(0.540652 0.0686624 -1.23566e-20)
(0.545461 0.0674292 8.93917e-21)
(0.549972 0.0656485 -2.45772e-21)
(0.554248 0.0633646 9.40294e-22)
(0.558372 0.0606381 6.31712e-21)
(0.562435 0.0575428 -4.50487e-23)
(0.566539 0.0541646 -4.58541e-21)
(0.570794 0.0505993 1.03469e-21)
(0.57531 0.0469505 -4.03964e-22)
(0.580194 0.0433274 2.34717e-21)
(0.585546 0.0398415 -3.24311e-21)
(0.591455 0.0366038 7.83375e-21)
(0.597988 0.0337211 -5.743e-21)
(0.605193 0.0312907 -2.15108e-21)
(0.61309 0.0293987 1.79261e-21)
(0.428059 -0.00819136 -4.19707e-20)
(0.425258 -0.0063085 1.31352e-19)
(0.422812 -0.0045182 -7.04775e-20)
(0.420716 -0.00282217 1.37303e-19)
(0.41897 -0.00121847 -1.14711e-19)
(0.417531 0.000323914 -1.24441e-21)
(0.416483 0.00172572 -6.75937e-20)
(0.415871 0.00318687 2.89376e-20)
(0.415635 0.00454517 5.2e-20)
(0.415774 0.00581088 -3.03338e-20)
(0.416297 0.00701418 -1.37335e-20)
(0.417216 0.00816984 1.5082e-20)
(0.418536 0.00929579 -4.88198e-20)
(0.420264 0.0104134 9.92881e-20)
(0.42241 0.0115469 8.146e-21)
(0.424981 0.0127223 -8.46669e-20)
(0.427989 0.0139628 8.51037e-20)
(0.431436 0.0152926 -2.88232e-20)
(0.435323 0.016738 -9.73961e-21)
(0.439649 0.0183211 -2.18506e-20)
(0.44441 0.0200657 -2.43965e-20)
(0.449594 0.0219885 6.09356e-20)
(0.45519 0.0241059 5.73992e-20)
(0.461178 0.0264284 -1.08966e-19)
(0.467536 0.0289608 2.26476e-20)
(0.474231 0.031701 4.78129e-20)
(0.48123 0.0346378 1.71997e-20)
(0.48849 0.0377537 -1.06872e-19)
(0.495962 0.0410169 8.43894e-20)
(0.503595 0.044391 -2.3656e-20)
(0.511329 0.0478277 -1.75977e-20)
(0.519101 0.0512704 -1.74914e-21)
(0.526846 0.0546549 -2.25581e-20)
(0.534498 0.0579102 7.47471e-20)
(0.54199 0.0609627 -6.67366e-20)
(0.54926 0.0637375 3.0072e-20)
(0.55625 0.0661617 -2.46973e-20)
(0.56291 0.0681674 1.45131e-20)
(0.569201 0.0696952 2.02468e-21)
(0.575095 0.0706969 -1.24264e-20)
(0.580578 0.0711382 9.7936e-22)
(0.585654 0.0709996 6.97637e-21)
(0.59034 0.0702791 3.05143e-21)
(0.594671 0.0689907 -1.08613e-20)
(0.598698 0.0671665 1.22072e-21)
(0.602488 0.0648534 -3.45633e-21)
(0.606119 0.0621138 1.8803e-21)
(0.609683 0.0590229 1.89457e-21)
(0.61328 0.0556673 2.38797e-21)
(0.617015 0.0521427 -3.96963e-21)
(0.620995 0.0485519 7.85679e-21)
(0.625324 0.045002 -6.63574e-21)
(0.6301 0.041602 -1.18126e-21)
(0.635405 0.0384591 -1.93139e-21)
(0.641308 0.0356759 6.56234e-21)
(0.647853 0.0333446 -2.15823e-22)
(0.655059 0.0315458 -4.16944e-21)
(0.499112 -0.0100305 -3.73514e-20)
(0.495258 -0.00792985 -1.20208e-19)
(0.491825 -0.00592806 1.72543e-19)
(0.488802 -0.00402569 -5.90874e-20)
(0.486186 -0.00222528 -5.93341e-21)
(0.483947 -0.000506613 -2.80959e-20)
(0.482079 0.00105654 -1.81621e-20)
(0.480672 0.00269947 6.08588e-20)
(0.479753 0.00424586 -1.13483e-21)
(0.479241 0.00570463 -5.49334e-20)
(0.479141 0.00709276 4.76312e-20)
(0.479468 0.0084251 -7.38568e-21)
(0.480226 0.00972149 -7.25408e-20)
(0.481419 0.0110034 5.35708e-20)
(0.483055 0.0122955 1.08302e-20)
(0.485141 0.0136248 -2.36918e-20)
(0.487686 0.0150131 4.03923e-20)
(0.490692 0.0164838 8.76274e-21)
(0.494158 0.0180626 -3.83934e-20)
(0.49808 0.0197712 4.70863e-20)
(0.502453 0.0216321 5.88272e-21)
(0.507263 0.0236621 2.93064e-20)
(0.512496 0.0258765 -1.55518e-20)
(0.518129 0.0282854 -1.1927e-20)
(0.524136 0.0308927 -2.51279e-20)
(0.530485 0.0336961 1.83649e-20)
(0.537137 0.0366837 7.55815e-21)
(0.544047 0.0398375 -4.65361e-20)
(0.551162 0.0431262 5.22574e-20)
(0.558429 0.0465124 -1.36888e-20)
(0.565786 0.0499484 -5.93325e-20)
(0.573166 0.0533776 4.34697e-21)
(0.580504 0.0567363 4.26437e-20)
(0.587731 0.0599547 -1.15759e-20)
(0.594781 0.0629598 -3.7985e-20)
(0.601591 0.0656783 3.57157e-20)
(0.608105 0.0680387 4.67508e-20)
(0.614273 0.0699754 -6.68451e-20)
(0.62006 0.071431 -9.44489e-21)
(0.625441 0.0723597 6.34054e-20)
(0.630405 0.0727297 9.77366e-21)
(0.634957 0.072524 -5.15034e-20)
(0.63912 0.0717432 3.14224e-20)
(0.642929 0.0704038 -9.7769e-21)
(0.646438 0.06854 9.98019e-21)
(0.649711 0.0662007 5.32947e-21)
(0.652828 0.0634499 -2.77248e-21)
(0.655879 0.060364 -9.95321e-21)
(0.658959 0.05703 -1.37745e-21)
(0.66217 0.0535436 -5.55598e-21)
(0.665615 0.0500065 1.00349e-20)
(0.669393 0.0465243 1.09271e-21)
(0.673597 0.0432034 -8.50182e-22)
(0.678306 0.0401475 3.28267e-21)
(0.683583 0.0374552 -7.04882e-21)
(0.689471 0.0352142 9.21452e-21)
(0.695986 0.0334999 -6.3369e-21)
(0.572471 -0.0124369 -4.31779e-20)
(0.567454 -0.01008 -5.91248e-20)
(0.562926 -0.00783201 1.13527e-19)
(0.558871 -0.00569214 -1.01079e-19)
(0.55528 -0.00366137 1.07568e-19)
(0.552129 -0.00171976 -6.0156e-20)
(0.54938 0.000104724 9.38763e-20)
(0.547116 0.00177546 -1.14865e-19)
(0.54539 0.00357783 7.38295e-20)
(0.54413 0.00526 -8.36524e-20)
(0.543324 0.00685236 3.09303e-20)
(0.542978 0.00837805 2.70143e-20)
(0.543094 0.00986009 -5.45055e-20)
(0.543673 0.0113199 -2.96353e-20)
(0.54472 0.0127826 7.49052e-20)
(0.546241 0.0142768 -6.53316e-20)
(0.548244 0.0158231 -1.93572e-20)
(0.550729 0.0174436 1.35421e-19)
(0.553693 0.0191639 -7.38432e-20)
(0.557131 0.021005 4.72926e-20)
(0.561034 0.0229883 -5.6726e-20)
(0.565387 0.0251305 3.45299e-20)
(0.570171 0.027446 -6.2674e-20)
(0.575364 0.0299444 4.6454e-20)
(0.580936 0.032629 -4.98478e-20)
(0.58685 0.035497 8.31278e-20)
(0.593066 0.0385362 -9.09141e-20)
(0.599535 0.041728 6.20992e-20)
(0.606204 0.0450416 1.32695e-20)
(0.613014 0.0484393 -1.12519e-21)
(0.619901 0.0518735 -3.01684e-20)
(0.626799 0.0552882 -1.84625e-20)
(0.633638 0.0586204 2.4963e-20)
(0.640351 0.0618013 2.2682e-20)
(0.64687 0.0647592 -4.33943e-20)
(0.653135 0.0674222 3.05166e-20)
(0.659089 0.0697209 -4.55592e-20)
(0.664688 0.0715913 4.60158e-20)
(0.669898 0.0729785 -4.73138e-21)
(0.674697 0.073839 1.80772e-21)
(0.679079 0.0741432 -1.61135e-20)
(0.683053 0.0738767 3.16425e-20)
(0.686644 0.0730421 -1.54208e-20)
(0.68989 0.071658 9.09839e-21)
(0.692846 0.0697605 2.44685e-21)
(0.695577 0.0674002 -8.95247e-21)
(0.698162 0.0646421 7.11107e-21)
(0.700686 0.0615635 -1.26391e-20)
(0.703243 0.0582517 1.22906e-20)
(0.70593 0.0548022 3.29605e-21)
(0.708844 0.0513159 -4.07091e-22)
(0.712079 0.0478965 -3.65932e-21)
(0.715721 0.0446482 -4.79185e-21)
(0.719844 0.0416717 5.93841e-21)
(0.724507 0.0390617 -4.21264e-21)
(0.729748 0.0369019 -8.76493e-21)
(0.73558 0.0352629 9.97229e-21)
(0.741991 0.0341954 -2.51538e-21)
(0.647082 -0.0154503 1.62315e-19)
(0.640858 -0.0127982 2.79071e-20)
(0.635188 -0.0102687 -4.38417e-20)
(0.630052 -0.00785921 -1.45237e-19)
(0.625434 -0.00556874 3.85067e-20)
(0.621319 -0.00338666 7.74279e-22)
(0.617685 -0.00132702 1.30172e-19)
(0.614484 0.000566073 -8.41467e-20)
(0.611849 0.00244713 -8.24068e-20)
(0.609803 0.00440521 1.20773e-19)
(0.60824 0.00624901 -7.48373e-20)
(0.607166 0.00799429 7.71598e-20)
(0.606583 0.00968053 4.72505e-20)
(0.606491 0.0113329 -3.06376e-20)
(0.60689 0.0129786 -5.27437e-20)
(0.607785 0.0146493 6.01073e-20)
(0.609184 0.0163636 -4.2449e-20)
(0.611084 0.0181431 4.56167e-20)
(0.61348 0.0200128 -3.17291e-20)
(0.616364 0.0219934 -5.45205e-20)
(0.619726 0.024105 -2.03665e-20)
(0.623548 0.0263644 9.94556e-20)
(0.62781 0.028785 -1.62207e-20)
(0.632484 0.0313759 -5.37887e-20)
(0.637539 0.0341401 4.16531e-20)
(0.642937 0.0370741 3.95303e-20)
(0.648633 0.0401659 1.04557e-20)
(0.654576 0.0433959 -1.00333e-19)
(0.66071 0.0467343 7.2081e-20)
(0.666975 0.050143 -6.28262e-20)
(0.673304 0.0535749 -5.17574e-22)
(0.67963 0.0569747 1.91643e-20)
(0.685882 0.0602803 5.29606e-20)
(0.691993 0.0634241 -5.24278e-20)
(0.697896 0.0663361 6.94952e-20)
(0.703532 0.0689458 -2.15203e-20)
(0.708849 0.0711859 -6.74429e-20)
(0.713803 0.0729945 -3.88106e-22)
(0.718366 0.0743189 9.541e-21)
(0.72252 0.0751178 -5.52129e-21)
(0.726263 0.0753638 6.52978e-20)
(0.729609 0.0750446 -6.09962e-21)
(0.732584 0.0741646 3.48932e-21)
(0.735231 0.0727444 -1.93721e-20)
(0.737606 0.0708211 -2.23652e-21)
(0.739773 0.0684468 -2.07074e-21)
(0.74181 0.0656871 5.76112e-21)
(0.7438 0.0626199 -2.33678e-20)
(0.745833 0.0593327 1.99001e-20)
(0.747999 0.0559202 -2.42283e-21)
(0.75039 0.0524826 -4.51739e-21)
(0.753093 0.0491221 1.16408e-21)
(0.756187 0.0459406 1.70498e-21)
(0.759741 0.0430362 9.4316e-23)
(0.763808 0.0405001 5.34931e-21)
(0.768419 0.0384122 -5.17861e-21)
(0.773586 0.0368391 4.57804e-22)
(0.779292 0.0358273 7.5328e-21)
(0.714282 -0.0160904 -1.89959e-20)
(0.707501 -0.0132472 1.17017e-19)
(0.701304 -0.0105387 3.63033e-21)
(0.695673 -0.00796152 -3.3794e-20)
(0.690592 -0.00550695 -1.29219e-20)
(0.686042 -0.00317256 1.46468e-20)
(0.681999 -0.000960774 3.242e-20)
(0.678455 0.00104722 -1.54464e-19)
(0.675506 0.00316038 5.55536e-20)
(0.673179 0.00525985 -2.46164e-20)
(0.671366 0.00725087 1.37742e-19)
(0.670062 0.0091621 -8.90017e-20)
(0.669271 0.0110224 -1.07309e-20)
(0.668989 0.0128635 -9.71957e-21)
(0.66922 0.0147216 -1.17826e-21)
(0.669974 0.0166136 -2.81394e-20)
(0.671244 0.0185603 1.14533e-19)
(0.673023 0.0205868 9.40634e-21)
(0.675301 0.0227132 -5.01036e-20)
(0.678065 0.0249586 -5.78896e-20)
(0.681296 0.0273394 -4.34521e-21)
(0.68497 0.0298686 6.09095e-20)
(0.689059 0.0325548 -3.47918e-21)
(0.693526 0.0354004 -1.61684e-20)
(0.698333 0.0384017 2.64275e-20)
(0.703432 0.0415465 -4.30197e-20)
(0.708769 0.0448151 9.24418e-21)
(0.714288 0.0481781 -2.69395e-20)
(0.719924 0.0515976 2.98208e-20)
(0.725611 0.055027 -3.44799e-20)
(0.73128 0.0584121 1.65778e-20)
(0.736862 0.0616917 -3.51289e-20)
(0.742289 0.0647999 8.91665e-20)
(0.747497 0.0676682 -4.77269e-20)
(0.752428 0.0702281 -1.35825e-20)
(0.757034 0.0724143 -1.80379e-20)
(0.761277 0.0741671 7.27189e-20)
(0.765131 0.0754359 -5.01514e-20)
(0.768584 0.0761816 1.06026e-20)
(0.771638 0.0763788 1.62999e-20)
(0.774312 0.0760169 -2.27769e-20)
(0.776637 0.0751021 3.61578e-20)
(0.778656 0.073656 -2.81168e-20)
(0.780427 0.0717168 -8.97852e-21)
(0.782016 0.0693373 1.62694e-20)
(0.783497 0.0665835 -1.10236e-20)
(0.784951 0.0635335 -9.2237e-21)
(0.786461 0.0602743 -1.87574e-21)
(0.788115 0.0569005 1.45847e-20)
(0.789996 0.0535108 5.54361e-21)
(0.792184 0.0502062 4.06253e-21)
(0.79475 0.0470865 -3.741e-21)
(0.797757 0.0442474 -1.60725e-21)
(0.80125 0.041777 -4.97522e-21)
(0.805256 0.0397521 -1.04409e-21)
(0.809781 0.0382352 1.1228e-20)
(0.814806 0.0372696 -5.80328e-21)
(0.786401 -0.0199227 -3.09357e-20)
(0.77863 -0.0167404 3.37626e-21)
(0.771474 -0.0137089 -4.38525e-20)
(0.764916 -0.0108224 7.737e-20)
(0.75894 -0.00807266 -3.24881e-20)
(0.75353 -0.00545369 -5.06718e-21)
(0.748666 -0.00296298 9.42203e-20)
(0.744324 -0.000606313 4.03464e-20)
(0.740541 0.0015759 -1.58224e-19)
(0.737399 0.00390539 1.06005e-19)
(0.734858 0.00614729 1.8883e-20)
(0.732848 0.00829994 -5.65315e-20)
(0.731364 0.0103812 -6.53733e-20)
(0.730398 0.0124283 5.91202e-20)
(0.729956 0.0144833 -5.01911e-21)
(0.730048 0.0165611 -4.05216e-21)
(0.730665 0.0186821 4.02026e-21)
(0.731798 0.0208714 5.32844e-20)
(0.733435 0.0231485 -1.12772e-19)
(0.735562 0.0255319 1.18864e-19)
(0.738156 0.0280374 -1.04496e-19)
(0.741192 0.0306777 4.86446e-20)
(0.744638 0.0334609 1.82412e-20)
(0.748458 0.0363891 -2.01505e-20)
(0.75261 0.0394583 -9.40343e-21)
(0.757043 0.0426564 -2.1287e-20)
(0.761704 0.0459636 -1.68547e-20)
(0.766533 0.049351 8.33329e-20)
(0.771465 0.0527811 -8.79024e-20)
(0.776434 0.0562083 5.07882e-20)
(0.781371 0.0595793 3.67809e-20)
(0.786206 0.0628345 -8.25276e-20)
(0.790875 0.0659094 1.95959e-20)
(0.795317 0.0687374 2.96399e-20)
(0.799476 0.0712523 1.18046e-20)
(0.803309 0.0733907 -5.45468e-20)
(0.806782 0.0750953 4.29748e-20)
(0.809875 0.0763175 -1.1929e-20)
(0.812582 0.0770202 -5.63231e-22)
(0.814909 0.0771797 6.29567e-21)
(0.81688 0.0767871 1.10194e-20)
(0.818528 0.0758495 -7.28011e-21)
(0.819901 0.0743895 -9.49789e-21)
(0.821056 0.0724458 8.14027e-21)
(0.822059 0.0700714 5.37985e-22)
(0.822983 0.0673325 -2.70385e-20)
(0.823905 0.0643067 1.81788e-20)
(0.824903 0.0610806 1.32865e-20)
(0.826058 0.0577479 -1.95158e-20)
(0.827447 0.0544065 1.44382e-20)
(0.829141 0.0511557 -3.21048e-21)
(0.831205 0.0480936 -2.10878e-20)
(0.833691 0.0453135 2.11359e-20)
(0.836639 0.0429012 -5.18043e-21)
(0.840069 0.0409304 -3.93603e-21)
(0.843983 0.0394605 3.70475e-21)
(0.848357 0.0385316 -7.18527e-21)
(0.855861 -0.0242197 -1.41872e-19)
(0.84731 -0.0206837 1.13031e-19)
(0.83938 -0.0173144 -2.13615e-20)
(0.832058 -0.0141042 -3.36855e-20)
(0.825329 -0.0110452 3.50675e-20)
(0.81918 -0.00812928 -6.62329e-20)
(0.813599 -0.00535339 -2.84453e-21)
(0.80857 -0.00271831 1.31108e-19)
(0.804052 -0.000242064 -1.40572e-20)
(0.800154 0.00211602 -8.75274e-20)
(0.796919 0.0046698 2.69877e-20)
(0.794245 0.00709321 5.60442e-21)
(0.792107 0.00941182 -6.42371e-20)
(0.790485 0.0116747 1.09413e-19)
(0.789386 0.0139346 -5.96436e-20)
(0.788824 0.0162043 5.60461e-20)
(0.788788 0.0185045 -1.88493e-21)
(0.789267 0.0208605 1.72513e-21)
(0.790247 0.0232916 2.25135e-20)
(0.791712 0.0258152 -8.87485e-20)
(0.793639 0.0284471 -4.2567e-22)
(0.795999 0.0311996 -1.96417e-21)
(0.798761 0.0340802 4.40854e-20)
(0.801886 0.037091 2.79836e-20)
(0.805328 0.0402279 -1.92452e-20)
(0.809039 0.0434788 -6.55037e-21)
(0.812963 0.0468242 -3.6942e-20)
(0.817038 0.0502356 2.70315e-20)
(0.821201 0.0536764 3.96158e-20)
(0.825386 0.0571019 -3.08541e-20)
(0.829524 0.0604601 3.24329e-20)
(0.833549 0.063693 -4.36868e-20)
(0.837398 0.066738 6.13301e-20)
(0.841014 0.0695306 -3.98644e-20)
(0.844346 0.0720066 1.41268e-20)
(0.847356 0.0741049 8.39738e-21)
(0.850016 0.0757704 -6.55265e-20)
(0.85231 0.0769566 4.72226e-20)
(0.854239 0.0776281 -3.52831e-20)
(0.855814 0.0777627 2.1253e-20)
(0.857062 0.0773526 2.23057e-20)
(0.858021 0.0764057 -1.77903e-20)
(0.85874 0.0749452 -2.61354e-20)
(0.859278 0.0730096 8.07523e-21)
(0.859698 0.0706519 5.42896e-21)
(0.860073 0.0679379 -1.37252e-20)
(0.860474 0.0649444 -3.09271e-22)
(0.860976 0.0617574 5.95486e-21)
(0.861653 0.0584695 -4.73692e-21)
(0.862572 0.0551775 1.59461e-20)
(0.863799 0.0519792 -2.80243e-21)
(0.865389 0.0489711 4.50998e-21)
(0.867387 0.0462445 2.70186e-21)
(0.869824 0.043883 -1.5897e-20)
(0.872713 0.0419578 1.18947e-20)
(0.876051 0.0405256 2.52217e-21)
(0.879811 0.0396241 -1.91791e-22)
(0.912367 -0.0249841 -6.38075e-20)
(0.903919 -0.0212736 -3.57481e-20)
(0.89606 -0.0177354 1.7215e-20)
(0.888781 -0.0143617 5.3893e-20)
(0.882074 -0.0111429 6.62702e-20)
(0.875929 -0.00807418 -1.68174e-20)
(0.870339 -0.00514989 -6.95316e-20)
(0.865293 -0.00237386 2.7096e-21)
(0.860743 0.000202146 5.05411e-20)
(0.85682 0.0028251 -2.72996e-21)
(0.853573 0.00553673 1.67644e-20)
(0.850854 0.00812241 2.2177e-21)
(0.848632 0.0106135 -5.98246e-20)
(0.846919 0.0130847 1.13735e-20)
(0.845732 0.0155494 -2.87399e-20)
(0.845062 0.0180305 1.00328e-19)
(0.844895 0.0205544 -2.94877e-20)
(0.845219 0.0231397 -1.05396e-20)
(0.846015 0.0258036 6.12139e-20)
(0.847258 0.0285614 -1.21288e-19)
(0.84892 0.031425 5.65313e-20)
(0.850967 0.0344019 -7.14772e-20)
(0.853359 0.037494 8.2554e-20)
(0.856052 0.0406971 1.7989e-20)
(0.858994 0.0439995 -2.82597e-20)
(0.862131 0.0473819 -3.50126e-20)
(0.865401 0.0508165 8.42785e-21)
(0.868742 0.0542678 3.7444e-20)
(0.872089 0.0576922 3.13759e-21)
(0.875376 0.0610392 -4.02336e-20)
(0.878539 0.0642526 -1.29079e-20)
(0.88152 0.0672719 -1.43512e-20)
(0.884267 0.0700347 4.04372e-20)
(0.886733 0.072479 1.10082e-21)
(0.888887 0.0745461 5.67769e-21)
(0.890705 0.076183 -3.16322e-20)
(0.89218 0.0773449 1.31049e-20)
(0.893315 0.0779981 1.3304e-20)
(0.894128 0.0781217 2.88419e-20)
(0.89465 0.0777087 -2.31082e-20)
(0.894921 0.0767671 3.94419e-21)
(0.894992 0.0753203 -1.90459e-21)
(0.894922 0.0734066 -1.32887e-20)
(0.894774 0.0710781 1.23852e-20)
(0.894617 0.0683999 1.60824e-20)
(0.894518 0.065448 -2.2696e-20)
(0.894547 0.0623071 2.30044e-20)
(0.89477 0.0590687 -1.70343e-20)
(0.895249 0.0558283 -1.51592e-21)
(0.89604 0.0526823 1.07967e-22)
(0.897189 0.0497257 1.99102e-22)
(0.898734 0.0470481 1.55146e-21)
(0.900696 0.044731 3.33384e-21)
(0.903084 0.0428438 -1.01328e-20)
(0.905886 0.041441 -2.32274e-22)
(0.909073 0.040558 7.81636e-21)
(0.972843 -0.0295215 1.84407e-20)
(0.96418 -0.0254816 2.98867e-20)
(0.956058 -0.0216245 -1.36057e-19)
(0.948474 -0.0179424 5.26325e-20)
(0.941428 -0.0144253 6.21984e-20)
(0.934914 -0.0110673 -5.92159e-20)
(0.928929 -0.00785925 8.18998e-20)
(0.923467 -0.00479855 -1.23042e-19)
(0.918508 -0.00185876 1.27459e-19)
(0.914052 0.000836919 -6.34239e-20)
(0.910217 0.00375137 1.37012e-20)
(0.907007 0.00655477 6.9373e-22)
(0.904266 0.00926607 -5.71207e-20)
(0.901999 0.0119474 1.50516e-21)
(0.900234 0.0146056 4.76142e-20)
(0.898964 0.0172659 8.68432e-22)
(0.898175 0.0199559 9.91993e-21)
(0.897855 0.0226933 2.22172e-20)
(0.897985 0.0254951 -5.62923e-20)
(0.89854 0.0283762 -1.8673e-20)
(0.899492 0.0313482 1.17988e-19)
(0.900805 0.0344185 -6.70429e-20)
(0.902441 0.037589 5.60702e-21)
(0.904354 0.0408556 -7.35568e-21)
(0.906495 0.0442069 5.3306e-20)
(0.908808 0.0476242 -4.05063e-20)
(0.911235 0.0510806 -3.45245e-20)
(0.913715 0.0545417 6.37768e-20)
(0.916185 0.0579653 -3.95948e-21)
(0.918584 0.0613027 -2.39439e-20)
(0.920852 0.0644994 -2.25771e-20)
(0.922935 0.0674974 4.83185e-20)
(0.924787 0.0702364 -5.27211e-20)
(0.926368 0.0726569 5.80287e-20)
(0.927651 0.0747022 -6.12876e-20)
(0.92862 0.0763214 5.29728e-20)
(0.929271 0.0774716 -6.32092e-21)
(0.929616 0.0781202 1.91938e-20)
(0.929675 0.0782474 -7.6417e-20)
(0.929483 0.0778465 5.20097e-20)
(0.929082 0.0769256 -3.37984e-20)
(0.928525 0.0755076 2.33074e-20)
(0.92787 0.0736302 6.53734e-21)
(0.927178 0.0713444 8.16189e-21)
(0.926515 0.0687141 -5.69628e-21)
(0.925945 0.065814 -2.71211e-20)
(0.925531 0.0627275 9.09786e-22)
(0.925332 0.0595447 2.84239e-20)
(0.925403 0.0563595 -2.45849e-20)
(0.925792 0.0532673 1.93571e-20)
(0.926537 0.0503612 -2.27918e-20)
(0.927667 0.0477294 9.19038e-21)
(0.929195 0.0454518 -1.84322e-21)
(0.931122 0.0435963 -1.681e-21)
(0.933432 0.0422154 -9.4042e-21)
(0.93609 0.0413433 1.00317e-20)
(1.02812 -0.0340962 4.60149e-20)
(1.01955 -0.0297564 -1.18621e-20)
(1.01145 -0.0256065 -7.26008e-20)
(1.00382 -0.0216394 4.10417e-21)
(0.996668 -0.0178454 9.68764e-20)
(0.989992 -0.0142183 -3.12592e-20)
(0.983794 -0.0107478 -1.34498e-19)
(0.978076 -0.00743102 1.87317e-19)
(0.972831 -0.00425286 -1.16637e-20)
(0.968011 -0.00121836 -9.5122e-20)
(0.96374 0.0015895 1.8678e-20)
(0.960084 0.00467842 -6.10034e-20)
(0.95689 0.00764453 -5.17553e-21)
(0.954133 0.0105489 1.26671e-19)
(0.951842 0.0134039 1.96427e-20)
(0.950012 0.0162427 -2.15778e-20)
(0.948632 0.019096 7.71208e-21)
(0.947689 0.021982 -3.48143e-20)
(0.947167 0.0249176 -8.28446e-20)
(0.947039 0.0279179 9.73753e-20)
(0.947277 0.0309943 1.92918e-20)
(0.947849 0.0341541 -4.40568e-20)
(0.948714 0.0373995 -1.24335e-20)
(0.949831 0.0407266 3.50059e-20)
(0.951149 0.0441246 -8.31648e-21)
(0.952616 0.0475755 1.24028e-20)
(0.954177 0.0510535 -2.48112e-20)
(0.955774 0.0545254 4.1309e-20)
(0.957347 0.0579506 -1.08486e-19)
(0.95884 0.0612823 7.99475e-20)
(0.960199 0.0644681 -2.78938e-20)
(0.961376 0.0674522 -3.15682e-20)
(0.962328 0.0701765 3.2563e-20)
(0.963025 0.0725838 -4.94177e-21)
(0.963444 0.0746195 2.7031e-20)
(0.963576 0.0762345 -7.03372e-20)
(0.963423 0.0773875 5.36039e-20)
(0.962999 0.0780468 -4.16333e-20)
(0.96233 0.0781931 5.02196e-20)
(0.961453 0.0778198 -2.67924e-20)
(0.960413 0.0769347 -1.25808e-20)
(0.959261 0.07556 1.79813e-20)
(0.958054 0.0737319 -1.72006e-21)
(0.956854 0.0715006 -1.87393e-20)
(0.95572 0.0689282 1.4518e-20)
(0.954714 0.0660879 -1.01286e-20)
(0.953892 0.0630617 2.34859e-21)
(0.953307 0.059938 2.70603e-20)
(0.953008 0.0568095 -4.35229e-21)
(0.953032 0.0537698 8.52007e-21)
(0.953412 0.0509109 -3.31396e-20)
(0.954166 0.0483197 2.53438e-20)
(0.955301 0.0460747 -8.62715e-21)
(0.956811 0.0442425 1.4218e-20)
(0.958674 0.0428747 -2.84615e-21)
(0.960849 0.0420041 -1.87025e-20)
(1.07798 -0.0385809 1.13639e-19)
(1.0698 -0.0339703 -1.4618e-19)
(1.06197 -0.0295532 -2.45281e-21)
(1.05453 -0.0253233 7.94539e-21)
(1.04748 -0.0212721 3.824e-20)
(1.04082 -0.0173936 -7.26135e-20)
(1.03458 -0.0136781 1.45516e-19)
(1.02875 -0.0101214 8.1353e-21)
(1.02335 -0.00671608 -5.01417e-20)
(1.01836 -0.00346238 4.38654e-20)
(1.01373 -0.000439233 1.81087e-21)
(1.00962 0.00271478 -1.01122e-19)
(1.00606 0.00586261 8.23015e-20)
(1.00288 0.0089762 -6.82404e-20)
(1.00012 0.0120191 6.32477e-20)
(0.997775 0.0150279 -5.99085e-20)
(0.995837 0.0180361 8.04232e-20)
(0.994297 0.0210626 -1.39538e-20)
(0.993138 0.0241247 -3.98174e-20)
(0.992338 0.0272377 -1.33956e-20)
(0.99187 0.0304134 6.94325e-20)
(0.9917 0.033659 -6.2502e-20)
(0.991794 0.0369772 5.40978e-22)
(0.992108 0.0403646 -5.94668e-20)
(0.992598 0.043811 1.82152e-20)
(0.993214 0.0472993 -3.68089e-22)
(0.993904 0.0508049 4.84651e-20)
(0.994613 0.054296 3.84755e-20)
(0.99529 0.0577335 -1.02195e-19)
(0.995881 0.0610725 9.75294e-20)
(0.99634 0.0642625 -9.64278e-20)
(0.996624 0.0672495 6.57593e-20)
(0.996697 0.0699778 -2.12149e-20)
(0.996534 0.0723917 -3.44648e-20)
(0.99612 0.0744384 4.79872e-20)
(0.995449 0.0760701 3.48235e-21)
(0.99453 0.0772464 -2.67024e-20)
(0.99338 0.0779364 3.94838e-20)
(0.992028 0.0781204 -4.53359e-20)
(0.990512 0.0777917 2.16969e-20)
(0.988877 0.0769572 -3.77743e-21)
(0.987176 0.075638 -1.76311e-20)
(0.985464 0.0738691 1.8898e-20)
(0.983799 0.0716989 -1.42808e-20)
(0.982237 0.0691881 3.51654e-21)
(0.980836 0.0664084 -1.12644e-20)
(0.979647 0.0634401 2.38905e-20)
(0.978716 0.0603703 -1.5144e-20)
(0.978085 0.0572903 1.42473e-22)
(0.977784 0.0542927 1.72967e-20)
(0.977838 0.0514684 -4.27861e-21)
(0.978257 0.0489034 1.82061e-21)
(0.979041 0.0466753 8.41917e-21)
(0.980176 0.0448503 -1.69066e-20)
(0.981636 0.0434791 3.33363e-21)
(0.983375 0.0425946 -1.18203e-20)
(1.11502 -0.038751 1.03856e-19)
(1.10765 -0.0340654 7.93727e-21)
(1.10056 -0.0295681 5.3436e-20)
(1.09376 -0.0252517 -3.40815e-20)
(1.08726 -0.0211108 -9.30682e-20)
(1.08109 -0.0171363 -2.14244e-20)
(1.07526 -0.0133227 3.5007e-21)
(1.06978 -0.00966007 1.18327e-20)
(1.06465 -0.00613717 6.30305e-20)
(1.05984 -0.00272258 -7.80933e-20)
(1.05543 0.000385506 -2.66895e-21)
(1.05146 0.00363942 9.3348e-20)
(1.04788 0.00694278 6.90176e-21)
(1.0447 0.0101719 -7.84995e-20)
(1.04187 0.0133528 6.00216e-20)
(1.03941 0.0165165 -2.98204e-20)
(1.03729 0.0196828 4.31454e-20)
(1.03552 0.0228704 -9.13985e-20)
(1.03406 0.0260949 3.07429e-20)
(1.0329 0.0293684 3.95676e-20)
(1.032 0.0326984 -1.64455e-20)
(1.03133 0.036088 5.45172e-20)
(1.03085 0.0395344 -9.17339e-20)
(1.03053 0.0430283 3.25739e-20)
(1.0303 0.0465537 4.01224e-20)
(1.03014 0.0500873 -2.61148e-20)
(1.02998 0.0535988 -4.22364e-20)
(1.02978 0.0570512 2.00059e-20)
(1.0295 0.0604014 6.07233e-23)
(1.02909 0.0636011 -1.13571e-20)
(1.02852 0.0665986 -2.02004e-21)
(1.02776 0.06934 1.17272e-20)
(1.02679 0.0717719 3.63567e-20)
(1.02559 0.073843 -5.23512e-20)
(1.02418 0.0755068 6.19258e-21)
(1.02255 0.0767237 4.57387e-21)
(1.02074 0.0774632 3.15919e-20)
(1.01876 0.0777056 -3.06124e-21)
(1.01667 0.0774434 -3.0754e-20)
(1.0145 0.0766824 8.60425e-21)
(1.01231 0.0754422 -1.04546e-20)
(1.01014 0.073756 1.54544e-20)
(1.00806 0.0716704 6.72396e-21)
(1.00612 0.0692439 -1.55725e-20)
(1.00437 0.0665461 6.05535e-21)
(1.00286 0.0636553 -2.25483e-20)
(1.00163 0.0606569 3.12919e-20)
(1.0007 0.0576405 -1.20208e-20)
(1.00012 0.0546973 1.47174e-20)
(0.999884 0.051917 -1.11986e-20)
(1.00001 0.0493848 -6.26366e-21)
(1.00048 0.0471774 -9.08082e-22)
(1.00128 0.0453606 -7.80068e-22)
(1.00238 0.043985 1.55375e-20)
(1.00373 0.0430832 -1.68732e-20)
)
;

boundaryField
{
    inlet
    {
        type            uniformFixedValue;
        uniformValue    constant (1 0 0);
        value           nonuniform 0();
    }
    outlet
    {
        type            pressureInletOutletVelocity;
        value           nonuniform 0();
    }
    cylinder
    {
        type            fixedValue;
        value           nonuniform 0();
    }
    top
    {
        type            symmetryPlane;
    }
    bottom
    {
        type            symmetryPlane;
    }
    defaultFaces
    {
        type            empty;
    }
    procBoundary6to2
    {
        type            processor;
        value           nonuniform List<vector> 
57
(
(1.24976 -0.0538118 0)
(1.24766 -0.049015 0)
(1.2454 -0.0443221 0)
(1.24299 -0.0397333 0)
(1.24045 -0.0352487 0)
(1.2378 -0.0308666 0)
(1.23507 -0.0265852 0)
(1.23227 -0.0224011 0)
(1.22943 -0.0183109 0)
(1.22655 -0.0143127 0)
(1.22367 -0.0103994 0)
(1.22079 -0.00656664 0)
(1.21794 -0.00278345 0)
(1.21512 0.000957942 0)
(1.21232 0.00465899 0)
(1.20956 0.00833217 0)
(1.20683 0.0119865 0)
(1.20413 0.0156285 0)
(1.20144 0.0192631 0)
(1.19877 0.0228928 0)
(1.1961 0.0265178 0)
(1.19341 0.0301347 0)
(1.19068 0.0337366 0)
(1.18791 0.037312 0)
(1.18506 0.040845 0)
(1.18213 0.0443153 0)
(1.17908 0.0476982 0)
(1.17591 0.0509647 0)
(1.1726 0.0540825 0)
(1.16914 0.0570167 0)
(1.16553 0.0597305 0)
(1.16177 0.0621868 0)
(1.15786 0.0643493 0)
(1.15382 0.0661841 0)
(1.14966 0.0676612 0)
(1.14543 0.068756 0)
(1.14114 0.0694504 0)
(1.14114 0.0694504 0)
(1.15161 0.0678233 0)
(1.14719 0.0677428 0)
(1.14286 0.0672782 0)
(1.13865 0.0664476 0)
(1.13462 0.0652786 0)
(1.13081 0.0638079 0)
(1.12724 0.0620808 0)
(1.12397 0.0601499 0)
(1.121 0.0580745 0)
(1.11836 0.0559186 0)
(1.11606 0.0537489 0)
(1.11409 0.0516332 0)
(1.11244 0.0496376 0)
(1.11109 0.0478241 0)
(1.11 0.0462481 0)
(1.10913 0.0449556 0)
(1.10843 0.0439808 0)
(1.10783 0.0433439 0)
(1.10728 0.0430495 0)
)
;
    }
    procBoundary6to3
    {
        type            processor;
        value           uniform (1.09505 0.0432639 0);
    }
    procBoundary6to5
    {
        type            processor;
        value           nonuniform List<vector> 
40
(
(1.16218 -0.0486428 0)
(1.19788 -0.0522211 0)
(1.22401 -0.0550121 0)
(1.24142 -0.0572128 0)
(-0.193978 0.00174866 -2.0204e-21)
(-0.190635 0.000267132 3.18153e-21)
(-0.183798 -0.00117071 6.81709e-22)
(-0.175869 -0.00206158 -6.48337e-21)
(-0.175869 -0.00206158 -6.48337e-21)
(-0.161889 -0.00320902 -1.83166e-20)
(-0.14439 -0.00425767 9.38902e-21)
(-0.123364 -0.00519241 1.75335e-20)
(-0.098784 -0.00600546 -9.88449e-21)
(-0.0705981 -0.00669518 2.54504e-20)
(-0.0387221 -0.00726792 1.73402e-20)
(-0.00303602 -0.0077409 -8.84431e-20)
(0.0366165 -0.00814052 4.12786e-20)
(0.0804215 -0.00850666 -6.26496e-20)
(0.128024 -0.00743714 -4.56894e-20)
(0.128024 -0.00743714 -4.56894e-20)
(0.180483 -0.00783817 1.13769e-19)
(0.237446 -0.00841603 4.33733e-20)
(0.298933 -0.00926725 2.06769e-20)
(0.364815 -0.0104974 7.27193e-21)
(0.43122 -0.0101621 3.2296e-20)
(0.43122 -0.0101621 3.2296e-20)
(0.503398 -0.0122266 -7.9934e-20)
(0.577996 -0.0149014 -1.47646e-19)
(0.653883 -0.0182259 -3.41849e-20)
(0.721668 -0.0190727 -4.27775e-20)
(0.721668 -0.0190727 -4.27775e-20)
(0.794808 -0.0232616 -5.5128e-20)
(0.865049 -0.0279297 -8.466e-20)
(0.921411 -0.0288753 -1.9982e-20)
(0.921411 -0.0288753 -1.9982e-20)
(0.982045 -0.0337531 1.16571e-19)
(1.03713 -0.0386344 -1.08471e-19)
(1.08651 -0.0433922 -2.11886e-20)
(1.12263 -0.0436301 4.33963e-20)
(1.12263 -0.0436301 4.33963e-20)
)
;
    }
    procBoundary6to7
    {
        type            processor;
        value           nonuniform List<vector> 
36
(
(1.02652 0.0428084 0)
(1.00527 0.0426679 8.80841e-21)
(1.04685 0.0430789 0)
(1.0651 0.043282 0)
(1.08119 0.0433366 0)
(0.122006 -0.0291347 6.5382e-23)
(0.123694 -0.0256414 -5.97891e-23)
(0.130298 -0.0220584 1.09859e-21)
(0.141699 -0.0184037 3.1968e-22)
(0.157702 -0.014697 1.30166e-21)
(0.178049 -0.0109604 2.25858e-21)
(0.202427 -0.00722069 -1.96686e-21)
(0.230471 -0.00351319 3.19003e-21)
(0.261782 0.000156055 1.74303e-21)
(0.295985 0.00379346 1.60742e-22)
(0.332614 0.00735691 -7.97588e-21)
(0.371244 0.0107955 -2.30852e-21)
(0.411446 0.0140987 -5.62733e-21)
(0.452796 0.0172531 -6.08706e-21)
(0.494881 0.0202432 -7.36637e-21)
(0.537304 0.0230557 -5.13901e-22)
(0.579686 0.0256804 2.17049e-21)
(0.621668 0.0281097 1.97141e-21)
(0.662915 0.0303393 -1.28038e-21)
(0.703116 0.0323674 -6.78346e-21)
(0.703116 0.0323674 -6.78346e-21)
(0.748938 0.0337288 9.72533e-21)
(0.785495 0.0354019 7.97102e-21)
(0.820287 0.0368767 2.32794e-21)
(0.853146 0.0381622 -4.12297e-21)
(0.883945 0.0392692 6.63269e-21)
(0.912595 0.0402092 1.21596e-20)
(0.939045 0.0409928 -1.52375e-20)
(0.963285 0.0416432 -7.44572e-21)
(0.98534 0.0422089 -8.68193e-21)
(1.00527 0.0426679 8.80841e-21)
)
;
    }
    procBoundary6to9
    {
        type            processor;
        value           uniform (-0.193829 0.00323098 2.02086e-21);
    }
    procBoundary6to10
    {
        type            processor;
        value           nonuniform List<vector> 
61
(
(-0.192796 0.00445926 -6.84731e-21)
(-0.195176 0.00417746 2.8053e-21)
(-0.197335 0.00384026 3.82973e-21)
(-0.204925 0.00214941 -9.7098e-22)
(-0.19928 0.0034406 2.0045e-21)
(-0.204925 0.00214941 -9.7098e-22)
(-0.2065 0.00171851 -2.79051e-21)
(-0.207868 0.00120308 1.71723e-22)
(-0.20903 0.000606057 8.90935e-22)
(-0.209978 -7.22402e-05 -1.95073e-21)
(-0.210715 -0.000832196 2.79752e-21)
(-0.211255 -0.00164453 -6.87216e-22)
(-0.211598 -0.00252204 -5.13395e-22)
(-0.211737 -0.00345441 -1.27793e-21)
(-0.211671 -0.00442918 -8.05144e-22)
(-0.211395 -0.00543067 3.85543e-21)
(-0.210908 -0.00644034 6.85187e-22)
(-0.210204 -0.00743689 -2.14424e-21)
(-0.20928 -0.00839645 9.65963e-22)
(-0.208129 -0.00929302 -1.06116e-21)
(-0.206746 -0.0100984 -7.37852e-22)
(-0.205125 -0.0107834 2.49528e-22)
(-0.203257 -0.0113185 2.55777e-21)
(-0.201134 -0.0116742 1.78145e-22)
(-0.198748 -0.011822 -2.01019e-21)
(-0.196088 -0.0117354 -1.27054e-21)
(-0.193146 -0.0113923 -5.47599e-22)
(-0.189911 -0.0107722 1.51963e-21)
(-0.186373 -0.00986131 -5.54776e-22)
(-0.18252 -0.00865189 -6.9656e-22)
(-0.178341 -0.00714279 1.85584e-21)
(-0.173826 -0.00534341 9.84222e-22)
(-0.168959 -0.00327301 -2.20795e-21)
(-0.163738 -0.000963302 5.16415e-22)
(-0.158151 0.00155322 1.79569e-21)
(-0.152182 0.00422721 -8.53381e-22)
(-0.145829 0.007012 3.79931e-22)
(-0.139083 0.00983139 -9.09792e-22)
(-0.131939 0.0126053 3.68017e-22)
(-0.124393 0.0152522 -6.84395e-22)
(-0.116444 0.0176877 6.70161e-22)
(-0.108089 0.0198162 -1.37391e-22)
(-0.0993248 0.0215558 8.64991e-23)
(-0.0901554 0.0228203 -4.53663e-22)
(-0.0805815 0.023535 1.7592e-22)
(-0.0706004 0.0236323 -2.7124e-22)
(-0.0602252 0.0230763 -1.50808e-22)
(-0.0494572 0.0218249 4.6459e-22)
(-0.0383125 0.0198797 -4.90435e-22)
(-0.0268119 0.017251 1.19708e-22)
(-0.0149687 0.0139798 -9.42596e-24)
(-0.00282247 0.0101348 1.4264e-22)
(0.00959288 0.00581237 -4.62053e-23)
(0.0222264 0.00112143 2.05168e-22)
(0.035028 -0.00382628 9.03177e-23)
(0.0479551 -0.00886739 -2.54172e-22)
(0.0609472 -0.0138604 -2.00926e-22)
(0.073949 -0.0186316 1.16539e-22)
(0.0869157 -0.0230287 -6.45694e-23)
(0.0998068 -0.0268997 1.57697e-22)
(0.112598 -0.030104 -2.39983e-22)
)
;
    }
}


// ************************************************************************* //
