/*--------------------------------*- C++ -*----------------------------------*\
  =========                 |
  \\      /  F ield         | OpenFOAM: The Open Source CFD Toolbox
   \\    /   O peration     | Website:  https://openfoam.org
    \\  /    A nd           | Version:  7
     \\/     M anipulation  |
\*---------------------------------------------------------------------------*/
FoamFile
{
    version     2.0;
    format      ascii;
    class       surfaceScalarField;
    location    "110";
    object      phi;
}
// * * * * * * * * * * * * * * * * * * * * * * * * * * * * * * * * * * * * * //

dimensions      [0 3 -1 0 0 0 0];

internalField   nonuniform List<scalar> 
3883
(
-0.00762098
2.47614e-05
4.10875e-05
-0.00673428
3.25632e-06
-0.00700415
-3.64986e-05
-0.00728624
-0.00757842
-7.90587e-05
-8.66004e-06
-0.00643898
-4.8701e-05
-0.00669424
-9.08388e-05
-0.00696201
-0.000135425
-0.00724165
-0.0075316
-0.000182241
-9.34133e-05
-0.00639691
-0.000137734
-0.00664992
-0.000184321
-0.00691542
-0.000233376
-0.0071926
-0.00748014
-0.000284835
-0.000177384
-0.0063507
-0.000225973
-0.00660133
-0.000276967
-0.00686443
-0.000330495
-0.00713907
-0.00742401
-0.000386628
-0.000260522
-0.00630037
-0.000313361
-0.00654849
-0.000368729
-0.00680906
-0.000426733
-0.00708106
-0.00736323
-0.000487515
-0.000342781
-0.000399847
-0.00649142
-0.000459567
-0.00674934
-0.000522036
-0.00701859
-0.00729784
-0.000587423
-0.000485383
-0.00643015
-0.000549431
-0.00668529
-0.000616342
-0.00695168
-0.00722789
-0.000686294
-0.00056992
-0.00636471
-0.000638272
-0.00661694
-0.000709597
-0.00688036
-0.00715342
-0.000784068
-0.000653409
-0.00629513
-0.000726038
-0.00654431
-0.000801745
-0.00680465
-0.00707447
-0.00088069
-0.000735802
-0.000812677
-0.00646744
-0.000892734
-0.0067246
-0.0069911
-0.000976104
-0.000898137
-0.00638635
-0.000982509
-0.00664022
-0.00690336
-0.00107025
-0.000982365
-0.00630109
-0.00107102
-0.00655157
-0.00681129
-0.00116309
-0.00106531
-0.00115821
-0.00645866
-0.00671495
-0.00125455
-0.00124403
-0.00636155
-0.0066144
-0.00134459
-0.00132843
-0.00626025
-0.00650968
-0.00143314
-0.00141134
-0.00640086
-0.00152016
-0.00628797
-0.0016056
-0.00617109
-0.00168938
-0.00177131
4.97191e-06
-0.00461991
-1.24325e-05
-0.00477713
-2.92113e-05
-0.00494031
-4.52286e-05
-0.00511048
-6.04716e-05
-0.0052869
-7.4946e-05
-0.00546939
-8.85501e-05
-0.00565806
-0.000101492
-0.00585318
-0.000113601
-0.00605474
-0.000124805
-0.00626293
-0.000135114
-0.00647802
-0.000144509
-0.00670025
-0.000152969
-0.00692982
-0.000160465
-0.00716702
-0.00016701
-0.00741211
-0.000172608
-0.00766536
-0.000177188
-0.007927
-0.00018075
-0.00819738
-0.000183287
-0.00847683
-0.00876569
-9.64651e-05
-0.00460251
-0.000113597
-0.00476
-0.000129543
-0.00492436
-0.000144553
-0.00509547
-0.000158669
-0.00527279
-0.000171887
-0.00545617
-0.000184191
-0.00564575
-0.000195662
-0.00584171
-0.000206227
-0.00604418
-0.000215827
-0.00625333
-0.000224452
-0.0064694
-0.000232087
-0.00669261
-0.000238708
-0.0069232
-0.000244299
-0.00716143
-0.000248852
-0.00740756
-0.00025236
-0.00766185
-0.000254783
-0.00792458
-0.000256108
-0.00819605
-0.000256324
-0.00847661
-0.00025542
-0.00876659
-0.000253387
-0.00906637
-0.000250217
-0.00937633
-0.000245903
-0.00969688
-0.000240441
-0.0100285
-0.000233839
-0.0103716
-0.000226085
-0.0107267
-0.000217181
-0.0110943
-0.00020713
-0.011475
-0.000195936
-0.0118694
-0.000183605
-0.0122782
-0.000170144
-0.0127021
-0.000155561
-0.0131418
-0.000139865
-0.0135981
-0.000123066
-0.0140719
-0.000105178
-0.0145641
-8.62133e-05
-0.0150758
-6.61898e-05
-0.0156081
-4.51295e-05
-0.0161622
-2.30609e-05
-0.0167395
-0.0173415
-0.000198833
-0.00458592
-0.000214796
-0.00474403
-0.000229679
-0.00490948
-0.000243526
-0.00508162
-0.000256411
-0.0052599
-0.000268338
-0.00544424
-0.000279304
-0.00563479
-0.000289312
-0.0058317
-0.000298337
-0.00603515
-0.000306336
-0.00624533
-0.00031329
-0.00646244
-0.000319177
-0.00668672
-0.000323977
-0.0069184
-0.000327671
-0.00715774
-0.000330247
-0.00740498
-0.00033169
-0.00766041
-0.000331972
-0.0079243
-0.000331075
-0.00819695
-0.000328986
-0.0084787
-0.000325691
-0.00876989
-0.000321179
-0.00907088
-0.000315441
-0.00938206
-0.000308466
-0.00970385
-0.00030025
-0.0100367
-0.000290792
-0.010381
-0.000280084
-0.0107374
-0.000268121
-0.0111062
-0.000254906
-0.0114882
-0.000240437
-0.0118839
-0.000224718
-0.012294
-0.00020775
-0.0127191
-0.000189539
-0.01316
-0.000170088
-0.0136175
-0.000149405
-0.0140925
-0.000127496
-0.014586
-0.000104371
-0.0150989
-8.00412e-05
-0.0156324
-5.45232e-05
-0.0161878
-2.78389e-05
-0.0167662
-0.0173694
-0.000300563
-0.00457019
-0.000315401
-0.0047292
-0.000329147
-0.00489574
-0.000341828
-0.00506894
-0.00035349
-0.00524824
-0.000364133
-0.0054336
-0.000373749
-0.00562517
-0.000382323
-0.00582312
-0.000389836
-0.00602764
-0.000396254
-0.00623891
-0.000401553
-0.00645715
-0.000405712
-0.00668257
-0.000408709
-0.00691541
-0.000410524
-0.00715592
-0.00041114
-0.00740436
-0.00041054
-0.00766101
-0.000408699
-0.00792614
-0.000405599
-0.00820005
-0.000401222
-0.00848308
-0.000395554
-0.00877556
-0.000388581
-0.00907785
-0.000380291
-0.00939036
-0.000370673
-0.00971347
-0.000359719
-0.0100476
-0.000347423
-0.0103933
-0.000333777
-0.010751
-0.000318774
-0.0111212
-0.000302411
-0.0115046
-0.000284686
-0.0119016
-0.000265596
-0.012313
-0.000245141
-0.0127395
-0.000223321
-0.0131818
-0.000200137
-0.0136407
-0.00017559
-0.0141171
-0.000149683
-0.0146119
-0.00012242
-0.0151262
-9.38087e-05
-0.015661
-6.38594e-05
-0.0162177
-3.25872e-05
-0.0167974
-0.0174019
-0.00040142
-0.00455539
-0.000415205
-0.00471541
-0.000427837
-0.0048831
-0.000439365
-0.00505741
-0.000449819
-0.00523778
-0.000459193
-0.00542423
-0.000467471
-0.00561689
-0.000474632
-0.00581596
-0.000480655
-0.00602162
-0.000485513
-0.00623405
-0.000489179
-0.00645348
-0.000491631
-0.00668011
-0.000492845
-0.00691419
-0.000492801
-0.00715596
-0.000491478
-0.00740569
-0.000488856
-0.00766363
-0.000484914
-0.00793008
-0.00047963
-0.00820533
-0.000472985
-0.00848972
-0.000464962
-0.00878358
-0.000455547
-0.00908727
-0.000444724
-0.00940118
-0.000432481
-0.00972571
-0.000418807
-0.0100613
-0.000403693
-0.0104084
-0.000387128
-0.0107676
-0.000369104
-0.0111393
-0.000349614
-0.0115241
-0.000328651
-0.0119226
-0.000306212
-0.0123355
-0.000282291
-0.0127634
-0.000256884
-0.0132072
-0.000229988
-0.0136676
-0.000201602
-0.0141455
-0.000171722
-0.0146418
-0.000140349
-0.0151576
-0.000107483
-0.0156939
-7.31312e-05
-0.0162521
-3.73023e-05
-0.0168333
-0.0174392
-0.000501374
-0.00454153
-0.000514129
-0.00470266
-0.000525668
-0.00487156
-0.000536061
-0.00504702
-0.000545325
-0.00522852
-0.000553447
-0.0054161
-0.000560405
-0.00560994
-0.000566175
-0.00581019
-0.000570733
-0.00601706
-0.000574053
-0.00623073
-0.000576109
-0.00645142
-0.000576876
-0.00667935
-0.00057633
-0.00691474
-0.000574448
-0.00715785
-0.000571208
-0.00740893
-0.000566588
-0.00766825
-0.000560565
-0.0079361
-0.000553118
-0.00821278
-0.000544226
-0.00849861
-0.00053387
-0.00879393
-0.000522033
-0.00909911
-0.000508698
-0.00941451
-0.00049385
-0.00974056
-0.000477477
-0.0100777
-0.000459565
-0.0104263
-0.000440102
-0.010787
-0.000419078
-0.0111603
-0.000396481
-0.0115467
-0.000372304
-0.0119468
-0.000346537
-0.0123613
-0.000319173
-0.0127908
-0.000290204
-0.0132362
-0.000259623
-0.0136982
-0.000227423
-0.0141777
-0.000193598
-0.0146756
-0.000158143
-0.015193
-0.000121054
-0.015731
-8.23324e-05
-0.0162908
-4.19808e-05
-0.0168736
-0.0174812
-0.000600355
-0.0045286
-0.000612099
-0.00469091
-0.000622571
-0.00486109
-0.00063185
-0.00503774
-0.000639944
-0.00522043
-0.000646833
-0.00540922
-0.000652491
-0.00560428
-0.000656892
-0.00580579
-0.000660009
-0.00601394
-0.000661816
-0.00622893
-0.000662286
-0.00645095
-0.000661391
-0.00668024
-0.000659108
-0.00691702
-0.000655412
-0.00716154
-0.000650277
-0.00741406
-0.000643682
-0.00767484
-0.000635603
-0.00794418
-0.000626015
-0.00822237
-0.000614898
-0.00850973
-0.000602231
-0.0088066
-0.000587994
-0.00911334
-0.000572169
-0.00943034
-0.000554739
-0.00975799
-0.000535688
-0.0100967
-0.000515
-0.010447
-0.000492663
-0.0108094
-0.000468661
-0.0111843
-0.000442982
-0.0115723
-0.000415614
-0.0119741
-0.000386545
-0.0123903
-0.000355764
-0.0128216
-0.000323259
-0.0132687
-0.00028902
-0.0137324
-0.000253036
-0.0142137
-0.000215296
-0.0147134
-0.000175791
-0.0152325
-0.000134512
-0.0157723
-9.14563e-05
-0.0163338
-4.66195e-05
-0.0169184
-0.0175278
-0.00069831
-0.00451659
-0.000709057
-0.00468017
-0.000718483
-0.00485167
-0.000726669
-0.00502956
-0.000733614
-0.00521348
-0.000739291
-0.00540354
-0.000743671
-0.0055999
-0.000746726
-0.00580274
-0.000748427
-0.00601224
-0.000748746
-0.00622861
-0.000747653
-0.00645205
-0.000745123
-0.00668277
-0.000741127
-0.00692102
-0.00073564
-0.00716703
-0.000728636
-0.00742106
-0.000720091
-0.00768339
-0.000709978
-0.00795429
-0.000698275
-0.00823407
-0.000684957
-0.00852305
-0.000670001
-0.00882156
-0.000653388
-0.00912996
-0.000635096
-0.00944863
-0.000615107
-0.00977798
-0.000593401
-0.0101184
-0.000569963
-0.0104705
-0.000544775
-0.0108346
-0.000517821
-0.0112113
-0.000489085
-0.0116011
-0.000458552
-0.0120047
-0.000426208
-0.0124227
-0.000392038
-0.0128558
-0.000356026
-0.0133047
-0.00031816
-0.0137703
-0.000278423
-0.0142534
-0.000236801
-0.014755
-0.000193281
-0.0152761
-0.000147849
-0.0158177
-0.000100497
-0.0163812
-5.12151e-05
-0.0169677
-0.0175791
-0.000795177
-0.00450548
-0.000804943
-0.0046704
-0.000813344
-0.00484327
-0.000820458
-0.00502244
-0.000826274
-0.00520767
-0.000830761
-0.00539905
-0.000833887
-0.00559677
-0.00083562
-0.005801
-0.000835929
-0.00601193
-0.000834785
-0.00622975
-0.000832157
-0.00645467
-0.000828015
-0.00668691
-0.000822333
-0.0069267
-0.000815081
-0.00717428
-0.000806233
-0.00742991
-0.000795763
-0.00769386
-0.000783643
-0.00796641
-0.000769848
-0.00824787
-0.000754354
-0.00853854
-0.000737136
-0.00883877
-0.000718171
-0.00914892
-0.000697438
-0.00946936
-0.000674914
-0.0098005
-0.00065058
-0.0101428
-0.000624416
-0.0104966
-0.000596404
-0.0108626
-0.000566524
-0.0112411
-0.000534759
-0.0116328
-0.00050109
-0.0120383
-0.000465499
-0.0124583
-0.00042797
-0.0128933
-0.000388483
-0.0133442
-0.000347022
-0.0138117
-0.000303566
-0.0142969
-0.000258098
-0.0148005
-0.0002106
-0.0153236
-0.000161054
-0.0158673
-0.000109447
-0.0164328
-5.57643e-05
-0.0170214
-0.0176348
-0.000890901
-0.00449527
-0.0008997
-0.0046616
-0.000907095
-0.00483587
-0.000913157
-0.00501638
-0.000917865
-0.00520296
-0.000921184
-0.00539573
-0.000923079
-0.00559488
-0.000923516
-0.00580057
-0.00092246
-0.00601299
-0.000919879
-0.00623233
-0.000915742
-0.00645881
-0.000910017
-0.00669264
-0.000902674
-0.00693404
-0.000893684
-0.00718327
-0.000883019
-0.00744058
-0.000870649
-0.00770623
-0.000856549
-0.00798051
-0.00084069
-0.00826373
-0.000823046
-0.00855619
-0.000803591
-0.00885823
-0.000782301
-0.00917021
-0.000759152
-0.00949251
-0.000734121
-0.00982554
-0.000707186
-0.0101697
-0.000678325
-0.0105255
-0.000647516
-0.0108934
-0.000614739
-0.0112739
-0.000579973
-0.0116676
-0.000543198
-0.0120751
-0.000504393
-0.0124971
-0.000463536
-0.0129341
-0.000420608
-0.0133871
-0.000375586
-0.0138568
-0.000328449
-0.014344
-0.000279173
-0.0148497
-0.000227737
-0.015375
-0.000174119
-0.0159209
-0.000118301
-0.0164886
-6.02641e-05
-0.0170794
-0.0176951
-0.000985425
-0.00448595
-0.00099327
-0.00465376
-0.000999677
-0.00482946
-0.00100471
-0.00501135
-0.00100833
-0.00519934
-0.0010105
-0.00539356
-0.00101119
-0.00559419
-0.00101036
-0.0058014
-0.00100796
-0.00601538
-0.00100397
-0.00623632
-0.000998355
-0.00646443
-0.000991073
-0.00669992
-0.000982097
-0.00694302
-0.000971397
-0.00719397
-0.000958942
-0.00745303
-0.000944702
-0.00772047
-0.000928648
-0.00799657
-0.000910753
-0.00828162
-0.000890987
-0.00857595
-0.000869323
-0.00887989
-0.000845736
-0.0091938
-0.0008202
-0.00951805
-0.00079269
-0.00985305
-0.000763182
-0.0101992
-0.000731652
-0.010557
-0.000698076
-0.010927
-0.000662433
-0.0113096
-0.000624698
-0.0117053
-0.000584849
-0.012115
-0.000542862
-0.012539
-0.000498713
-0.0129783
-0.000452379
-0.0134334
-0.000403834
-0.0139053
-0.000353053
-0.0143948
-0.00030001
-0.0149028
-0.000244679
-0.0154303
-0.000187034
-0.0159785
-0.000127053
-0.0165486
-6.47113e-05
-0.0171418
-0.0177598
-0.00107869
-0.00447751
-0.0010856
-0.00464685
-0.00109103
-0.00482403
-0.00109505
-0.00500733
-0.00109761
-0.00519678
-0.00109867
-0.0053925
-0.00109817
-0.00559468
-0.00109609
-0.00580348
-0.00109239
-0.00601909
-0.00108701
-0.0062417
-0.00107994
-0.00647151
-0.00107113
-0.00670873
-0.00106055
-0.0069536
-0.00104817
-0.00720635
-0.00103395
-0.00746725
-0.00101787
-0.00773655
-0.000999895
-0.00801454
-0.000979992
-0.00830153
-0.000958133
-0.00859781
-0.000934291
-0.00890374
-0.000908436
-0.00921965
-0.000880542
-0.00954594
-0.000850583
-0.009883
-0.000818532
-0.0102313
-0.000784364
-0.0105912
-0.000748053
-0.0109633
-0.000709575
-0.011348
-0.000668904
-0.011746
-0.000626015
-0.0121579
-0.000580881
-0.0125842
-0.000533477
-0.0130257
-0.000483775
-0.0134831
-0.000431747
-0.0139573
-0.000377364
-0.0144492
-0.000320597
-0.0149595
-0.000261416
-0.0154895
-0.000199791
-0.0160401
-0.000135697
-0.0166127
-6.91028e-05
-0.0172084
-0.0178289
-0.00117065
-0.00446994
-0.00117662
-0.00464088
-0.00118111
-0.00481954
-0.00118414
-0.00500431
-0.00118565
-0.00519526
-0.00118561
-0.00539254
-0.00118396
-0.00559633
-0.00118066
-0.00580678
-0.00117567
-0.00602408
-0.00116894
-0.00624842
-0.00116044
-0.00648
-0.00115013
-0.00671904
-0.00113798
-0.00696575
-0.00112395
-0.00722038
-0.00110801
-0.00748319
-0.00109012
-0.00775444
-0.00107025
-0.00803441
-0.00104836
-0.00832341
-0.00102444
-0.00862173
-0.000998452
-0.00892973
-0.00097036
-0.00924774
-0.000940139
-0.00957616
-0.000907762
-0.00991538
-0.0008732
-0.0102658
-0.000836426
-0.010628
-0.000797413
-0.0110023
-0.000756134
-0.0113893
-0.000712562
-0.0117896
-0.000666669
-0.0122037
-0.000618426
-0.0126324
-0.000567804
-0.0130763
-0.000514774
-0.0135362
-0.000459305
-0.0140128
-0.000401364
-0.0145071
-0.000340919
-0.01502
-0.000277936
-0.0155525
-0.000212381
-0.0161057
-0.000144226
-0.0166809
-7.34356e-05
-0.0172792
-0.0179023
-0.00126125
-0.00446325
-0.0012663
-0.00463583
-0.00126985
-0.00481599
-0.0012719
-0.00500226
-0.00127239
-0.00519477
-0.00127127
-0.00539366
-0.00126849
-0.00559911
-0.001264
-0.00581127
-0.00125775
-0.00603033
-0.00124971
-0.00625647
-0.00123982
-0.00648989
-0.00122805
-0.00673081
-0.00121435
-0.00697944
-0.0011987
-0.00723604
-0.00118106
-0.00750084
-0.00116139
-0.00777411
-0.00113966
-0.00805615
-0.00111583
-0.00834723
-0.00108988
-0.00864768
-0.00106177
-0.00895784
-0.00103147
-0.00927804
-0.000998954
-0.00960868
-0.000964191
-0.00995015
-0.00092715
-0.0103029
-0.000887805
-0.0106673
-0.000846124
-0.011044
-0.00080208
-0.0114334
-0.000755644
-0.011836
-0.000706784
-0.0122526
-0.000655471
-0.0126837
-0.000601673
-0.0131301
-0.000545357
-0.0135925
-0.000486491
-0.0140717
-0.000425037
-0.0145686
-0.000360962
-0.0150841
-0.000294227
-0.0156192
-0.000224796
-0.0161751
-0.000152635
-0.016753
-7.77071e-05
-0.0173541
-0.01798
-0.00135042
-0.00445741
-0.00135456
-0.00463169
-0.00135719
-0.00481336
-0.00135828
-0.00500117
-0.00135776
-0.00519528
-0.0013556
-0.00539583
-0.00135172
-0.00560298
-0.00134608
-0.00581691
-0.00133862
-0.00603779
-0.00132928
-0.0062658
-0.00131803
-0.00650114
-0.00130483
-0.00674401
-0.00128962
-0.00699465
-0.00127238
-0.00725328
-0.00125307
-0.00752015
-0.00123165
-0.00779553
-0.00120808
-0.00807971
-0.00118234
-0.00837297
-0.00115439
-0.00867564
-0.0011242
-0.00898803
-0.00109172
-0.00931051
-0.00105695
-0.00964346
-0.00101983
-0.00998726
-0.000980349
-0.0103424
-0.000938467
-0.0107092
-0.000894155
-0.0110883
-0.000847383
-0.0114801
-0.00079812
-0.0118853
-0.000746334
-0.0123044
-0.000691992
-0.0127381
-0.00063506
-0.013187
-0.000575503
-0.013652
-0.000513285
-0.0141339
-0.000448368
-0.0146335
-0.000380713
-0.0151517
-0.000310279
-0.0156897
-0.000237027
-0.0162484
-0.000160919
-0.0168291
-8.19141e-05
-0.0174331
-0.018062
-0.00143812
-0.00445242
-0.00144135
-0.00462846
-0.00144307
-0.00481164
-0.00144323
-0.00500102
-0.00144176
-0.00519675
-0.00143858
-0.005399
-0.00143364
-0.00560792
-0.00142687
-0.00582369
-0.00141821
-0.00604645
-0.00140761
-0.0062764
-0.00139502
-0.00651373
-0.00138041
-0.00675863
-0.00136372
-0.00701133
-0.00134492
-0.00727207
-0.00132397
-0.0075411
-0.00130084
-0.00781867
-0.00127547
-0.00810507
-0.00124785
-0.0084006
-0.00121793
-0.00870555
-0.00118569
-0.00902028
-0.00115108
-0.00934512
-0.00111408
-0.00968046
-0.00107465
-0.0100267
-0.00103276
-0.0103842
-0.000988378
-0.0107536
-0.000941474
-0.0111352
-0.000892013
-0.0115296
-0.000839965
-0.0119373
-0.000785293
-0.0123591
-0.000727965
-0.0127954
-0.000667944
-0.0132471
-0.000605192
-0.0137148
-0.000539672
-0.0141994
-0.000471341
-0.0147018
-0.000400158
-0.0152229
-0.000326081
-0.0157637
-0.000249066
-0.0163254
-0.000169072
-0.0169091
-8.60537e-05
-0.0175161
-0.018148
-0.0015243
-0.00444828
-0.00152664
-0.00462613
-0.00152748
-0.0048108
-0.00152674
-0.00500175
-0.00152433
-0.00519917
-0.00152016
-0.00540317
-0.00151415
-0.00561393
-0.00150626
-0.00583158
-0.00149641
-0.0060563
-0.00148457
-0.00628825
-0.00147068
-0.00652762
-0.00145469
-0.00677462
-0.00143656
-0.00702947
-0.00141624
-0.00729239
-0.00139369
-0.00756364
-0.00136888
-0.00784348
-0.00134176
-0.00813219
-0.0013123
-0.00843006
-0.00128046
-0.00873739
-0.0012462
-0.00905453
-0.0012095
-0.00938183
-0.00117031
-0.00971965
-0.0011286
-0.0100684
-0.00108435
-0.0104285
-0.00103751
-0.0108004
-0.000988048
-0.0111846
-0.000935941
-0.0115817
-0.000881148
-0.0119921
-0.000823636
-0.0124166
-0.000763366
-0.0128557
-0.000700303
-0.0133101
-0.000634405
-0.0137807
-0.000565632
-0.0142682
-0.00049394
-0.0147735
-0.000419286
-0.0152976
-0.000341623
-0.0158414
-0.000260904
-0.0164061
-0.000177088
-0.0169929
-9.01234e-05
-0.0176031
-0.0182381
-0.00160893
-0.00444494
-0.0016104
-0.00462466
-0.00161037
-0.00481083
-0.0016087
-0.00500342
-0.00160531
-0.00520256
-0.00160012
-0.00540837
-0.00159306
-0.00562099
-0.00158407
-0.00584057
-0.00157309
-0.00606728
-0.00156006
-0.00630128
-0.00154491
-0.00654276
-0.0015276
-0.00679193
-0.00150808
-0.00704899
-0.00148629
-0.00731418
-0.0014622
-0.00758774
-0.00143576
-0.00786993
-0.00140692
-0.00816102
-0.00137566
-0.00846132
-0.00134194
-0.00877112
-0.00130571
-0.00909076
-0.00126694
-0.00942059
-0.00122561
-0.00976099
-0.00118166
-0.0101123
-0.00113508
-0.0104751
-0.00108582
-0.0108497
-0.00103385
-0.0112366
-0.000979138
-0.0116364
-0.000921646
-0.0120496
-0.000861337
-0.0124769
-0.000798173
-0.0129188
-0.000732115
-0.0133762
-0.000663122
-0.0138497
-0.000591149
-0.0143402
-0.000516151
-0.0148485
-0.000438082
-0.0153756
-0.000356893
-0.0159226
-0.000272535
-0.0164905
-0.000184961
-0.0170805
-9.41205e-05
-0.0176939
-0.0183323
-0.00169191
-0.00444241
-0.00169248
-0.0046241
-0.00169149
-0.00481181
-0.00168886
-0.00500605
-0.00168451
-0.00520691
-0.00167837
-0.00541451
-0.00167035
-0.00562901
-0.00166036
-0.00585056
-0.00164833
-0.00607931
-0.00163418
-0.00631543
-0.00161784
-0.0065591
-0.00159926
-0.00681051
-0.00157838
-0.00706987
-0.00155516
-0.0073374
-0.00152955
-0.00761335
-0.00150151
-0.00789797
-0.00147099
-0.00819154
-0.00143796
-0.00849435
-0.00140238
-0.0088067
-0.00136421
-0.00912893
-0.00132342
-0.00946139
-0.00127996
-0.00980444
-0.00123382
-0.0101585
-0.00118494
-0.010524
-0.0011333
-0.0109013
-0.00107886
-0.0112911
-0.00102158
-0.0116937
-0.000961435
-0.0121098
-0.000898375
-0.0125399
-0.000832365
-0.0129848
-0.000763362
-0.0134452
-0.000691325
-0.0139217
-0.000616207
-0.0144153
-0.00053796
-0.0149267
-0.000456536
-0.015457
-0.000371883
-0.0160072
-0.00028395
-0.0165784
-0.000192688
-0.0171718
-9.80425e-05
-0.0177886
-0.0184303
-0.00177303
-0.00444069
-0.00177268
-0.00462444
-0.00177083
-0.00481366
-0.00176741
-0.00500947
-0.0017623
-0.00521202
-0.00175538
-0.00542144
-0.00174651
-0.00563788
-0.00173558
-0.00586148
-0.00172253
-0.00609237
-0.00170726
-0.00633069
-0.00168973
-0.00657663
-0.00166987
-0.00683037
-0.00164763
-0.0070921
-0.00162297
-0.00736206
-0.00159585
-0.00764048
-0.0015662
-0.00792761
-0.00153401
-0.00822374
-0.00149922
-0.00852914
-0.0014618
-0.00884412
-0.00142171
-0.00916902
-0.00137891
-0.00950418
-0.00133337
-0.00984998
-0.00128505
-0.0102068
-0.00123391
-0.0105751
-0.00117993
-0.0109553
-0.00112305
-0.0113479
-0.00106326
-0.0117535
-0.00100049
-0.0121725
-0.00093473
-0.0126057
-0.000865921
-0.0130537
-0.000794026
-0.0135171
-0.000718998
-0.0139968
-0.00064079
-0.0144935
-0.000559353
-0.0150082
-0.000474635
-0.0155418
-0.000386583
-0.0160953
-0.000295143
-0.0166699
-0.000200263
-0.0172666
-0.000101887
-0.017887
-0.0185322
-0.00185239
-0.00443975
-0.00185144
-0.00462539
-0.00184906
-0.00481605
-0.00184506
-0.00501347
-0.00183926
-0.00521781
-0.00183151
-0.00542919
-0.0018217
-0.0056477
-0.00180974
-0.00587344
-0.00179557
-0.00610653
-0.00177913
-0.00634713
-0.00176036
-0.00659541
-0.0017392
-0.00685153
-0.0017156
-0.00711571
-0.0016895
-0.00738815
-0.00166087
-0.00766911
-0.00162965
-0.00795883
-0.0015958
-0.00825758
-0.00155928
-0.00856565
-0.00152006
-0.00888335
-0.00147808
-0.009211
-0.00143332
-0.00954894
-0.00138574
-0.00989757
-0.00133529
-0.0102573
-0.00128194
-0.0106284
-0.00122565
-0.0110116
-0.00116639
-0.0114072
-0.00110412
-0.0118158
-0.0010388
-0.0122379
-0.000970377
-0.0126741
-0.000898822
-0.0131252
-0.000824086
-0.0135918
-0.000746123
-0.0140747
-0.000664884
-0.0145747
-0.000580316
-0.0150927
-0.000492368
-0.0156297
-0.000400983
-0.0161867
-0.000306105
-0.0167647
-0.00020768
-0.0173651
-0.000105651
-0.017989
-0.0186378
-0.00193039
-0.00192901
-0.00462678
-0.00192588
-0.00481918
-0.00192089
-0.00501846
-0.00191399
-0.00522471
-0.00190512
-0.00543806
-0.00189421
-0.00565861
-0.00188117
-0.00588647
-0.00186592
-0.00612178
-0.00184839
-0.00636467
-0.00182849
-0.00661531
-0.00180615
-0.00687387
-0.00178131
-0.00714054
-0.00175391
-0.00741555
-0.00172391
-0.00769912
-0.00169124
-0.0079915
-0.00165587
-0.00829296
-0.00161774
-0.00860378
-0.00157682
-0.00892427
-0.00153306
-0.00925475
-0.00148643
-0.00959558
-0.00143689
-0.00994711
-0.00138439
-0.0103098
-0.0013289
-0.0106839
-0.00127038
-0.0110701
-0.0012088
-0.0114688
-0.00114412
-0.0118804
-0.00107629
-0.0123057
-0.00100528
-0.0127451
-0.000931032
-0.0131995
-0.000853516
-0.0136693
-0.000772678
-0.0141556
-0.000688468
-0.0146589
-0.000600834
-0.0151804
-0.000509721
-0.0157208
-0.000415072
-0.0162813
-0.000316829
-0.016863
-0.000214935
-0.017467
-0.000109332
-0.0180946
-0.0187472
-0.00200306
-0.0019982
-0.00482403
-0.0019917
-0.00502496
-0.00198359
-0.00523281
-0.00197376
-0.00544789
-0.00196203
-0.00567034
-0.00194824
-0.00590027
-0.00193224
-0.00613778
-0.00191393
-0.00638299
-0.0018932
-0.00663604
-0.00186996
-0.0068971
-0.00184415
-0.00716636
-0.00181569
-0.00744401
-0.00178454
-0.00773028
-0.00175062
-0.00802541
-0.0017139
-0.00832968
-0.00167433
-0.00864335
-0.00163187
-0.00896674
-0.00158646
-0.00930016
-0.00153808
-0.00964396
-0.00148668
-0.00999851
-0.00143224
-0.0103642
-0.0013747
-0.0107415
-0.00131403
-0.0111308
-0.00125021
-0.0115326
-0.00118318
-0.0119475
-0.00111292
-0.012376
-0.00103938
-0.0128187
-0.000962512
-0.0132763
-0.00088228
-0.0137496
-0.000798632
-0.0142392
-0.00071152
-0.014746
-0.000620887
-0.015271
-0.00052668
-0.015815
-0.000428839
-0.0163792
-0.000327306
-0.0169645
-0.000222021
-0.0175723
-0.000112928
-0.0182037
-0.0188601
-0.00206706
-0.00482991
-0.00205991
-0.00503211
-0.00205132
-0.0052414
-0.00204105
-0.00545816
-0.00202884
-0.00568255
-0.00201449
-0.00591462
-0.00199784
-0.00615442
-0.00197878
-0.00640205
-0.00195721
-0.00665761
-0.00193305
-0.00692127
-0.00190621
-0.00719319
-0.00187664
-0.00747357
-0.00184428
-0.00776264
-0.00180907
-0.00806062
-0.00177096
-0.00836778
-0.00172991
-0.0086844
-0.00168587
-0.00901078
-0.0016388
-0.00934723
-0.00158866
-0.0096941
-0.00153542
-0.0100518
-0.00147903
-0.0104206
-0.00141947
-0.010801
-0.00135669
-0.0111935
-0.00129066
-0.0115986
-0.00122134
-0.0120168
-0.00114869
-0.0124486
-0.00107267
-0.0128947
-0.000993243
-0.0133557
-0.000910358
-0.0138325
-0.000823967
-0.0143256
-0.000734019
-0.014836
-0.000640459
-0.0153646
-0.000543231
-0.0159123
-0.000442275
-0.0164801
-0.00033753
-0.0170692
-0.000228936
-0.0176808
-0.000116437
-0.0183162
-0.0189765
-0.00213438
-0.00483452
-0.00212749
-0.005039
-0.0021185
-0.0052504
-0.00210737
-0.00546928
-0.00209399
-0.00569592
-0.00207828
-0.00593033
-0.00206016
-0.00617254
-0.00203958
-0.00642263
-0.00201646
-0.00668073
-0.00199075
-0.00694698
-0.00196237
-0.00722157
-0.00193126
-0.00750468
-0.00189737
-0.00779653
-0.00186063
-0.00809736
-0.001821
-0.00840742
-0.00177841
-0.00872699
-0.00173283
-0.00905636
-0.0016842
-0.00939586
-0.00163248
-0.00974582
-0.00157762
-0.0101066
-0.00151957
-0.0104786
-0.00145829
-0.0108623
-0.00139374
-0.0112581
-0.00132588
-0.0116665
-0.00125465
-0.012088
-0.00118001
-0.0125232
-0.00110192
-0.0129728
-0.00102033
-0.0134373
-0.000935183
-0.0139176
-0.000846436
-0.0144143
-0.00075403
-0.0149284
-0.000657911
-0.0154607
-0.00055802
-0.0160121
-0.000454299
-0.0165838
-0.000346689
-0.0171769
-0.000235131
-0.0177924
-0.000119576
-0.0184317
-0.0190961
-0.00478877
0.00152019
-0.0047602
0.00141854
-0.00473738
0.00142468
-0.00472293
0.00133045
-0.00471612
0.00129886
-0.0047133
0.00121126
-0.00471606
0.0011604
-0.00472114
0.0010777
-0.00472966
0.00101852
-0.00473939
0.000940542
-0.0047509
0.000879279
-0.00476274
0.000806303
-0.00477517
0.000745967
-0.00478728
0.000677586
-0.00479922
0.000618762
-0.00481043
0.000553508
-0.004821
0.000495107
-0.0048306
0.000430876
-0.00483931
0.000371328
-0.00484695
0.000306597
-0.00485357
0.000246018
-0.00485897
0.000182577
-0.00486314
0.000125172
-0.00486582
6.88916e-05
2.14839e-05
-0.0049932
0.0014744
-0.00496301
0.00138835
-0.00493691
0.00139858
-0.00491992
0.00131346
-0.00490956
0.0012885
-0.00490415
0.00120585
-0.0049042
0.00116044
-0.0049071
0.00108061
-0.00491365
0.00102507
-0.00492174
0.000948634
-0.00493187
0.00088941
-0.00494256
0.000816998
-0.00495409
0.000757488
-0.00496546
0.000688961
-0.00497683
0.000630132
-0.00498759
0.000564263
-0.00499782
0.000505344
-0.00500717
0.000440219
-0.0050157
0.000379868
-0.00502322
0.000314107
-0.00502975
0.000252554
-0.00503511
0.000187932
-0.00503926
0.000129325
-0.00504193
7.15613e-05
2.2489e-05
-0.00520526
0.00142926
-0.00517267
0.00135576
-0.005144
0.0013699
-0.00512457
0.00129404
-0.00511088
0.00127481
-0.00510293
0.0011979
-0.00510017
0.00115768
-0.00510083
0.00108127
-0.00510525
0.00102948
-0.00511158
0.000954966
-0.00512018
0.000898006
-0.0051296
0.000826421
-0.00514007
0.00076796
-0.00515059
0.000699474
-0.00516128
0.000640821
-0.00517148
0.00057447
-0.0051813
0.000515162
-0.00519032
0.000449236
-0.00519862
0.000388171
-0.00520595
0.000321441
-0.00521237
0.000258973
-0.00521765
0.000193207
-0.00522176
0.000133438
-0.00522441
7.4211e-05
2.34918e-05
-0.00542447
0.00138445
-0.00538977
0.00132106
-0.00535889
0.00133903
-0.00533702
0.00127216
-0.00532026
0.00125805
-0.00530976
0.0011874
-0.00530416
0.00115208
-0.00530253
0.00107964
-0.00530467
0.00103163
-0.00530914
0.000959432
-0.00531605
0.000904915
-0.00532407
0.000834447
-0.00533336
0.000777245
-0.0053429
0.000709011
-0.00535279
0.000650717
-0.00536235
0.000584032
-0.00537167
0.000524478
-0.00538029
0.000457854
-0.00538829
0.000396178
-0.0053954
0.000328547
-0.00540166
0.000265237
-0.00540683
0.000198373
-0.00541088
0.00013749
-0.0054135
7.68282e-05
2.44885e-05
-0.0056509
0.00133942
-0.00561448
0.00128465
-0.0055817
0.00130625
-0.00555741
0.00124787
-0.00553782
0.00123846
-0.00552476
0.00117435
-0.00551634
0.00114365
-0.00551235
0.00107566
-0.00551212
0.0010314
-0.00551463
0.000961935
-0.00551971
0.000909998
-0.00552623
0.000840963
-0.00553419
0.00078521
-0.00554264
0.000717459
-0.00555163
0.000659708
-0.00556045
0.000592854
-0.00556918
0.000533205
-0.00557732
0.000466
-0.00558497
0.000403826
-0.0055918
0.000335376
-0.00559787
0.000271304
-0.00560289
0.000203399
-0.00560686
0.000141461
-0.00560944
7.93997e-05
2.5475e-05
-0.00588483
0.00129391
-0.00584698
0.0012468
-0.00581251
0.00127178
-0.0057859
0.00122125
-0.0057637
0.00121625
-0.00574809
0.00115874
-0.00573689
0.00113246
-0.0057305
0.00106927
-0.00572783
0.00102872
-0.00572828
0.000962389
-0.00573141
0.000913129
-0.00573631
0.000845862
-0.00574283
0.000791726
-0.00575008
0.000724713
-0.00575805
0.00066768
-0.00576604
0.000600844
-0.00577409
0.000541252
-0.00578169
0.000473599
-0.00578891
0.000411049
-0.00579541
0.000341872
-0.00580124
0.000277131
-0.00580609
0.000208252
-0.00580995
0.000145327
-0.00581247
8.1911e-05
2.64465e-05
-0.0061265
0.00124788
-0.00608742
0.00120771
-0.00605141
0.00123576
-0.00602263
0.00119248
-0.00599802
0.00119164
-0.0059799
0.00114062
-0.00596601
0.00111857
-0.00595718
0.00106044
-0.00595201
0.00102355
-0.00595034
0.000960714
-0.00595141
0.000914204
-0.00595459
0.000849045
-0.00595954
0.00079667
-0.00596549
0.000730671
-0.00597234
0.000674521
-0.0059794
0.000607909
-0.00598667
0.000548526
-0.00599365
0.000480577
-0.00600038
0.000417778
-0.00600649
0.000347982
-0.00601203
0.000282672
-0.00601668
0.000212897
-0.00602041
0.000149062
-0.00602285
8.43467e-05
2.73976e-05
-0.00637612
0.00120136
-0.00633597
0.00116757
-0.00629854
0.00119833
-0.00626778
0.00116172
-0.00624092
0.00116479
-0.00622036
0.00112006
-0.00620388
0.00110209
-0.00619258
0.00104915
-0.00618492
0.00101589
-0.00618104
0.000956839
-0.00617998
0.00091314
-0.00618135
0.000850417
-0.00618461
0.000799929
-0.00618917
0.00073523
-0.00619477
0.000680117
-0.00620081
0.000613955
-0.00620722
0.000554933
-0.0062135
0.000486856
-0.00621966
0.000423939
-0.00622532
0.000353648
-0.00623053
0.000287877
-0.00623493
0.000217297
-0.0062385
0.000152637
-0.00624085
8.66902e-05
2.83222e-05
-0.00663382
0.00115446
-0.00659278
0.00112653
-0.00655406
0.0011596
-0.0065215
0.00112916
-0.00649257
0.00113586
-0.00646966
0.00109714
-0.00645069
0.00108312
-0.00643694
0.0010354
-0.00642679
0.00100573
-0.00642066
0.000950709
-0.00641739
0.000909872
-0.00641686
0.000849888
-0.00641833
0.000801403
-0.0064214
0.000738294
-0.00642564
0.000684361
-0.00643058
0.00061889
-0.00643602
0.000560374
-0.00644152
0.000492357
-0.00644703
0.000429456
-0.00645219
0.000358809
-0.00645701
0.00029269
-0.00646112
0.000221412
-0.00646451
0.000156022
-0.00646674
8.89237e-05
2.92135e-05
-0.0068998
0.00110728
-0.00685802
0.00108475
-0.00681815
0.00111973
-0.00678397
0.00109499
-0.00675312
0.001105
-0.00672799
0.00107202
-0.00670664
0.00106177
-0.00669048
0.00101924
-0.00667786
0.000993115
-0.00666944
0.000942282
-0.00666392
0.000904357
-0.00666141
0.000847377
-0.00666101
0.000801
-0.00666248
0.000739764
-0.00666526
0.000687148
-0.00666899
0.000622618
-0.00667337
0.000564752
-0.00667801
0.000496997
-0.0066828
0.000434247
-0.0066874
0.000363402
-0.00669176
0.000297054
-0.00669555
0.000225201
-0.00669871
0.000159183
-0.00670082
9.10286e-05
3.00639e-05
-0.00717423
0.00105993
-0.00713186
0.00104239
-0.00709099
0.00107885
-0.00705538
0.00105939
-0.00702276
0.00107238
-0.00699556
0.00104481
-0.00697195
0.00103816
-0.00695343
0.00100071
-0.0069384
0.000978086
-0.00692765
0.000931535
-0.00691986
0.000896567
-0.00691529
0.000842812
-0.00691294
0.000798646
-0.00691272
0.000739547
-0.00691395
0.000688379
-0.00691638
0.000625045
-0.0069196
0.00056797
-0.00692329
0.000500693
-0.00692728
0.00043823
-0.00693124
0.000367361
-0.00693509
0.000300909
-0.00693851
0.000228619
-0.00694141
0.000162083
-0.00694337
9.29852e-05
3.08652e-05
-0.00745731
0.00101256
-0.0074145
0.000999575
-0.00737278
0.00103714
-0.00733593
0.00102253
-0.00730171
0.00103816
-0.00727258
0.00101569
-0.00724684
0.00101241
-0.00722602
0.000979897
-0.00720863
0.000960698
-0.00719557
0.000918468
-0.00718549
0.000886488
-0.00717881
0.000836132
-0.00717443
0.000794273
-0.00717244
0.000737554
-0.00717202
0.000687963
-0.00717305
0.000626074
-0.00717502
0.000569932
-0.00717768
0.000503359
-0.00718077
0.000441322
-0.00718403
0.000370617
-0.00718731
0.000304191
-0.00719031
0.00023162
-0.00719291
0.000164684
-0.0071947
9.47723e-05
3.16085e-05
-0.00774926
0.000965287
-0.00770614
0.000956454
-0.00766375
0.000994756
-0.00762581
0.000984587
-0.00759016
0.00100251
-0.00755927
0.000984799
-0.00753151
0.000984662
-0.00750851
0.000956894
-0.00748883
0.00094102
-0.00747346
0.000903096
-0.00746109
0.000874121
-0.00745225
0.000827291
-0.00744581
0.000787829
-0.00744196
0.0007337
-0.00743981
0.000685815
-0.00743935
0.000625612
-0.00743996
0.000570544
-0.0074415
0.000504905
-0.00744362
0.000443437
-0.0074461
0.000373099
-0.00744874
0.000306834
-0.00745128
0.000234156
-0.00745354
0.000166947
-0.00745514
9.63681e-05
3.2284e-05
-0.00805031
0.00091824
-0.00800702
0.000913158
-0.00796412
0.000951856
-0.00792526
0.000945726
-0.00788834
0.000965586
-0.00785584
0.000952303
-0.00782622
0.000955045
-0.00780114
0.000931811
-0.00777925
0.000919133
-0.00776161
0.000885455
-0.00774697
0.00085948
-0.00773594
0.000816256
-0.00772738
0.000779272
-0.00772159
0.000727914
-0.00771764
0.00068186
-0.00771559
0.000623567
-0.00771477
0.000569717
-0.0077151
0.000505242
-0.00771616
0.00044449
-0.00771779
0.000374732
-0.00771973
0.000308771
-0.00772174
0.000236174
-0.00772363
0.000168828
-0.00772501
9.77492e-05
3.28818e-05
-0.00836072
0.00087154
-0.00831738
0.000869816
-0.00827412
0.000908597
-0.0082345
0.000906106
-0.00819648
0.000927572
-0.00816254
0.000918361
-0.0081312
0.000923707
-0.00810416
0.000904766
-0.00808015
0.00089513
-0.0080603
0.000865597
-0.00804341
0.000842593
-0.00803017
0.000803014
-0.00801947
0.000768573
-0.00801168
0.000720129
-0.00800585
0.000676028
-0.00800214
0.000619852
-0.00799978
0.000567365
-0.00799882
0.000504282
-0.00799873
0.000444399
-0.00799944
0.00037544
-0.0080006
0.000309935
-0.00800205
0.000237621
-0.00800351
0.000170284
-0.00800465
9.8891e-05
3.3391e-05
-0.00868075
0.000825299
-0.00863748
0.00082655
-0.00859401
0.000865128
-0.00855378
0.000865879
-0.00851484
0.000888629
-0.00847961
0.000883131
-0.00844671
0.000890802
-0.00841783
0.000875886
-0.00839181
0.000869114
-0.0083698
0.000843588
-0.00835071
0.0008235
-0.00833526
0.000787564
-0.0083224
0.000755715
-0.00831256
0.000710294
-0.0083048
0.00066826
-0.00829933
0.000614384
-0.00829537
0.000563409
-0.00829303
0.000501936
-0.00829171
0.00044308
-0.00829141
0.000375146
-0.00829173
0.000310255
-0.00829255
0.000238441
-0.00829354
0.000171271
-0.00829442
9.97679e-05
3.38008e-05
-0.00901068
0.00077962
-0.00896761
0.000783474
-0.00892407
0.00082159
-0.00888338
0.000825194
-0.00884367
0.000848922
-0.00880731
0.000846769
-0.00877299
0.000856482
-0.00874241
0.000845302
-0.00871449
0.000841197
-0.00869041
0.00081951
-0.00866917
0.000802255
-0.00865153
0.000769922
-0.0086365
0.000740691
-0.00862458
0.000698369
-0.00861482
0.000658507
-0.00860753
0.000607091
-0.0086019
0.000557773
-0.00859808
0.000498119
-0.00859545
0.000440454
-0.00859408
0.000373771
-0.00859349
0.000309665
-0.00859362
0.000238577
-0.00859409
0.000171743
-0.00859468
0.000100353
3.41e-05
-0.00935083
0.000734598
-0.00930806
0.000740695
-0.00926458
0.000778113
-0.00922358
0.000784191
-0.00918326
0.000808605
-0.00914592
0.00080943
-0.00911034
0.000820901
-0.00907819
0.000813153
-0.00904849
0.0008115
-0.00902243
0.000793451
-0.0089991
0.000778922
-0.0089793
0.000750117
-0.00896212
0.000723509
-0.00894807
0.000684328
-0.0089363
0.000646729
-0.00892711
0.000597905
-0.00891973
0.000550391
-0.00891436
0.000492747
-0.00891035
0.000436446
-0.00890781
0.000371237
-0.00890624
0.000308096
-0.00890564
0.000237969
-0.00890555
0.000171654
-0.00890581
0.000100618
3.42774e-05
-0.00970154
0.000690316
-0.00965915
0.000698309
-0.00961586
0.000734818
-0.00957467
0.000743001
-0.00953389
0.000767827
-0.00949572
0.000771264
-0.00945903
0.000784213
-0.00942546
0.000779577
-0.00939411
0.000780148
-0.00936617
0.000765513
-0.00934082
0.00075358
-0.0093189
0.000728195
-0.00929958
0.000704187
-0.00928341
0.000668158
-0.00926958
0.000632895
-0.00925844
0.000586772
-0.00924925
0.0005412
-0.00924225
0.000485745
-0.00923678
0.000430981
-0.00923302
0.000367467
-0.0092304
0.000305482
-0.00922899
0.000236558
-0.0092283
0.000170961
-0.00922821
0.000100533
3.43218e-05
-0.0100631
0.000646845
-0.0100212
0.000656403
-0.00997823
0.000691815
-0.00993698
0.000701748
-0.00989588
0.000726727
-0.00985703
0.000732412
-0.00981938
0.000746564
-0.00978452
0.000744712
-0.00975164
0.000747272
-0.00972193
0.000735802
-0.00969466
0.000726312
-0.00967068
0.000704209
-0.00964925
0.000682758
-0.00963095
0.000649857
-0.00961504
0.000616987
-0.00960191
0.000573646
-0.00959086
0.000530147
-0.00958216
0.000477042
-0.00957517
0.000423992
-0.00957009
0.000362387
-0.00956636
0.000301758
-0.00956409
0.000234284
-0.00956275
0.000169618
-0.00956228
0.000100069
3.42225e-05
-0.010436
0.000604245
-0.0103947
0.000615053
-0.0103521
0.0006492
-0.0103109
0.000660543
-0.0102696
0.000685434
-0.0102302
0.000693013
-0.0101917
0.000708097
-0.0101557
0.000708698
-0.0101214
0.000713002
-0.0100901
0.00070443
-0.010061
0.000697213
-0.010035
0.000678227
-0.0100115
0.000659262
-0.00999106
0.00062944
-0.00997307
0.000598996
-0.00995791
0.000558494
-0.00994495
0.000517186
-0.00993449
0.000466575
-0.00992591
0.000415416
-0.00991945
0.000355927
-0.00991455
0.000296865
-0.00991136
0.000231088
-0.00990932
0.000167583
-0.00990845
9.91939e-05
3.39691e-05
-0.0108206
0.000562564
-0.0107799
0.000574323
-0.0107378
0.000607057
-0.0106967
0.000619485
-0.0106553
0.000644063
-0.0106155
0.000653192
-0.0105764
0.000668947
-0.0105393
0.000671666
-0.0105038
0.000677466
-0.0104709
0.000671513
-0.01044
0.000666382
-0.0104121
0.000650324
-0.0103866
0.000633752
-0.0103641
0.000606931
-0.010344
0.000578923
-0.0103268
0.000541293
-0.0103119
0.000502281
-0.0102997
0.000454289
-0.0102894
0.000405194
-0.0102815
0.000348018
-0.0102754
0.000290742
-0.0102712
0.000226911
-0.0102685
0.000164814
-0.0102671
9.78775e-05
3.3552e-05
-0.0112174
0.000521835
-0.0111773
0.000534264
-0.0111357
0.000565456
-0.0110949
0.000578664
-0.0110535
0.00060272
-0.0110134
0.000613066
-0.0109737
0.00062924
-0.0109358
0.000633746
-0.0108991
0.000640792
-0.0108648
0.000637167
-0.0108323
0.00063392
-0.0108026
0.000620581
-0.0107751
0.000606287
-0.0107505
0.000582364
-0.0107284
0.000556782
-0.0107091
0.000522031
-0.0106923
0.000485403
-0.0106781
0.000440139
-0.0106662
0.000393277
-0.0106568
0.000338603
-0.0106494
0.000283335
-0.0106442
0.000221699
-0.0106406
0.000161272
-0.0106388
9.60885e-05
3.2962e-05
-0.0116267
0.000482079
-0.0115874
0.000494915
-0.0115464
0.000524453
-0.0115059
0.000538151
-0.0114646
0.000561493
-0.0114243
0.000572738
-0.0113842
0.000589089
-0.0113455
0.000595057
-0.0113078
0.000603097
-0.0112721
0.000601506
-0.0112381
0.000599931
-0.0112066
0.000589085
-0.0111773
0.000576935
-0.0111507
0.000555784
-0.0111265
0.000532595
-0.0111052
0.000500708
-0.0110863
0.000466535
-0.0110703
0.000424089
-0.0110566
0.000379618
-0.0110456
0.000327626
-0.0110369
0.000274592
-0.0110306
0.000215401
-0.0110262
0.000156919
-0.0110239
9.3797e-05
3.21908e-05
-0.0120492
0.000443304
-0.0120106
0.000456301
-0.0119703
0.000484088
-0.0119301
0.000498006
-0.0118891
0.000520456
-0.0118486
0.000532299
-0.0118081
0.000548594
-0.0117688
0.000555709
-0.0117302
0.000564495
-0.0116933
0.00056464
-0.0116579
0.000564516
-0.0116247
0.000555925
-0.0115936
0.000545768
-0.011565
0.000527243
-0.0115388
0.000506391
-0.0115155
0.000477333
-0.0114946
0.000445666
-0.0114766
0.000406112
-0.0114612
0.000364182
-0.0114486
0.000315041
-0.0114385
0.000264469
-0.011431
0.00020797
-0.0114258
0.00015172
-0.011423
9.09746e-05
3.12306e-05
-0.0124854
0.0004055
-0.0124476
0.000418431
-0.0124079
0.000444383
-0.0123681
0.00045827
-0.0123273
0.000479666
-0.0122869
0.000491821
-0.0122461
0.000507842
-0.0122062
0.000515797
-0.0121668
0.000525086
-0.0121288
0.000526672
-0.0120921
0.000527772
-0.0120573
0.00052119
-0.0120244
0.000512858
-0.011994
0.000496797
-0.0119658
0.000478209
-0.0119404
0.000451925
-0.0119175
0.000422795
-0.0118976
0.000386192
-0.0118804
0.000346939
-0.0118661
0.00030081
-0.0118546
0.000252924
-0.011846
0.000199364
-0.0118399
0.000145643
-0.0118365
8.75951e-05
3.00745e-05
-0.0129359
0.000368646
-0.0128988
0.000381299
-0.0128598
0.000405347
-0.0128205
0.000418969
-0.01278
0.000439162
-0.0127395
0.000451361
-0.0126986
0.000466901
-0.0126582
0.000475403
-0.012618
0.000484959
-0.0125791
0.000487694
-0.0125411
0.000489791
-0.0125049
0.000484964
-0.0124703
0.00047828
-0.012438
0.000464507
-0.0124079
0.000448091
-0.0123805
0.000424508
-0.0123556
0.000397932
-0.0123337
0.000364322
-0.0123147
0.000327869
-0.0122987
0.000284904
-0.0122857
0.000239926
-0.0122759
0.000189549
-0.012269
0.00013866
-0.012265
8.36354e-05
2.87165e-05
-0.0134014
0.000332701
-0.013365
0.000344884
-0.0133266
0.000366965
-0.0132877
0.000380109
-0.0132475
0.000398964
-0.0132071
0.000410957
-0.0131661
0.000425821
-0.0131252
0.000434592
-0.0130845
0.000444185
-0.0130446
0.000447786
-0.0130054
0.000450651
-0.0129678
0.000447327
-0.0129316
0.000442105
-0.0128975
0.000430434
-0.0128655
0.000416084
-0.0128361
0.000395116
-0.0128093
0.000371091
-0.0127855
0.000340501
-0.0127646
0.000306961
-0.012747
0.000267301
-0.0127325
0.000225446
-0.0127214
0.000178496
-0.0127135
0.000130746
-0.012709
7.90758e-05
2.71511e-05
-0.0138825
0.000297608
-0.0138468
0.000309145
-0.013809
0.000329208
-0.0137706
0.000341676
-0.0137307
0.00035907
-0.0136903
0.000370626
-0.0136492
0.000384631
-0.013608
0.000393409
-0.0135666
0.000402819
-0.0135258
0.000407014
-0.0134856
0.000410422
-0.0134466
0.000408349
-0.0134089
0.000404398
-0.0133731
0.000394637
-0.0133393
0.000382234
-0.0133079
0.000363783
-0.0132791
0.000342294
-0.0132534
0.00031474
-0.0132306
0.000284211
-0.0132113
0.000247988
-0.0131953
0.000209467
-0.013183
0.000166185
-0.0131742
0.000121883
-0.013169
7.3901e-05
2.53742e-05
-0.01438
0.000263292
-0.0143449
0.000274022
-0.0143077
0.000292022
-0.0142697
0.000303635
-0.0142301
0.000319454
-0.0141898
0.00033036
-0.0141485
0.000343336
-0.014107
0.000351876
-0.014065
0.000360895
-0.0140235
0.000365422
-0.0139822
0.000369154
-0.0139419
0.000368087
-0.0139027
0.000365215
-0.0138653
0.000357171
-0.0138296
0.000346589
-0.0137964
0.000330549
-0.0137657
0.000311567
-0.013738
0.000287054
-0.0137134
0.000259623
-0.0136924
0.000226963
-0.0136749
0.000191979
-0.0136613
0.000152602
-0.0136515
0.000112057
-0.0136457
6.81001e-05
2.33825e-05
-0.0148948
0.000229659
-0.0148602
0.000239436
-0.0148235
0.000255333
-0.0147858
0.000265927
-0.0147464
0.000280069
-0.0147062
0.000290127
-0.0146647
0.000301918
-0.0146229
0.000309991
-0.0145804
0.000318421
-0.014538
0.000323035
-0.0144957
0.000326881
-0.0144542
0.000326584
-0.0144136
0.000324599
-0.0143745
0.000318082
-0.0143371
0.000309191
-0.014302
0.000295452
-0.0142694
0.000278941
-0.0142398
0.000257467
-0.0142134
0.000233211
-0.0141907
0.000204232
-0.0141717
0.000172981
-0.0141568
0.000137744
-0.014146
0.000101261
-0.0141396
6.16678e-05
2.11744e-05
-0.0154276
0.000196591
-0.0153935
0.000205284
-0.0153572
0.000219039
-0.0153197
0.000228467
-0.0152805
0.000240836
-0.0152402
0.000249868
-0.0151986
0.000260327
-0.0151564
0.000267724
-0.0151133
0.000275381
-0.0150701
0.000279854
-0.0150269
0.000283613
-0.0149841
0.000283861
-0.0149421
0.000282582
-0.0149015
0.000277407
-0.0148623
0.000270077
-0.0148254
0.000258529
-0.0147909
0.000244446
-0.0147595
0.000226006
-0.0147312
0.000204996
-0.0147068
0.00017981
-0.0146863
0.000152483
-0.0146702
0.000121615
-0.0146584
8.94968e-05
-0.0146514
5.46044e-05
1.87499e-05
-0.0159795
0.000163949
-0.0159457
0.000171436
-0.0159096
0.000183014
-0.0158723
0.00019114
-0.0158331
0.000201648
-0.0157927
0.000209492
-0.0157509
0.000218485
-0.0157082
0.000225014
-0.0156645
0.000231728
-0.0156205
0.000235847
-0.0155763
0.000239333
-0.0155323
0.00023992
-0.0154889
0.000239173
-0.0154467
0.000235166
-0.0154059
0.000229273
-0.0153671
0.000219811
-0.0153308
0.000208117
-0.0152975
0.000192704
-0.0152675
0.000175006
-0.0152414
0.000153723
-0.0152195
0.000130504
-0.0152021
0.000104231
-0.0151893
7.67746e-05
-0.0151817
4.69169e-05
1.61112e-05
-0.0165515
0.000131563
-0.0165178
0.000137736
-0.0164818
0.000147099
-0.0164445
0.000153801
-0.0164052
0.000162365
-0.0163646
0.000168874
-0.0163224
0.000176276
-0.0162791
0.000181765
-0.0162348
0.000187379
-0.0161899
0.000190956
-0.0161446
0.000193999
-0.0160994
0.000194736
-0.0160546
0.000194362
-0.0160108
0.000191366
-0.0159683
0.000186796
-0.0159278
0.000179327
-0.0158897
0.000169983
-0.0158546
0.000157597
-0.0158228
0.000143276
-0.0157951
0.000126007
-0.0157717
0.000107076
-0.0157531
8.56207e-05
-0.0157394
6.31148e-05
-0.0157311
3.86195e-05
1.32628e-05
-0.0171445
9.92344e-05
-0.0171108
0.000103994
-0.0170748
0.000111099
-0.0170373
0.000116267
-0.0169977
0.000122808
-0.0169567
0.00012785
-0.0169139
0.000133548
-0.01687
0.000137842
-0.0168249
0.000142218
-0.016779
0.000145084
-0.0167325
0.000147532
-0.016686
0.000148254
-0.0166398
0.000148115
-0.0165944
0.000145994
-0.0165503
0.000142649
-0.016508
0.000137095
-0.0164681
0.000130076
-0.0164313
0.000120725
-0.0163978
0.000109852
-0.0163685
9.67085e-05
-0.0163437
8.22427e-05
-0.0163239
6.58242e-05
-0.0163093
4.85497e-05
-0.0163005
2.97352e-05
1.02126e-05
-0.0177599
6.67229e-05
-0.0177259
6.99772e-05
-0.0176896
7.47797e-05
-0.0176516
7.83137e-05
-0.0176115
8.27543e-05
-0.0175699
8.62125e-05
-0.0175265
9.01021e-05
-0.0174817
9.30673e-05
-0.0174356
9.60818e-05
-0.0173886
9.80951e-05
-0.0173409
9.98199e-05
-0.017293
0.000100391
-0.0172452
0.000100371
-0.0171983
9.90168e-05
-0.0171524
9.68209e-05
-0.0171085
9.31287e-05
-0.0170668
8.84257e-05
-0.0170282
8.21339e-05
-0.0169932
7.47879e-05
-0.0169623
6.5888e-05
-0.0169362
5.6064e-05
-0.0169152
4.48988e-05
-0.0168998
3.31259e-05
-0.0168904
2.02969e-05
6.9714e-06
-0.0183987
3.37273e-05
-0.0183642
3.54213e-05
-0.0183273
3.78647e-05
-0.0182886
3.96693e-05
-0.0182478
4.19309e-05
-0.0182053
4.37006e-05
-0.0181609
4.56888e-05
-0.018115
4.72133e-05
-0.0180677
4.87632e-05
-0.0180194
4.9809e-05
-0.0179703
5.07089e-05
-0.0179209
5.10253e-05
-0.0178716
5.10414e-05
-0.017823
5.03795e-05
-0.0177754
4.92882e-05
-0.0177297
4.74334e-05
-0.0176864
4.50614e-05
-0.0176461
4.18754e-05
-0.0176095
3.8149e-05
-0.0175772
3.36219e-05
-0.0175498
2.8618e-05
-0.0175278
2.29203e-05
-0.0175116
1.69075e-05
-0.0175016
1.03491e-05
3.55529e-06
-0.0190624
-0.019027
-0.0189891
-0.0189494
-0.0189075
-0.0188638
-0.0188181
-0.0187709
-0.0187221
-0.0186723
-0.0186216
-0.0185706
-0.0185195
-0.0184692
-0.0184199
-0.0183724
-0.0183274
-0.0182855
-0.0182474
-0.0182137
-0.0181851
-0.0181622
-0.0181453
-0.0181349
)
;

boundaryField
{
    inlet
    {
        type            calculated;
        value           nonuniform List<scalar> 
38
(
-0.00486683
-0.00504293
-0.00522541
-0.0054145
-0.00561042
-0.00581344
-0.0060238
-0.00624177
-0.00646763
-0.00670167
-0.00694417
-0.00719544
-0.00745581
-0.0077256
-0.00800516
-0.00829483
-0.00859498
-0.00890599
-0.00922826
-0.00956218
-0.00990819
-0.0102667
-0.0106382
-0.0110232
-0.0114221
-0.0118354
-0.0122636
-0.0127074
-0.0131672
-0.0136437
-0.0141374
-0.0146489
-0.015179
-0.0157283
-0.0162974
-0.0168871
-0.0174982
-0.0181314
)
;
    }
    outlet
    {
        type            calculated;
        value           nonuniform 0();
    }
    cylinder
    {
        type            calculated;
        value           nonuniform 0();
    }
    top
    {
        type            symmetryPlane;
        value           uniform 0;
    }
    bottom
    {
        type            symmetryPlane;
        value           nonuniform 0();
    }
    defaultFaces
    {
        type            empty;
        value           nonuniform 0();
    }
    procBoundary12to8
    {
        type            processor;
        value           nonuniform List<scalar> 
55
(
-2.92664e-05
5.13406e-05
0.000131175
0.000210197
0.000288363
-0.00624596
0.000424115
0.000504478
0.000583826
0.000662113
-0.00622144
0.00081705
0.000897103
0.000975915
-0.00621169
0.00114691
0.00122713
0.0013059
-0.00615481
0.00149271
0.00157249
0.00165063
-0.00605041
0.00185145
0.00193014
-0.0044395
0.00200599
-0.00462971
0.00207293
0.00213899
-0.00156595
-0.00144711
-0.0014475
-0.0013449
-0.00130567
-0.00121408
-0.00115765
-0.00107262
-0.00100999
-0.00093081
-0.00086777
-0.000794469
-0.000733534
-0.000665472
-0.000606822
-0.000542302
-0.000484538
-0.00042128
-0.000362612
-0.000298959
-0.000239403
-0.000177172
-0.000120999
-6.62133e-05
-2.04798e-05
)
;
    }
    procBoundary12to9
    {
        type            processor;
        value           nonuniform List<scalar> 2(-7.68524e-05 0.00647691);
    }
    procBoundary12to13
    {
        type            processor;
        value           nonuniform List<scalar> 
46
(
0.00765917
0.00677004
0.00704198
-6.29507e-05
0.00732599
0.0046397
0.00479453
0.00495709
0.0051265
0.00530214
0.00548386
0.00567166
0.00586612
0.00606685
0.00627413
0.00648833
0.00670964
0.00693828
0.00717452
0.00741865
0.00767096
0.00793158
0.00820094
0.00847936
0.00876719
-0.00018479
0.00906434
0.00937316
0.00969256
0.010023
0.010365
0.0107189
0.0110854
0.011465
0.0118582
0.0122659
0.0126886
0.0131272
0.0135824
0.0140551
0.0145462
0.0150568
0.0155881
0.0161412
0.0167174
0.0173185
)
;
    }
}


// ************************************************************************* //
