/*--------------------------------*- C++ -*----------------------------------*\
  =========                 |
  \\      /  F ield         | OpenFOAM: The Open Source CFD Toolbox
   \\    /   O peration     | Website:  https://openfoam.org
    \\  /    A nd           | Version:  7
     \\/     M anipulation  |
\*---------------------------------------------------------------------------*/
FoamFile
{
    version     2.0;
    format      ascii;
    class       volVectorField;
    location    "165";
    object      U;
}
// * * * * * * * * * * * * * * * * * * * * * * * * * * * * * * * * * * * * * //

dimensions      [0 1 -1 0 0 0 0];

internalField   nonuniform List<vector> 
1987
(
(1.17947 -0.182278 -9.03607e-20)
(1.17071 -0.171008 -4.88672e-20)
(1.16228 -0.16038 -4.64981e-20)
(1.15377 -0.150988 6.69244e-20)
(1.18611 -0.17687 6.59138e-20)
(1.17699 -0.165974 -2.08368e-20)
(1.16823 -0.155633 5.03258e-20)
(1.15951 -0.146484 -8.28589e-21)
(1.19252 -0.171259 -5.26606e-20)
(1.18307 -0.160743 2.03338e-20)
(1.174 -0.150731 -5.82557e-20)
(1.16507 -0.141871 2.12401e-20)
(1.19871 -0.165457 1.8458e-20)
(1.18895 -0.155324 -1.87737e-21)
(1.17957 -0.145653 2.47288e-20)
(1.17038 -0.137079 -1.23119e-20)
(1.21524 -0.169677 2.61603e-20)
(1.20468 -0.159472 6.91938e-22)
(1.19461 -0.149719 2.95814e-21)
(1.18494 -0.140388 8.57786e-21)
(1.17547 -0.13209 -5.09852e-21)
(1.22127 -0.163128 -1.98157e-21)
(1.21042 -0.153311 1.23364e-22)
(1.20007 -0.143937 2.9416e-21)
(1.19011 -0.134944 -4.2754e-21)
(1.18038 -0.126917 2.08491e-21)
(1.22707 -0.156414 6.93659e-22)
(1.21594 -0.146982 1.1857e-21)
(1.20531 -0.137984 -2.43715e-21)
(1.19509 -0.129332 -4.59957e-21)
(1.18512 -0.121567 6.77517e-21)
(1.23262 -0.149545 -2.83257e-20)
(1.22124 -0.140492 2.26238e-20)
(1.21035 -0.131867 8.52836e-21)
(1.19987 -0.123562 3.53802e-21)
(1.18968 -0.116047 -5.78699e-21)
(1.22632 -0.133848 2.3762e-20)
(1.21518 -0.125592 9.98031e-21)
(1.20446 -0.117638 2.93515e-20)
(1.19404 -0.110363 -1.98708e-20)
(1.23118 -0.127056 -7.7428e-20)
(1.21981 -0.119162 2.7516e-20)
(1.20884 -0.111564 -6.9213e-20)
(1.19821 -0.104518 6.73e-21)
(1.23583 -0.120119 8.69238e-21)
(1.22422 -0.112581 -9.77919e-21)
(1.21302 -0.105343 1.03501e-19)
(1.20217 -0.0985147 -3.52871e-20)
(1.24027 -0.113043 1.13393e-19)
(1.22844 -0.105851 -8.74848e-20)
(1.21701 -0.0989778 -2.32813e-20)
(1.20595 -0.0923557 -5.4867e-20)
(1.24451 -0.105829 -7.00311e-20)
(1.23245 -0.098974 -6.71041e-21)
(1.22079 -0.0924683 -2.92642e-20)
(1.20952 -0.0860419 1.01739e-19)
(1.24855 -0.0984798 -1.28955e-19)
(1.23627 -0.0919501 -2.0226e-20)
(1.22438 -0.0858149 2.54187e-20)
(1.21288 -0.0795731 -7.23846e-20)
(1.2524 -0.0909952 -1.00209e-19)
(1.23989 -0.0847787 5.5995e-20)
(1.22777 -0.0790162 4.52335e-20)
(1.21605 -0.0729483 6.16242e-20)
(1.25606 -0.0833742 1.93308e-19)
(1.24332 -0.0774579 7.38578e-20)
(1.23097 -0.0720699 -3.48129e-19)
(1.21901 -0.0661649 -1.30807e-20)
(1.25954 -0.0756143 2.7118e-20)
(1.24656 -0.0699842 3.64415e-20)
(1.23398 -0.064972 1.29036e-19)
(1.22177 -0.0592195 -3.64229e-20)
(1.24961 -0.0623529 1.4384e-20)
(1.23679 -0.0577176 5.9244e-20)
(1.22432 -0.0521066 -7.93004e-20)
(1.25249 -0.0545573 -4.05624e-19)
(1.23941 -0.0502998 -2.64483e-20)
(1.22666 -0.0448197 -3.20298e-20)
(1.25519 -0.046589 1.15899e-19)
(1.24184 -0.0427104 1.20125e-19)
(1.22879 -0.0373503 4.24455e-21)
(1.25772 -0.0384376 -9.65598e-20)
(1.24408 -0.0349391 -2.27911e-19)
(1.2307 -0.0296882 2.66838e-19)
(1.26008 -0.0300902 1.79444e-19)
(1.24613 -0.0269737 -1.24075e-19)
(1.23239 -0.021821 6.94533e-20)
(1.24799 -0.0187998 -3.39897e-20)
(1.23386 -0.0137342 -1.40499e-19)
(1.24966 -0.0104003 2.62705e-19)
(1.23509 -0.00541086 -2.83018e-21)
(1.25114 -0.00175526 -1.8921e-19)
(1.23609 0.0031688 -1.20242e-19)
(1.23683 0.0120277 3.69731e-20)
(1.23731 0.0211923 -5.51179e-20)
(1.2375 0.030693 -5.12803e-19)
(1.17288 -0.119966 2.49971e-21)
(1.16721 -0.115127 -1.30372e-21)
(1.16184 -0.110347 -3.45662e-23)
(1.15683 -0.105717 2.48738e-21)
(1.1521 -0.101279 -2.41748e-21)
(1.14757 -0.097005 2.39482e-21)
(1.1432 -0.0928796 -3.39212e-21)
(1.13896 -0.0888913 2.41674e-21)
(1.13484 -0.0850436 -2.50085e-21)
(1.13083 -0.0813198 1.67773e-21)
(1.12695 -0.0777115 -1.52428e-21)
(1.1232 -0.0742312 6.47386e-22)
(1.11957 -0.0708642 1.28667e-21)
(1.11605 -0.0676057 -8.12697e-22)
(1.11266 -0.0644499 -6.28663e-22)
(1.10939 -0.0613909 4.02655e-22)
(1.10624 -0.058422 -9.04379e-24)
(1.10321 -0.055537 -4.99283e-22)
(1.1003 -0.0527296 5.95424e-22)
(1.0975 -0.0499933 -1.63962e-22)
(1.09482 -0.0473244 -1.90918e-22)
(1.09224 -0.0447125 2.23203e-22)
(1.08979 -0.0421484 8.32188e-23)
(1.08744 -0.0396325 -1.96774e-22)
(1.0852 -0.0371599 1.55301e-22)
(1.08307 -0.0347232 -1.58966e-22)
(1.08105 -0.0323171 1.23344e-22)
(1.07913 -0.0299365 -3.27992e-23)
(1.07732 -0.0275766 8.03435e-23)
(1.07562 -0.0252321 -4.15944e-23)
(1.07404 -0.0228982 -5.62075e-23)
(1.07256 -0.0205694 1.51758e-23)
(1.07121 -0.0182402 6.18266e-24)
(1.06999 -0.0159045 1.5385e-23)
(1.06891 -0.0135556 -1.873e-23)
(1.06796 -0.011185 -5.9775e-24)
(1.06718 -0.00878721 4.95847e-24)
(1.06657 -0.00634129 -6.03591e-25)
(1.06614 -0.00386354 -6.0052e-25)
(1.06591 -0.00127747 8.99125e-25)
(1.16826 -0.124563 2.44061e-21)
(1.16281 -0.119455 -2.36124e-21)
(1.15774 -0.114404 5.01046e-21)
(1.15303 -0.109529 -1.26744e-21)
(1.14858 -0.104853 -5.1042e-22)
(1.1443 -0.10035 1.27561e-21)
(1.14016 -0.0960039 -4.20378e-21)
(1.13613 -0.0918043 3.84471e-23)
(1.13221 -0.0877612 1.0812e-21)
(1.12837 -0.0838431 -1.34159e-21)
(1.12467 -0.0800425 8.39577e-22)
(1.12107 -0.0763872 -8.14659e-22)
(1.11759 -0.0728538 -1.61319e-22)
(1.11421 -0.0694381 5.25539e-23)
(1.11094 -0.0661341 1.63182e-21)
(1.10778 -0.0629354 -7.34632e-22)
(1.10474 -0.0598353 -7.86452e-22)
(1.1018 -0.0568273 7.35456e-22)
(1.09897 -0.0539048 1.03213e-21)
(1.09625 -0.0510609 -7.0079e-22)
(1.09365 -0.0482958 5.94518e-23)
(1.09113 -0.0455923 -7.3934e-22)
(1.08874 -0.0429396 3.94054e-22)
(1.08645 -0.0403453 7.08225e-22)
(1.08426 -0.0378005 -8.02142e-23)
(1.08217 -0.0352972 -1.87703e-22)
(1.08019 -0.0328299 -1.2927e-22)
(1.07831 -0.030393 1.56205e-23)
(1.07654 -0.0279812 -1.85788e-22)
(1.07487 -0.025589 7.08576e-23)
(1.07331 -0.0232109 1.474e-22)
(1.07187 -0.0208413 -6.11629e-23)
(1.07054 -0.0184741 1.11855e-22)
(1.06934 -0.0161028 -3.49885e-23)
(1.06827 -0.0137204 1.7314e-23)
(1.06735 -0.011318 1.57329e-23)
(1.06658 -0.00888947 -7.01508e-26)
(1.06598 -0.00641391 2.11124e-24)
(1.06555 -0.00390685 -6.96933e-24)
(1.06534 -0.00129004 1.21784e-24)
(1.16348 -0.129011 6.74395e-21)
(1.15823 -0.123652 -6.47176e-22)
(1.15349 -0.118322 2.03132e-21)
(1.1491 -0.113212 -1.48671e-20)
(1.14493 -0.108312 1.27193e-20)
(1.14092 -0.103591 -5.06258e-21)
(1.13702 -0.0990343 -1.92044e-21)
(1.13321 -0.0946375 2.27903e-21)
(1.12948 -0.0904113 1.82866e-21)
(1.12585 -0.0863042 2.01364e-21)
(1.12232 -0.0823174 -6.55427e-21)
(1.11889 -0.0784938 3.9813e-21)
(1.11555 -0.0748014 1.91926e-21)
(1.11231 -0.0712346 5.55365e-22)
(1.10917 -0.0677876 -5.36649e-21)
(1.10613 -0.0644537 3.67168e-21)
(1.10319 -0.0612265 7.9585e-22)
(1.10035 -0.0580991 -8.49638e-22)
(1.09761 -0.0550646 -1.28782e-21)
(1.09498 -0.0521152 1.07215e-21)
(1.09244 -0.0492568 -1.07902e-21)
(1.09001 -0.0464624 7.94176e-22)
(1.08767 -0.0437225 6.56789e-22)
(1.08544 -0.0410527 -1.11246e-21)
(1.0833 -0.0384366 5.51717e-23)
(1.08126 -0.0358676 1.61143e-22)
(1.07932 -0.0333396 1.91901e-22)
(1.07748 -0.030847 -4.45268e-23)
(1.07574 -0.0283838 6.67504e-23)
(1.07411 -0.0259442 1.19645e-22)
(1.07258 -0.0235223 -4.82358e-25)
(1.07116 -0.0211121 -1.32932e-23)
(1.06986 -0.0187072 -1.3653e-22)
(1.06868 -0.0163005 5.61501e-23)
(1.06763 -0.0138847 -1.02178e-23)
(1.06672 -0.0114506 -1.91956e-23)
(1.06597 -0.0089914 -3.20828e-24)
(1.06538 -0.00648635 -8.66333e-24)
(1.06497 -0.00394998 -7.20367e-24)
(1.06475 -0.00130265 7.01152e-24)
(1.1585 -0.13332 -2.07655e-21)
(1.1535 -0.127729 -7.92235e-21)
(1.14911 -0.122089 1.3962e-20)
(1.14505 -0.116759 -5.44333e-21)
(1.14118 -0.111652 -5.8434e-21)
(1.13743 -0.106727 5.56741e-21)
(1.13377 -0.101972 -2.03604e-21)
(1.13018 -0.0973911 4.75357e-21)
(1.12667 -0.0929816 -1.18677e-20)
(1.12327 -0.0886933 8.09867e-21)
(1.11991 -0.0845387 3.81618e-21)
(1.11664 -0.0805531 -2.37648e-21)
(1.11346 -0.0767077 2.47887e-21)
(1.11036 -0.0729953 -2.10448e-21)
(1.10735 -0.0694101 -3.64836e-22)
(1.10443 -0.0659456 2.51399e-21)
(1.10161 -0.0625952 -1.67959e-21)
(1.09887 -0.0593519 2.19413e-21)
(1.09622 -0.0562089 -3.18662e-21)
(1.09367 -0.0531595 2.45628e-21)
(1.09121 -0.0502016 -1.11641e-21)
(1.08886 -0.0473182 3.14755e-23)
(1.08659 -0.0445014 -4.71603e-22)
(1.08441 -0.0417546 -9.3918e-22)
(1.08232 -0.0390678 2.54324e-22)
(1.08033 -0.0364338 1.64299e-22)
(1.07844 -0.0338461 2.12789e-22)
(1.07664 -0.0312982 2.23004e-22)
(1.07494 -0.0287841 -2.81688e-22)
(1.07334 -0.0262976 -7.60675e-23)
(1.07184 -0.0238323 -2.21466e-23)
(1.07045 -0.0213818 -1.82821e-22)
(1.06917 -0.0189392 -6.88556e-23)
(1.06801 -0.0164974 -5.6942e-23)
(1.06699 -0.0140483 -3.92303e-23)
(1.0661 -0.0115827 9.20522e-24)
(1.06535 -0.009093 7.34111e-24)
(1.06477 -0.00655861 1.41077e-23)
(1.06437 -0.00399291 -5.5494e-24)
(1.06417 -0.00131534 2.92448e-24)
(1.15321 -0.13744 6.39762e-21)
(1.14873 -0.131626 -3.45891e-21)
(1.14466 -0.125702 -9.74636e-21)
(1.14092 -0.120177 -6.77824e-21)
(1.13734 -0.114879 1.42291e-20)
(1.13385 -0.109764 5.59014e-21)
(1.13044 -0.104823 -9.45513e-21)
(1.12708 -0.100058 -2.23006e-21)
(1.1238 -0.09546 4.13939e-22)
(1.1206 -0.0910102 6.32033e-21)
(1.11743 -0.0867099 -2.20039e-21)
(1.11433 -0.0825668 7.88991e-21)
(1.11131 -0.0785731 -8.04788e-21)
(1.10836 -0.0747201 -4.28772e-21)
(1.10549 -0.0710014 7.46349e-22)
(1.1027 -0.0674105 2.05011e-21)
(1.09998 -0.0639407 3.56156e-21)
(1.09735 -0.060585 -5.45568e-21)
(1.09481 -0.0573365 1.84649e-21)
(1.09234 -0.0541884 -1.46578e-21)
(1.08996 -0.0511358 2.45148e-21)
(1.08768 -0.0481659 -8.21367e-22)
(1.08548 -0.0452709 -2.01337e-22)
(1.08336 -0.0424494 7.21521e-22)
(1.08133 -0.0396935 -3.30499e-22)
(1.07939 -0.0369956 -5.32619e-22)
(1.07754 -0.0343488 3.94845e-22)
(1.07579 -0.0317464 -7.91314e-22)
(1.07412 -0.029182 2.42451e-22)
(1.07256 -0.026649 1.80009e-22)
(1.07109 -0.0241406 1.36228e-22)
(1.06973 -0.0216501 -1.39086e-23)
(1.06848 -0.0191702 1.59371e-22)
(1.06734 -0.0166934 1.75911e-23)
(1.06633 -0.0142113 1.54293e-23)
(1.06546 -0.0117143 2.09414e-24)
(1.06473 -0.00919422 7.24023e-24)
(1.06417 -0.00663066 -5.0912e-23)
(1.06377 -0.00403566 -3.14464e-25)
(1.06357 -0.00132813 -2.65936e-23)
(1.12084 -0.0978752 9.31001e-21)
(1.11783 -0.0932677 -5.88419e-21)
(1.11487 -0.088818 5.66107e-21)
(1.11196 -0.0845288 2.96256e-21)
(1.1091 -0.0803941 8.01122e-22)
(1.10631 -0.0764065 3.59704e-21)
(1.10358 -0.0725597 -6.11095e-21)
(1.10092 -0.0688472 -2.42174e-21)
(1.09832 -0.0652621 3.46594e-21)
(1.0958 -0.0617976 1.86076e-21)
(1.09336 -0.0584466 -2.64804e-21)
(1.09099 -0.0552023 3.54872e-21)
(1.08869 -0.052058 -2.14182e-21)
(1.08648 -0.0490036 -1.01922e-21)
(1.08435 -0.0460315 -1.85636e-22)
(1.0823 -0.0431371 3.70974e-22)
(1.08033 -0.0403133 7.05605e-22)
(1.07844 -0.0375525 -3.31305e-23)
(1.07664 -0.0348475 5.40852e-22)
(1.07492 -0.0321914 2.12133e-22)
(1.0733 -0.0295772 -7.98576e-23)
(1.07177 -0.0269981 -6.22186e-22)
(1.07033 -0.0244471 3.8008e-22)
(1.069 -0.0219169 2.33232e-22)
(1.06777 -0.0194 -1.92174e-22)
(1.06666 -0.0168884 5.68847e-23)
(1.06567 -0.0143735 2.26893e-24)
(1.06482 -0.0118453 -1.69223e-23)
(1.0641 -0.00929504 8.20542e-23)
(1.06355 -0.00670247 1.58742e-22)
(1.06316 -0.00407821 1.21807e-22)
(1.06297 -0.00134105 4.25184e-23)
(1.17735 -0.115208 -2.60481e-21)
(1.17146 -0.110655 1.34572e-21)
(1.1658 -0.10615 2.379e-23)
(1.16049 -0.101782 -2.57798e-21)
(1.15549 -0.0975923 2.51074e-21)
(1.15072 -0.0935585 -2.48768e-21)
(1.14613 -0.0896641 3.51581e-21)
(1.14168 -0.0858983 -2.50878e-21)
(1.13737 -0.0822598 2.59893e-21)
(1.1332 -0.078738 -1.73488e-21)
(1.12916 -0.0753255 1.57523e-21)
(1.12525 -0.072027 -6.63577e-22)
(1.12148 -0.068833 -1.33068e-21)
(1.11784 -0.0657377 8.429e-22)
(1.11433 -0.0627355 6.53644e-22)
(1.11096 -0.0598207 -4.14854e-22)
(1.10771 -0.0569872 1.22066e-23)
(1.10459 -0.0542286 5.22053e-22)
(1.10159 -0.051539 -6.21517e-22)
(1.09872 -0.0489125 1.69652e-22)
(1.09597 -0.0463438 1.96997e-22)
(1.09333 -0.0438252 -2.37021e-22)
(1.09082 -0.0413494 -8.15798e-23)
(1.08842 -0.038914 2.03592e-22)
(1.08613 -0.0365148 -1.63471e-22)
(1.08396 -0.0341455 1.68481e-22)
(1.08189 -0.0318014 -1.33176e-22)
(1.07994 -0.0294778 3.52761e-23)
(1.0781 -0.0271701 -8.31931e-23)
(1.07637 -0.0248738 4.44438e-23)
(1.07475 -0.0225842 6.45444e-23)
(1.07325 -0.0202965 -1.92782e-23)
(1.07188 -0.0180055 -7.73768e-24)
(1.07064 -0.0157055 -1.8758e-23)
(1.06953 -0.0133902 2.67504e-23)
(1.06857 -0.0110516 9.89559e-24)
(1.06777 -0.00868464 -1.06641e-23)
(1.06715 -0.00626851 4.74847e-24)
(1.06671 -0.00382005 -3.0127e-24)
(1.06648 -0.00126494 1.60725e-24)
(1.18165 -0.110287 -2.76108e-21)
(1.17554 -0.106032 2.62993e-21)
(1.16962 -0.101813 -5.62695e-21)
(1.16403 -0.0977229 1.45126e-21)
(1.15877 -0.0937958 5.89169e-22)
(1.15376 -0.0900133 -1.41927e-21)
(1.14895 -0.08636 4.69649e-21)
(1.14431 -0.0828263 -5.17667e-23)
(1.13982 -0.079408 -1.1986e-21)
(1.13548 -0.0760968 1.50784e-21)
(1.13129 -0.072886 -9.47553e-22)
(1.12724 -0.0697765 9.34166e-22)
(1.12334 -0.0667617 1.77472e-22)
(1.11957 -0.0638352 -6.27573e-23)
(1.11595 -0.0609917 -1.80339e-21)
(1.11247 -0.0582258 8.18336e-22)
(1.10913 -0.0555314 8.73432e-22)
(1.10592 -0.0529027 -8.21154e-22)
(1.10285 -0.0503339 -1.15724e-21)
(1.09991 -0.0478194 7.77249e-22)
(1.09709 -0.0453539 -6.18252e-23)
(1.0944 -0.0429308 8.33831e-22)
(1.09183 -0.040544 -4.41414e-22)
(1.08938 -0.0381902 -8.16173e-22)
(1.08704 -0.0358654 8.22428e-23)
(1.08483 -0.0335646 2.21872e-22)
(1.08273 -0.0312831 1.4738e-22)
(1.08074 -0.029017 -2.12791e-23)
(1.07886 -0.026762 2.31781e-22)
(1.0771 -0.0245141 -8.44094e-23)
(1.07546 -0.0222691 -1.82046e-22)
(1.07393 -0.0200227 7.2308e-23)
(1.07254 -0.01777 -1.61869e-22)
(1.07127 -0.0155059 5.50009e-23)
(1.07015 -0.0132244 -2.59307e-23)
(1.06918 -0.0109178 -3.1853e-23)
(1.06836 -0.00858179 -7.22257e-24)
(1.06773 -0.00619555 -2.38903e-25)
(1.06728 -0.0037764 -1.26425e-23)
(1.06704 -0.00125245 9.94245e-25)
(1.18577 -0.105204 -8.26626e-21)
(1.17946 -0.101258 7.86424e-22)
(1.17329 -0.0973386 -2.44332e-21)
(1.16744 -0.093541 1.80695e-20)
(1.16192 -0.0898901 -1.5399e-20)
(1.15668 -0.0863702 6.15326e-21)
(1.15167 -0.0829687 2.32005e-21)
(1.14684 -0.0796764 -2.76891e-21)
(1.14218 -0.0764878 -2.16854e-21)
(1.13768 -0.0733957 -2.42276e-21)
(1.13334 -0.0703939 7.85907e-21)
(1.12915 -0.0674807 -4.74433e-21)
(1.12512 -0.0646512 -2.31167e-21)
(1.12125 -0.0618991 -6.85127e-22)
(1.11752 -0.0592194 6.42817e-21)
(1.11394 -0.0566068 -4.40184e-21)
(1.11051 -0.0540554 -9.61356e-22)
(1.10722 -0.05156 1.0141e-21)
(1.10408 -0.0491149 1.5364e-21)
(1.10106 -0.0467149 -1.30446e-21)
(1.09819 -0.044355 1.30681e-21)
(1.09544 -0.0420294 -9.60887e-22)
(1.09281 -0.0397328 -8.17799e-22)
(1.09032 -0.0374616 1.36605e-21)
(1.08794 -0.0352124 -6.8711e-23)
(1.08568 -0.0329807 -1.92615e-22)
(1.08354 -0.0307625 -2.43759e-22)
(1.08152 -0.0285543 5.28832e-23)
(1.07961 -0.0263524 -9.71351e-23)
(1.07782 -0.0241533 -1.7005e-22)
(1.07615 -0.0219532 6.95589e-24)
(1.07461 -0.0197482 -8.06611e-25)
(1.07319 -0.017534 2.13167e-22)
(1.0719 -0.0153057 -1.05501e-22)
(1.07076 -0.0130582 6.85415e-24)
(1.06977 -0.0107837 7.02385e-23)
(1.06894 -0.00847867 3.65821e-23)
(1.06829 -0.00612242 -3.74228e-23)
(1.06784 -0.00373257 -6.02468e-24)
(1.06759 -0.00123996 7.55077e-24)
(1.18972 -0.0999587 2.73949e-21)
(1.18322 -0.0963342 1.04999e-20)
(1.17682 -0.0927264 -1.84068e-20)
(1.17071 -0.0892371 7.12934e-21)
(1.16495 -0.0858758 7.61413e-21)
(1.15949 -0.08263 -7.2541e-21)
(1.15427 -0.0794906 2.67679e-21)
(1.14926 -0.0764495 -6.2206e-21)
(1.14444 -0.0734998 1.53926e-20)
(1.13979 -0.0706351 -1.04783e-20)
(1.13531 -0.0678496 -4.89471e-21)
(1.13099 -0.06514 3.02549e-21)
(1.12685 -0.0625021 -3.23255e-21)
(1.12286 -0.0599302 2.64967e-21)
(1.11903 -0.0574193 4.53405e-22)
(1.11537 -0.0549643 -3.24974e-21)
(1.11185 -0.05256 2.14632e-21)
(1.10848 -0.0502012 -2.82278e-21)
(1.10527 -0.0478827 4.10253e-21)
(1.10219 -0.0455997 -3.19478e-21)
(1.09925 -0.0433475 1.45665e-21)
(1.09645 -0.0411212 -5.31388e-23)
(1.09378 -0.0389162 6.30461e-22)
(1.09124 -0.0367287 1.2776e-21)
(1.08882 -0.034556 -3.39686e-22)
(1.08653 -0.0323942 -2.13001e-22)
(1.08435 -0.0302399 -3.01364e-22)
(1.08229 -0.0280901 -3.29906e-22)
(1.08036 -0.0259416 3.99818e-22)
(1.07854 -0.0237915 1.05419e-22)
(1.07684 -0.0216364 5.20822e-23)
(1.07527 -0.0194729 3.69313e-22)
(1.07383 -0.0172974 1.8212e-22)
(1.07252 -0.0151051 1.69043e-22)
(1.07136 -0.0128916 1.6096e-22)
(1.07036 -0.0106492 -1.2772e-22)
(1.06952 -0.00837528 4.25195e-23)
(1.06886 -0.00604912 3.69681e-23)
(1.06839 -0.00368856 -5.00035e-24)
(1.06814 -0.00122747 2.02824e-24)
(1.19349 -0.0945524 -9.35343e-21)
(1.18681 -0.0912593 5.03834e-21)
(1.18019 -0.0879774 1.40308e-20)
(1.17385 -0.0848114 9.55057e-21)
(1.16786 -0.0817533 -2.03113e-20)
(1.16218 -0.0787931 -7.84667e-21)
(1.15677 -0.0759262 1.33409e-20)
(1.15159 -0.0731459 3.03715e-21)
(1.14661 -0.0704446 -5.44229e-22)
(1.14181 -0.0678158 -8.82717e-21)
(1.1372 -0.0652539 3.08174e-21)
(1.13276 -0.0627551 -1.09809e-20)
(1.1285 -0.0603152 1.11117e-20)
(1.12441 -0.0579291 5.8755e-21)
(1.12049 -0.0555921 -1.02368e-21)
(1.11674 -0.0532992 -2.85599e-21)
(1.11314 -0.0510458 -4.93041e-21)
(1.10971 -0.0488269 7.55227e-21)
(1.10642 -0.0466379 -2.55722e-21)
(1.10329 -0.0444744 2.0494e-21)
(1.1003 -0.0423321 -3.48816e-21)
(1.09744 -0.0402068 1.17201e-21)
(1.09473 -0.0380945 3.26113e-22)
(1.09214 -0.035992 -1.07034e-21)
(1.08968 -0.0338966 4.58542e-22)
(1.08735 -0.0318054 8.19395e-22)
(1.08514 -0.0297156 -6.37021e-22)
(1.08305 -0.0276246 1.29558e-21)
(1.08109 -0.0255298 -4.0741e-22)
(1.07924 -0.0234288 -3.47659e-22)
(1.07752 -0.0213189 -2.41543e-22)
(1.07592 -0.0191972 4.87375e-23)
(1.07446 -0.0170602 -4.35432e-22)
(1.07314 -0.0149041 -7.25664e-24)
(1.07196 -0.0127246 -5.33263e-23)
(1.07094 -0.0105145 4.63646e-23)
(1.07008 -0.00827164 2.3593e-23)
(1.06941 -0.00597566 -8.61409e-23)
(1.06894 -0.00364438 3.95004e-25)
(1.06868 -0.00121492 -2.71287e-23)
(1.19706 -0.0889857 -3.27713e-20)
(1.19022 -0.0860335 1.69113e-20)
(1.18341 -0.0830914 3.22717e-20)
(1.17686 -0.0802637 -4.39719e-20)
(1.17064 -0.0775225 1.89998e-21)
(1.16475 -0.0748597 2.56898e-20)
(1.15916 -0.0722759 8.68983e-21)
(1.15381 -0.0697661 -3.18286e-20)
(1.14868 -0.0673224 1.65952e-20)
(1.14375 -0.064938 8.8001e-21)
(1.13901 -0.0626074 -8.52316e-21)
(1.13446 -0.0603263 -4.48325e-21)
(1.13009 -0.0580909 -1.19362e-21)
(1.12591 -0.0558964 -5.33676e-21)
(1.1219 -0.0537383 9.1199e-21)
(1.11806 -0.0516121 3.60921e-21)
(1.11439 -0.0495134 -5.16759e-21)
(1.11089 -0.0474378 -2.84881e-21)
(1.10754 -0.0453812 3.9904e-21)
(1.10435 -0.0433396 -5.34689e-21)
(1.10131 -0.0413092 3.24856e-21)
(1.09841 -0.0392866 1.59529e-21)
(1.09565 -0.0372683 3.42497e-22)
(1.09302 -0.0352517 -5.94512e-22)
(1.09053 -0.0332346 -1.14621e-21)
(1.08816 -0.0312147 2.41543e-23)
(1.08592 -0.0291898 -9.66205e-22)
(1.0838 -0.0271579 -3.90905e-22)
(1.08181 -0.0251172 1.82037e-22)
(1.07993 -0.0230655 1.31732e-21)
(1.07819 -0.0210009 -8.36347e-22)
(1.07657 -0.0189209 -7.25679e-22)
(1.07509 -0.0168227 6.64644e-22)
(1.07374 -0.0147028 -3.18661e-22)
(1.07255 -0.0125572 9.81981e-23)
(1.07151 -0.0103794 -8.07991e-23)
(1.07064 -0.00816773 1.78539e-22)
(1.06996 -0.00590202 2.57268e-22)
(1.06948 -0.00360001 1.38345e-22)
(1.06921 -0.00120232 4.12573e-23)
(1.20045 -0.0832589 -1.2853e-20)
(1.19345 -0.0806562 5.29844e-20)
(1.18647 -0.0780675 -9.40688e-21)
(1.17972 -0.0755932 -3.54187e-20)
(1.17329 -0.0731832 2.75335e-20)
(1.16721 -0.0708298 -8.84407e-21)
(1.16143 -0.0685398 -5.007e-21)
(1.15592 -0.0663104 -1.13225e-20)
(1.15065 -0.0641336 2.31544e-21)
(1.14559 -0.0620021 1.31538e-20)
(1.14073 -0.0599105 -9.59041e-21)
(1.13608 -0.0578544 3.3496e-21)
(1.13161 -0.0558299 8.60051e-21)
(1.12734 -0.0538327 -5.28478e-21)
(1.12325 -0.0518586 9.76683e-21)
(1.11933 -0.0499035 -7.23953e-21)
(1.1156 -0.0479634 6.38335e-21)
(1.11203 -0.0460345 6.49845e-22)
(1.10863 -0.0441131 -1.326e-21)
(1.10538 -0.0421958 -6.73315e-21)
(1.10229 -0.0402794 5.43821e-21)
(1.09935 -0.0383611 -3.13847e-21)
(1.09655 -0.0364381 3.44983e-22)
(1.09389 -0.0345085 3.06759e-21)
(1.09136 -0.0325704 -3.38098e-21)
(1.08896 -0.0306224 2.58513e-21)
(1.08668 -0.0286628 1.14546e-21)
(1.08454 -0.0266904 8.18704e-22)
(1.08251 -0.0247038 -2.64983e-22)
(1.08062 -0.0227017 -3.96615e-22)
(1.07885 -0.0206825 -8.62167e-23)
(1.07721 -0.0186443 1.94292e-22)
(1.0757 -0.0165849 -2.63225e-22)
(1.07434 -0.014501 4.7815e-22)
(1.07312 -0.0123896 -2.58833e-22)
(1.07207 -0.0102441 -8.7534e-24)
(1.07119 -0.00806357 -4.90958e-22)
(1.0705 -0.00582821 -2.74048e-22)
(1.07001 -0.00355546 5.46861e-23)
(1.06974 -0.00118962 -8.92903e-23)
(1.20365 -0.0773715 8.57069e-20)
(1.1965 -0.0751263 -4.11026e-20)
(1.18936 -0.0729049 -1.87601e-20)
(1.18243 -0.070799 4.6338e-20)
(1.17581 -0.0687344 -1.26284e-20)
(1.16954 -0.066703 -6.35595e-22)
(1.16359 -0.0647177 1.95621e-20)
(1.15793 -0.0627787 -1.50767e-20)
(1.15252 -0.060878 2.35503e-20)
(1.14734 -0.0590082 8.20973e-22)
(1.14237 -0.0571636 -2.56394e-20)
(1.13762 -0.0553396 1.0744e-20)
(1.13306 -0.0535326 -1.46483e-20)
(1.1287 -0.0517385 5.3855e-21)
(1.12454 -0.0499535 -4.57845e-21)
(1.12056 -0.0481741 5.08664e-21)
(1.11676 -0.0463966 -9.70651e-21)
(1.11313 -0.0446177 3.39227e-21)
(1.10968 -0.0428343 5.11892e-21)
(1.10639 -0.0410437 -2.79365e-21)
(1.10325 -0.0392432 -1.06371e-21)
(1.10027 -0.0374308 1.42003e-21)
(1.09743 -0.0356044 2.46269e-21)
(1.09473 -0.0337626 8.46816e-23)
(1.09217 -0.0319044 -2.26128e-21)
(1.08973 -0.0300288 -1.07898e-23)
(1.08743 -0.028135 4.8151e-22)
(1.08526 -0.0262223 -1.63241e-21)
(1.08321 -0.0242901 -4.74651e-22)
(1.08129 -0.0223376 1.60086e-22)
(1.07949 -0.0203638 -3.12724e-23)
(1.07783 -0.0183674 -1.11168e-21)
(1.07631 -0.0163467 -3.89074e-22)
(1.07492 -0.014299 -2.04196e-22)
(1.07369 -0.0122217 -2.55239e-23)
(1.07262 -0.0101085 3.11016e-22)
(1.07173 -0.00795915 3.09584e-22)
(1.07103 -0.0057542 3.04771e-22)
(1.07053 -0.00351072 -3.43251e-22)
(1.07025 -0.0011768 -3.9866e-23)
(1.20665 -0.0713225 1.80757e-20)
(1.19936 -0.0694423 -3.06554e-20)
(1.19208 -0.0676019 7.15438e-20)
(1.18499 -0.0658795 -9.15206e-21)
(1.1782 -0.0641749 -8.22439e-20)
(1.17175 -0.0624785 2.91038e-20)
(1.16563 -0.0608093 3.7175e-20)
(1.15982 -0.0591709 1.13745e-20)
(1.15429 -0.0575558 -4.35754e-20)
(1.14899 -0.0559564 4.09697e-20)
(1.14393 -0.0543668 -2.74717e-20)
(1.13908 -0.0527823 4.10026e-21)
(1.13444 -0.0511994 5.92653e-21)
(1.13 -0.0496143 -2.30863e-21)
(1.12577 -0.0480238 -6.20427e-21)
(1.12173 -0.0464245 1.41212e-20)
(1.11787 -0.0448134 -1.17201e-20)
(1.11419 -0.0431879 2.89612e-21)
(1.11069 -0.0415454 -3.39891e-22)
(1.10735 -0.0398838 1.96376e-21)
(1.10418 -0.0382012 1.49079e-21)
(1.10116 -0.0364962 -2.42269e-21)
(1.09828 -0.0347676 3.90538e-21)
(1.09555 -0.0330146 -2.68902e-21)
(1.09296 -0.0312369 -1.23697e-21)
(1.0905 -0.0294342 1.59356e-21)
(1.08817 -0.0276065 -2.33683e-22)
(1.08597 -0.0257538 -2.76116e-22)
(1.08389 -0.023876 3.36465e-22)
(1.08195 -0.0219732 -1.40622e-21)
(1.08013 -0.0200448 8.94191e-22)
(1.07845 -0.0180903 5.78385e-22)
(1.0769 -0.0161083 -4.45093e-23)
(1.0755 -0.0140967 1.72738e-22)
(1.07425 -0.0120534 -5.1675e-22)
(1.07317 -0.00997263 9.78724e-23)
(1.07226 -0.00785445 -9.50829e-23)
(1.07155 -0.00567998 1.50401e-22)
(1.07105 -0.00346577 2.92895e-22)
(1.07076 -0.00116385 1.07224e-22)
(1.20945 -0.0651098 5.94442e-20)
(1.20202 -0.063602 -5.81417e-20)
(1.19462 -0.0621565 -2.46896e-20)
(1.1874 -0.0608329 4.78551e-20)
(1.18045 -0.0595032 7.83628e-21)
(1.17383 -0.058155 -1.96361e-20)
(1.16755 -0.0568137 1.17047e-20)
(1.16161 -0.0554864 -7.48469e-21)
(1.15595 -0.0541668 -3.8301e-20)
(1.15055 -0.0528467 4.45079e-20)
(1.14539 -0.0515203 -3.27204e-20)
(1.14046 -0.0501828 2.48078e-20)
(1.13574 -0.0488307 -1.15139e-20)
(1.13124 -0.0474607 -9.80447e-21)
(1.12694 -0.0460698 1.34382e-21)
(1.12284 -0.0446552 2.53403e-20)
(1.11893 -0.0432146 -1.36631e-20)
(1.11521 -0.0417458 1.51673e-20)
(1.11166 -0.040247 -1.75934e-20)
(1.10829 -0.0387167 6.59449e-21)
(1.10508 -0.0371539 3.1783e-22)
(1.10202 -0.0355579 -2.48368e-21)
(1.09911 -0.0339282 2.15462e-21)
(1.09635 -0.0322649 1.51664e-21)
(1.09373 -0.0305683 -2.14133e-22)
(1.09125 -0.028839 7.75119e-22)
(1.08889 -0.0270777 -1.13364e-22)
(1.08666 -0.0252851 8.64225e-22)
(1.08457 -0.0234619 2.48278e-22)
(1.0826 -0.0216087 -8.24903e-22)
(1.08076 -0.0197258 -9.34245e-22)
(1.07906 -0.017813 5.0281e-22)
(1.07749 -0.0158697 1.04002e-21)
(1.07607 -0.0138942 -1.06286e-22)
(1.07481 -0.0118849 1.46707e-22)
(1.07371 -0.00983646 5.40153e-23)
(1.07279 -0.00774946 3.00243e-23)
(1.07206 -0.00560555 -3.19341e-22)
(1.07155 -0.00342061 -3.2896e-22)
(1.07126 -0.00115074 -9.34974e-23)
(1.21205 -0.0587305 9.86704e-20)
(1.20449 -0.0576025 2.84418e-20)
(1.19698 -0.0565664 -6.25427e-20)
(1.18964 -0.0556569 -1.48989e-21)
(1.18255 -0.0547171 -4.22616e-21)
(1.17578 -0.0537309 5.42052e-20)
(1.16936 -0.0527298 -2.96677e-20)
(1.16328 -0.0517248 -1.45338e-20)
(1.15751 -0.0507105 -2.4097e-21)
(1.15201 -0.049679 -5.35812e-22)
(1.14676 -0.0486241 2.63424e-20)
(1.14176 -0.0475412 -3.78061e-20)
(1.13697 -0.0464268 1.69922e-20)
(1.13241 -0.045278 -1.76654e-20)
(1.12805 -0.044092 3.21535e-21)
(1.1239 -0.0428669 -4.85039e-21)
(1.11995 -0.0416007 1.68225e-20)
(1.11618 -0.0402919 -8.59319e-22)
(1.1126 -0.0389396 -5.40164e-22)
(1.10919 -0.0375431 -8.76164e-21)
(1.10594 -0.0361019 2.87688e-21)
(1.10286 -0.0346163 5.44735e-21)
(1.09992 -0.0330867 -8.19069e-21)
(1.09714 -0.0315139 2.87012e-21)
(1.09449 -0.0298991 -1.53951e-21)
(1.09198 -0.0282436 -2.33963e-22)
(1.0896 -0.0265489 2.28814e-21)
(1.08735 -0.0248165 -1.68822e-21)
(1.08523 -0.023048 2.22698e-21)
(1.08324 -0.0212444 1.06001e-21)
(1.08138 -0.0194068 7.58344e-22)
(1.07965 -0.0175357 1.12749e-22)
(1.07807 -0.0156309 -1.41362e-21)
(1.07663 -0.0136915 2.45233e-22)
(1.07535 -0.0117162 -3.9852e-22)
(1.07424 -0.0097 -6.03069e-22)
(1.07331 -0.00764418 2.06247e-23)
(1.07257 -0.00553087 1.2564e-22)
(1.07205 -0.00337524 -2.24469e-22)
(1.07176 -0.00113746 7.57338e-23)
(1.21444 -0.0521806 -5.13155e-20)
(1.20675 -0.0514401 -6.51369e-21)
(1.19915 -0.0508283 6.84722e-20)
(1.19172 -0.0503489 1.7859e-20)
(1.18451 -0.0498141 -5.95518e-20)
(1.1776 -0.0492041 -1.58055e-20)
(1.17104 -0.0485562 4.11327e-20)
(1.16484 -0.047885 -1.73369e-20)
(1.15896 -0.0471864 2.39825e-20)
(1.15337 -0.0464528 -4e-20)
(1.14805 -0.045678 4.10504e-20)
(1.14297 -0.0448576 -1.27132e-20)
(1.13812 -0.043988 -5.0151e-21)
(1.13351 -0.0430665 1.06169e-20)
(1.1291 -0.042091 -2.20601e-20)
(1.12491 -0.04106 1.41245e-20)
(1.12092 -0.0399722 -8.83261e-21)
(1.11711 -0.038827 1.82019e-20)
(1.1135 -0.037624 -1.69278e-20)
(1.11006 -0.0363634 3.42515e-22)
(1.10678 -0.0350458 1.0387e-20)
(1.10367 -0.0336721 -8.79268e-21)
(1.10071 -0.0322436 1.79298e-21)
(1.0979 -0.0307621 3.57304e-21)
(1.09523 -0.0292295 2.05272e-22)
(1.09269 -0.0276482 -5.26078e-22)
(1.09029 -0.0260203 -2.6585e-21)
(1.08802 -0.0243483 2.76638e-21)
(1.08588 -0.0226343 2.38528e-22)
(1.08386 -0.0208803 -4.48075e-22)
(1.08198 -0.019088 -6.85615e-22)
(1.08024 -0.0172584 5.9187e-22)
(1.07864 -0.0153921 5.20017e-22)
(1.07718 -0.0134885 3.27859e-22)
(1.07589 -0.0115471 2.25695e-22)
(1.07476 -0.00956324 -2.74864e-22)
(1.07381 -0.00753857 -1.98334e-22)
(1.07307 -0.00545593 -1.30708e-22)
(1.07254 -0.00332964 -2.08706e-22)
(1.07224 -0.00112398 6.7611e-23)
(1.21663 -0.0454547 1.06659e-19)
(1.20881 -0.0451099 -8.45423e-20)
(1.20112 -0.0449387 1.15194e-19)
(1.19362 -0.0449057 -7.00117e-20)
(1.18631 -0.0447912 -3.40726e-21)
(1.17928 -0.044572 -2.63382e-20)
(1.1726 -0.0442909 8.15393e-20)
(1.16627 -0.0439658 -4.54566e-21)
(1.1603 -0.0435938 -1.30502e-20)
(1.15462 -0.0431678 -2.22669e-20)
(1.14923 -0.042682 2.3391e-21)
(1.14409 -0.042132 2.61755e-20)
(1.1392 -0.0415143 -2.47638e-20)
(1.13453 -0.0408266 1.23649e-20)
(1.13009 -0.0400672 -7.58428e-21)
(1.12586 -0.0392351 1.17335e-20)
(1.12183 -0.0383298 -2.52433e-20)
(1.118 -0.0373516 9.44103e-21)
(1.11436 -0.0363007 1.54633e-21)
(1.11089 -0.0351784 4.8642e-21)
(1.10759 -0.0339861 9.36562e-22)
(1.10445 -0.0327257 -4.75831e-21)
(1.10147 -0.0313994 6.17904e-21)
(1.09864 -0.0300099 -4.05974e-21)
(1.09595 -0.0285601 4.56365e-21)
(1.09339 -0.0270532 -3.20225e-21)
(1.09097 -0.0254923 -2.17084e-21)
(1.08868 -0.0238806 -6.1881e-22)
(1.08651 -0.0222211 3.69232e-21)
(1.08448 -0.0205166 -1.31511e-21)
(1.08258 -0.0187693 -3.09012e-23)
(1.08082 -0.0169811 -1.70722e-21)
(1.0792 -0.0151532 5.42229e-22)
(1.07772 -0.0132854 5.05586e-22)
(1.07641 -0.0113778 -4.26026e-22)
(1.07527 -0.00942617 1.65713e-22)
(1.07431 -0.00743263 8.4918e-22)
(1.07356 -0.00538071 2.07372e-22)
(1.07302 -0.0032838 1.04119e-21)
(1.07272 -0.00111029 2.95621e-22)
(1.2186 -0.0385463 -1.33537e-19)
(1.21066 -0.0386062 1.08334e-19)
(1.20289 -0.038893 -3.00281e-20)
(1.19533 -0.0393236 -2.19519e-20)
(1.18795 -0.039645 4.39878e-20)
(1.18082 -0.0398314 -2.57338e-20)
(1.17402 -0.0399314 -1.03242e-20)
(1.16759 -0.0399656 -9.28185e-21)
(1.16152 -0.0399317 3.70101e-20)
(1.15578 -0.0398234 -1.3993e-20)
(1.15032 -0.0396356 8.55458e-23)
(1.14513 -0.0393642 2.16612e-20)
(1.14019 -0.0390059 -3.4071e-20)
(1.13549 -0.0385586 2.3942e-20)
(1.13101 -0.0380209 -4.44399e-21)
(1.12675 -0.0373926 2.11316e-21)
(1.1227 -0.0366741 -1.77073e-20)
(1.11884 -0.0358662 1.08513e-20)
(1.11517 -0.0349704 -1.05327e-20)
(1.11169 -0.0339887 -7.18195e-21)
(1.10837 -0.0329235 -1.60391e-21)
(1.10521 -0.0317776 1.86916e-21)
(1.10221 -0.0305545 3.23848e-21)
(1.09936 -0.0292577 -1.76341e-21)
(1.09665 -0.0278912 -2.76891e-21)
(1.09407 -0.0264589 3.31992e-21)
(1.09163 -0.0249651 1.66684e-21)
(1.08932 -0.0234137 -1.53925e-21)
(1.08714 -0.0218086 2.80872e-22)
(1.08509 -0.0201533 -4.71238e-22)
(1.08317 -0.018451 2.03013e-21)
(1.08139 -0.0167041 -1.90545e-21)
(1.07975 -0.0149142 4.41474e-22)
(1.07826 -0.0130821 -1.18677e-22)
(1.07693 -0.0112082 2.31467e-22)
(1.07577 -0.00928876 4.94075e-22)
(1.0748 -0.00732632 -3.65439e-22)
(1.07404 -0.00530517 -3.35396e-23)
(1.07349 -0.0032377 -6.42659e-22)
(1.07319 -0.00109637 -3.20903e-22)
(1.22035 -0.0314472 -9.09482e-20)
(1.21228 -0.0319221 -8.00145e-20)
(1.20445 -0.032686 1.24354e-19)
(1.19686 -0.0335986 -7.92147e-20)
(1.18942 -0.0343717 -3.38076e-20)
(1.18221 -0.0349788 1.16621e-19)
(1.17532 -0.0354749 -3.40511e-20)
(1.16879 -0.0358824 -4.79695e-20)
(1.16264 -0.0361989 2.48847e-20)
(1.15682 -0.0364188 1.60266e-20)
(1.15131 -0.0365383 -3.01887e-20)
(1.14608 -0.0365541 2.04524e-20)
(1.1411 -0.0364629 6.34476e-21)
(1.13637 -0.0362625 -1.18595e-20)
(1.13187 -0.0359524 6.48974e-21)
(1.12758 -0.035533 9.63023e-21)
(1.12351 -0.0350054 -2.85191e-21)
(1.11964 -0.0343715 -1.65864e-20)
(1.11595 -0.0336336 9.90342e-21)
(1.11245 -0.0327947 6.67968e-22)
(1.10911 -0.0318584 4.65193e-21)
(1.10594 -0.0308286 -5.30983e-21)
(1.10293 -0.0297096 8.97953e-21)
(1.10006 -0.0285062 -1.01309e-20)
(1.09733 -0.0272232 3.19966e-21)
(1.09474 -0.0258658 -2.46295e-21)
(1.09228 -0.024439 4.81584e-21)
(1.08995 -0.0229478 -2.14568e-21)
(1.08775 -0.021397 -1.56255e-21)
(1.08568 -0.0197908 -1.19948e-22)
(1.08374 -0.0181331 -2.30816e-22)
(1.08194 -0.0164272 -1.4189e-21)
(1.08029 -0.0146753 -7.83369e-22)
(1.07878 -0.0128787 9.76494e-22)
(1.07744 -0.0110384 -2.80541e-22)
(1.07627 -0.00915099 1.04591e-22)
(1.07528 -0.00721963 6.35785e-22)
(1.07451 -0.0052293 -2.8632e-22)
(1.07396 -0.00319134 1.29302e-22)
(1.07365 -0.00108221 9.34235e-23)
(1.22188 -0.0241477 5.0602e-20)
(1.21368 -0.0250492 2.83395e-20)
(1.20579 -0.0263116 4.57502e-20)
(1.19818 -0.027726 -1.63417e-19)
(1.19072 -0.0289668 -1.80028e-20)
(1.18344 -0.03001 1.09078e-19)
(1.17647 -0.030918 5.03575e-20)
(1.16986 -0.0317138 -4.99305e-20)
(1.16363 -0.0323937 5.05949e-20)
(1.15775 -0.0329529 -5.87005e-20)
(1.1522 -0.0333895 3.98035e-20)
(1.14693 -0.0337013 -1.42785e-20)
(1.14193 -0.033885 -3.6219e-20)
(1.13718 -0.0339387 1.72914e-20)
(1.13266 -0.0338622 1.95903e-20)
(1.12836 -0.0336567 -2.18892e-20)
(1.12427 -0.0333245 -2.3311e-21)
(1.12038 -0.032868 1.05511e-20)
(1.11669 -0.0322909 -7.14961e-21)
(1.11317 -0.0315972 -7.46119e-21)
(1.10983 -0.0307916 8.55135e-21)
(1.10665 -0.029879 1.89967e-21)
(1.10362 -0.0288651 7.33358e-21)
(1.10074 -0.0277556 -6.84745e-21)
(1.098 -0.0265566 -5.36854e-22)
(1.09539 -0.0252741 1.07656e-20)
(1.09292 -0.0239144 1.51688e-23)
(1.09057 -0.0224832 -2.21074e-21)
(1.08835 -0.0209864 1.63487e-21)
(1.08627 -0.019429 -3.17152e-21)
(1.08431 -0.0178158 1.76615e-21)
(1.08249 -0.0161505 9.68123e-22)
(1.08082 -0.0144364 7.24984e-23)
(1.07929 -0.012675 -1.28755e-21)
(1.07793 -0.0108682 5.92608e-23)
(1.07675 -0.00901285 1.57341e-22)
(1.07576 -0.00711252 -6.70535e-22)
(1.07497 -0.00515305 2.08159e-22)
(1.07441 -0.00314469 6.17925e-22)
(1.0741 -0.0010678 -1.39938e-22)
(1.22317 -0.0166364 1.07971e-19)
(1.21484 -0.0179781 -4.23777e-20)
(1.20691 -0.0197629 2.34696e-20)
(1.1993 -0.0217004 -9.51829e-20)
(1.19182 -0.0234253 1.42065e-19)
(1.18451 -0.0249202 -8.04802e-20)
(1.17748 -0.0262568 1.34767e-20)
(1.1708 -0.0274571 9.69344e-21)
(1.16451 -0.0285143 7.15828e-20)
(1.15858 -0.0294245 -5.60845e-20)
(1.15298 -0.0301884 3.45402e-20)
(1.14769 -0.0308054 -3.01172e-20)
(1.14267 -0.0312723 1.1969e-20)
(1.1379 -0.031587 -6.82943e-21)
(1.13337 -0.0317503 -1.89596e-20)
(1.12907 -0.0317642 1.18465e-20)
(1.12498 -0.0316317 2.44698e-21)
(1.12108 -0.0313564 -1.56297e-21)
(1.11738 -0.030943 1.62285e-20)
(1.11386 -0.0303968 -1.5121e-20)
(1.11051 -0.0297235 1.63492e-20)
(1.10732 -0.0289295 -1.17495e-20)
(1.10429 -0.0280216 9.43615e-21)
(1.1014 -0.0270066 -5.0775e-21)
(1.09864 -0.0258917 -5.86793e-21)
(1.09602 -0.0246843 -1.47854e-21)
(1.09354 -0.0233915 5.9755e-21)
(1.09118 -0.0220202 -6.44622e-22)
(1.08894 -0.0205771 -3.24473e-21)
(1.08684 -0.0190682 -9.81893e-22)
(1.08487 -0.0174991 -1.13135e-21)
(1.08303 -0.0158742 -9.70726e-22)
(1.08134 -0.0141976 7.27089e-22)
(1.0798 -0.0124713 5.56039e-22)
(1.07842 -0.0106977 4.06914e-23)
(1.07723 -0.00887429 2.48166e-22)
(1.07622 -0.00700496 -6.52822e-22)
(1.07542 -0.00507641 -7.32304e-22)
(1.07486 -0.00309775 -8.57614e-22)
(1.07454 -0.00105311 -2.52266e-22)
(1.22423 -0.00889989 -1.67781e-19)
(1.21576 -0.0106977 6.17218e-20)
(1.20779 -0.013032 -8.08278e-20)
(1.2002 -0.0155159 7.72001e-20)
(1.19273 -0.0177415 1.30348e-19)
(1.1854 -0.0197038 3.84391e-21)
(1.17833 -0.0214867 -7.16481e-20)
(1.1716 -0.0231089 2.01346e-21)
(1.16526 -0.0245583 -7.67988e-20)
(1.15929 -0.0258317 9.66309e-21)
(1.15366 -0.0269339 2.44921e-20)
(1.14835 -0.0278658 4.91626e-21)
(1.14332 -0.0286243 1.67439e-21)
(1.13855 -0.0292075 6.18373e-21)
(1.13402 -0.0296171 -1.20957e-20)
(1.12972 -0.0298558 1.26095e-20)
(1.12563 -0.0299275 -1.73037e-20)
(1.12174 -0.0298371 -1.15771e-20)
(1.11804 -0.0295904 1.19143e-20)
(1.11452 -0.029194 -1.28487e-21)
(1.11116 -0.0286549 -5.16564e-21)
(1.10797 -0.0279808 1.79715e-21)
(1.10493 -0.0271795 6.73907e-21)
(1.10203 -0.0262595 -4.86325e-21)
(1.09927 -0.0252291 1.93775e-21)
(1.09664 -0.0240967 -7.9132e-22)
(1.09414 -0.0228706 -3.10867e-21)
(1.09177 -0.0215589 3.07349e-21)
(1.08952 -0.0201692 -2.51456e-21)
(1.0874 -0.0187085 3.79396e-21)
(1.08541 -0.017183 -1.31671e-21)
(1.08356 -0.0155983 2.28144e-21)
(1.08185 -0.0139588 -1.50602e-21)
(1.0803 -0.0122673 -8.88355e-22)
(1.0789 -0.0105269 -2.9858e-23)
(1.07769 -0.0087353 -4.58749e-22)
(1.07667 -0.00689692 2.62417e-22)
(1.07587 -0.00499934 1.18627e-21)
(1.0753 -0.00305049 1.65621e-22)
(1.07498 -0.00103815 9.26363e-22)
(1.22503 -0.000922515 5.17772e-20)
(1.21642 -0.0031953 -3.37107e-20)
(1.20844 -0.00611018 2.5613e-20)
(1.20088 -0.00916572 -3.66385e-20)
(1.19344 -0.0119092 -4.05157e-21)
(1.18611 -0.0143552 -1.49813e-20)
(1.17902 -0.0166034 1.20849e-19)
(1.17227 -0.0186662 -8.35487e-20)
(1.16589 -0.0205233 -4.57926e-20)
(1.15988 -0.022173 2.87762e-20)
(1.15423 -0.0236251 -4.31546e-20)
(1.14891 -0.0248822 5.46114e-20)
(1.14388 -0.0259409 6.23411e-20)
(1.13911 -0.0268002 -5.95589e-20)
(1.13459 -0.0274627 -1.39541e-20)
(1.1303 -0.0279318 2.64275e-20)
(1.12622 -0.0282124 4.74653e-21)
(1.12234 -0.0283107 8.76679e-21)
(1.11864 -0.0282338 -1.02986e-20)
(1.11513 -0.0279895 1.14873e-20)
(1.11178 -0.0275863 -5.85026e-21)
(1.10859 -0.0270332 2.79751e-21)
(1.10555 -0.0263396 5.00225e-21)
(1.10265 -0.0255149 -2.14116e-21)
(1.09988 -0.0245691 -5.89257e-21)
(1.09724 -0.0235116 6.22814e-21)
(1.09473 -0.0223521 4.10778e-21)
(1.09235 -0.0210997 -3.59692e-22)
(1.09009 -0.019763 -2.72621e-21)
(1.08795 -0.01835 1.88051e-21)
(1.08595 -0.0168678 2.32967e-21)
(1.08408 -0.0153228 -5.74219e-22)
(1.08235 -0.0137201 4.19206e-22)
(1.08078 -0.0120632 1.4555e-22)
(1.07938 -0.0103557 1.57635e-21)
(1.07815 -0.00859584 8.01991e-22)
(1.07712 -0.00678835 -8.97779e-22)
(1.0763 -0.00492179 3.51208e-22)
(1.07573 -0.00300289 7.00761e-22)
(1.0754 -0.00102291 -2.25036e-22)
(1.22557 0.00731374 -9.24559e-20)
(1.21682 0.00454317 1.90238e-19)
(1.20884 0.0010125 2.74348e-20)
(1.20133 -0.00264169 -9.73053e-20)
(1.19392 -0.00591981 8.14867e-20)
(1.18661 -0.00886652 -6.411e-20)
(1.17953 -0.0116003 -2.59295e-20)
(1.17278 -0.0141235 8.36197e-20)
(1.16638 -0.0164047 -3.01014e-20)
(1.16035 -0.0184449 -4.15505e-21)
(1.15468 -0.0202596 -9.74851e-20)
(1.14936 -0.0218528 2.71682e-20)
(1.14434 -0.0232211 -1.7443e-20)
(1.13959 -0.0243646 5.73852e-21)
(1.13509 -0.0252869 5.59282e-20)
(1.13082 -0.0259924 -4.55606e-20)
(1.12675 -0.0264868 1.62705e-20)
(1.12289 -0.0267778 -6.76288e-21)
(1.11921 -0.0268737 1.25751e-20)
(1.11571 -0.026784 -7.91302e-21)
(1.11237 -0.0265184 5.173e-21)
(1.10918 -0.0260876 -5.90082e-21)
(1.10614 -0.0255022 -6.32092e-21)
(1.10324 -0.0247734 2.95629e-21)
(1.10047 -0.0239121 -4.4118e-22)
(1.09783 -0.0229295 4.49901e-23)
(1.09531 -0.0218363 -2.08481e-21)
(1.09292 -0.0206427 4.35884e-21)
(1.09064 -0.0193586 -8.02831e-21)
(1.08849 -0.0179928 -1.89451e-21)
(1.08647 -0.0165536 3.8085e-21)
(1.08459 -0.0150478 7.92581e-23)
(1.08285 -0.0134816 6.1178e-22)
(1.08126 -0.0118589 -2.9627e-22)
(1.07984 -0.0101841 -1.26239e-21)
(1.0786 -0.00845587 -1.70114e-21)
(1.07755 -0.00667923 6.95118e-22)
(1.07673 -0.00484374 -4.55849e-22)
(1.07615 -0.00295494 -4.48696e-22)
(1.07582 -0.00100737 2.57086e-22)
(1.22583 0.0158293 2.56192e-21)
(1.21693 0.0125334 1.48916e-19)
(1.20897 0.00834618 -1.15809e-19)
(1.20154 0.00406366 1.10672e-19)
(1.19419 0.000232764 -6.5721e-20)
(1.18691 -0.00323349 9.50784e-20)
(1.17986 -0.00647549 -3.28249e-21)
(1.17313 -0.00947964 -2.55332e-20)
(1.16673 -0.0122015 -6.01821e-20)
(1.16069 -0.0146469 1.0004e-19)
(1.15503 -0.0168378 -4.11489e-20)
(1.14971 -0.0187783 1.52187e-20)
(1.14471 -0.0204653 -1.8518e-21)
(1.13999 -0.0219011 -3.82361e-20)
(1.13551 -0.0230904 3.1414e-20)
(1.13126 -0.0240382 3.54234e-20)
(1.12723 -0.0247513 -2.34698e-20)
(1.12339 -0.0252389 -1.83862e-20)
(1.11973 -0.0255109 1.26789e-20)
(1.11624 -0.025578 -1.08568e-20)
(1.11292 -0.0254519 1.78997e-20)
(1.10975 -0.0251444 -8.89487e-21)
(1.10671 -0.0246681 1.33686e-21)
(1.10382 -0.0240353 6.5196e-21)
(1.10105 -0.0232588 -4.46477e-21)
(1.0984 -0.0223508 2.70892e-21)
(1.09588 -0.0213235 -2.45314e-21)
(1.09347 -0.0201883 -9.03412e-21)
(1.09119 -0.0189562 5.79475e-21)
(1.08902 -0.0176372 2.57267e-21)
(1.08699 -0.0162403 -5.7164e-21)
(1.08509 -0.0147734 1.08544e-21)
(1.08333 -0.0132432 1.12357e-21)
(1.08173 -0.0116545 5.5045e-23)
(1.08029 -0.0100121 1.45276e-21)
(1.07904 -0.00831535 1.1117e-21)
(1.07798 -0.00656952 1.47641e-22)
(1.07715 -0.00476514 -2.57149e-22)
(1.07656 -0.00290661 -3.12239e-22)
(1.07623 -0.000991534 -6.65734e-22)
(1.22578 0.0246477 1.95433e-19)
(1.21675 0.0207939 3.81636e-20)
(1.20884 0.0159056 -1.76978e-19)
(1.2015 0.0109655 1.68894e-20)
(1.1942 0.00656537 1.71704e-19)
(1.18698 0.00255983 -1.01395e-19)
(1.18 -0.00121517 -5.08109e-21)
(1.17331 -0.00472181 3.4285e-20)
(1.16693 -0.0079021 -4.75485e-20)
(1.1609 -0.0107704 7.07015e-20)
(1.15525 -0.0133535 -4.18173e-20)
(1.14996 -0.0156538 6.52418e-21)
(1.14498 -0.0176701 2.36883e-20)
(1.14029 -0.0194076 -3.93268e-21)
(1.13585 -0.0208718 -3.28616e-20)
(1.13164 -0.0220683 -3.37e-20)
(1.12764 -0.0230056 5.28786e-20)
(1.12383 -0.0236941 1.35403e-20)
(1.1202 -0.0241455 -4.56172e-20)
(1.11674 -0.0243721 1.41332e-20)
(1.11344 -0.0243871 2.84605e-21)
(1.11028 -0.0242043 -5.60389e-21)
(1.10726 -0.0238377 4.80932e-21)
(1.10437 -0.0233014 -3.78183e-21)
(1.1016 -0.0226095 9.51506e-21)
(1.09896 -0.0217759 -6.61935e-21)
(1.09643 -0.0208141 9.43936e-22)
(1.09401 -0.0197368 3.55429e-21)
(1.09172 -0.0185561 -1.93801e-21)
(1.08954 -0.0172832 2.29986e-21)
(1.08749 -0.0159281 -2.49776e-21)
(1.08558 -0.0144995 -5.74891e-22)
(1.08381 -0.0130049 -9.76131e-23)
(1.08219 -0.0114498 -7.78554e-22)
(1.08073 -0.00983965 -3.58517e-22)
(1.07947 -0.00817425 -1.5488e-22)
(1.0784 -0.00645916 -3.73696e-22)
(1.07756 -0.00468596 -6.8962e-22)
(1.07696 -0.00285788 8.46043e-23)
(1.07663 -0.000975397 8.86966e-24)
(1.22542 0.0337943 -1.67872e-19)
(1.21625 0.02934 1.17663e-19)
(1.20844 0.0236958 3.97961e-20)
(1.20121 0.0180628 -1.77086e-19)
(1.19398 0.0130728 2.03979e-20)
(1.18682 0.00850248 -1.21804e-21)
(1.17993 0.00416723 5.65828e-20)
(1.17333 0.000138841 -1.3283e-21)
(1.16699 -0.00351577 5.28677e-20)
(1.16098 -0.00682393 2.2007e-20)
(1.15535 -0.00981376 -5.55361e-20)
(1.15009 -0.012485 -1.35746e-20)
(1.14515 -0.0148402 2.65151e-20)
(1.1405 -0.0168879 1.05055e-20)
(1.13611 -0.0186341 1.17374e-20)
(1.13195 -0.0200852 1.23162e-20)
(1.12799 -0.0212516 -5.3635e-20)
(1.12422 -0.0221452 3.48135e-20)
(1.12063 -0.022779 -1.39722e-20)
(1.1172 -0.0231674 -1.51817e-20)
(1.11392 -0.0233253 1.4015e-20)
(1.11078 -0.0232681 1.07815e-20)
(1.10778 -0.0230118 -7.80907e-21)
(1.1049 -0.0225721 -3.25883e-21)
(1.10214 -0.0219647 4.79685e-21)
(1.09949 -0.0212052 -1.43115e-21)
(1.09696 -0.0203083 3.48898e-21)
(1.09454 -0.0192883 -3.12609e-21)
(1.09224 -0.0181585 3.08573e-21)
(1.09005 -0.0169311 -9.20736e-22)
(1.08799 -0.0156171 4.64144e-22)
(1.08606 -0.0142262 3.54524e-21)
(1.08427 -0.0127669 -7.5352e-22)
(1.08264 -0.011245 2.77611e-22)
(1.08117 -0.00966673 1.01644e-21)
(1.07989 -0.00803251 -1.58994e-21)
(1.07881 -0.00634811 -1.26504e-22)
(1.07795 -0.00460613 1.0242e-21)
(1.07735 -0.00280873 -3.03733e-22)
(1.07702 -0.000958953 -1.43123e-22)
(1.2247 0.0433025 4.01369e-20)
(1.21542 0.0382037 4.3252e-20)
(1.20773 0.0317545 -1.48033e-19)
(1.20064 0.0254067 1.39983e-19)
(1.19346 0.0198134 -1.88727e-19)
(1.18638 0.0146486 1.56112e-19)
(1.17963 0.0097209 -3.23902e-20)
(1.17313 0.00514752 -4.27531e-20)
(1.16685 0.0009951 -6.27737e-23)
(1.1609 -0.00277806 1.72857e-20)
(1.15532 -0.00619506 -8.07895e-20)
(1.1501 -0.00925347 4.86113e-20)
(1.1452 -0.011962 4.13181e-20)
(1.14061 -0.0143319 6.79431e-21)
(1.13628 -0.0163697 -4.33297e-20)
(1.13217 -0.0180836 2.01884e-20)
(1.12827 -0.0194858 -2.28153e-20)
(1.12455 -0.0205896 4.40813e-20)
(1.121 -0.0214099 -3.35412e-20)
(1.11761 -0.0219631 -1.95839e-20)
(1.11437 -0.0222659 6.17564e-21)
(1.11126 -0.0223359 1.37125e-20)
(1.10827 -0.0221906 -5.28676e-22)
(1.10541 -0.0218478 -7.29197e-21)
(1.10266 -0.0213249 1.05964e-20)
(1.10002 -0.0206391 -6.21536e-21)
(1.09749 -0.0198067 6.75376e-22)
(1.09506 -0.0188433 -3.65756e-21)
(1.09275 -0.0177636 -5.95703e-22)
(1.09055 -0.0165809 5.71278e-22)
(1.08848 -0.0153075 -1.76002e-21)
(1.08653 -0.0139538 -1.37446e-21)
(1.08473 -0.012529 1.98036e-21)
(1.08308 -0.01104 3.39751e-22)
(1.08159 -0.00949335 -1.88518e-22)
(1.0803 -0.00789014 7.6839e-23)
(1.07921 -0.00623636 -4.19338e-22)
(1.07834 -0.00452567 -6.11569e-22)
(1.07774 -0.00275914 8.41574e-22)
(1.0774 -0.000942209 1.61663e-22)
(1.21423 0.0473646 1.49844e-19)
(1.20676 0.0400246 8.92886e-21)
(1.19984 0.0329215 -1.08919e-19)
(1.1927 0.026697 1.53179e-19)
(1.18574 0.0209001 -1.40201e-19)
(1.17915 0.0153569 1.1699e-19)
(1.17276 0.0102304 -1.33582e-19)
(1.16657 0.00556773 1.1685e-19)
(1.16069 0.00131529 -1.83157e-20)
(1.15517 -0.00253868 -4.19028e-20)
(1.15 -0.00599255 -3.0579e-20)
(1.14517 -0.00906215 6.14281e-20)
(1.14064 -0.0117604 -1.05468e-20)
(1.13637 -0.0140949 1.59581e-20)
(1.13233 -0.0160761 2.26788e-21)
(1.12849 -0.0177177 -3.4528e-20)
(1.12483 -0.0190347 -6.32179e-21)
(1.12134 -0.0200439 2.90332e-20)
(1.11799 -0.0207634 9.08045e-21)
(1.11478 -0.0212123 3.78614e-21)
(1.1117 -0.0214098 -5.30118e-21)
(1.10874 -0.0213757 -6.46157e-21)
(1.1059 -0.0211296 9.0529e-21)
(1.10316 -0.0206908 -8.2808e-21)
(1.10053 -0.020078 8.33685e-22)
(1.098 -0.0193093 -4.08067e-21)
(1.09557 -0.0184018 4.68744e-21)
(1.09325 -0.0173713 1.51442e-21)
(1.09104 -0.0162327 -4.53991e-22)
(1.08896 -0.014999 -5.90623e-22)
(1.087 -0.0136819 -7.81158e-22)
(1.08518 -0.0122912 -8.73082e-22)
(1.08351 -0.0108346 3.09939e-22)
(1.08201 -0.00931927 3.76984e-23)
(1.0807 -0.00774691 9.32306e-22)
(1.0796 -0.00612373 6.8494e-22)
(1.07873 -0.0044444 -4.59467e-22)
(1.07811 -0.00270903 5.02744e-23)
(1.07777 -0.000925142 4.65582e-22)
(1.2126 0.0569651 1.46491e-20)
(1.20541 0.0487162 3.81229e-20)
(1.19861 0.0408722 -1.7985e-19)
(1.19152 0.0339916 7.99589e-20)
(1.18473 0.0275008 -4.35547e-20)
(1.17833 0.0212953 8.67198e-20)
(1.17209 0.015576 -1.56549e-20)
(1.16603 0.0103564 5.45634e-20)
(1.16027 0.00558305 -5.89926e-20)
(1.15484 0.0012589 -1.53233e-20)
(1.14974 -0.00262014 -7.0094e-21)
(1.14499 -0.00607618 8.30976e-22)
(1.14054 -0.00912308 5.68276e-20)
(1.13635 -0.0117709 -3.9401e-20)
(1.13239 -0.0140332 -2.53257e-20)
(1.12863 -0.0159252 3.97968e-20)
(1.12504 -0.0174642 -3.60795e-20)
(1.12161 -0.0186691 4.23612e-20)
(1.11831 -0.0195602 -5.03051e-20)
(1.11515 -0.0201589 2.40819e-20)
(1.11211 -0.0204867 4.76189e-21)
(1.10919 -0.0205655 1.0973e-21)
(1.10636 -0.020417 7.67232e-22)
(1.10364 -0.0200624 -3.79626e-21)
(1.10102 -0.0195226 -4.70255e-22)
(1.09849 -0.0188171 1.82995e-21)
(1.09606 -0.0179647 1.71811e-22)
(1.09374 -0.0169829 3.22333e-21)
(1.09152 -0.0158874 -8.48735e-22)
(1.08942 -0.0146927 3.17873e-21)
(1.08745 -0.0134113 -4.60225e-22)
(1.08562 -0.0120542 -8.01928e-22)
(1.08393 -0.0106294 -1.03084e-22)
(1.08242 -0.00914505 -3.47916e-22)
(1.0811 -0.00760329 -1.57098e-21)
(1.07998 -0.00601056 5.15054e-22)
(1.0791 -0.00436259 8.48442e-22)
(1.07848 -0.00265855 -5.34699e-23)
(1.07813 -0.000907818 -7.26581e-22)
(1.20399 0.0573318 -8.17115e-20)
(1.19729 0.0487109 -1.04979e-19)
(1.19025 0.0411374 6.98324e-20)
(1.18367 0.033935 -8.36842e-20)
(1.17745 0.0270944 7.81397e-20)
(1.17135 0.0208076 2.17259e-20)
(1.16543 0.0150435 -1.5906e-21)
(1.1598 0.00976438 7.38962e-21)
(1.15446 0.00498392 2.7546e-20)
(1.14944 0.000689367 -3.79061e-20)
(1.14476 -0.00314418 1.48793e-20)
(1.1404 -0.00653139 -8.20066e-21)
(1.13629 -0.00948593 -3.54466e-20)
(1.13242 -0.0120237 1.15785e-20)
(1.12873 -0.0141616 7.42376e-20)
(1.12522 -0.0159186 -5.36842e-20)
(1.12185 -0.0173158 1.90358e-20)
(1.11862 -0.0183755 5.36777e-21)
(1.11551 -0.0191213 -1.02358e-20)
(1.11251 -0.0195769 6.55059e-21)
(1.10961 -0.0197664 -4.36361e-21)
(1.10682 -0.0197134 5.36203e-21)
(1.10411 -0.0194414 4.77475e-22)
(1.1015 -0.0189728 -9.20069e-21)
(1.09898 -0.0183291 -1.74374e-21)
(1.09655 -0.0175306 7.29688e-21)
(1.09422 -0.0165961 -3.69458e-21)
(1.092 -0.0155428 -3.43749e-22)
(1.08988 -0.0143863 5.18802e-22)
(1.0879 -0.01314 -8.1571e-22)
(1.08605 -0.0118158 2.06602e-21)
(1.08435 -0.0104226 -1.43474e-21)
(1.08282 -0.00896897 6.40452e-23)
(1.08148 -0.0074578 3.77968e-22)
(1.08035 -0.00589568 7.34241e-22)
(1.07946 -0.00427935 -7.44554e-22)
(1.07883 -0.00260715 1.08016e-22)
(1.07849 -0.000890061 -3.08092e-23)
(1.20179 0.0672068 -1.08382e-20)
(1.19512 0.0578283 8.11018e-20)
(1.18826 0.0494164 -1.92993e-19)
(1.18198 0.04135 3.88531e-20)
(1.17599 0.0337523 -6.25322e-20)
(1.17009 0.0267682 1.2846e-19)
(1.1644 0.0203399 -1.60218e-20)
(1.15895 0.0144555 -1.80955e-22)
(1.15376 0.00912864 -7.81316e-20)
(1.14887 0.00433851 8.42485e-20)
(1.14431 6.03741e-05 -1.39325e-20)
(1.14004 -0.00372346 1.16197e-20)
(1.13605 -0.00703184 -2.81982e-20)
(1.13228 -0.00988396 2.9431e-20)
(1.1287 -0.0122997 -1.22329e-20)
(1.12528 -0.014301 -4.27542e-21)
(1.122 -0.0159117 1.46644e-20)
(1.11884 -0.017157 1.03047e-20)
(1.11579 -0.0180629 -3.31556e-20)
(1.11285 -0.0186563 6.97397e-21)
(1.11 -0.0189637 1.31575e-21)
(1.10723 -0.0190115 5.8143e-22)
(1.10456 -0.0188253 3.70723e-21)
(1.10196 -0.01843 -2.8591e-21)
(1.09945 -0.0178491 2.07234e-21)
(1.09702 -0.0171046 -1.74907e-21)
(1.09469 -0.0162172 -3.97904e-21)
(1.09246 -0.0152055 3.63769e-21)
(1.09034 -0.0140863 -2.79076e-21)
(1.08834 -0.0128742 -1.88652e-21)
(1.08647 -0.0115819 1.04373e-21)
(1.08476 -0.0102193 -2.52792e-23)
(1.08321 -0.00879568 -1.12832e-22)
(1.08186 -0.00731434 -3.33668e-22)
(1.08072 -0.0057822 2.44716e-22)
(1.07981 -0.00419696 -4.68562e-23)
(1.07918 -0.00255627 -2.00297e-22)
(1.07883 -0.000872372 5.27792e-22)
(1.19363 0.0652149 -1.33812e-19)
(1.18697 0.056065 3.12386e-20)
(1.18089 0.0473308 2.22309e-20)
(1.17502 0.0391754 -2.78451e-20)
(1.16929 0.0316552 -4.98554e-20)
(1.16377 0.0247151 1.24882e-19)
(1.15846 0.0183652 -1.43779e-19)
(1.15337 0.0126119 9.57539e-20)
(1.14858 0.00743195 -8.65769e-21)
(1.1441 0.0028024 3.16426e-20)
(1.13992 -0.00129802 -6.62506e-21)
(1.13601 -0.00489153 2.17633e-21)
(1.13232 -0.00799907 -4.79367e-20)
(1.12882 -0.0106425 3.11068e-20)
(1.12547 -0.0128458 -1.79023e-20)
(1.12226 -0.0146344 -1.24231e-20)
(1.11916 -0.0160354 4.54046e-21)
(1.11616 -0.017077 1.41776e-20)
(1.11325 -0.017788 -2.42838e-20)
(1.11043 -0.0181972 1.24388e-20)
(1.10769 -0.0183327 5.35821e-21)
(1.10503 -0.0182223 1.78063e-21)
(1.10244 -0.0178924 -5.76914e-21)
(1.09993 -0.0173683 -1.27221e-21)
(1.09751 -0.0166736 1.57054e-21)
(1.09517 -0.0158301 4.65372e-21)
(1.09292 -0.0148579 -1.2003e-22)
(1.09079 -0.0137748 -1.89543e-21)
(1.08877 -0.0125963 -1.10865e-22)
(1.08689 -0.0113362 1.58485e-21)
(1.08516 -0.0100047 -1.09463e-21)
(1.0836 -0.00861192 -5.39222e-22)
(1.08223 -0.00716168 1.23534e-22)
(1.08107 -0.0056611 3.0082e-23)
(1.08016 -0.00410876 -1.40406e-22)
(1.07952 -0.00250175 -8.68238e-23)
(1.07917 -0.000853372 1.95879e-23)
(1.19076 0.0775245 2.12601e-19)
(1.18456 0.0670552 -2.00215e-20)
(1.17877 0.0571515 -6.64409e-20)
(1.17315 0.0479462 -3.41551e-20)
(1.16771 0.0394363 3.05026e-20)
(1.16247 0.0315859 2.79785e-20)
(1.15739 0.0244065 -3.69199e-20)
(1.15251 0.0178959 7.49761e-20)
(1.14788 0.0120333 9.68362e-21)
(1.14353 0.00679595 2.08254e-20)
(1.13946 0.00215631 -3.64075e-20)
(1.13567 -0.00191372 -3.92667e-20)
(1.1321 -0.00544043 4.71013e-20)
(1.12871 -0.00845139 -1.46879e-20)
(1.12548 -0.0109752 1.48232e-20)
(1.12236 -0.0130412 -1.85924e-20)
(1.11935 -0.0146805 -2.62067e-20)
(1.11643 -0.0159253 1.02907e-20)
(1.11359 -0.0168083 2.45833e-20)
(1.11082 -0.0173621 -1.25271e-20)
(1.10812 -0.0176188 4.39542e-21)
(1.10549 -0.0176093 -9.4165e-21)
(1.10292 -0.0173633 8.71728e-22)
(1.10042 -0.0169089 1.45814e-21)
(1.098 -0.0162725 -5.59047e-22)
(1.09565 -0.015478 2.06729e-21)
(1.0934 -0.0145476 -2.92195e-21)
(1.09125 -0.0135008 2.19697e-21)
(1.08922 -0.0123546 -2.74132e-22)
(1.08731 -0.011124 -1.16464e-21)
(1.08556 -0.00982031 6.48158e-22)
(1.08398 -0.0084544 4.35916e-22)
(1.08259 -0.00703097 -1.26237e-22)
(1.08142 -0.00555737 -1.35481e-22)
(1.0805 -0.00403316 -3.06513e-22)
(1.07985 -0.00245496 2.07913e-22)
(1.0795 -0.000836887 -2.27551e-23)
(1.1887 0.0842822 0)
(1.1745 0.091944 0)
(1.15504 0.0967761 0)
(1.18292 0.0730695 0)
(1.17034 0.0800859 0)
(1.15278 0.0845964 0)
(1.13512 0.0867396 0)
(1.11835 0.0866468 0)
(1.10191 0.0841376 0)
(1.08563 0.0790323 0)
(1.06993 0.0713 0)
(1.05535 0.0609961 0)
(1.04233 0.0482101 0)
(1.0313 0.0330924 0)
(1.02265 0.0158951 0)
(1.0167 -0.0030974 0)
(1.17738 0.062592 0)
(1.16623 0.0690198 0)
(1.15045 0.0732227 0)
(1.13447 0.075214 0)
(1.11935 0.0751286 0)
(1.10463 0.0728628 0)
(1.09012 0.0682652 0)
(1.07617 0.0612961 0)
(1.06326 0.0520071 0)
(1.05184 0.0404901 0)
(1.04227 0.026887 0)
(1.03493 0.0114236 0)
(1.03016 -0.00562537 0)
(1.17203 0.0528908 0)
(1.16221 0.0587547 0)
(1.1481 0.0626442 0)
(1.13372 0.0645059 0)
(1.12015 0.0644569 0)
(1.10703 0.0624424 0)
(1.09415 0.0583428 0)
(1.0818 0.0521169 0)
(1.07043 0.0438104 0)
(1.06043 0.0335161 0)
(1.05216 0.021372 0)
(1.04595 0.00758412 0)
(1.04212 -0.00758927 0)
(1.16687 0.0439169 0)
(1.15827 0.0492584 0)
(1.14573 0.0528482 0)
(1.13286 0.0546001 0)
(1.12075 0.0546109 0)
(1.10911 0.0528548 0)
(1.09775 0.0492407 0)
(1.08688 0.0437314 0)
(1.07691 0.036368 0)
(1.0682 0.0272422 0)
(1.06108 0.0164879 0)
(1.05585 0.00429514 0)
(1.05281 -0.00909568 0)
(1.16188 0.0356504 0)
(1.1544 0.0405199 0)
(1.14331 0.0438347 0)
(1.13188 0.0454951 0)
(1.12113 0.0455819 0)
(1.11087 0.0440872 0)
(1.1009 0.0409427 0)
(1.0914 0.0361184 0)
(1.08271 0.0296527 0)
(1.07518 0.0216334 0)
(1.0691 0.0121894 0)
(1.06473 0.00149758 0)
(1.06234 -0.0102189 0)
(1.15703 0.0280959 0)
(1.15059 0.0325363 0)
(1.14085 0.0356009 0)
(1.13076 0.0371852 0)
(1.12129 0.0373578 0)
(1.11231 0.0361222 0)
(1.10362 0.0334286 0)
(1.09537 0.0292544 0)
(1.08786 0.0236359 0)
(1.08139 0.0166564 0)
(1.07624 0.00843936 0)
(1.07263 -0.000853343 0)
(1.0708 -0.0110119 0)
(1.15236 0.0212421 0)
(1.14687 0.0252932 0)
(1.13838 0.0281325 0)
(1.12953 0.0296548 0)
(1.12125 0.029919 0)
(1.11343 0.0289367 0)
(1.10592 0.0266726 0)
(1.0988 0.023111 0)
(1.09236 0.0182863 0)
(1.08686 0.012278 0)
(1.08253 0.00520096 0)
(1.07959 -0.0027957 0)
(1.07823 -0.0115171 0)
(1.14792 0.0150691 0)
(1.14329 0.0187688 0)
(1.13594 0.021407 0)
(1.12822 0.0228798 0)
(1.12103 0.0232388 0)
(1.11428 0.0225012 0)
(1.10783 0.0206432 0)
(1.10175 0.017655 0)
(1.09626 0.0135691 0)
(1.09162 0.00846179 0)
(1.08802 0.00243698 0)
(1.08566 -0.0043678 0)
(1.0847 -0.0117732 0)
(1.14373 0.0095524 0)
(1.13988 0.0129358 0)
(1.13356 0.0153952 0)
(1.12689 0.0168302 0)
(1.12068 0.0172849 0)
(1.1149 0.0167809 0)
(1.1094 0.0153038 0)
(1.10424 0.012848 0)
(1.09961 0.00944662 0)
(1.09573 0.00516713 0)
(1.09277 0.00010577 0)
(1.09091 -0.00560951 0)
(1.09028 -0.0118179 0)
(1.13981 0.00466175 0)
(1.13665 0.00776195 0)
(1.13127 0.0100634 0)
(1.12554 0.0114703 0)
(1.12022 0.0120198 0)
(1.1153 0.0117364 0)
(1.11066 0.0106132 0)
(1.10632 0.00864958 0)
(1.10245 0.00587461 0)
(1.09924 0.00235141 0)
(1.09684 -0.00183331 0)
(1.0954 -0.00655973 0)
(1.09503 -0.0116872 0)
(1.13614 0.000368766 0)
(1.13359 0.00321488 0)
(1.12905 0.0053762 0)
(1.12417 0.0067623 0)
(1.11966 0.00740386 0)
(1.11552 0.00732657 0)
(1.11163 0.00652925 0)
(1.10802 0.00501513 0)
(1.10482 0.00281158 0)
(1.10219 -2.7606e-05 0)
(1.10027 -0.00341802 0)
(1.09918 -0.00725525 0)
(1.09903 -0.0114141 0)
(1.13269 -0.00335561 0)
(1.13067 -0.000734192 0)
(1.12688 0.0013026 0)
(1.12277 0.00267131 0)
(1.11897 0.00339933 0)
(1.11553 0.00351138 0)
(1.11231 0.00301094 0)
(1.10934 0.00190249 0)
(1.10673 0.000213146 0)
(1.10461 -0.00200895 0)
(1.1031 -0.00468698 0)
(1.10231 -0.0077305 0)
(1.10231 -0.011028 0)
(1.12939 -0.00654342 0)
(1.12786 -0.00412016 0)
(1.12474 -0.00219328 0)
(1.12131 -0.000838495 0)
(1.11816 -3.20657e-05 0)
(1.11532 0.000250956 0)
(1.1127 1.70797e-05 0)
(1.11029 -0.000727206 0)
(1.10819 -0.00195872 0)
(1.10651 -0.00362884 0)
(1.10535 -0.00567497 0)
(1.1048 -0.00801617 0)
(1.10494 -0.0105543 0)
(1.12623 -0.00922489 0)
(1.12512 -0.00697989 0)
(1.12259 -0.00515109 0)
(1.11977 -0.00380768 0)
(1.11719 -0.00293076 0)
(1.11489 -0.00249509 0)
(1.11279 -0.00249183 0)
(1.11087 -0.00291325 0)
(1.10921 -0.00373711 0)
(1.10791 -0.00492279 0)
(1.10705 -0.00641396 0)
(1.1067 -0.00813958 0)
(1.10693 -0.0100145 0)
(1.12318 -0.0114316 0)
(1.12243 -0.00934589 0)
(1.12043 -0.00760613 0)
(1.11814 -0.00627507 0)
(1.11607 -0.00533656 0)
(1.11424 -0.00476692 0)
(1.11259 -0.00455567 0)
(1.11109 -0.00469429 0)
(1.10981 -0.00516287 0)
(1.10883 -0.00592598 0)
(1.10822 -0.00693416 0)
(1.10804 -0.00812572 0)
(1.10834 -0.00942734 0)
(1.12022 -0.0131966 0)
(1.11978 -0.011254 0)
(1.11823 -0.00959598 0)
(1.11642 -0.00827892 0)
(1.11478 -0.00728932 0)
(1.11336 -0.00660505 0)
(1.1121 -0.00621479 0)
(1.11096 -0.00610968 0)
(1.11001 -0.00627201 0)
(1.10929 -0.00667102 0)
(1.10889 -0.00726389 0)
(1.10884 -0.0079975 0)
(1.10919 -0.00880906 0)
(1.11733 -0.0145542 0)
(1.11715 -0.0127411 0)
(1.116 -0.0111592 0)
(1.1146 -0.00985905 0)
(1.11334 -0.00882939 0)
(1.11227 -0.00804977 0)
(1.11134 -0.00750857 0)
(1.11051 -0.00719696 0)
(1.10983 -0.00709931 0)
(1.10934 -0.00718915 0)
(1.10911 -0.00742979 0)
(1.10917 -0.00777586 0)
(1.10954 -0.00817405 0)
(1.11451 -0.0155389 0)
(1.11455 -0.0138441 0)
(1.11373 -0.0123344 0)
(1.11268 -0.0110549 0)
(1.11175 -0.00999655 0)
(1.11099 -0.00914052 0)
(1.11033 -0.00847532 0)
(1.10977 -0.00799242 0)
(1.10931 -0.00767813 0)
(1.10901 -0.00750992 0)
(1.10891 -0.00745664 0)
(1.10905 -0.00747985 0)
(1.10944 -0.0075347 0)
(1.11175 -0.0161851 0)
(1.11197 -0.0145992 0)
(1.11143 -0.0131592 0)
(1.11069 -0.0119051 0)
(1.11004 -0.0108295 0)
(1.10952 -0.00991542 0)
(1.1091 -0.00915182 0)
(1.10875 -0.00853063 0)
(1.10848 -0.00803999 0)
(1.10834 -0.00766089 0)
(1.10835 -0.00736714 0)
(1.10854 -0.00712648 0)
(1.10894 -0.00690148 0)
(1.10904 -0.0165263 0)
(1.10941 -0.015042 0)
(1.10912 -0.0136703 0)
(1.10863 -0.0124467 0)
(1.10821 -0.0113653 0)
(1.10791 -0.0104109 0)
(1.10768 -0.00957297 0)
(1.10751 -0.00884415 0)
(1.10739 -0.00821427 0)
(1.10737 -0.00766744 0)
(1.10746 -0.00718187 0)
(1.1077 -0.0067307 0)
(1.10809 -0.00628303 0)
(1.1064 -0.0165949 0)
(1.10688 -0.0152065 0)
(1.10678 -0.0139028 0)
(1.10651 -0.0127153 0)
(1.10629 -0.0116392 0)
(1.10616 -0.0106612 0)
(1.10609 -0.00977144 0)
(1.10606 -0.00896325 0)
(1.10607 -0.00822803 0)
(1.10614 -0.00755266 0)
(1.1063 -0.00691915 0)
(1.10656 -0.00630545 0)
(1.10693 -0.00568613 0)
(1.10381 -0.016422 0)
(1.10438 -0.0151251 0)
(1.10444 -0.01389 0)
(1.10435 -0.0127443 0)
(1.10429 -0.0116843 0)
(1.1043 -0.0106983 0)
(1.10436 -0.0097775 0)
(1.10444 -0.00891575 0)
(1.10455 -0.00810591 0)
(1.10469 -0.00733728 0)
(1.1049 -0.00659516 0)
(1.10518 -0.00586162 0)
(1.10554 -0.00511597 0)
(1.10129 -0.0160367 0)
(1.10191 -0.0148283 0)
(1.10211 -0.0136629 0)
(1.10216 -0.0125648 0)
(1.10224 -0.0115312 0)
(1.10236 -0.0105518 0)
(1.10252 -0.00961887 0)
(1.10269 -0.00872693 0)
(1.10287 -0.00787009 0)
(1.10308 -0.00703969 0)
(1.10331 -0.00622391 0)
(1.1036 -0.00540829 0)
(1.10394 -0.0045762 0)
(1.09883 -0.0154664 0)
(1.0995 -0.0143443 0)
(1.0998 -0.0132503 0)
(1.09997 -0.0122055 0)
(1.10015 -0.0112078 0)
(1.10037 -0.0102485 0)
(1.10061 -0.00932065 0)
(1.10085 -0.00841949 0)
(1.10108 -0.00754024 0)
(1.10133 -0.00667599 0)
(1.10159 -0.00581736 0)
(1.10187 -0.0049528 0)
(1.10219 -0.00406912 0)
(1.09645 -0.0147359 0)
(1.09715 -0.013699 0)
(1.09753 -0.0126784 0)
(1.09779 -0.0116923 0)
(1.09806 -0.0107396 0)
(1.09835 -0.00981259 0)
(1.09864 -0.00890525 0)
(1.09893 -0.00801354 0)
(1.09921 -0.00713361 0)
(1.09948 -0.00626006 0)
(1.09976 -0.00538549 0)
(1.10004 -0.00450084 0)
(1.10033 -0.00359577 0)
(1.09416 -0.0138679 0)
(1.09487 -0.0129157 0)
(1.09532 -0.0119706 0)
(1.09565 -0.0110487 0)
(1.09598 -0.0101491 0)
(1.09632 -0.00926539 0)
(1.09667 -0.00839238 0)
(1.09699 -0.00752663 0)
(1.0973 -0.00666509 0)
(1.09759 -0.0058036 0)
(1.09787 -0.00493646 0)
(1.09814 -0.00405665 0)
(1.09841 -0.00315611 0)
(1.09197 -0.0128828 0)
(1.09268 -0.0120152 0)
(1.09317 -0.0111481 0)
(1.09357 -0.0102952 0)
(1.09395 -0.00945618 0)
(1.09433 -0.00862569 0)
(1.0947 -0.00779918 0)
(1.09505 -0.00697384 0)
(1.09538 -0.00614728 0)
(1.09568 -0.00531637 0)
(1.09596 -0.00447678 0)
(1.09623 -0.00362313 0)
(1.09647 -0.00274932 0)
(1.0899 -0.0117979 0)
(1.0906 -0.0110154 0)
(1.09113 -0.0102287 0)
(1.09156 -0.00944955 0)
(1.09198 -0.00867792 0)
(1.09239 -0.00790937 0)
(1.09278 -0.00714009 0)
(1.09315 -0.00636775 0)
(1.09349 -0.00559053 0)
(1.0938 -0.00480611 0)
(1.09407 -0.00401127 0)
(1.09433 -0.00320199 0)
(1.09455 -0.00237368 0)
(1.08796 -0.0106287 0)
(1.08865 -0.00993206 0)
(1.08919 -0.00922816 0)
(1.08966 -0.00852708 0)
(1.09011 -0.00782891 0)
(1.09053 -0.00713007 0)
(1.09094 -0.00642737 0)
(1.09132 -0.00571892 0)
(1.09166 -0.00500335 0)
(1.09197 -0.004279 0)
(1.09225 -0.00354352 0)
(1.09249 -0.00279397 0)
(1.09269 -0.00202699 0)
(1.08617 -0.00938687 0)
(1.08685 -0.00877722 0)
(1.0874 -0.00815867 0)
(1.08789 -0.00753967 0)
(1.08836 -0.00692049 0)
(1.0888 -0.00629824 0)
(1.08921 -0.0056703 0)
(1.08959 -0.00503516 0)
(1.08994 -0.00439184 0)
(1.09025 -0.00373916 0)
(1.09051 -0.00307547 0)
(1.09074 -0.00239866 0)
(1.09093 -0.0017063 0)
(1.08455 -0.00808349 0)
(1.08521 -0.0075621 0)
(1.08578 -0.00703129 0)
(1.08628 -0.00649806 0)
(1.08676 -0.00596276 0)
(1.08721 -0.00542311 0)
(1.08763 -0.00487701 0)
(1.08801 -0.00432327 0)
(1.08835 -0.00376119 0)
(1.08865 -0.00318999 0)
(1.08892 -0.00260853 0)
(1.08913 -0.00201535 0)
(1.08931 -0.00140875 0)
(1.08313 -0.0067237 0)
(1.08378 -0.00629226 0)
(1.08434 -0.0058518 0)
(1.08486 -0.00540797 0)
(1.08534 -0.00496114 0)
(1.0858 -0.00450959 0)
(1.08621 -0.00405165 0)
(1.0866 -0.00358643 0)
(1.08694 -0.00311342 0)
(1.08723 -0.00263214 0)
(1.08749 -0.00214184 0)
(1.0877 -0.00164152 0)
(1.08786 -0.00113006 0)
(1.08194 -0.00531489 0)
(1.08257 -0.00497501 0)
(1.08313 -0.00462732 0)
(1.08365 -0.00427613 0)
(1.08414 -0.00392182 0)
(1.0846 -0.00356311 0)
(1.08501 -0.00319876 0)
(1.08539 -0.00282809 0)
(1.08573 -0.0024508 0)
(1.08602 -0.00206656 0)
(1.08627 -0.00167492 0)
(1.08647 -0.00127524 0)
(1.08662 -0.000866758 0)
(1.08099 -0.00385738 0)
(1.0816 -0.00361139 0)
(1.08217 -0.00335934 0)
(1.0827 -0.00310431 0)
(1.08319 -0.00284663 0)
(1.08364 -0.0025854 0)
(1.08406 -0.00231975 0)
(1.08443 -0.00204923 0)
(1.08477 -0.00177363 0)
(1.08505 -0.00149278 0)
(1.0853 -0.00120641 0)
(1.08549 -0.000914134 0)
(1.08564 -0.000615513 0)
(1.08033 -0.00234749 0)
(1.08093 -0.00219765 0)
(1.08149 -0.00204405 0)
(1.08202 -0.0018885 0)
(1.08251 -0.0017312 0)
(1.08297 -0.00157164 0)
(1.08338 -0.00140929 0)
(1.08375 -0.00124387 0)
(1.08408 -0.00107527 0)
(1.08437 -0.000903405 0)
(1.08461 -0.00072813 0)
(1.0848 -0.00054924 0)
(1.08494 -0.000366502 0)
(1.07997 -0.000799976 0)
(1.08057 -0.000748909 0)
(1.08114 -0.000696633 0)
(1.08166 -0.000643705 0)
(1.08215 -0.000590187 0)
(1.08261 -0.000535911 0)
(1.08302 -0.000480705 0)
(1.08339 -0.000424471 0)
(1.08372 -0.000367171 0)
(1.08401 -0.000308773 0)
(1.08424 -0.000249229 0)
(1.08443 -0.000188473 0)
(1.08457 -0.000126421 0)
)
;

boundaryField
{
    inlet
    {
        type            uniformFixedValue;
        uniformValue    constant (1 0 0);
        value           nonuniform 0();
    }
    outlet
    {
        type            pressureInletOutletVelocity;
        value           nonuniform 0();
    }
    cylinder
    {
        type            fixedValue;
        value           nonuniform 0();
    }
    top
    {
        type            symmetryPlane;
    }
    bottom
    {
        type            symmetryPlane;
    }
    defaultFaces
    {
        type            empty;
    }
    procBoundary1to0
    {
        type            processor;
        value           nonuniform List<vector> 
46
(
(1.17261 -0.187476 -6.16262e-20)
(1.16423 -0.175835 2.46029e-20)
(1.15612 -0.164933 -1.57807e-20)
(1.14791 -0.155244 5.50664e-20)
(1.14786 -0.141217 1.79793e-20)
(1.14786 -0.141217 1.79793e-20)
(1.14381 -0.135201 -1.12602e-20)
(1.14008 -0.129229 -2.21472e-20)
(1.13666 -0.123487 2.78568e-20)
(1.13338 -0.117997 -6.65106e-22)
(1.13017 -0.112698 -1.75613e-20)
(1.12701 -0.107581 -5.99386e-21)
(1.1239 -0.102642 2.19244e-20)
(1.1239 -0.102642 2.19244e-20)
(1.1178 -0.100215 -2.6419e-21)
(1.115 -0.0954583 -8.46746e-21)
(1.11224 -0.0908675 7.85559e-21)
(1.10952 -0.0864395 -2.23893e-21)
(1.10683 -0.0821704 -4.58535e-21)
(1.1042 -0.0780542 2.57309e-21)
(1.10162 -0.0740845 -5.67846e-21)
(1.09909 -0.0702548 3.75494e-21)
(1.09662 -0.0665586 -3.55237e-21)
(1.09422 -0.0629889 1.48765e-21)
(1.09188 -0.0595385 1.3848e-21)
(1.0896 -0.0562006 3.42603e-21)
(1.0874 -0.0529678 -4.2783e-21)
(1.08526 -0.0498311 1.74647e-21)
(1.0832 -0.0467829 -4.47733e-22)
(1.08122 -0.0438172 -1.2803e-21)
(1.07931 -0.0409268 1.62363e-21)
(1.07747 -0.0381042 -3.84701e-22)
(1.07572 -0.0353419 3.27981e-23)
(1.07405 -0.0326328 8.09644e-24)
(1.07247 -0.0299695 -2.9705e-22)
(1.07097 -0.0273449 1.47852e-23)
(1.06957 -0.0247516 -5.32274e-25)
(1.06827 -0.0221821 1.61176e-22)
(1.06707 -0.0196285 -4.63627e-23)
(1.06598 -0.0170825 -1.23002e-23)
(1.06501 -0.014535 -1.29518e-24)
(1.06417 -0.0119757 -3.97169e-23)
(1.06347 -0.00939543 -1.31823e-22)
(1.06293 -0.00677403 1.43562e-23)
(1.06255 -0.00412055 2.65837e-22)
(1.06237 -0.00135413 -3.46168e-23)
)
;
    }
    procBoundary1to2
    {
        type            processor;
        value           nonuniform List<vector> 
36
(
(1.01389 -0.0235982 0)
(1.02833 -0.0239516 0)
(1.04101 -0.0238382 0)
(1.05224 -0.0233834 0)
(1.06219 -0.0226755 0)
(1.07097 -0.0217744 0)
(1.07865 -0.0207248 0)
(1.0853 -0.0195643 0)
(1.09101 -0.0183271 0)
(1.09584 -0.0170442 0)
(1.09989 -0.0157432 0)
(1.10319 -0.014447 0)
(1.10581 -0.0131743 0)
(1.10778 -0.0119396 0)
(1.10915 -0.0107541 0)
(1.10996 -0.00962655 0)
(1.11026 -0.00856367 0)
(1.11011 -0.0075704 0)
(1.10955 -0.00664996 0)
(1.10864 -0.005804 0)
(1.10743 -0.00503286 0)
(1.10598 -0.00433534 0)
(1.10433 -0.00370936 0)
(1.10253 -0.00315186 0)
(1.10063 -0.00265895 0)
(1.09867 -0.00222618 0)
(1.0967 -0.00184872 0)
(1.09475 -0.00152142 0)
(1.09286 -0.00123893 0)
(1.09108 -0.000995802 0)
(1.08944 -0.000786925 0)
(1.08797 -0.000606254 0)
(1.08672 -0.000448698 0)
(1.08573 -0.000310076 0)
(1.08502 -0.000179686 0)
(1.08465 -6.29741e-05 0)
)
;
    }
    procBoundary1to5
    {
        type            processor;
        value           nonuniform List<vector> 
59
(
(1.18872 -0.19405 3.73886e-20)
(1.19571 -0.18825 -2.58075e-20)
(1.20247 -0.182248 2.54274e-20)
(1.20898 -0.176054 9.42489e-21)
(1.20898 -0.176054 9.42489e-21)
(1.22645 -0.180386 3.70646e-20)
(1.23276 -0.173422 -1.99552e-20)
(1.23882 -0.166299 -1.54255e-20)
(1.24464 -0.159027 6.3077e-20)
(1.23795 -0.142527 -1.76098e-20)
(1.23795 -0.142527 -1.76098e-20)
(1.24305 -0.135369 1.22639e-20)
(1.24793 -0.128075 -1.4427e-19)
(1.2526 -0.120651 9.41934e-20)
(1.25706 -0.1131 -1.17397e-20)
(1.26132 -0.105424 6.40574e-20)
(1.26539 -0.0976244 -2.47773e-20)
(1.26927 -0.0897011 2.95071e-20)
(1.27298 -0.081652 -4.94404e-20)
(1.26285 -0.0677113 8.65868e-20)
(1.26285 -0.0677113 8.65868e-20)
(1.26599 -0.059659 1.23466e-19)
(1.26898 -0.0514493 -2.11668e-19)
(1.27181 -0.043072 2.24339e-19)
(1.2745 -0.0345143 -3.34131e-19)
(1.26228 -0.0215313 -2.94661e-19)
(1.26228 -0.0215313 -2.94661e-19)
(1.26432 -0.0127426 2.13635e-19)
(1.2662 -0.00370204 -3.15644e-20)
(1.25243 0.00715876 -2.8894e-19)
(1.25243 0.00715876 -2.8894e-19)
(1.25351 0.0163691 2.20207e-19)
(1.25438 0.0259078 1.13167e-19)
(1.23738 0.040566 -1.50367e-19)
(1.23738 0.040566 -1.50367e-19)
(1.23692 0.050851 -7.55077e-19)
(1.22358 0.053193 1.39057e-19)
(1.22358 0.053193 1.39057e-19)
(1.22199 0.0635555 -1.18598e-19)
(1.21073 0.066639 -2.20443e-19)
(1.21073 0.066639 -2.20443e-19)
(1.20813 0.0774473 3.28489e-19)
(1.20037 0.0752743 -1.31548e-19)
(1.20037 0.0752743 -1.31548e-19)
(1.19722 0.0887555 1.16908e-19)
(1.19475 0.0962501 0)
(1.17864 0.104476 0)
(1.15715 0.109674 0)
(1.13564 0.0991284 0)
(1.13564 0.0991284 0)
(1.11712 0.0990697 0)
(1.09879 0.0963238 0)
(1.08057 0.0907037 0)
(1.06295 0.0821933 0)
(1.0465 0.0708466 0)
(1.0317 0.0567453 0)
(1.01898 0.0400545 0)
(1.00877 0.021081 0)
(1.00136 0.000123984 0)
)
;
    }
}


// ************************************************************************* //
