/*--------------------------------*- C++ -*----------------------------------*\
  =========                 |
  \\      /  F ield         | OpenFOAM: The Open Source CFD Toolbox
   \\    /   O peration     | Website:  https://openfoam.org
    \\  /    A nd           | Version:  7
     \\/     M anipulation  |
\*---------------------------------------------------------------------------*/
FoamFile
{
    version     2.0;
    format      ascii;
    class       surfaceScalarField;
    location    "180";
    object      phi;
}
// * * * * * * * * * * * * * * * * * * * * * * * * * * * * * * * * * * * * * //

dimensions      [0 3 -1 0 0 0 0];

internalField   nonuniform List<scalar> 
3880
(
0.00320751
0.0064165
0.0032268
0.00657432
0.00321924
0.00672993
0.00318464
0.00693414
0.00312716
0.00713666
0.00305411
0.0071934
0.00297388
0.00692869
0.00289535
0.00620784
0.00282833
0.00498075
0.00278259
0.00329631
0.00276542
0.00129877
0.00277924
-0.000797609
0.00282079
-0.00275861
0.00288124
-0.00439233
0.00294698
-0.00560315
0.00300212
-0.00641701
0.00303311
-0.00694918
0.00303322
-0.00732208
0.00300347
-0.00757911
0.00295039
-0.00766045
0.00288317
-0.00744073
0.00281247
-0.00679485
0.00275002
-0.00564893
0.00270732
-0.00401232
0.00269299
-0.00199734
0.00270978
0.000198921
0.00275255
0.00233035
0.00280863
0.00419755
0.00286117
0.00568099
0.00289503
0.00678949
0.00290174
0.00755297
0.00288121
0.00800723
0.00283976
0.00807884
0.00278716
0.00767722
0.00273447
0.00668484
0.0026932
0.0050761
0.00267316
0.00295059
0.00267898
0.000487432
0.00270643
-0.00194575
0.00274274
-0.00419311
0.00277141
-0.0059203
0.00278116
-0.0072985
0.00276933
-0.00803163
0.00274101
-0.00835947
0.00270377
-0.0078796
0.00266701
-0.00677768
0.00264048
-0.00495161
0.00263156
-0.00244101
0.00264044
2.2839e-05
0.00265745
0.00303922
0.00267066
0.00486806
0.00267064
0.0072996
0.00265626
0.0077395
-0.00772512
0.00263113
0.00860196
-0.00857683
0.00259752
0.00755994
-0.00752633
0.00256284
0.00571967
-0.005685
0.00253519
0.0041744
-0.00414675
-0.000933261
0.000959542
0.00322538
0.00636801
0.00324978
0.00654993
0.00324729
0.00673241
0.00321793
0.0069635
0.00316547
0.00718912
0.00309633
0.00726255
0.00301789
0.00700713
0.00293851
0.00628722
0.00286797
0.00505129
0.00281634
0.00334794
0.00279149
0.00132362
0.00279663
-0.000802747
0.00282939
-0.00279137
0.00288184
-0.00444478
0.00294098
-0.00566229
0.002991
-0.00646703
0.0030179
-0.00697608
0.0030144
-0.00731858
0.00298142
-0.00754613
0.00292584
-0.00760487
0.00285742
-0.00737232
0.00278723
-0.00672466
0.00272711
-0.00558881
0.00268839
-0.0039736
0.00267929
-0.00198823
0.00270188
0.000176326
0.00275026
0.00228197
0.00281118
0.00413664
0.00286766
0.00562451
0.00290481
0.00675234
0.00291441
0.00754337
0.00289637
0.00802527
0.00285662
0.00811859
0.00280448
0.00772937
0.00275076
0.00673855
0.00270712
0.00511973
0.00268372
0.00297399
0.00268584
0.000485312
0.00270983
-0.00196973
0.00274333
-0.00422661
0.00276964
-0.00594661
0.00277722
-0.00730609
0.0027634
-0.0080178
0.00273368
-0.00832976
0.00269619
-0.00784212
0.00266015
-0.00674164
0.00263522
-0.00492667
0.00262772
-0.00243351
0.00263807
1.24852e-05
0.00265601
0.00302127
0.0026706
0.00485347
0.00267212
0.00729809
0.00265911
0.0077525
0.00263512
0.00862596
0.00260097
0.00759409
0.0025659
0.00575474
0.00253689
0.00420342
-0.000905428
0.00324288
0.00631394
0.00327258
0.00652022
0.00327553
0.00672946
0.00325186
0.00698718
0.0032049
0.00723608
0.00314007
0.00732737
0.0030638
0.0070834
0.00298385
0.00636716
0.00290993
0.00512522
0.00285239
0.00340548
0.00281965
0.00135636
0.00281575
-0.000798853
0.00283931
-0.00281492
0.00288334
-0.00448881
0.00293557
-0.00571452
0.00298034
-0.0065118
0.00300324
-0.00699897
0.00299637
-0.00731172
0.00296046
-0.00751021
0.00290267
-0.00754708
0.0028333
-0.00730295
0.00276379
-0.00665515
0.00270607
-0.00553109
0.00267128
-0.00393882
0.00266721
-0.00198416
0.00269533
0.000148211
0.00274901
0.00222829
0.00281452
0.00407112
0.00287485
0.00556418
0.00291533
0.00671187
0.00292797
0.00753072
0.0029126
0.00804064
0.00287472
0.00815647
0.00282319
0.0077809
0.00276857
0.00679317
0.00272264
0.00516567
0.00269585
0.00300078
0.00269415
0.000487013
0.0027145
-0.00199008
0.00274506
-0.00425717
0.00276897
-0.00597052
0.00277442
-0.00731153
0.00275862
-0.008002
0.00272751
-0.00829865
0.00268978
-0.00780438
0.00265445
-0.00670631
0.00263111
-0.00490332
0.00262502
-0.00242742
0.00263684
6.57666e-07
0.00265576
0.00300236
0.00267178
0.00483744
0.00267488
0.00729499
0.00266324
0.00776414
0.00264036
0.00864884
0.00260566
0.00762879
0.0025702
0.0057902
0.00253988
0.00423374
-0.000876105
0.00325984
0.00625426
0.00329506
0.00648501
0.00330378
0.00672074
0.00328623
0.00700473
0.00324522
0.00727709
0.00318516
0.00738744
0.00311145
0.00715711
0.00303128
0.00644733
0.00295418
0.00520231
0.00289073
0.00346893
0.00284991
0.00139718
0.00283666
-0.000785609
0.00285062
-0.00282888
0.00288584
-0.00452402
0.00293084
-0.00575952
0.00297022
-0.00655119
0.00298918
-0.00701792
0.00297918
-0.00730172
0.00294062
-0.00747166
0.00288091
-0.00748737
0.00281079
-0.00723283
0.00274209
-0.00658644
0.00268681
-0.0054758
0.00265587
-0.00390788
0.00265664
-0.00198493
0.00268999
0.000114863
0.00274867
0.00216961
0.00281857
0.00400122
0.00288266
0.00550009
0.00292652
0.00666801
0.00294236
0.00751488
0.00292985
0.00805315
0.00289403
0.00819229
0.0028433
0.00783164
0.00278794
0.00684853
0.00273979
0.00521382
0.00270961
0.00303096
0.00270396
0.000492658
0.0027205
-0.00200661
0.00274797
-0.00428465
0.00276943
-0.00599198
0.00277275
-0.00731486
0.00275501
-0.00798425
0.00272251
-0.00826615
0.0026845
-0.00776637
0.00264986
-0.00667168
0.0026281
-0.00488156
0.0026234
-0.00242272
0.00263672
-1.26608e-05
0.00265666
0.00298243
0.00267418
0.00481992
0.00267892
0.00729025
0.00266863
0.00777443
0.00264686
0.00867061
0.00261162
0.00766402
0.00257575
0.00582608
0.0025442
0.00426529
-0.000845358
0.00327611
0.00618892
0.00331702
0.0064441
0.00333184
0.00670592
0.00332083
0.00701573
0.00328622
0.0073117
0.00323137
0.00744229
0.00316067
0.00722781
0.00308064
0.00652736
0.00300061
0.00528235
0.0029313
0.00353824
0.00288227
0.00144621
0.00285939
-0.000762728
0.00286339
-0.00283288
0.00288941
-0.00455004
0.00292686
-0.00579697
0.00296069
-0.00658502
0.00297575
-0.00703298
0.00296283
-0.0072888
0.00292191
-0.00743074
0.00286052
-0.00742598
0.00278985
-0.00716216
0.00272207
-0.00651866
0.00266924
-0.00542297
0.00264205
-0.0038807
0.00264744
-0.00199032
0.00268573
7.65727e-05
0.00274913
0.00210621
0.00282321
0.00392714
0.002891
0.0054323
0.00293833
0.00662069
0.00295753
0.00749568
0.00294807
0.00806261
0.00291453
0.00822583
0.00286479
0.00788138
0.00280886
0.00690446
0.00275861
0.00526407
0.00272504
0.00306453
0.00271533
0.000502361
0.00272787
-0.00201915
0.0027521
-0.00430887
0.00277103
-0.00601091
0.00277223
-0.00731606
0.00275256
-0.00796458
0.00271865
-0.00823223
0.00268032
-0.00772804
0.00264633
-0.0066377
0.00262613
-0.00486135
0.00262283
-0.00241942
0.00263766
-2.74944e-05
0.00265867
0.00296141
0.00267776
0.00480082
0.00268419
0.00728383
0.00267526
0.00778336
0.00265461
0.00869126
0.00261886
0.00769977
0.00258257
0.00586238
0.00254986
0.00429799
-0.000813252
0.00329151
0.00611791
0.00333827
0.00639734
0.00335949
0.00668471
0.00335541
0.00701981
0.00332764
0.00733948
0.00327847
0.00749146
0.00321123
0.00729505
0.00313176
0.00660682
0.00304909
0.00536502
0.00297404
0.00361328
0.00291668
0.00150357
0.00288395
-0.000729993
0.00287765
-0.00282658
0.00289411
-0.0045665
0.00292369
-0.00582654
0.00295179
-0.00661313
0.00296299
-0.00704418
0.00294734
-0.00727315
0.00290432
-0.00738772
0.0028415
-0.00736315
0.00277045
-0.00709111
0.00270367
-0.00645188
0.00265326
-0.00537256
0.0026297
-0.00385713
0.00263948
-0.00200009
0.00268242
3.363e-05
0.00275025
0.00203838
0.00282834
0.00384905
0.00289979
0.00536084
0.00295066
0.00656982
0.00297339
0.00747295
0.0029672
0.0080688
0.00293616
0.00825687
0.00288764
0.0079299
0.00283134
0.00696076
0.00277912
0.00531629
0.00274217
0.00310147
0.00272831
0.000516225
0.00273667
-0.00202751
0.00275747
-0.00432967
0.00277378
-0.00602722
0.00277285
-0.00731514
0.00275126
-0.00794298
0.00271591
-0.00819689
0.00267721
-0.00768934
0.00264383
-0.00660432
0.00262515
-0.00484268
0.00262323
-0.0024175
0.00263961
-4.38731e-05
0.00266177
0.00293925
0.0026825
0.0047801
0.00269068
0.00727564
0.00268312
0.00779092
0.00266361
0.00871077
0.00262739
0.00773598
0.00259069
0.00589908
0.00255691
0.00433178
-0.000779856
0.00330583
0.00604121
0.0033586
0.00634457
0.00338648
0.00665683
0.00338969
0.0070166
0.00336918
0.00735999
0.00332615
0.00753448
0.00326287
0.00735833
0.00318442
0.00668527
0.00309944
0.00545
0.0030188
0.00369392
0.00295311
0.00156926
0.00291031
-0.000687192
0.00289343
-0.0028097
0.00289999
-0.00457307
0.00292138
-0.00584793
0.00294356
-0.00663532
0.00295089
-0.00705151
0.00293269
-0.00725494
0.00288782
-0.00734285
0.0028238
-0.00729913
0.00275251
-0.00701983
0.00268678
-0.00638615
0.00263876
-0.00532454
0.00261867
-0.00383704
0.00263259
-0.00201402
0.0026799
-1.36779e-05
0.0027519
0.00196638
0.00283383
0.00376713
0.00290891
0.00528576
0.00296343
0.0065153
0.00298987
0.00744651
0.00298718
0.00807149
0.00295887
0.00828518
0.00291181
0.00797696
0.00285536
0.00701721
0.00280132
0.00537033
0.00276104
0.00314175
0.00274293
0.00053434
0.00274692
-0.00203151
0.00276409
-0.00434684
0.00277768
-0.0060408
0.00277461
-0.00731207
0.00275109
-0.00791947
0.00271428
-0.00816007
0.00267513
-0.00765019
0.00264229
-0.00657148
0.0026251
-0.00482549
0.00262456
-0.00241696
0.00264252
-6.18316e-05
0.0026659
0.00291587
0.00268834
0.00475766
0.00269835
0.00726562
0.0026922
0.00779708
0.00267386
0.00872911
0.00263723
0.00777262
0.00260013
0.00593618
0.00256534
0.00436656
-0.000745237
0.0033189
0.00595882
0.00337779
0.00628568
0.00341256
0.00662205
0.00342339
0.00700578
0.00341053
0.00737285
0.00337411
0.0075709
0.0033153
0.00741714
0.00323835
0.00676222
0.00315145
0.00553691
0.00306544
0.00377993
0.00299143
0.00164328
0.00293842
-0.000634188
0.00291071
-0.00278199
0.00290707
-0.00456944
0.00291997
-0.00586082
0.00293602
-0.00665137
0.00293947
-0.00705495
0.00291886
-0.00723434
0.00287237
-0.00729636
0.00280736
-0.00723411
0.00273597
-0.00694845
0.00267132
-0.0063215
0.0026256
-0.00527882
0.00260882
-0.00382026
0.00262664
-0.00203184
0.00267803
-6.50643e-05
0.00275395
0.00189045
0.00283957
0.00368152
0.00291827
0.00520706
0.00297654
0.00645704
0.00300688
0.00741616
0.0030079
0.00807047
0.00298258
0.0083105
0.00293724
0.00802231
0.00288088
0.00707357
0.0028252
0.00542601
0.00278165
0.0031853
0.00275921
0.000556781
0.00275864
-0.00203094
0.00277199
-0.00436019
0.00278273
-0.00605154
0.00277748
-0.00730682
0.00275205
-0.00789404
0.00271372
-0.00812175
0.00267406
-0.00761053
0.00264168
-0.00653909
0.00262592
-0.00480973
0.00262676
-0.0024178
0.00264634
-8.14097e-05
0.00267103
0.00289118
0.00269525
0.00473344
0.00270718
0.00725369
0.00270246
0.0078018
0.00268535
0.00874622
0.00264837
0.0078096
0.00261089
0.00597365
0.00257519
0.00440227
-0.000709465
0.0033305
0.00587075
0.00339561
0.00622058
0.00343747
0.00658019
0.00345618
0.00698706
0.00345135
0.00737768
0.003422
0.00760024
0.00336818
0.00747096
0.00329326
0.00683715
0.00320487
0.00562529
0.00311376
0.00387104
0.0030315
0.00172554
0.00296821
-0.000570899
0.00292946
-0.00274323
0.00291537
-0.00455534
0.00291948
-0.00586494
0.00292919
-0.00666108
0.0029287
-0.00705446
0.00290582
-0.00721146
0.00285793
-0.00724848
0.00279212
-0.0071683
0.00272074
-0.00687707
0.00265718
-0.00625793
0.00261367
-0.00523531
0.0026
-0.00380659
0.00262147
-0.00205332
0.00267665
-0.00012024
0.00275626
0.00181083
0.00284544
0.00359234
0.00292775
0.00512474
0.00298988
0.00639491
0.00302431
0.00738173
0.00302929
0.0080655
0.00300721
0.00833258
0.00296386
0.00806565
0.00290785
0.00712958
0.00285071
0.00548314
0.00280399
0.00323202
0.00277713
0.000583641
0.00277186
-0.00202567
0.00278117
-0.0043695
0.00278892
-0.00605929
0.00278145
-0.00729934
0.00275409
-0.00786668
0.00271422
-0.00808188
0.00267395
-0.00757026
0.00264193
-0.00650708
0.00262756
-0.00479536
0.00262977
-0.00242
0.00265101
-0.00010265
0.00267709
0.0028651
0.00270318
0.00470735
0.00271712
0.00723976
0.00271388
0.00780503
0.00269807
0.00876203
0.00266083
0.00784683
0.00262301
0.00601148
0.00258648
0.0044388
-0.000672611
0.00334044
0.00577704
0.00341182
0.0061492
0.00346092
0.0065311
0.00348776
0.00696022
0.00349129
0.00737415
0.00346946
0.00762208
0.00342116
0.00751926
0.0033488
0.0069095
0.0032594
0.00571469
0.00316353
0.00396691
0.00307318
0.00181589
0.00299958
-0.000497298
0.00294964
-0.00269329
0.00292486
-0.00453057
0.00291993
-0.00586001
0.00292306
-0.0066642
0.00291856
-0.00704997
0.00289352
-0.00718642
0.00284443
-0.00719938
0.002778
-0.00710187
0.00270674
-0.0068058
0.00264424
-0.00619544
0.00260283
-0.0051939
0.00259206
-0.00379583
0.00261692
-0.00207817
0.00267561
-0.000178931
0.0027587
0.00172774
0.00285131
0.00349973
0.00293724
0.0050388
0.00300335
0.0063288
0.00304205
0.00734302
0.00305122
0.00805634
0.00303266
0.00835114
0.00299159
0.00810672
0.0029362
0.00718498
0.00287783
0.00554152
0.00282802
0.00328182
0.00279674
0.00061492
0.00278657
-0.0020155
0.00279163
-0.00437456
0.00279625
-0.0060639
0.00278649
-0.00728959
0.0027572
-0.00783739
0.00271574
-0.00804041
0.00267476
-0.00752928
0.00264302
-0.00647534
0.00262996
-0.00478231
0.00263354
-0.00242358
0.00265648
-0.000125593
0.00268406
0.00283752
0.0027121
0.00467931
0.00272813
0.00722372
0.00272644
0.00780672
0.002712
0.00877647
0.00267462
0.00788421
0.00263649
0.00604961
0.00259922
0.00447607
-0.000634744
0.00334852
0.00567776
0.00342619
0.00607153
0.00348262
0.00647466
0.00351778
0.00692506
0.00352997
0.00736196
0.00351608
0.00763597
0.00347383
0.0075615
0.00340462
0.00697871
0.00331473
0.00580458
0.00321448
0.00406716
0.00311626
0.00191412
0.00303238
-0.000413422
0.00297116
-0.00263206
0.00293551
-0.00449492
0.0029213
-0.0058458
0.00291763
-0.00666053
0.00290903
-0.00704137
0.00288192
-0.0071593
0.0028318
-0.00714927
0.00276493
-0.007035
0.00269385
-0.00673473
0.00263241
-0.00613399
0.00259294
-0.00515443
0.00258487
-0.00378775
0.00261285
-0.00210615
0.00267477
-0.000240855
0.00276111
0.0016414
0.00285706
0.00340379
0.00294662
0.00494923
0.00301682
0.00625861
0.00305999
0.00729985
0.00307357
0.00804275
0.00305881
0.0083659
0.00302033
0.00814519
0.00296584
0.00723946
0.00290646
0.0056009
0.00285369
0.00333459
0.00281798
0.000650634
0.00280277
-0.0020003
0.00280336
-0.00437516
0.00280468
-0.00606521
0.00279259
-0.0072775
0.00276134
-0.00780614
0.00271824
-0.00799731
0.00267646
-0.0074875
0.00264487
-0.00644375
0.00263306
-0.00477049
0.002638
-0.00242852
0.00266269
-0.000150287
0.00269186
0.00280835
0.00272193
0.00464924
0.00274017
0.00720548
0.0027401
0.0078068
0.00272714
0.00878944
0.00268974
0.0079216
0.00265136
0.00608799
0.00261343
0.004514
-0.000595936
0.00335452
0.00557296
0.00343848
0.00598757
0.0035023
0.00641084
0.00354591
0.00688145
0.00356702
0.00734086
0.00356146
0.00764153
0.00352579
0.00759717
0.00346031
0.0070442
0.0033705
0.00589439
0.00326635
0.00417131
0.00316049
0.00201998
0.00306647
-0.000319404
0.00299392
-0.00255951
0.00294727
-0.00444827
0.00292358
-0.00582211
0.00291288
-0.00664984
0.00290007
-0.00702856
0.00287094
-0.00713017
0.00281997
-0.00709831
0.0027528
-0.00696783
0.00268199
-0.00666392
0.00262155
-0.00607355
0.00258389
-0.00511678
0.00257828
-0.00378214
0.0026091
-0.00213697
0.00267399
-0.00030575
0.00276338
0.00155201
0.00286255
0.00330462
0.00295577
0.00485602
0.00303017
0.00618421
0.00307798
0.00725204
0.00309623
0.0080245
0.00308554
0.0083766
0.00304995
0.00818078
0.00299667
0.00729274
0.00293652
0.00566106
0.00288094
0.00339017
0.00284081
0.000690758
0.00282044
-0.00197992
0.00281635
-0.00437106
0.00281419
-0.00606305
0.00279969
-0.007263
0.00276648
-0.00777294
0.00272169
-0.00795252
0.00267901
-0.00744482
0.00264746
-0.0064122
0.00263681
-0.00475984
0.0026431
-0.00243481
0.00266958
-0.000176773
0.00270044
0.00277749
0.00273263
0.00461705
0.0027532
0.00718491
0.00275484
0.00780516
0.00274345
0.00880083
0.00270619
0.00795886
0.00266761
0.00612657
0.00262913
0.00455248
-0.000556257
0.00335828
0.00546276
0.00344846
0.00589739
0.00351967
0.00633963
0.00357182
0.0068293
0.00360204
0.00731063
0.00360519
0.00763838
0.00357661
0.00762575
0.00351546
0.00710535
0.00342633
0.00598352
0.00331877
0.00427887
0.00320568
0.00213307
0.00310167
-0.000215392
0.00301781
-0.00247565
0.00296008
-0.00439055
0.00292673
-0.00578875
0.0029088
-0.0066319
0.00289163
-0.0070114
0.00286052
-0.00709906
0.00280885
-0.00704664
0.00274153
-0.00690051
0.00267104
-0.00659343
0.00261156
-0.00601406
0.00257555
-0.00508077
0.00257214
-0.00377873
0.00260553
-0.00217036
0.00267313
-0.000373354
0.00276538
0.00145977
0.00286768
0.00320232
0.00296455
0.00475914
0.00304326
0.0061055
0.0030959
0.00719939
0.00311905
0.00800136
0.00311271
0.00838294
0.00308033
0.00821316
0.00302857
0.0073445
0.0029679
0.00572172
0.0029097
0.00344837
0.00286517
0.000735292
0.00283955
-0.0019543
0.00283057
-0.00436208
0.00282475
-0.00605723
0.00280775
-0.00724601
0.00277257
-0.00773775
0.00272605
-0.00790601
0.00268236
-0.00740112
0.00265073
-0.00638057
0.00264114
-0.00475025
0.00264877
-0.00244244
0.00267709
-0.000205094
0.00270976
0.00274483
0.00274415
0.00458265
0.00276717
0.00716189
0.00277061
0.00780172
0.00276093
0.00881051
0.00272397
0.00799582
0.00268528
0.00616526
0.00264633
0.00459143
-0.000515779
0.00335959
0.00534726
0.00345592
0.00580105
0.00353447
0.00626109
0.00359517
0.0067686
0.00363466
0.00727113
0.00364684
0.00762621
0.00362584
0.00764674
0.00356962
0.00716157
0.0034818
0.00607134
0.0033714
0.00438927
0.0032515
0.00225297
0.00313776
-0.000101651
0.00304268
-0.00238057
0.00297384
-0.0043217
0.00293071
-0.00574562
0.00290534
-0.00660654
0.00288368
-0.00698974
0.00285059
-0.00706597
0.00279835
-0.0069944
0.00273102
-0.00683317
0.0026609
-0.00652331
0.00260231
-0.00595548
0.00256778
-0.00504624
0.00256634
-0.0037773
0.00260201
-0.00220602
0.00267207
-0.000443413
0.00276697
0.00136487
0.00287231
0.00309698
0.00297285
0.0046586
0.00305597
0.00602238
0.00311361
0.00714176
0.00314188
0.00797309
0.00314017
0.00838464
0.00311132
0.00824202
0.00306139
0.00739443
0.00300048
0.00578263
0.00293983
0.00350901
0.002891
0.000784123
0.00286004
-0.00192334
0.00284598
-0.00434802
0.00283632
-0.00604757
0.00281675
-0.00722643
0.00277956
-0.00770057
0.00273128
-0.00785772
0.00268648
-0.00735632
0.00265463
-0.00634872
0.00264601
-0.00474163
0.00265497
-0.0024514
0.00268516
-0.000235288
0.00271974
0.00271026
0.00275642
0.00454597
0.00278202
0.0071363
0.00278737
0.00779636
0.00277954
0.00881834
0.00274306
0.0080323
0.00270435
0.00620397
0.00266505
0.00463073
-0.000474573
0.00335829
0.00522661
0.00346065
0.0056987
0.00354644
0.0061753
0.00361565
0.00669939
0.00366451
0.00722227
0.00368599
0.00760473
0.00367303
0.0076597
0.00362235
0.00721225
0.0035365
0.00615719
0.0034239
0.00450187
0.00329768
0.00237919
0.00317453
2.15003e-05
0.00306838
-0.00227443
0.00298845
-0.00424178
0.00293545
-0.00569261
0.00290247
-0.00657356
0.00287615
-0.00696341
0.00284107
-0.0070309
0.00278839
-0.00694172
0.00272115
-0.00676594
0.00265144
-0.0064536
0.0025937
-0.00589773
0.00256049
-0.00501302
0.00256076
-0.00377757
0.00259842
-0.00224368
0.00267067
-0.000515666
0.00276803
0.00126751
0.00287631
0.00298869
0.00298053
0.00455438
0.00306816
0.00593476
0.00313095
0.00707897
0.00316456
0.00793948
0.00316778
0.00838142
0.00314276
0.00826703
0.00309498
0.00744221
0.00303412
0.00584349
0.00297123
0.0035719
0.00291821
0.000837142
0.00288188
-0.00188701
0.00286256
-0.0043287
0.00284886
-0.00603388
0.00282661
-0.00720418
0.00278742
-0.00766138
0.00273733
-0.00780763
0.00269132
-0.00731031
0.00265912
-0.00631653
0.00265136
-0.00473387
0.00266163
-0.00246167
0.00269372
-0.000267382
0.00273032
0.00267366
0.00276938
0.0045069
0.00279769
0.00710799
0.00280509
0.00778896
0.00279925
0.00882419
0.00276347
0.00806808
0.00272485
0.00624258
0.0026853
0.00467028
-0.00043271
0.00335424
0.00510096
0.00346246
0.00559047
0.00355533
0.00608243
0.00363296
0.00662176
0.00369122
0.00716401
0.00372223
0.00757372
0.00371775
0.00766418
0.0036732
0.0072568
0.00359
0.00624039
0.00347587
0.004616
0.00334394
0.00251112
0.00321169
0.000153753
0.00309473
-0.00215747
0.00300379
-0.00415084
0.00294088
-0.0056297
0.00290015
-0.00653283
0.00286899
-0.00693225
0.00283188
-0.00699379
0.00277885
-0.00688868
0.00271184
-0.00669893
0.00264257
-0.00638433
0.0025856
-0.00584076
0.00255354
-0.00498097
0.00255529
-0.00377932
0.00259466
-0.00228305
0.00266881
-0.000589822
0.00276845
0.00116787
0.00287958
0.00287756
0.00298748
0.00444649
0.00307968
0.00584255
0.00314777
0.00701087
0.00318694
0.00790031
0.00319535
0.00837302
0.00317449
0.00828788
0.00312919
0.00748751
0.00306866
0.00590403
0.00300377
0.00363679
0.00294669
0.000894216
0.00290497
-0.00184529
0.00288024
-0.00430397
0.00286232
-0.00601596
0.00283729
-0.00717915
0.00279608
-0.00762016
0.00274415
-0.00775571
0.00269683
-0.00726299
0.00266416
-0.00628385
0.00265714
-0.00472686
0.00266869
-0.00247322
0.00270272
-0.000301408
0.00274144
0.00263494
0.00278297
0.00446538
0.00281414
0.00707682
0.00282372
0.00777938
0.00282004
0.00882787
0.00278517
0.00810295
0.00274678
0.00628097
0.00270709
0.00470997
-0.00039026
0.00334727
0.00497047
0.00346118
0.00547656
0.00356094
0.00598268
0.00364683
0.00653587
0.00371445
0.00709639
0.00375516
0.00753302
0.00375954
0.0076598
0.0037217
0.00729464
0.00364184
0.00632024
0.00352691
0.00473094
0.00338999
0.00264804
0.00324896
0.000294778
0.00312155
-0.00203006
0.00301973
-0.00404902
0.00294691
-0.00555688
0.00289831
-0.00648422
0.00286214
-0.00689608
0.00282293
-0.00695458
0.00276964
-0.00683539
0.00270297
-0.00663226
0.00263418
-0.00631554
0.00257791
-0.00578449
0.00254685
-0.0049499
0.00254982
-0.00378229
0.0025906
-0.00232383
0.00266641
-0.000665626
0.00276813
0.00106615
0.002882
0.00276369
0.00299355
0.00433494
0.0030904
0.0057457
0.00316393
0.00693735
0.00320886
0.00785538
0.00322272
0.00835916
0.00320633
0.00830427
0.00316383
0.00753002
0.00310392
0.00596393
0.00303728
0.00370344
0.00297632
0.000955178
0.00292925
-0.00179822
0.00289898
-0.0042737
0.00287665
-0.00599363
0.00284873
-0.00715123
0.00280548
-0.00757691
0.0027517
-0.00770194
0.00270299
-0.00721427
0.0026697
-0.00625056
0.0026633
-0.00472046
0.00267609
-0.00248601
0.00271207
-0.000337387
0.00275303
0.00259398
0.00279711
0.0044213
0.0028313
0.00704264
0.0028432
0.00776747
0.00284185
0.00882922
0.00280815
0.00813666
0.00277013
0.00631899
0.00273042
0.00474968
-0.000347295
0.00333729
0.00483535
0.00345667
0.00535718
0.00356307
0.00587627
0.003657
0.00644194
0.0037339
0.00701949
0.00378441
0.00748251
0.00379799
0.00764622
0.0037674
0.00732523
0.0036916
0.00639605
0.00357661
0.00484593
0.00343537
0.00278928
0.00328619
0.000443952
0.00314864
-0.0018925
0.00303612
-0.0039365
0.00295345
-0.00547421
0.00289688
-0.00642765
0.00285555
-0.00685474
0.00281415
-0.00691319
0.00276066
-0.0067819
0.00269445
-0.00656605
0.00262616
-0.00624725
0.00257052
-0.00572885
0.0025403
-0.00491968
0.00254426
-0.00378625
0.00258618
-0.00236575
0.00266336
-0.000742798
0.00276696
0.000962548
0.00288346
0.00264719
0.00299864
0.00421975
0.00310019
0.00564416
0.00317926
0.00685827
0.00323013
0.00780451
0.0032497
0.00833959
0.00323809
0.00831588
0.00319871
0.0075694
0.00313974
0.0060229
0.00307161
0.00377157
0.00300696
0.00101983
0.00295462
-0.00174588
0.00291871
-0.0042378
0.00289179
-0.00596671
0.00286087
-0.0071203
0.00281557
-0.00753162
0.00275993
-0.00764629
0.00270974
-0.00716408
0.00267569
-0.00621651
0.00266979
-0.00471456
0.00268379
-0.00250001
0.00272173
-0.000375328
0.00276504
0.00255067
0.00281175
0.00437459
0.0028491
0.00700529
0.00286349
0.00775308
0.00286466
0.00882805
0.00283238
0.00816894
0.00279491
0.00635646
0.0027553
0.00478929
-0.000303887
0.00332418
0.00469577
0.00344879
0.00523257
0.00356156
0.0057635
0.00366326
0.00634023
0.00374927
0.00693349
0.00380962
0.00742215
0.0038327
0.00762314
0.00380989
0.00734804
0.00373883
0.00646711
0.00362457
0.00496019
0.00347969
0.00293415
0.0033231
0.000600544
0.00317579
-0.00174519
0.00305281
-0.00381353
0.00296039
-0.00538178
0.00289581
-0.00636308
0.00284915
-0.00680808
0.00280545
-0.00686948
0.00275181
-0.00672826
0.00268617
-0.00650041
0.00261841
-0.00617949
0.00256332
-0.00567377
0.0025338
-0.00489016
0.00253853
-0.00379099
0.00258131
-0.00240853
0.0026596
-0.000821094
0.00276486
0.000857289
0.00288386
0.00252819
0.00300263
0.00410098
0.00310889
0.0055379
0.00319362
0.00677355
0.00325059
0.00774753
0.00327611
0.00831408
0.00326958
0.00832241
0.00323364
0.00760533
0.00317591
0.00608063
0.00310657
0.00384091
0.00303846
0.00108794
0.00298095
-0.00168838
0.00293935
-0.0041962
0.00290767
-0.00593503
0.00287363
-0.00708626
0.00282629
-0.00748428
0.00276877
-0.00758877
0.00271703
-0.00711234
0.00268211
-0.00618159
0.00267656
-0.00470901
0.00269172
-0.00251517
0.00273162
-0.00041523
0.00277738
0.00250491
0.00282681
0.00432517
0.00286748
0.00696461
0.00288453
0.00773603
0.00288841
0.00882417
0.00285783
0.00819952
0.0028211
0.00639319
0.00278173
0.00482865
-0.000260109
0.00330786
0.00343744
0.00510299
0.00355626
0.00564468
0.00366543
0.00623107
0.00376031
0.0068386
0.00383049
0.00735198
0.00386328
0.00759035
0.00384874
0.00736258
0.00378311
0.00653274
0.00367036
0.00507294
0.0035228
0.00308171
0.00335926
0.000764083
0.00320279
-0.00158872
0.00306964
-0.00368037
0.00296759
-0.00527974
0.00289501
-0.00629049
0.00284288
-0.00675596
0.00279674
-0.00682335
0.00274298
-0.00667449
0.00267802
-0.00643546
0.00261084
-0.0061123
0.00255622
-0.00561914
0.00252724
-0.00486118
0.00253256
-0.0037963
0.00257592
-0.00245189
0.00265506
-0.000900243
0.00276175
0.0007506
0.00288311
0.00240684
0.0030054
0.00397869
0.0031164
0.0054269
0.00320684
0.00668311
0.00327008
0.0076843
0.00330177
0.00828239
0.00330059
0.00832358
0.00326842
0.00763751
0.00321224
0.00613681
0.00314199
0.00391116
0.00307067
0.00115926
0.00300815
-0.00162585
0.00296083
-0.00414888
0.00292424
-0.00589844
0.00288695
-0.00704897
0.00283756
-0.00743489
0.00277818
-0.00752939
0.00272482
-0.00705898
0.00268889
-0.00614566
0.00268358
-0.0047037
0.00269983
-0.00253142
0.00274168
-0.000457078
0.00279
0.00245659
0.00284222
0.00427295
0.00288638
0.00692045
0.00290626
0.00771615
0.00291305
0.00881738
0.00288447
0.0082281
0.00284869
0.00642897
0.00280971
0.00486763
-0.000216035
0.00342256
0.0049687
0.00354709
0.00552015
0.00366334
0.00611482
0.00376682
0.00673512
0.00384672
0.00727208
0.00388941
0.00754766
0.00388357
0.00736841
0.00382404
0.00659226
0.00371364
0.00518335
0.00356405
0.0032313
0.00339463
0.000933502
0.00322942
-0.00142352
0.00308645
-0.0035374
0.00297495
-0.00516824
0.00289438
-0.00620992
0.00283668
-0.00669825
0.00278797
-0.00677463
0.00273406
-0.00662059
0.00266991
-0.00637131
0.00260336
-0.00604575
0.00254912
-0.00556491
0.00252055
-0.00483261
0.00252626
-0.003802
0.00256998
-0.00249561
0.00264969
-0.000979948
0.00275758
0.000642708
0.00288112
0.00228329
0.00300685
0.00385296
0.00312256
0.00531119
0.00321878
0.00658689
0.00328841
0.00761467
0.00332648
0.00824431
0.00333094
0.00831912
0.00330284
0.00766561
0.00324853
0.00619112
0.00317767
0.00398202
0.00310343
0.00123349
0.00303607
-0.00155848
0.00298304
-0.00409585
0.0029414
-0.00585681
0.00290075
-0.00700832
0.00284932
-0.00738346
0.0027881
-0.00746818
0.00273307
-0.00700395
0.00269602
-0.0061086
0.00269079
-0.00469847
0.00270809
-0.00254872
0.00275185
-0.00050084
0.00280282
0.00240561
0.0028579
0.00421787
0.00290572
0.00687264
0.00292861
0.00769326
0.00293853
0.00880746
0.00291225
0.00825438
0.00287766
0.00646357
0.00283922
0.00490607
-0.00017174
0.00340409
0.00482998
0.00353397
0.00539027
0.0036569
0.00599189
0.00376863
0.00662339
0.00385808
0.00718262
0.00391076
0.00749499
0.00391403
0.00736515
0.00386125
0.00664504
0.00375398
0.00529062
0.00360332
0.00338196
0.00342869
0.00110814
0.00325547
-0.0012503
0.00310305
-0.00338498
0.00298233
-0.00504753
0.00289385
-0.00612144
0.00283048
-0.00663488
0.00277904
-0.00672319
0.00272497
-0.00656652
0.00266173
-0.00630807
0.00259588
-0.00597989
0.00254195
-0.00551098
0.00251363
-0.0048043
0.00251957
-0.00380795
0.00256344
-0.00253948
0.00264346
-0.00105997
0.00275229
0.00053388
0.00287783
0.00215775
0.00300689
0.00372391
0.00312727
0.0051908
0.0032293
0.00648487
0.00330542
0.00753855
0.00335006
0.00819966
0.00336042
0.00830877
0.00333669
0.00768934
0.00328456
0.00624324
0.00321343
0.00405316
0.00313655
0.00131037
0.00306457
-0.0014865
0.00300589
-0.00403716
0.0029591
-0.00581002
0.00291497
-0.00696419
0.00286149
-0.00732998
0.00279847
-0.00740515
0.00274174
-0.00694721
0.00270343
-0.0060703
0.00269815
-0.00469319
0.00271642
-0.002567
0.00276207
-0.000546486
0.00281578
0.0023519
0.0028738
0.00415985
0.00292542
0.00682101
0.00295153
0.00766715
0.00296478
0.0087942
0.00294113
0.00827803
0.00290798
0.00649673
0.00287025
0.0049438
-0.000127304
0.003382
0.00468712
0.00351685
0.00525543
0.00364602
0.00586272
0.0037656
0.00650381
0.00386437
0.00708384
0.00392708
0.00743228
0.00393979
0.00735244
0.00389437
0.00669046
0.00379106
0.00539394
0.0036402
0.00353282
0.00346132
0.00128702
0.00328071
-0.0010697
0.00311929
-0.00322356
0.0029896
-0.00491783
0.0028933
-0.00602515
0.00282421
-0.00656579
0.00276989
-0.00666888
0.00271561
-0.00651224
0.00265338
-0.00624584
0.00258831
-0.00591482
0.00253463
-0.0054573
0.0025064
-0.00477607
0.00251243
-0.00381397
0.00255626
-0.00258331
0.00263634
-0.00114005
0.00274586
0.000424364
0.00287319
0.00203042
0.00300543
0.00359167
0.00313042
0.00506581
0.00323825
0.00637704
0.00332094
0.00745586
0.00337233
0.00814827
0.00338883
0.00829227
0.00336976
0.00770841
0.00332014
0.00629286
0.00324905
0.00412425
0.00316988
0.00138954
0.00309353
-0.00141015
0.00302927
-0.00397291
0.00297725
-0.005758
0.00292952
-0.00691646
0.002874
-0.00727445
0.00280923
-0.00734038
0.00275076
-0.00688875
0.0027111
-0.00603063
0.00270563
-0.00468773
0.0027248
-0.00258617
0.00277229
-0.000593967
0.00282881
0.00229538
0.00288983
0.00409884
0.00294542
0.00676542
0.00297493
0.00763763
0.00299175
0.00877739
0.00297105
0.00829872
0.00293961
0.00652817
0.00290277
0.00498063
-8.28096e-05
0.0033563
0.00454041
0.00349572
0.00511601
0.00363067
0.00572777
0.00375764
0.00637684
0.00386544
0.00697604
0.00393814
0.00735959
0.00396057
0.00733
0.00392309
0.00672794
0.00382452
0.00549251
0.00367437
0.00368298
0.00349221
0.00146918
0.00330495
-0.000882439
0.00313501
-0.00305362
0.00299661
-0.00477944
0.00289265
-0.00592119
0.00281781
-0.00649095
0.00276047
-0.00661154
0.00270589
-0.00645765
0.00264475
-0.00618471
0.00258059
-0.00585066
0.00252711
-0.00540382
0.0024988
-0.00474776
0.00250475
-0.00381992
0.00254841
-0.00262697
0.00262834
-0.00121998
0.00273827
0.00031443
0.00286715
0.00190154
0.0030024
0.00345642
0.00313189
0.00493632
0.00324551
0.00626342
0.00333483
0.00736653
0.00339311
0.00808999
0.00341597
0.00826941
0.00340185
0.00772253
0.00335505
0.00633965
0.00328435
0.00419494
0.00320324
0.00147066
0.00312277
-0.00132968
0.00305308
-0.00390322
0.00299577
-0.0057007
0.00294434
-0.00686502
0.00288677
-0.00721689
0.00282031
-0.00727392
0.00276012
-0.00682856
0.00271898
-0.00598949
0.00271319
-0.00468193
0.00273319
-0.00260617
0.00278244
-0.00064322
0.00284185
0.00223598
0.00290591
0.00403477
0.00296563
0.00670571
0.00299876
0.0076045
0.00301935
0.0087568
0.00300194
0.00831613
0.00297251
0.0065576
0.00293676
0.00501639
-3.83427e-05
0.00332702
0.00439016
0.00347062
0.0049724
0.00361085
0.00558755
0.00374473
0.00624296
0.00386119
0.00685958
0.00394376
0.00727702
0.00397614
0.00729762
0.00394712
0.00675695
0.00385407
0.00558556
0.0037056
0.00383145
0.00352113
0.00165364
0.003328
-0.000689303
0.00315003
-0.00287565
0.00300325
-0.00463265
0.0028918
-0.00580973
0.00281123
-0.00641038
0.00275074
-0.00655105
0.00269574
-0.00640265
0.00263577
-0.00612474
0.00257264
-0.00578754
0.00251934
-0.00535052
0.00249078
-0.0047192
0.00249648
-0.00382561
0.00253984
-0.00267033
0.00261947
-0.0012996
0.00272957
0.000204328
0.00285972
0.00177139
0.00299775
0.00331838
0.00313162
0.00480245
0.00325095
0.00614409
0.00334694
0.00727054
0.00341223
0.0080247
0.00344166
0.00823998
0.00343276
0.00773143
0.0033891
0.00638331
0.00331917
0.00426487
0.00323644
0.0015534
0.00315216
-0.00124541
0.00307718
-0.00382824
0.00301457
-0.00563809
0.00295933
-0.00680978
0.00289973
-0.00715729
0.00283166
-0.00720585
0.00276976
-0.00676665
0.00272704
-0.00594678
0.00272078
-0.00467567
0.00274154
-0.00262693
0.00279249
-0.000694172
0.00285483
0.00217364
0.002922
0.0039676
0.00298598
0.00664172
0.00302293
0.00756755
0.00304751
0.00873222
0.00303374
0.0083299
0.00300663
0.00658471
0.00297217
0.00505084
6.00428e-06
0.00329422
0.0042367
0.00344159
0.00482503
0.0035866
0.00544254
0.00372685
0.00610271
0.00385154
0.00673489
0.00394382
0.00718474
0.00398629
0.00725516
0.00396622
0.00677702
0.00387943
0.00567234
0.00373363
0.00397726
0.00354787
0.00183939
0.00334966
-0.000491086
0.00316419
-0.00269018
0.00300935
-0.00447781
0.0028906
-0.00569099
0.00280435
-0.00632413
0.00274059
-0.00648729
0.00268507
-0.00634712
0.0026263
-0.00606597
0.00256436
-0.0057256
0.00251127
-0.00529743
0.00248228
-0.00469021
0.00248754
-0.00383088
0.00253052
-0.00271331
0.00260973
-0.00137881
0.00271978
9.42706e-05
0.00285092
0.00164026
0.00299148
0.00317782
0.00312952
0.00466441
0.00325447
0.00601914
0.00335712
0.0071679
0.00342952
0.0079523
0.0034657
0.0082038
0.00346228
0.00773486
0.0034221
0.00642349
0.0033533
0.00433368
0.00326933
0.00163736
0.00318154
-0.00115761
0.00310146
-0.00374816
0.00303356
-0.00557019
0.00297443
-0.00675065
0.00291278
-0.00709564
0.0028432
-0.00713626
0.00277963
-0.00670308
0.00273524
-0.00590239
0.00272836
-0.0046688
0.00274982
-0.00264839
0.00280239
-0.000746743
0.00286771
0.00210833
0.002938
0.00389731
0.0030064
0.00657332
0.00304737
0.00752659
0.00307615
0.00870344
0.00306636
0.00833969
0.0030419
0.00660916
0.00300896
0.00508379
5.01337e-05
0.00325804
0.00408037
0.00340876
0.00467431
0.00355802
0.00529328
0.00370407
0.00595666
0.00383651
0.00660245
0.00393824
0.00708301
0.00399088
0.00720252
0.00398015
0.00678775
0.0039004
0.00575209
0.0037583
0.00411936
0.00357232
0.00202537
0.00336977
-0.000288539
0.00317732
-0.00249773
0.00301471
-0.00431521
0.00288885
-0.00556513
0.00279696
-0.00623224
0.00272985
-0.00642018
0.00267368
-0.00629095
0.00261615
-0.00600845
0.00255558
-0.00566502
0.00250278
-0.00524463
0.00247322
-0.00466066
0.00247783
-0.00383548
0.00252033
-0.00275581
0.0025991
-0.00145759
0.00270899
-1.56152e-05
0.00284084
0.00150841
0.00298362
0.00303504
0.00312558
0.00452245
0.00325601
0.00588871
0.00336526
0.00705865
0.00344483
0.00787273
0.00348793
0.0081607
0.00349024
0.00773255
0.00345388
0.00645984
0.00338662
0.00440094
0.00330177
0.00172221
0.00321075
-0.0010666
0.00312578
-0.00366319
0.00305263
-0.00549703
0.00298954
-0.00668757
0.00292584
-0.00703194
0.00285485
-0.00706527
0.00278968
-0.00663792
0.00274353
-0.00585623
0.0027359
-0.00466117
0.00275799
-0.00267048
0.00281211
-0.000800867
0.00288043
0.00204001
0.00295388
0.00382386
0.0030268
0.0065004
0.00307199
0.0074814
0.0031052
0.00867023
0.00309972
0.00834518
0.00307826
0.00663062
0.00304706
0.00511498
9.39422e-05
0.00321876
0.00392163
0.00337235
0.00452073
0.00352528
0.00514034
0.00367651
0.00580543
0.00381614
0.00646281
0.00392701
0.00697215
0.00398982
0.0071397
0.00398883
0.00678874
0.00391696
0.00582396
0.00377978
0.00425655
0.00359479
0.00221036
0.0033885
-8.22446e-05
0.0031895
-0.00229873
0.00301932
-0.00414503
0.00288645
-0.00543227
0.00278899
-0.00613477
0.00271844
-0.00634963
0.00266149
-0.00623401
0.00260523
-0.00595219
0.0025462
-0.00560599
0.00249382
-0.00519225
0.00246358
-0.00463041
0.00246726
-0.00383917
0.00250913
-0.00279767
0.0025875
-0.00153596
0.00269721
-0.000125327
0.00282957
0.00137605
0.00297427
0.00289034
0.00311986
0.00437686
0.00325553
0.00575305
0.00337128
0.00694289
0.00345806
0.00778596
0.0035082
0.00811055
0.00351651
0.00772424
0.00348437
0.00649198
0.00341906
0.00446625
0.00333366
0.00180761
0.00323968
-0.000972615
0.00315002
-0.00357353
0.00307168
-0.00541869
0.00300458
-0.00662047
0.00293883
-0.00696618
0.00286653
-0.00699297
0.00279988
-0.00657127
0.00275189
-0.00580825
0.00274335
-0.00465262
0.002766
-0.00269314
0.00282162
-0.000856487
0.00289298
0.00196865
0.00296957
0.00374727
0.00304712
0.00642285
0.00309672
0.0074318
0.00313456
0.00863239
0.00313373
0.00834601
0.00311561
0.00664874
0.00308641
0.00514418
0.000137317
0.00317704
0.003761
0.0033329
0.00436487
0.00348883
0.00498441
0.00364449
0.00564977
0.00379066
0.00631664
0.00391027
0.00685255
0.00398325
0.00706672
0.00399245
0.00677953
0.00392951
0.0058869
0.00379854
0.00438753
0.00361566
0.00239324
0.00340624
0.000127173
0.00320078
-0.00209327
0.00302344
-0.00396768
0.00288399
-0.00529282
0.00278117
-0.00603196
0.00270715
-0.0062756
0.00264923
-0.00617608
0.00259409
-0.00589705
0.00253666
-0.00554856
0.0024848
-0.00514038
0.00245375
-0.00459937
0.0024562
-0.00384161
0.00249715
-0.00283863
0.00257499
-0.00161379
0.00268453
-0.000234869
0.0028174
0.00124317
0.00296376
0.00274398
0.0031126
0.00422802
0.00325319
0.00561246
0.00337526
0.00682082
0.0034692
0.00769202
0.00352652
0.00805323
0.00354111
0.00770965
0.0035136
0.00651949
0.0034506
0.00452925
0.0033649
0.00189331
0.00326817
-0.00087588
0.00317406
-0.00347942
0.00309068
-0.00533532
0.00301958
-0.00654936
0.00295177
-0.00689837
0.00287827
-0.00691947
0.00281023
-0.00650323
0.00276036
-0.00575838
0.00275072
-0.00464298
0.00277384
-0.00271625
0.00283089
-0.000913539
0.00290535
0.00189419
0.00298509
0.00366753
0.00306734
0.00634059
0.00312152
0.00737762
0.00316416
0.00858975
0.00316831
0.00834186
0.00315387
0.00666318
0.00312692
0.00517112
0.000180136
0.0031354
0.00329267
0.0042076
0.00345062
0.00482646
0.00360959
0.0054908
0.00376118
0.00616504
0.00388876
0.00672497
0.00397172
0.00698376
0.00399149
0.00675976
0.00393803
0.00594035
0.00381325
0.00451231
0.0036311
0.00257538
0.00342048
0.000337799
0.00320979
-0.00188259
0.0030271
-0.00378498
0.00288246
-0.00514818
0.00277505
-0.00592455
0.00269765
-0.0061982
0.00263844
-0.00611687
0.00258408
-0.00584269
0.00252813
-0.00549261
0.0024768
-0.00508905
0.00244487
-0.00456744
0.00244576
-0.00384251
0.00248548
-0.00287834
0.00256297
-0.00169129
0.00267194
-0.000343839
0.00280557
0.00110955
0.0029534
0.00259616
0.0031051
0.00407632
0.0032501
0.00546745
0.00337805
0.00669288
0.00347889
0.00759118
0.00354333
0.00798879
0.00356435
0.00768863
0.00354162
0.00654221
0.00348085
0.00459002
0.00339489
0.00197927
0.0032957
-0.000776695
0.00319769
-0.00338141
0.00310973
-0.00524736
0.00303471
-0.00647434
0.00296496
-0.00682863
0.00289021
-0.00684472
0.00282105
-0.00643407
0.00276904
-0.00570637
0.00275831
-0.00463225
0.00278156
-0.00273951
0.00284012
-0.000972099
0.00291763
0.00181668
0.00300056
0.0035846
0.00308753
0.00625363
0.00314638
0.00731876
0.00319404
0.0085421
0.00320338
0.00833251
0.00319299
0.00667357
0.00316867
0.00519545
0.000222445
0.00408786
0.00406756
0.00422942
0.0046849
0.00437384
0.00534638
0.00452167
0.00601721
0.00467094
0.0065757
0.00481491
0.00683979
0.00494193
0.00663275
0.00503947
0.00584281
0.00509643
0.00445536
0.00510704
0.00256477
0.00506668
0.000378155
0.0049992
-0.0018151
0.00490269
-0.00368848
0.00478521
-0.0050307
0.00465406
-0.0057934
0.00451805
-0.0060622
0.00438208
-0.0059809
0.00424421
-0.00570483
0.00410181
-0.00535021
0.00396007
-0.00494731
0.00383313
-0.0044405
0.00373694
-0.00374632
0.00368243
-0.00282383
0.00367324
-0.0016821
0.00370858
-0.000379179
0.00378039
0.00103773
0.00388073
0.00249582
0.00399872
0.00395832
0.00412443
0.00534174
0.00424975
0.00656756
0.0043679
0.00747303
0.00447259
0.00788411
0.00455701
0.00760421
0.00461698
0.00648225
0.00464743
0.00455957
0.0046465
0.00198021
0.00461111
-0.000741306
0.00454465
-0.00331496
0.00445388
-0.00515658
0.00434736
-0.00636783
0.0042285
-0.00670976
0.00409116
-0.00670738
0.003955
-0.00629792
0.00383285
-0.00558421
0.00376098
-0.00456038
0.00373269
-0.00271123
0.00375612
-0.00099552
0.00381362
0.00175918
0.00389045
0.00350777
0.00398654
0.00615754
0.00405967
0.00724564
0.00412926
0.0084725
0.00415686
0.00830491
0.00415767
0.00667276
0.00413505
0.00521806
0.000285791
0.00425428
0.00392161
0.00440347
0.00453571
0.0045576
0.00519226
0.00471757
0.00585724
0.00488107
0.0064122
0.00503995
0.00668091
0.00518113
0.00649156
0.00529008
0.00573386
0.00535278
0.00439266
0.00536287
0.00255468
0.00532691
0.000414118
0.0052521
-0.00174029
0.00514694
-0.00358332
0.00501794
-0.00490171
0.00487425
-0.00564971
0.00472613
-0.00591407
0.00457994
-0.00583471
0.00443461
-0.0055595
0.00428688
-0.00520248
0.00414032
-0.00480074
0.00400805
-0.00430823
0.00390635
-0.00364462
0.00384742
-0.0027649
0.00383613
-0.0016708
0.00387063
-0.000413687
0.00394536
0.000963008
0.00405069
0.00239049
0.00417618
0.00383283
0.00431178
0.00520615
0.0044492
0.00643013
0.00458081
0.00734142
0.00469928
0.00776564
0.00479605
0.00750744
0.0048654
0.00641289
0.00490038
0.00452459
0.00490035
0.00198023
0.00486088
-0.000701837
0.00478548
-0.00323955
0.00468204
-0.00505314
0.00456199
-0.00624777
0.00443187
-0.00657965
0.00428464
-0.00656015
0.00413982
-0.00615309
0.00400817
-0.00545256
0.00393005
-0.00448225
0.00389835
-0.00267953
0.00392331
-0.00102049
0.00398583
0.00169666
0.00406961
0.00342399
0.00417572
0.00605142
0.00425813
0.00716323
0.00433843
0.00839221
0.00437482
0.00826852
0.0043825
0.00666509
0.00436307
0.00523748
0.000352165
0.00442694
0.00376965
0.00458377
0.00437888
0.00474758
0.00502844
0.00491972
0.00568511
0.00509746
0.00623445
0.00527148
0.00650689
0.00542733
0.00633571
0.00554795
0.00561324
0.00561797
0.00432264
0.00563218
0.00254047
0.00559606
0.000450245
0.00551621
-0.00166045
0.00540144
-0.00346855
0.0052603
-0.00476057
0.00510362
-0.00549303
0.00494291
-0.00575336
0.00478588
-0.00567768
0.0046325
-0.00540612
0.00447916
-0.00504914
0.0043279
-0.00464948
0.00419066
-0.00417099
0.00408379
-0.00353775
0.00402047
-0.00270157
0.00400646
-0.0016568
0.00404068
-0.00044791
0.00411775
0.000885938
0.00422818
0.00228006
0.00436151
0.00369951
0.0045076
0.00506006
0.00465791
0.00627982
0.0048039
0.00719543
0.00493715
0.0076324
0.00504735
0.00739724
0.00512689
0.00633335
0.0051677
0.00448378
0.00516899
0.00197894
0.00512533
-0.000658167
0.00503994
-0.00315417
0.00492259
-0.00493579
0.0047877
-0.00611288
0.00464529
-0.00643724
0.00448765
-0.00640251
0.00433387
-0.00599932
0.0041926
-0.0053113
0.0041076
-0.00439725
0.00407234
-0.00264427
0.00409847
-0.00104661
0.00416659
0.00162854
0.0042577
0.00333288
0.00437478
0.00593433
0.0044677
0.00707032
0.00455954
0.00830037
0.00460644
0.00822162
0.00462215
0.00664938
0.00460682
0.00525282
0.000421137
0.00460575
0.00361172
0.00477012
0.00421451
0.00494355
0.00485501
0.00512778
0.00550088
0.00531966
0.00604257
0.00550899
0.00631756
0.00567988
0.00616481
0.00581292
0.0054802
0.00589173
0.00424383
0.0059108
0.0025214
0.00587454
0.000486499
0.00578962
-0.00157553
0.00566516
-0.00334409
0.00551188
-0.00460729
0.00534219
-0.00532334
0.00516879
-0.00557996
0.0050007
-0.00550959
0.004839
-0.00524442
0.00467996
-0.00489009
0.00452413
-0.00449365
0.00438208
-0.00402894
0.00426999
-0.00342567
0.00420198
-0.00263357
0.00418492
-0.00163973
0.00421862
-0.000481608
0.00429778
0.000806774
0.00441332
0.00216452
0.00455478
0.00471197
0.00487597
0.0050373
0.00518644
0.00531107
0.00540183
0.00544941
0.00545226
0.00540398
0.00530783
0.00517563
0.00502485
0.00486929
0.00470078
0.00453792
0.00438673
0.00429424
0.00425493
0.00428191
0.00435604
0.00445503
0.00458409
0.00468877
0.00479344
0.00485228
0.00487751
0.00486741
0.00479042
0.00496213
0.00514501
0.00534112
0.00554699
0.00575182
0.0059381
0.00608408
0.00617224
0.00619679
0.00616101
0.00607126
0.00593748
0.00577228
0.00558974
0.00540373
0.00522453
0.00505441
0.00488972
0.00472957
0.00458293
0.00446559
0.00439256
0.00437196
0.00440456
0.00448552
0.00265468
0.00262839
0.0025953
0.00256099
0.00253478
)
;

boundaryField
{
    inlet
    {
        type            calculated;
        value           nonuniform 0();
    }
    outlet
    {
        type            calculated;
        value           nonuniform List<scalar> 
35
(
0.0040717
0.0042967
0.00453785
0.00479606
0.00250891
0.00250905
0.00251056
0.00251345
0.00251776
0.00252351
0.00253072
0.00253942
0.00254962
0.00256135
0.00257462
0.00258945
0.00260585
0.00262385
0.00264344
0.00266464
0.00268745
0.00271189
0.00273795
0.00276563
0.00279492
0.00282581
0.00285828
0.00289229
0.00292783
0.00296483
0.00300326
0.00304304
0.0030841
0.00312636
0.00251011
)
;
    }
    cylinder
    {
        type            calculated;
        value           nonuniform 0();
    }
    top
    {
        type            symmetryPlane;
        value           nonuniform 0();
    }
    bottom
    {
        type            symmetryPlane;
        value           nonuniform 0();
    }
    defaultFaces
    {
        type            empty;
        value           nonuniform 0();
    }
    procBoundary11to7
    {
        type            processor;
        value           nonuniform List<scalar> 
59
(
-0.00645946
-0.00659361
-0.00672237
-0.00689954
-0.00707918
-0.00712036
-0.00684846
-0.00612931
-0.00491372
-0.00325057
-0.0012816
0.000783787
0.00271706
0.00433188
0.0055374
0.00636188
0.00691818
0.00732197
0.00760886
0.00771353
0.00750795
0.00686555
0.00571138
0.00405502
0.00201167
-0.000215714
-0.00237312
-0.00425363
-0.00573354
-0.00682335
-0.00755967
-0.00798671
-0.00803739
-0.00762462
-0.00663215
-0.00503483
-0.00293055
-0.00049325
0.0019183
0.0041568
0.00589162
0.00728876
0.00804345
0.00838779
0.00791684
0.00681444
0.00497814
0.00244993
-3.17285e-05
-0.00305622
-0.00488127
-0.00729958
-0.00267046
-0.00770934
-0.00855054
-0.00749325
-0.0056507
-0.00412053
0.000984207
)
;
    }
    procBoundary11to10
    {
        type            processor;
        value           nonuniform List<scalar> 
36
(
-0.00316454
-0.00317689
-0.00318881
-0.00320016
-0.00321078
-0.0032205
-0.00322913
-0.00323651
-0.00324244
-0.00324674
-0.00324923
-0.00324973
-0.00324807
-0.00324409
-0.00323764
-0.00322858
-0.00321679
-0.00320216
-0.0031846
-0.00316404
0.00455196
-0.00328827
-0.00326537
-0.00323914
-0.0032096
-0.00317677
-0.00314075
-0.00310172
-0.00306002
-0.00301641
-0.00297372
0.00359932
-0.00394782
-0.00410833
-0.00427498
-0.00444782
)
;
    }
    procBoundary11to14
    {
        type            processor;
        value           uniform -0.00462671;
    }
    procBoundary11to15
    {
        type            processor;
        value           nonuniform List<scalar> 
57
(
0.00355805
0.00490287
0.00611581
0.00703411
0.00748326
0.0072726
0.00624259
0.0044362
0.0019761
-0.000609893
-0.00305802
-0.00480359
-0.00596211
-0.00628168
-0.006234
-0.00583646
-0.0051601
-0.00430476
-0.00260495
-0.00107359
0.0015544
0.00323389
0.00580527
0.00696564
0.00819569
0.00816279
0.00662415
0.00526291
0.000492486
0.00344802
0.00404279
0.00467212
0.00530478
0.0058367
0.00611273
0.00597853
0.00533423
0.00415567
0.00249685
0.00052228
-0.00148578
-0.00321031
-0.00444209
-0.0051408
-0.00539395
-0.00533039
-0.00507431
-0.0047254
-0.0043335
-0.0038823
-0.00330832
-0.00256054
-0.00161913
-0.000514216
0.000725818
0.00460608
0.00204396
)
;
    }
}


// ************************************************************************* //
