/*--------------------------------*- C++ -*----------------------------------*\
  =========                 |
  \\      /  F ield         | OpenFOAM: The Open Source CFD Toolbox
   \\    /   O peration     | Website:  https://openfoam.org
    \\  /    A nd           | Version:  7
     \\/     M anipulation  |
\*---------------------------------------------------------------------------*/
FoamFile
{
    version     2.0;
    format      ascii;
    class       volVectorField;
    location    "130";
    object      U;
}
// * * * * * * * * * * * * * * * * * * * * * * * * * * * * * * * * * * * * * //

dimensions      [0 1 -1 0 0 0 0];

internalField   nonuniform List<vector> 
1987
(
(-0.0011626 0.0461117 -1.43288e-20)
(-0.00522638 0.110391 9.87004e-21)
(-0.0127995 0.153367 -3.20085e-21)
(-0.0227693 0.1789 1.42643e-20)
(-0.0346718 0.190882 1.59261e-20)
(-0.0480492 0.192971 -5.21655e-21)
(-0.0624563 0.188295 -3.75913e-21)
(-0.0775206 0.179242 2.68397e-20)
(-0.0929358 0.16738 -3.03672e-21)
(-0.108449 0.153485 4.46492e-21)
(-0.123847 0.137687 1.54423e-20)
(-0.138936 0.11966 1.52963e-20)
(-0.153525 0.0988159 -9.7118e-21)
(-0.167413 0.0744596 -1.22987e-20)
(-0.180375 0.045897 -4.83257e-22)
(-0.192155 0.0125071 -1.59917e-20)
(-0.202457 -0.0262004 1.26103e-20)
(-0.210953 -0.0705083 2.12944e-20)
(-0.217296 -0.120419 -8.05739e-21)
(-0.221132 -0.175552 3.61647e-20)
(-0.222139 -0.235051 2.26717e-21)
(-0.220064 -0.297507 -2.78088e-21)
(-0.214804 -0.360914 5.84752e-21)
(-0.206607 -0.422759 1.17526e-20)
(-0.195211 -0.480516 7.16714e-21)
(-0.00227411 0.0471633 1.47711e-20)
(-0.00751866 0.113352 8.39433e-21)
(-0.0152897 0.158028 -8.82604e-21)
(-0.0248757 0.184996 -3.32489e-20)
(-0.0360116 0.198113 2.4909e-20)
(-0.048377 0.201044 -1.22181e-20)
(-0.0616167 0.196943 7.12125e-22)
(-0.0754041 0.18824 -2.06076e-20)
(-0.089447 0.176544 4.45019e-21)
(-0.103488 0.162669 3.02606e-21)
(-0.117297 0.146769 -6.60403e-20)
(-0.130664 0.128532 -9.65505e-22)
(-0.143384 0.107375 7.56625e-20)
(-0.155248 0.0825958 -3.88627e-20)
(-0.166032 0.0534858 -7.45691e-21)
(-0.175488 0.0194059 1.59544e-20)
(-0.183341 -0.0201512 -3.4394e-20)
(-0.189304 -0.0654841 -1.20426e-21)
(-0.19308 -0.116602 3.45671e-20)
(-0.194394 -0.173117 -1.26353e-19)
(-0.193015 -0.234146 -3.94962e-20)
(-0.188804 -0.298221 5.84846e-20)
(-0.181805 -0.363252 2.89101e-20)
(-0.172568 -0.426526 4.90086e-21)
(-0.160369 -0.485368 -1.0409e-20)
(-0.00341601 0.0479375 -3.16085e-20)
(-0.00987506 0.11572 -6.16581e-22)
(-0.0178234 0.16195 -4.29081e-20)
(-0.0269622 0.190314 6.34297e-20)
(-0.0372284 0.20459 -7.15647e-20)
(-0.0484424 0.208409 -7.2406e-21)
(-0.0603417 0.204933 -6.61929e-21)
(-0.0726482 0.196619 1.24694e-20)
(-0.085085 0.185116 4.04813e-20)
(-0.0973878 0.171275 -6.76476e-21)
(-0.109311 0.155283 -1.33288e-20)
(-0.120624 0.13685 4.53839e-20)
(-0.131107 0.115401 -7.058e-21)
(-0.14054 0.0902339 4.39502e-20)
(-0.148694 0.0606311 -9.30325e-20)
(-0.155332 0.0259403 -3.92079e-20)
(-0.160201 -0.0143586 5.74308e-21)
(-0.163046 -0.0605749 -1.30195e-19)
(-0.163628 -0.112721 3.63512e-20)
(-0.161735 -0.1704 7.84435e-20)
(-0.157225 -0.2327 -5.24632e-20)
(-0.150065 -0.298093 -1.19786e-19)
(-0.140396 -0.36441 -5.7816e-20)
(-0.129131 -0.42869 -1.06272e-19)
(-0.11471 -0.488191 -5.50281e-20)
(-0.0045693 0.0484174 1.45174e-20)
(-0.0122604 0.117448 -2.45519e-20)
(-0.0203663 0.165064 7.78474e-20)
(-0.0290034 0.194769 -6.219e-20)
(-0.0383087 0.210214 -1.68349e-20)
(-0.0482445 0.214963 -4.92882e-21)
(-0.0586445 0.212158 5.16746e-20)
(-0.0692807 0.204273 3.77066e-20)
(-0.0798932 0.192989 -6.53353e-20)
(-0.090213 0.179198 2.8096e-20)
(-0.099977 0.163124 5.54018e-22)
(-0.108935 0.144507 -1.28558e-19)
(-0.116847 0.122786 -4.1894e-20)
(-0.123482 0.0972651 3.43828e-21)
(-0.12861 0.0672244 2.87008e-20)
(-0.132 0.0320038 1.36616e-19)
(-0.133419 -0.00892456 1.65179e-20)
(-0.132651 -0.0558793 1.32335e-19)
(-0.129503 -0.108871 1.38941e-19)
(-0.123829 -0.167495 -1.73224e-20)
(-0.115561 -0.230813 5.84855e-20)
(-0.104771 -0.297238 -2.59005e-20)
(-0.091635 -0.364531 7.50401e-20)
(-0.0775756 -0.429446 2.38222e-19)
(-0.0596603 -0.489279 3.3223e-20)
(-0.00571411 0.0485916 2.56531e-20)
(-0.0146377 0.118501 -9.32403e-20)
(-0.0228834 0.167313 1.20201e-19)
(-0.0309745 0.198285 4.42235e-20)
(-0.0392421 0.214898 3.41038e-20)
(-0.0477893 0.22061 3.64445e-20)
(-0.0565476 0.218521 -1.97096e-19)
(-0.0653421 0.211102 7.47264e-20)
(-0.0739327 0.200064 7.78165e-20)
(-0.0820472 0.186339 -1.15722e-19)
(-0.0894065 0.170195 1.21175e-19)
(-0.0957396 0.151403 6.65435e-20)
(-0.100789 0.129431 8.6068e-20)
(-0.104312 0.103591 -6.01888e-20)
(-0.106073 0.0731684 -1.41373e-20)
(-0.10585 0.0374999 2.99231e-19)
(-0.103434 -0.00394556 -1.29115e-19)
(-0.0986413 -0.0514889 1.04625e-19)
(-0.0913264 -0.105143 -2.48879e-19)
(-0.0814015 -0.164496 -1.04256e-19)
(-0.0688635 -0.228587 9.48295e-20)
(-0.0538934 -0.29577 1.66051e-19)
(-0.0366204 -0.363758 2.92593e-20)
(-0.0192532 -0.429027 -2.0359e-19)
(0.00326215 -0.488828 -1.38142e-19)
(-0.00683033 0.0484543 -1.02785e-19)
(-0.0169694 0.118855 -3.386e-20)
(-0.0253392 0.168651 -7.11021e-20)
(-0.0328521 0.200798 -6.89109e-20)
(-0.0400219 0.218562 4.96384e-20)
(-0.0470887 0.225263 -9.00041e-20)
(-0.0540825 0.223928 -5.98255e-20)
(-0.0608847 0.217014 -2.92137e-19)
(-0.0672784 0.206249 1.3229e-20)
(-0.0729915 0.192608 -3.9088e-21)
(-0.0777312 0.176404 -2.33357e-19)
(-0.0812074 0.157452 -8.2886e-20)
(-0.0831454 0.135248 -1.00827e-19)
(-0.0832894 0.109125 2.00951e-19)
(-0.0814037 0.0783761 5.9393e-20)
(-0.077274 0.0423425 -1.61255e-19)
(-0.0707107 0.000491827 -1.90775e-19)
(-0.0615662 -0.0474891 5.75557e-20)
(-0.0497371 -0.101625 2.12401e-19)
(-0.0351867 -0.161497 -4.94515e-20)
(-0.0179628 -0.226128 -2.81727e-20)
(0.00161986 -0.293813 -1.27024e-19)
(0.023585 -0.36223 -1.58981e-19)
(0.0446106 -0.427748 1.23889e-19)
(0.0725447 -0.486677 7.7632e-20)
(-0.00789782 0.0480072 5.2515e-20)
(-0.0192176 0.118499 6.18095e-20)
(-0.027699 0.169047 -4.93255e-20)
(-0.0346143 0.202257 -1.02111e-19)
(-0.0406443 0.22114 1.58503e-20)
(-0.0461598 0.228843 1.19704e-19)
(-0.0512884 0.228296 1.72524e-19)
(-0.0559708 0.221921 2.39134e-19)
(-0.0600176 0.211458 4.27202e-20)
(-0.0631612 0.197921 5.47401e-20)
(-0.0650985 0.181672 6.76842e-20)
(-0.0655232 0.162574 2.70233e-19)
(-0.0641444 0.140159 -1.60348e-20)
(-0.0606964 0.113788 -3.63449e-19)
(-0.054942 0.0827694 2.68234e-19)
(-0.0466759 0.046453 1.10547e-19)
(-0.0357237 0.0043103 3.49552e-19)
(-0.0219736 -0.0439635 -1.4185e-19)
(-0.00535971 -0.098409 -1.71999e-19)
(0.0141124 -0.158599 4.93162e-19)
(0.0363611 -0.223548 -1.67494e-19)
(0.0609011 -0.291505 -2.49246e-19)
(0.0879614 -0.360047 -6.58521e-20)
(0.113076 -0.425681 -1.94374e-19)
(0.146829 -0.483194 2.94999e-20)
(-0.00889829 0.0472585 1.3194e-20)
(-0.0213468 0.117437 -2.72544e-20)
(-0.0299294 0.168488 5.51093e-21)
(-0.0362405 0.202627 -1.89432e-19)
(-0.0411083 0.222577 -1.46191e-19)
(-0.0450237 0.231283 -2.75324e-20)
(-0.0482103 0.231549 -7.28489e-20)
(-0.0506704 0.225745 -1.30817e-19)
(-0.0522469 0.215614 -2.87159e-20)
(-0.0526818 0.202202 -1.60222e-20)
(-0.0516669 0.185925 -1.47379e-19)
(-0.0488827 0.166696 6.52692e-20)
(-0.0440254 0.144093 4.88471e-20)
(-0.0368204 0.11751 2.69246e-19)
(-0.0270299 0.0862779 -1.93892e-21)
(-0.0144571 0.0497607 -1.69255e-19)
(0.00106232 0.00744046 -1.8002e-20)
(0.0196122 -0.0410056 7.90524e-20)
(0.0412224 -0.0955977 3.20534e-19)
(0.0658559 -0.155914 -2.34561e-19)
(0.0934088 -0.220968 6.29536e-19)
(0.123204 -0.28896 2.57966e-19)
(0.155738 -0.357333 -1.90112e-19)
(0.18502 -0.422785 3.50326e-19)
(0.225278 -0.478807 1.83409e-19)
(-0.00981498 0.0462228 1.75211e-20)
(-0.0233236 0.115685 8.37606e-20)
(-0.0319994 0.166977 2.38643e-19)
(-0.0377126 0.20189 2.95132e-19)
(-0.0414149 0.222835 1.76152e-19)
(-0.0437049 0.232526 -1.24479e-19)
(-0.0448977 0.233621 3.03722e-19)
(-0.0450591 0.228417 3.55983e-20)
(-0.0440692 0.218645 -1.84035e-19)
(-0.0416857 0.205383 2.00515e-20)
(-0.0376008 0.189097 3.54262e-19)
(-0.0314867 0.169757 -3.86818e-19)
(-0.0230293 0.14699 -2.2586e-19)
(-0.0119468 0.120229 -4.54747e-20)
(0.00200042 0.088836 -3.84249e-19)
(0.0190041 0.0521931 -2.58567e-19)
(0.0392107 0.00979334 4.7693e-20)
(0.0627008 -0.0387001 -5.58465e-19)
(0.0894876 -0.0932881 6.08883e-20)
(0.119487 -0.153559 -2.72752e-19)
(0.152604 -0.218517 -3.3571e-19)
(0.187875 -0.286308 3.10926e-19)
(0.226267 -0.354221 3.33744e-19)
(0.259638 -0.419202 -2.53719e-19)
(0.306845 -0.47336 3.20592e-19)
(-0.0106335 0.0449204 -2.02533e-19)
(-0.0251183 0.113275 1.47965e-19)
(-0.0338811 0.164532 -9.76471e-21)
(-0.0390147 0.200044 5.95542e-20)
(-0.0415672 0.22189 5.64775e-20)
(-0.0422294 0.232532 2.50428e-19)
(-0.041402 0.234457 -1.82205e-19)
(-0.0392149 0.229873 -3.44441e-19)
(-0.0355903 0.220488 1.74318e-19)
(-0.0303077 0.207402 1.65033e-19)
(-0.023066 0.191129 -5.66005e-19)
(-0.0135343 0.171698 4.05518e-19)
(-0.00139153 0.148792 6.31114e-19)
(0.0136503 0.121889 4.59534e-20)
(0.0318341 0.0903821 -1.18889e-19)
(0.053351 0.0536781 3.42038e-19)
(0.0783416 0.0112795 -1.6075e-19)
(0.106884 -0.0371377 7.36164e-19)
(0.138996 -0.0915893 -6.58035e-19)
(0.17455 -0.15166 1.19885e-19)
(0.213477 -0.21633 -6.26392e-20)
(0.254413 -0.28372 -1.99569e-19)
(0.298973 -0.350778 -1.88738e-19)
(0.336311 -0.4151 1.4524e-19)
(0.390552 -0.466839 3.35384e-20)
(-0.0113423 0.0433777 1.33561e-19)
(-0.0267061 0.110249 -9.49437e-20)
(-0.0355509 0.161191 7.96563e-20)
(-0.0401339 0.197106 -2.63774e-19)
(-0.0415698 0.219737 -5.79669e-20)
(-0.0406243 0.231274 3.00506e-20)
(-0.0377754 0.234015 -6.81662e-20)
(-0.0332164 0.230063 -1.13981e-19)
(-0.0269155 0.221087 3.68764e-20)
(-0.0186809 0.208202 -1.94413e-19)
(-0.00822392 0.191966 3.67941e-19)
(0.00478367 0.172469 -8.49358e-20)
(0.0206668 0.149449 -2.23113e-19)
(0.0397194 0.122436 -2.3451e-19)
(0.0621904 0.0908601 3.20702e-19)
(0.0882774 0.0541535 1.80531e-19)
(0.118128 0.0118321 7.23204e-20)
(0.151829 -0.0364177 -6.18248e-19)
(0.189414 -0.0906189 6.54246e-19)
(0.230708 -0.150351 -2.16145e-19)
(0.275686 -0.21454 -9.92761e-20)
(0.322446 -0.281334 -7.31116e-20)
(0.373368 -0.347092 -7.67488e-20)
(0.414495 -0.41053 2.53121e-19)
(0.475461 -0.459233 -3.75116e-19)
(-0.0119334 0.0416257 -4.94759e-20)
(-0.0280681 0.106664 2.14851e-19)
(-0.03699 0.157005 -3.04542e-19)
(-0.04106 0.193113 1.21774e-19)
(-0.0414284 0.216387 6.81471e-20)
(-0.0389161 0.22874 -1.02279e-19)
(-0.034068 0.232266 3.00367e-19)
(-0.0271389 0.228946 7.29252e-20)
(-0.018146 0.220395 3.5824e-20)
(-0.00693152 0.207734 3.05187e-19)
(0.00677393 0.191562 -1.26272e-19)
(0.0232914 0.172022 1.39754e-19)
(0.042947 0.148916 -1.483e-19)
(0.0660415 0.121824 -9.45758e-21)
(0.092835 0.0902174 -1.6993e-19)
(0.123541 0.0535568 -6.04371e-19)
(0.158327 0.0113751 1.27123e-19)
(0.197302 -0.0366338 5.03541e-19)
(0.240527 -0.0904881 -1.7511e-19)
(0.287763 -0.149756 8.54945e-19)
(0.339022 -0.21326 -4.72465e-19)
(0.391724 -0.279246 -1.3073e-19)
(0.449022 -0.343229 -2.12372e-19)
(0.493679 -0.405469 3.28041e-21)
(0.560619 -0.450497 -1.75807e-19)
(-0.0124023 0.0396989 -1.50674e-19)
(-0.0291917 0.102584 -2.20841e-19)
(-0.0381854 0.152044 -1.18845e-19)
(-0.0417865 0.188118 1.11549e-19)
(-0.0411492 0.211872 3.52128e-20)
(-0.0371289 0.224938 2.01449e-20)
(-0.0303257 0.229197 7.7757e-20)
(-0.0210513 0.226492 -3.81751e-19)
(-0.00937395 0.218375 1.28453e-19)
(0.00482581 0.205958 -2.66856e-19)
(0.0217926 0.189873 -9.97798e-20)
(0.0418362 0.170318 -1.35138e-19)
(0.0652827 0.147152 -2.94762e-19)
(0.0924424 0.120009 6.18969e-19)
(0.123593 0.0884056 3.60976e-19)
(0.158977 0.0518306 9.74815e-20)
(0.198797 0.00983644 3.143e-19)
(0.243194 -0.0378711 -4.66585e-19)
(0.292261 -0.0912917 -1.17087e-19)
(0.345661 -0.149974 -5.56586e-19)
(0.403404 -0.212563 2.13634e-19)
(0.462099 -0.277491 4.58893e-19)
(0.525536 -0.339194 2.01907e-19)
(0.573336 -0.399826 -3.60992e-19)
(0.645011 -0.440553 4.09926e-19)
(-0.0127485 0.0376351 -5.4616e-20)
(-0.0300712 0.098086 1.47321e-20)
(-0.0391301 0.146389 1.50962e-19)
(-0.04231 0.18219 2.69507e-19)
(-0.0407384 0.206239 -1.80364e-19)
(-0.0352836 0.219891 1.74646e-19)
(-0.0265872 0.224808 -1.37375e-19)
(-0.0150124 0.222685 5.23215e-19)
(-0.000677647 0.214998 -3.70776e-19)
(0.0164949 0.202839 7.98904e-20)
(0.0367215 0.186865 3.54462e-19)
(0.0602982 0.16732 -5.00665e-20)
(0.0875517 0.144121 4.0795e-20)
(0.118807 0.116955 -5.03028e-19)
(0.15437 0.0853818 -4.37199e-19)
(0.194523 0.0489245 -1.61114e-20)
(0.23952 0.00715621 -5.01433e-19)
(0.28954 -0.0401968 1.90006e-19)
(0.344694 -0.0930956 -2.63865e-19)
(0.404496 -0.151055 3.48261e-19)
(0.468861 -0.212466 -4.6647e-19)
(0.53348 -0.276012 2.69175e-19)
(0.6025 -0.334916 -2.16022e-19)
(0.652866 -0.393437 2.81704e-19)
(0.727539 -0.429288 -1.48916e-20)
(-0.0129753 0.0354733 2.96058e-19)
(-0.0307083 0.0932489 7.56166e-20)
(-0.0398238 0.140133 -1.67712e-19)
(-0.0426309 0.175416 -2.00856e-19)
(-0.0402013 0.199557 1.35498e-19)
(-0.0333954 0.213643 -4.98497e-19)
(-0.0228813 0.219119 7.13978e-19)
(-0.00906602 0.217527 1.40868e-19)
(0.0078842 0.210251 2.33577e-19)
(0.0280052 0.198356 2.89763e-19)
(0.0514836 0.18251 1.86952e-19)
(0.0786014 0.162999 -1.43243e-19)
(0.109689 0.139792 -5.50462e-21)
(0.145095 0.112629 -7.08641e-20)
(0.185164 0.0811124 -2.21407e-19)
(0.230234 0.0448003 5.08525e-19)
(0.280619 0.00329477 1.06255e-18)
(0.33653 -0.043647 6.65159e-20)
(0.398062 -0.0959186 3.7595e-19)
(0.464493 -0.152984 -1.95267e-19)
(0.535492 -0.212901 2.37231e-19)
(0.605765 -0.274652 -1.35365e-18)
(0.679429 -0.330231 6.12162e-19)
(0.731531 -0.386076 3.55503e-19)
(0.807033 -0.416583 -2.24662e-19)
(-0.01309 0.0332534 -1.77431e-19)
(-0.0311119 0.0881578 -3.02745e-19)
(-0.0402724 0.133377 2.9005e-19)
(-0.0427521 0.167896 1.89221e-19)
(-0.0395414 0.191908 1.02104e-19)
(-0.031472 0.206254 3.61004e-19)
(-0.0192234 0.212168 -3.76144e-19)
(-0.00323659 0.211032 -3.49379e-19)
(0.0162795 0.204135 -2.30467e-19)
(0.039321 0.192497 -5.51645e-19)
(0.0660464 0.176791 1.08968e-19)
(0.0967276 0.157336 -4.47144e-20)
(0.131706 0.134147 8.30461e-19)
(0.171361 0.107012 3.48406e-19)
(0.216093 0.0755789 2.57262e-19)
(0.266306 0.0394428 -8.16416e-20)
(0.322374 -0.00175534 -4.82015e-19)
(0.384515 -0.0482104 -3.98547e-19)
(0.452733 -0.0997132 -4.72713e-19)
(0.525952 -0.155653 3.38951e-19)
(0.603388 -0.213702 6.29538e-19)
(0.678746 -0.273152 6.87377e-19)
(0.755706 -0.324901 -6.1912e-19)
(0.808419 -0.377485 2.44218e-19)
(0.882285 -0.402345 3.02059e-19)
(-0.0131034 0.0310145 -4.68873e-19)
(-0.0312977 0.0828993 2.59642e-19)
(-0.0404875 0.12623 -4.39808e-19)
(-0.0426789 0.159737 5.39713e-19)
(-0.0387587 0.183391 -5.15014e-19)
(-0.0295111 0.197805 -1.54341e-19)
(-0.0156113 0.204013 -2.88778e-19)
(0.00247719 0.203239 1.63979e-19)
(0.0245107 0.196668 -2.82873e-19)
(0.0504515 0.185269 3.1437e-19)
(0.0804358 0.169709 -4.16698e-19)
(0.114732 0.150328 -3.15553e-19)
(0.153703 0.127181 8.20239e-21)
(0.197774 0.100103 -5.0742e-19)
(0.247412 0.0687864 8.81451e-21)
(0.303091 0.0328692 -5.35644e-19)
(0.365226 -0.00795488 -3.17359e-20)
(0.433984 -0.0538101 -6.02078e-19)
(0.50916 -0.104346 2.11498e-19)
(0.58917 -0.158849 9.19873e-19)
(0.672537 -0.214595 -8.7757e-19)
(0.752013 -0.271167 4.15674e-19)
(0.830524 -0.318635 4.34081e-19)
(0.882432 -0.367419 -1.99733e-19)
(0.952118 -0.386547 6.55082e-20)
(-0.0130294 0.0287942 2.43034e-19)
(-0.0312873 0.0775585 -6.83422e-20)
(-0.0404855 0.118802 1.49159e-19)
(-0.0424173 0.15106 -4.34015e-19)
(-0.0378478 0.174118 6.95255e-19)
(-0.0274973 0.188393 4.53529e-20)
(-0.0120209 0.19473 5.05431e-19)
(0.00810857 0.194204 -2.63906e-19)
(0.0326237 0.187891 1.816e-19)
(0.0614627 0.1767 2.40348e-19)
(0.0947497 0.161281 2.26018e-19)
(0.132762 0.141989 7.24282e-19)
(0.175896 0.118913 -1.88456e-19)
(0.224638 0.0919284 -1.90711e-19)
(0.279525 0.0607753 -1.55701e-19)
(0.341093 0.025144 -1.25657e-20)
(0.40975 -0.0152009 -3.36595e-19)
(0.485514 -0.0602857 3.02127e-19)
(0.567795 -0.109585 -4.07123e-19)
(0.654327 -0.162251 1.56812e-19)
(0.742707 -0.21521 -2.24744e-19)
(0.824879 -0.268306 2.47495e-20)
(0.902873 -0.31114 -1.00534e-18)
(0.95235 -0.355698 9.95569e-20)
(1.01548 -0.369257 9.31994e-21)
(-0.0128846 0.0266274 3.24307e-19)
(-0.0311069 0.0722173 -2.17423e-19)
(-0.0402862 0.111202 -1.5259e-19)
(-0.0419723 0.141987 -9.19188e-20)
(-0.0367958 0.164212 -3.00521e-19)
(-0.0253989 0.178129 -5.07609e-19)
(-0.00840118 0.184419 -1.66938e-19)
(0.0137299 0.184009 5.72336e-19)
(0.0407174 0.177868 -1.80358e-19)
(0.07249 0.166842 -3.94454e-19)
(0.109174 0.151554 -2.3902e-19)
(0.151072 0.132366 -7.39716e-19)
(0.198629 0.109393 -8.20651e-19)
(0.252399 0.0825533 6.27432e-19)
(0.31299 0.0516353 1.33513e-19)
(0.380956 0.0163952 1.08638e-19)
(0.456615 -0.0233107 1.14296e-18)
(0.539682 -0.0673811 1.77567e-19)
(0.62897 -0.115092 1.11444e-18)
(0.721354 -0.165448 -1.33408e-18)
(0.813349 -0.215122 6.19081e-19)
(0.896353 -0.264185 -5.31225e-19)
(0.971581 -0.302178 7.9496e-19)
(1.01694 -0.342251 -1.11037e-18)
(1.07157 -0.350658 2.14346e-19)
(-0.0126872 0.0245456 -8.26399e-20)
(-0.0307862 0.0669521 -1.73857e-19)
(-0.0399101 0.103538 -1.59184e-19)
(-0.0413451 0.132642 5.42124e-20)
(-0.0355788 0.153804 -8.49385e-20)
(-0.0231637 0.167143 3.21049e-19)
(-0.00466897 0.173195 -1.15478e-19)
(0.0194597 0.172757 -2.44343e-19)
(0.0489534 0.166693 -1.00108e-19)
(0.0837496 0.15578 6.2297e-21)
(0.123996 0.140609 6.6445e-19)
(0.170038 0.121542 -5.93472e-19)
(0.222382 0.0987181 8.79857e-19)
(0.281653 0.0720952 -2.61553e-19)
(0.348494 0.0415199 -4.62184e-19)
(0.423412 0.0068278 3.85109e-19)
(0.506492 -0.0320109 -4.35091e-19)
(0.59695 -0.0747423 -7.3641e-19)
(0.692767 -0.120444 -2.85897e-19)
(0.789831 -0.16797 2.60362e-19)
(0.883557 -0.213899 3.97284e-19)
(0.965198 -0.258486 7.45231e-19)
(1.03542 -0.291617 3.13709e-20)
(1.07509 -0.327148 4.5537e-19)
(1.11991 -0.331032 -1.24808e-19)
(-0.0124568 0.0225756 -4.02872e-20)
(-0.0303557 0.0618309 3.79709e-19)
(-0.0393767 0.0959107 3.90697e-19)
(-0.0405308 0.123148 -1.74714e-19)
(-0.0341589 0.143028 1.22622e-19)
(-0.0207152 0.155572 -4.54857e-19)
(-0.000703829 0.161197 9.14606e-20)
(0.0254693 0.160581 7.47687e-20)
(0.0575641 0.15449 -2.1601e-19)
(0.0955484 0.143633 -5.97276e-20)
(0.139613 0.128566 -8.28619e-19)
(0.190162 0.109647 2.70598e-19)
(0.247771 0.0870371 -4.24282e-20)
(0.313113 0.0607362 -7.07854e-21)
(0.386811 0.0306578 -3.96162e-20)
(0.469198 -0.00326717 -1.35999e-20)
(0.559938 -0.0409375 -3.76572e-20)
(0.657523 -0.0819327 5.12583e-19)
(0.75889 -0.125162 -4.55731e-19)
(0.858925 -0.169351 4.0919e-19)
(0.952102 -0.211172 -5.9089e-19)
(1.03005 -0.251016 -2.73279e-19)
(1.09325 -0.279464 6.02577e-20)
(1.12599 -0.310593 -3.97223e-19)
(1.16039 -0.310734 -1.1729e-19)
(-0.0122126 0.0207392 -3.81298e-19)
(-0.0298451 0.0569121 -4.78108e-20)
(-0.038701 0.0884099 -4.82115e-19)
(-0.0395146 0.113623 -3.86353e-19)
(-0.032481 0.132022 5.11058e-19)
(-0.0179489 0.143565 3.50674e-19)
(0.0036563 0.148577 -1.54616e-19)
(0.0319879 0.147634 -1.38661e-19)
(0.0668573 0.141414 -1.04688e-19)
(0.108287 0.13056 9.111e-19)
(0.156532 0.115592 3.58206e-19)
(0.212065 0.0968666 5.11072e-19)
(0.27552 0.0745628 -2.85773e-20)
(0.347571 0.04873 1.07582e-19)
(0.428715 0.0193575 2.9193e-19)
(0.51894 -0.0135161 -6.92737e-19)
(0.617262 -0.049652 1.10571e-18)
(0.721224 -0.0884678 1.19812e-19)
(0.826604 -0.128764 -3.62298e-19)
(0.927417 -0.169186 -5.36306e-19)
(1.01755 -0.206692 -2.83912e-19)
(1.08957 -0.241729 5.92406e-19)
(1.14417 -0.265868 -2.42047e-20)
(1.16922 -0.292897 2.72093e-19)
(1.1933 -0.290154 2.97909e-19)
(-0.0119728 0.0190523 2.90822e-19)
(-0.0292801 0.0522424 3.0177e-20)
(-0.0378903 0.0811152 -6.46614e-20)
(-0.0382688 0.104175 6.84658e-20)
(-0.030469 0.12092 -4.85503e-19)
(-0.0147291 0.131277 6.46335e-19)
(0.00861775 0.135504 -1.31242e-21)
(0.0393043 0.134096 5.2989e-19)
(0.0772169 0.127654 2.20492e-20)
(0.122455 0.116761 -1.86571e-19)
(0.175356 0.101907 2.96336e-19)
(0.236457 0.0834432 -1.00494e-18)
(0.306413 0.0615736 -6.30699e-19)
(0.385813 0.0364022 -3.19042e-19)
(0.474874 0.00800076 -1.4362e-19)
(0.573025 -0.0234802 1.50383e-20)
(0.678396 -0.0576739 -7.11106e-19)
(0.787419 -0.0938657 2.68495e-19)
(0.894743 -0.130831 1.03423e-18)
(0.993819 -0.167193 2.88809e-19)
(1.07844 -0.200365 6.62195e-19)
(1.14267 -0.230735 -6.2772e-19)
(1.18762 -0.251099 -1.34486e-19)
(1.20477 -0.274429 -2.11484e-19)
(1.21923 -0.269675 -1.05512e-18)
(-0.0117533 0.0175245 -2.71542e-19)
(-0.0286807 0.0478558 1.37492e-19)
(-0.036942 0.0740919 2.43558e-19)
(-0.0367501 0.0949027 8.43792e-19)
(-0.0280239 0.10985 3.17216e-19)
(-0.0108877 0.118862 -7.04137e-19)
(0.0144311 0.122155 -1.77557e-19)
(0.0477642 0.120165 -9.34761e-20)
(0.0890954 0.113426 -3.09465e-19)
(0.13862 0.102475 -1.02143e-19)
(0.196757 0.0877747 -2.14554e-19)
(0.264089 0.0696732 7.97546e-19)
(0.341221 0.0484082 9.69264e-19)
(0.428519 0.0241399 4.97471e-19)
(0.525726 -0.00297705 -2.55289e-19)
(0.631475 -0.0326886 -1.81071e-19)
(0.742812 -0.0645292 4.07114e-19)
(0.855013 -0.0977052 -9.80404e-20)
(0.961815 -0.131057 -1.96504e-20)
(1.05656 -0.163248 2.15869e-19)
(1.1335 -0.192258 -3.01207e-19)
(1.18861 -0.218272 -4.93567e-19)
(1.22348 -0.235507 -3.00674e-19)
(1.23305 -0.255565 3.81072e-19)
(1.23901 -0.249644 1.08516e-18)
(-0.0115665 0.0161587 2.16689e-19)
(-0.0280579 0.0437724 7.32727e-19)
(-0.0358398 0.0673896 2.92062e-19)
(-0.0348967 0.0858903 -2.58856e-19)
(-0.0250223 0.0989322 3.59829e-19)
(-0.00622428 0.106474 3.96246e-19)
(0.0213875 0.108717 4.45209e-19)
(0.0577618 0.106054 -2.49229e-20)
(0.102997 0.0989729 3.54286e-19)
(0.157393 0.0879724 -1.09683e-18)
(0.221434 0.0734963 6.26402e-19)
(0.295692 0.0558998 -3.40018e-19)
(0.380608 0.0354522 -8.70982e-19)
(0.476153 0.0123697 -6.42923e-19)
(0.581366 -0.0131195 1.0625e-18)
(0.693867 -0.040683 -3.67128e-19)
(0.809514 -0.0698037 -1.82939e-19)
(0.922544 -0.0996783 1.35316e-19)
(1.02618 -0.129291 -7.13273e-19)
(1.11419 -0.157392 5.50179e-19)
(1.1818 -0.182571 -8.23624e-20)
(1.22707 -0.204662 6.09947e-19)
(1.25201 -0.219469 6.53097e-19)
(1.25479 -0.236643 -2.10555e-19)
(1.25353 -0.230366 -3.90056e-19)
(-0.0114198 0.0149511 -1.12778e-19)
(-0.0274124 0.0399986 -4.15986e-19)
(-0.0345528 0.0610416 1.09499e-20)
(-0.0326281 0.0772059 -2.08761e-19)
(-0.0213172 0.0882736 -6.13559e-19)
(-0.000510279 0.0942587 -3.17238e-19)
(0.0298109 0.0953715 1.74705e-19)
(0.0697252 0.0919831 -5.47236e-19)
(0.119454 0.0845507 4.30728e-20)
(0.179391 0.0735473 2.74749e-19)
(0.250047 0.0594069 -7.93285e-19)
(0.331887 0.0424963 -2.62688e-19)
(0.425037 0.0231154 6.96299e-19)
(0.528859 0.00152705 4.79413e-19)
(0.641465 -0.0219899 -6.26375e-19)
(0.759312 -0.0470658 6.78474e-19)
(0.877112 -0.073191 2.82199e-19)
(0.988355 -0.0996236 -7.46553e-20)
(1.08628 -0.125538 -5.87586e-20)
(1.16557 -0.149808 -5.93406e-19)
(1.22284 -0.171592 6.04811e-20)
(1.25817 -0.190262 -9.82889e-20)
(1.27382 -0.203345 -5.03969e-19)
(1.2709 -0.217929 -3.46785e-19)
(1.26372 -0.212089 -2.96858e-19)
(-0.0113153 0.0138915 -7.07553e-20)
(-0.0267326 0.0365268 -9.21587e-19)
(-0.0330338 0.0550641 -5.68142e-19)
(-0.0298445 0.0689006 -7.22747e-19)
(-0.0167408 0.0779657 6.38025e-19)
(0.00650502 0.0823516 5.16318e-20)
(0.0400452 0.0822979 4.6269e-19)
(0.0840945 0.078174 -4.23741e-19)
(0.138992 0.0704228 7.10208e-19)
(0.205193 0.0595046 2.68515e-19)
(0.283157 0.0458517 2.34555e-20)
(0.373113 0.0298432 -4.27695e-20)
(0.474679 0.0118027 -1.54673e-19)
(0.586391 -0.00798073 -1.34006e-19)
(0.705252 -0.0292137 1.47652e-19)
(0.826523 -0.0515423 2.07761e-19)
(0.943974 -0.0745237 -1.33648e-18)
(1.0508 -0.097534 8.10482e-20)
(1.14081 -0.119948 -2.10823e-19)
(1.21001 -0.140778 -1.95604e-19)
(1.25658 -0.159644 8.95321e-20)
(1.28235 -0.175421 -5.7578e-19)
(1.28972 -0.187424 2.50846e-19)
(1.28233 -0.199565 2.85314e-19)
(1.27031 -0.194999 -6.08584e-19)
(-0.0112489 0.0129636 1.64708e-19)
(-0.0259936 0.0333367 6.66369e-19)
(-0.0312192 0.0494568 5.76974e-20)
(-0.0264291 0.0610072 1.04911e-18)
(-0.0111086 0.0680823 -6.65078e-19)
(0.015085 0.0708712 6.51169e-19)
(0.0524387 0.0696614 -5.8427e-19)
(0.101297 0.0648385 2.30547e-19)
(0.162092 0.0568466 -3.00035e-19)
(0.235279 0.0461445 3.97945e-19)
(0.321158 0.033168 6.66867e-19)
(0.419551 0.0183042 3.49816e-19)
(0.52936 0.00188402 1.41128e-19)
(0.648096 -0.0158087 1.56113e-19)
(0.771564 -0.0345131 -1.22218e-19)
(0.893942 -0.0539466 -9.94354e-20)
(1.00843 -0.0737804 1.0798e-18)
(1.10844 -0.0935391 3.46013e-19)
(1.18887 -0.112774 9.51107e-19)
(1.24725 -0.130632 2.57422e-20)
(1.28337 -0.147041 -5.53773e-19)
(1.30036 -0.160453 6.73109e-19)
(1.30066 -0.171882 7.92353e-19)
(1.2899 -0.181514 8.58896e-20)
(1.27386 -0.179217 5.9311e-19)
(-0.0112097 0.0121463 -4.66764e-19)
(-0.0251578 0.0303967 2.58034e-19)
(-0.0290306 0.0442038 5.66127e-19)
(-0.022251 0.0535404 -2.22799e-19)
(-0.00422652 0.058678 -6.60352e-19)
(0.0254946 0.0599172 -4.86407e-20)
(0.0673254 0.0576092 3.58495e-20)
(0.12172 0.0521715 6.42657e-20)
(0.189153 0.0440625 -4.13814e-19)
(0.26999 0.033748 -1.77048e-19)
(0.364225 0.0216669 -6.21908e-19)
(0.47108 0.00820287 -1.62839e-20)
(0.588538 -0.00633246 -1.8032e-19)
(0.712951 -0.0217022 -5.3478e-20)
(0.838955 -0.0377285 4.80824e-19)
(0.959916 -0.0542478 -7.05299e-19)
(1.06894 -0.0710705 2.88984e-19)
(1.1602 -0.0878698 -4.66126e-19)
(1.22999 -0.104325 -6.82524e-19)
(1.27747 -0.119704 1.20511e-19)
(1.30386 -0.13407 1.17285e-18)
(1.31308 -0.145634 -5.72733e-19)
(1.30764 -0.156727 2.43068e-20)
(1.29428 -0.163599 4.30646e-19)
(1.27467 -0.165038 2.25255e-19)
(-0.0111806 0.0114145 2.19849e-19)
(-0.024175 0.0276661 -3.11235e-19)
(-0.0263766 0.0392759 -6.57905e-19)
(-0.0171694 0.0464979 -3.49363e-19)
(0.00410223 0.0497879 3.81231e-19)
(0.0379876 0.0495684 1.29633e-19)
(0.0850069 0.0462667 7.58137e-19)
(0.145684 0.0403448 3.08399e-19)
(0.22046 0.0322853 1.95868e-19)
(0.309488 0.0225645 9.14417e-20)
(0.412282 0.0116174 6.41851e-19)
(0.527268 -0.000196235 2.92777e-19)
(0.651342 -0.0126203 -2.45243e-19)
(0.779653 -0.025512 3.53786e-19)
(0.905846 -0.0388228 -2.05743e-19)
(1.02288 -0.0525366 2.6116e-19)
(1.12429 -0.0666028 -2.56727e-19)
(1.20541 -0.0808155 -5.29486e-19)
(1.26417 -0.0949289 7.54666e-19)
(1.30119 -0.108297 -7.75146e-19)
(1.31886 -0.120982 2.05115e-19)
(1.3215 -0.131177 -2.32994e-19)
(1.31168 -0.14182 -1.67396e-19)
(1.29608 -0.145906 -1.27333e-18)
(1.27288 -0.153435 1.86848e-19)
(-0.0111386 0.0107409 4.51223e-20)
(-0.0229841 0.0250979 2.22506e-19)
(-0.0231555 0.0346329 7.37711e-19)
(-0.0110387 0.039863 -1.73823e-19)
(0.014069 0.0414291 -7.56712e-20)
(0.0527957 0.0398824 1.40456e-19)
(0.105735 0.0357352 1.25333e-19)
(0.17342 0.0295028 -4.95204e-19)
(0.256157 0.0216975 -2.31267e-19)
(0.353734 0.012803 -7.1693e-19)
(0.464998 0.0032356 -5.45204e-19)
(0.587393 -0.00669954 -3.92348e-19)
(0.716632 -0.0168447 3.53534e-19)
(0.846743 -0.0271969 -5.16581e-19)
(0.970691 -0.0378693 -2.48971e-19)
(1.08151 -0.048998 -1.07458e-19)
(1.17363 -0.060646 -8.4633e-20)
(1.24386 -0.0726842 1.58013e-18)
(1.29172 -0.084889 8.49187e-20)
(1.31912 -0.0966628 -1.34491e-19)
(1.32927 -0.107991 -7.11711e-19)
(1.32656 -0.117203 2.19077e-19)
(1.31367 -0.127051 1.68381e-20)
(1.29623 -0.129388 7.22807e-19)
(1.26942 -0.144691 7.547e-20)
(-0.0110559 0.0100976 3.5354e-19)
(-0.0215154 0.0226416 -3.39575e-19)
(-0.0192592 0.0302279 -5.14547e-19)
(-0.00371305 0.0336074 5.16075e-19)
(0.0258527 0.0336032 -1.15098e-19)
(0.0701178 0.0308978 -9.97726e-20)
(0.129701 0.0260932 8.7139e-20)
(0.205059 0.0197627 -1.24824e-19)
(0.296237 0.0124476 3.1447e-19)
(0.402486 0.00462862 2.04829e-19)
(0.521799 -0.00332094 5.3425e-19)
(0.650498 -0.0111892 -1.48669e-20)
(0.783105 -0.0189622 4.43525e-19)
(0.912744 -0.0268137 -2.78511e-20)
(1.03211 -0.0350295 4.76303e-19)
(1.13481 -0.0438778 1.38181e-19)
(1.21653 -0.0534926 -8.8063e-19)
(1.27568 -0.0637707 -4.29516e-19)
(1.31323 -0.0744679 -1.09975e-19)
(1.33208 -0.085 2.616e-19)
(1.33594 -0.0952571 -1.1618e-19)
(1.32909 -0.103736 -4.02757e-19)
(1.31411 -0.112651 5.76564e-20)
(1.2954 -0.115088 -3.35253e-19)
(1.27105 -0.126391 -1.54383e-19)
(-0.0109008 0.00945736 2.1621e-19)
(-0.0196928 0.0202474 2.30401e-19)
(-0.0145757 0.0260106 4.21818e-19)
(0.00494871 0.0276963 -3.07289e-19)
(0.0396141 0.0263014 2.23047e-20)
(0.0901134 0.0226384 6.14704e-19)
(0.157024 0.0174002 -1.7598e-19)
(0.240623 0.0112169 -5.90063e-19)
(0.340541 0.00465152 -3.51557e-19)
(0.455314 -0.00183722 4.71278e-19)
(0.581911 -0.00795301 -9.8846e-19)
(0.715459 -0.0136212 3.57153e-21)
(0.849404 -0.0190131 -8.74071e-20)
(0.976285 -0.024499 6.33998e-19)
(1.089 -0.0305246 -3.42129e-19)
(1.18216 -0.0374498 4.68358e-19)
(1.25293 -0.0454279 4.70603e-19)
(1.30129 -0.0543351 -8.1015e-19)
(1.32943 -0.063875 -3.3784e-19)
(1.34093 -0.0734548 -2.6423e-19)
(1.3397 -0.0828763 3.96482e-19)
(1.32974 -0.0907641 5.9248e-19)
(1.31336 -0.0990078 2.56942e-19)
(1.29442 -0.101195 -2.21212e-19)
(1.27099 -0.112142 -3.72651e-19)
(-0.0106393 0.00879585 -5.09722e-20)
(-0.0174364 0.0178684 2.15255e-19)
(-0.00899338 0.0219325 -4.27761e-19)
(0.0150796 0.0220931 -6.56639e-19)
(0.0554912 0.0195095 -9.73087e-19)
(0.112898 0.0151191 1.65834e-19)
(0.187753 0.00970163 -1.95908e-19)
(0.280025 0.00393786 2.87744e-19)
(0.388767 -0.00160331 1.07215e-19)
(0.511622 -0.00651406 2.07494e-19)
(0.64441 -0.0106168 2.32743e-19)
(0.781078 -0.0140191 -1.28243e-19)
(0.914218 -0.0171075 -1.88025e-19)
(1.0362 -0.0204468 -4.20618e-19)
(1.14058 -0.0246075 1.29454e-19)
(1.22329 -0.029988 -4.91942e-19)
(1.28308 -0.0367102 1.78554e-19)
(1.32131 -0.0445917 1.23313e-19)
(1.34111 -0.0532664 -4.61677e-19)
(1.34647 -0.0621245 -4.77919e-19)
(1.34124 -0.070891 -2.45571e-19)
(1.32903 -0.0783281 1.82185e-20)
(1.31187 -0.0859951 7.22066e-20)
(1.29293 -0.0883033 -2.16919e-19)
(1.27068 -0.0984561 1.56165e-19)
(-0.0102364 0.00809235 3.22169e-21)
(-0.0146651 0.0154647 -5.92006e-19)
(-0.00240285 0.0179508 7.55024e-19)
(0.0268018 0.0167651 8.07405e-19)
(0.0735973 0.0132143 4.81806e-19)
(0.138542 0.00835218 -1.70746e-20)
(0.221862 0.00303646 -1.76183e-19)
(0.323077 -0.0020154 -2.43357e-19)
(0.440488 -0.00625308 4.4351e-19)
(0.570685 -0.00935812 -1.08048e-18)
(0.708281 -0.0113186 1.11323e-19)
(0.846156 -0.0124643 1.00858e-18)
(0.976374 -0.0134085 1.41065e-19)
(1.09158 -0.0148853 -2.8626e-19)
(1.18639 -0.0175382 5.12309e-19)
(1.25825 -0.0217469 5.65062e-19)
(1.30742 -0.027558 1.37261e-19)
(1.33644 -0.0347059 1.01178e-18)
(1.34907 -0.0427499 7.51768e-19)
(1.34942 -0.051064 4.243e-19)
(1.34113 -0.0593172 4.79486e-19)
(1.32736 -0.0664004 -1.15119e-19)
(1.30984 -0.0736285 -1.53322e-19)
(1.29116 -0.0760676 4.12125e-19)
(1.27 -0.0856677 -1.6673e-22)
(-0.00965704 0.00733104 1.32156e-19)
(-0.0112988 0.0130054 6.51224e-20)
(0.00530016 0.0140327 -3.34768e-19)
(0.0402242 0.0116888 -9.02222e-20)
(0.0940196 0.00741022 -1.21047e-19)
(0.167071 0.00235458 -3.18967e-19)
(0.25926 -0.00255687 -3.99602e-19)
(0.369499 -0.00659186 4.77386e-19)
(0.49517 -0.00925323 -3.99698e-19)
(0.63169 -0.0103586 7.30613e-19)
(0.772477 -0.0101094 2.33847e-19)
(0.909569 -0.00908478 -1.437e-19)
(1.0349 -0.00811466 -5.73625e-19)
(1.14181 -0.00805637 8.12038e-20)
(1.22629 -0.00956506 -7.65154e-19)
(1.28732 -0.0129485 -2.38051e-19)
(1.32657 -0.0181463 -6.63679e-19)
(1.34743 -0.0247975 2.20443e-20)
(1.35403 -0.0323924 1.22245e-20)
(1.35038 -0.0402974 -6.48448e-20)
(1.33983 -0.048145 -7.29724e-19)
(1.32505 -0.0549552 3.39e-19)
(1.30746 -0.0618311 2.24084e-21)
(1.28917 -0.0644545 -3.50883e-19)
(1.26901 -0.073574 5.92218e-19)
(-0.00886753 0.0065015 -3.38932e-19)
(-0.00726013 0.0104707 1.49714e-19)
(0.0142132 0.0101588 -4.75466e-19)
(0.0554416 0.00685444 -7.21295e-19)
(0.116819 0.00210439 2.87901e-19)
(0.198466 -0.00284667 3.01605e-19)
(0.29979 -0.00703503 1.90612e-19)
(0.418931 -0.00974464 -3.2914e-19)
(0.552197 -0.010576 2.93305e-19)
(0.69377 -0.00953501 3.30352e-19)
(0.835979 -0.00707848 -2.9872e-19)
(0.970329 -0.00404358 7.03829e-20)
(1.08905 -0.00144352 -2.59467e-19)
(1.18656 -0.000197942 -2.11903e-20)
(1.26037 -0.000911614 6.62889e-19)
(1.31098 -0.00377686 -4.27193e-19)
(1.34119 -0.00860693 2.70839e-19)
(1.35499 -0.0149462 -6.74887e-19)
(1.35663 -0.0222288 -3.65613e-20)
(1.34988 -0.0298254 4.11674e-20)
(1.3377 -0.0373514 1.01532e-19)
(1.32232 -0.0439506 -4.1972e-19)
(1.30487 -0.0505485 3.72187e-19)
(1.28703 -0.0533707 -2.91056e-19)
(1.26779 -0.0620596 -6.58936e-19)
(-0.00783576 0.00559896 8.48855e-20)
(-0.0024757 0.00785335 -3.73893e-20)
(0.0244259 0.00632543 2.42125e-20)
(0.0725336 0.0022697 1.82792e-19)
(0.142029 -0.00267906 -1.55831e-19)
(0.232668 -0.0072104 3.63496e-19)
(0.343236 -0.0103469 1.01741e-19)
(0.47094 -0.0114296 4.52492e-21)
(0.610895 -0.0102098 2.85492e-19)
(0.756045 -0.0069352 4.24379e-19)
(0.897837 -0.0023469 5.48948e-19)
(1.02762 0.00247364 9.0968e-20)
(1.13832 0.00638338 5.61769e-19)
(1.22573 0.00846842 -1.04897e-19)
(1.28893 0.00823055 1.45545e-19)
(1.32978 0.00562375 4.44065e-19)
(1.35194 0.00096683 -2.25189e-19)
(1.35977 -0.00519955 4.29027e-19)
(1.35741 -0.0122709 -8.37629e-19)
(1.34831 -0.0196349 2.51906e-19)
(1.335 -0.0269056 1.45068e-19)
(1.31931 -0.0333448 6.53441e-19)
(1.30212 -0.0397235 -4.60631e-19)
(1.28478 -0.0427538 -5.47854e-20)
(1.26638 -0.0510712 6.84835e-19)
(-0.00653186 0.00462415 1.07269e-19)
(0.0031226 0.00515861 -1.42753e-19)
(0.0360181 0.00254638 4.74855e-19)
(0.0915631 -0.00203832 3.18117e-19)
(0.169656 -0.00689674 -2.29294e-19)
(0.269573 -0.0106797 -9.19154e-19)
(0.389326 -0.0124332 -1.02593e-19)
(0.525039 -0.0116066 -1.93741e-19)
(0.670551 -0.00816111 -1.76655e-19)
(0.817662 -0.00263368 -4.63756e-19)
(0.957217 0.00393952 -7.91768e-20)
(1.08081 0.01027 -5.66593e-19)
(1.18245 0.0151523 1.37764e-19)
(1.25945 0.0177461 7.66342e-19)
(1.31241 0.0177049 -4.78202e-19)
(1.34433 0.0151458 -2.2439e-19)
(1.35949 0.0105142 -2.98468e-19)
(1.36235 0.00441941 -1.81687e-19)
(1.35683 -0.00251459 4.20061e-19)
(1.34598 -0.00970408 -2.06723e-19)
(1.33193 -0.0167744 -1.10742e-19)
(1.31613 -0.0230964 -1.09586e-19)
(1.29929 -0.0293061 2.29849e-19)
(1.28243 -0.0325511 4.05942e-19)
(-0.00492828 0.00358295 -2.03365e-19)
(0.00959697 0.00240454 1.04092e-19)
(0.0490597 -0.00114719 4.55919e-19)
(0.112575 -0.00602245 -4.87114e-19)
(0.199677 -0.0104858 1.15782e-19)
(0.309036 -0.0131827 3.07597e-19)
(0.437736 -0.0132293 6.1254e-19)
(0.58069 -0.010243 -3.34167e-19)
(0.730443 -0.00445571 -1.98838e-19)
(0.877821 0.00327086 1.92528e-19)
(1.01342 0.011618 1.14888e-19)
(1.12949 0.0191477 3.29234e-19)
(1.22137 0.0246666 -1.83682e-22)
(1.28798 0.0274681 -3.04864e-19)
(1.3313 0.0273893 -3.62669e-19)
(1.35523 0.0247142 -1.42183e-19)
(1.36441 0.0200001 2.26934e-19)
(1.36321 0.013905 -4.08845e-19)
(1.35523 0.00705376 2.11861e-19)
(1.34311 -7.6275e-06 -4.21676e-20)
(1.32861 -0.00692476 2.8328e-19)
(1.31285 -0.0131674 -9.80984e-20)
(1.29639 -0.0192528 4.4273e-20)
(1.28001 -0.0227182 1.10624e-19)
(-0.0029998 0.00248581 -4.98898e-20)
(0.0170031 -0.000379028 -1.76355e-19)
(0.0636082 -0.00470719 -2.96297e-19)
(0.135594 -0.00961641 -1.37449e-19)
(0.232039 -0.0133656 4.17693e-19)
(0.350869 -0.0146357 -5.95348e-19)
(0.488096 -0.0126694 -2.85454e-19)
(0.637322 -0.00731804 1.83641e-19)
(0.78986 0.000859323 -7.3734e-20)
(0.935809 0.0106593 -2.11293e-19)
(1.06591 0.0205171 1.18684e-19)
(1.17341 0.0289173 -1.23014e-19)
(1.25519 0.0347521 -6.39944e-19)
(1.31172 0.0374983 -5.33481e-19)
(1.34617 0.0371935 3.4155e-20)
(1.36307 0.0342806 -8.3441e-20)
(1.36721 0.0294086 6.79771e-19)
(1.36275 0.0232629 3.93806e-19)
(1.3529 0.0164528 -3.68029e-19)
(1.33989 0.0094803 3.63651e-19)
(1.32513 0.00267393 -3.64316e-19)
(1.30951 -0.00352416 -9.20948e-20)
(1.29343 -0.00952562 -3.83885e-19)
(-0.000723489 0.00134719 3.86669e-19)
(0.0253894 -0.00315156 1.31353e-19)
(0.0797081 -0.00807025 -5.84664e-20)
(0.160624 -0.012737 5.80467e-19)
(0.266655 -0.0154412 5.20321e-19)
(0.394841 -0.0149481 5.01395e-19)
(0.539988 -0.0106919 2.20797e-20)
(0.694348 -0.00282699 -1.3379e-19)
(0.848127 0.00771569 -6.43966e-20)
(0.991018 0.0193971 3.74952e-20)
(1.11429 0.0304642 -4.52063e-19)
(1.2125 0.0394038 3.90283e-19)
(1.28413 0.045261 9.70095e-19)
(1.33111 0.0477306 -1.99868e-19)
(1.35754 0.0470545 1.22255e-20)
(1.36837 0.0438176 1.58317e-19)
(1.36834 0.0387373 -5.83437e-19)
(1.36129 0.0325054 -2.42902e-19)
(1.35004 0.0257029 1.16912e-20)
(1.33641 0.0187842 -4.03243e-19)
(1.32155 0.0120491 -2.97534e-19)
(1.30612 0.00586313 3.41605e-19)
(1.29042 -9.20573e-05 1.92235e-19)
(0.00192145 0.000184925 -7.08275e-19)
(0.0347967 -0.00586321 -8.33529e-20)
(0.0973886 -0.0111599 1.56866e-19)
(0.187642 -0.0152875 -5.45612e-19)
(0.3034 -0.0166076 5.10236e-20)
(0.440678 -0.0140281 -7.4546e-20)
(0.592965 -0.00724601 -1.1324e-19)
(0.751178 0.00321539 -5.37102e-19)
(0.904625 0.0160254 1.2412e-19)
(1.04296 0.0293401 -3.35465e-19)
(1.15834 0.0412924 5.84078e-19)
(1.24683 0.0504521 -1.09587e-18)
(1.30854 0.0560721 -1.04457e-19)
(1.34663 0.058086 2.15819e-20)
(1.36593 0.0569318 -1.01667e-19)
(1.3716 0.0533136 -2.39244e-19)
(1.36815 0.047992 1.46863e-19)
(1.35909 0.0416479 4.14801e-20)
(1.34679 0.0348238 2.59533e-19)
(1.33277 0.0279259 2.23229e-19)
(1.3179 0.0212247 1.21426e-19)
(1.30268 0.01502 -1.73982e-21)
(1.28736 0.00907571 1.87098e-19)
(0.00495356 -0.000980214 5.57892e-19)
(0.0452569 -0.00845628 1.0639e-19)
(0.116662 -0.0138889 1.34242e-19)
(0.2166 -0.0171612 -2.08924e-19)
(0.342115 -0.0167556 -2.05293e-19)
(0.488065 -0.0117887 2.54372e-19)
(0.646551 -0.002296 3.95348e-19)
(0.807238 0.0107736 4.45976e-19)
(0.958813 0.0256842 2.32152e-19)
(1.09126 0.0403407 9.93026e-20)
(1.19796 0.0528463 -4.15061e-19)
(1.2766 0.0619285 2.83891e-19)
(1.32878 0.0670899 -1.9152e-19)
(1.35875 0.068509 8.01636e-20)
(1.37182 0.0668024 2.35574e-19)
(1.37314 0.0627671 1.45244e-19)
(1.36694 0.0571834 2.55938e-19)
(1.35631 0.0507062 5.67653e-20)
(1.34326 0.0438335 -3.35532e-20)
(1.32899 0.0369244 -2.96938e-19)
(1.31418 0.0302212 3.35881e-19)
(1.29921 0.0239681 -3.04604e-19)
(1.28423 0.0180014 -1.72836e-19)
(0.00838896 -0.00212502 1.47998e-19)
(0.0567927 -0.0108667 3.77919e-20)
(0.137523 -0.0161625 1.7371e-19)
(0.247418 -0.0182457 5.55023e-19)
(0.382601 -0.0157766 -9.27322e-19)
(0.536653 -0.00815356 2.93956e-19)
(0.70026 0.0041747 -2.92369e-19)
(0.861989 0.0197917 6.06305e-19)
(1.01024 0.0365757 -1.4445e-19)
(1.13569 0.0522533 -3.46666e-19)
(1.23318 0.0649856 -2.73447e-20)
(1.30204 0.0737222 -2.00282e-19)
(1.34527 0.0782423 -1.09884e-19)
(1.36794 0.0789635 6.44706e-19)
(1.37562 0.0766565 -4.34134e-19)
(1.37332 0.0721838 2.83456e-19)
(1.36493 0.0663242 -6.69266e-20)
(1.35311 0.0596952 1.2265e-21)
(1.33953 0.0527473 -4.31202e-20)
(1.32512 0.0457957 -1.45373e-19)
(1.31042 0.0390556 4.1755e-20)
(1.29568 0.032726 -1.31115e-19)
(0.0122412 -0.00322418 -5.49053e-19)
(0.0694161 -0.0130255 4.96766e-19)
(0.159945 -0.0178807 -3.16614e-19)
(0.27999 -0.0184273 2.39556e-19)
(0.424626 -0.0135679 2.47984e-19)
(0.586063 -0.00306132 -2.4372e-21)
(0.753604 0.0121618 -1.23688e-19)
(0.914942 0.0301955 -6.26725e-19)
(1.05853 0.0485765 -2.55715e-19)
(1.17611 0.0649393 4.85824e-19)
(1.26411 0.0775872 -3.09508e-19)
(1.32349 0.0857439 1.20857e-19)
(1.35843 0.0894774 1.75975e-19)
(1.37461 0.0894281 -2.46765e-21)
(1.37769 0.0864929 1.84518e-19)
(1.37243 0.0815726 2.76154e-20)
(1.3623 0.0754268 1.54831e-19)
(1.34958 0.0686278 -4.83942e-19)
(1.33562 0.061578 5.21003e-20)
(1.32116 0.0545525 1.49217e-19)
(1.30659 0.0477421 -5.43301e-19)
(1.29208 0.0413091 4.12473e-19)
(0.0165206 -0.00425058 1.6939e-19)
(0.0831278 -0.0148599 -5.25246e-19)
(0.18388 -0.0189409 -1.76105e-19)
(0.314175 -0.0175945 -2.43428e-19)
(0.467921 -0.0100373 9.97386e-20)
(0.635897 0.00353088 -4.12893e-19)
(0.806115 0.0216397 2.73915e-19)
(0.965666 0.0418961 -1.83087e-19)
(1.10344 0.061561 -6.66508e-20)
(1.21249 0.0782703 -1.19262e-19)
(1.29094 0.0905466 4.25236e-19)
(1.34128 0.0979244 3.45128e-19)
(1.36866 0.10076 2.69031e-19)
(1.37915 0.099893 -1.24949e-19)
(1.37835 0.0963161 3.62669e-19)
(1.37067 0.0909439 -3.16676e-19)
(1.35918 0.0845024 -1.99281e-19)
(1.34579 0.0775142 -4.3266e-20)
(1.33158 0.0703353 3.24449e-19)
(1.31712 0.0632051 -1.91679e-19)
(1.30269 0.0562922 1.58088e-19)
(1.28841 0.04973 -1.84789e-19)
(0.0212342 -0.00517555 -1.09995e-19)
(0.0979157 -0.016295 4.50553e-20)
(0.209259 -0.019241 1.89471e-19)
(0.349805 -0.0156417 -1.75771e-19)
(0.512194 -0.00510657 2.40351e-19)
(0.685749 0.0116456 8.36937e-20)
(0.857348 0.0325633 -3.00036e-20)
(1.0138 0.0547935 4.32696e-19)
(1.14478 0.0754052 4.26428e-19)
(1.24488 0.0921307 5.0093e-20)
(1.31393 0.103777 -3.22135e-19)
(1.35576 0.110212 1.98997e-19)
(1.37633 0.112068 -4.88129e-19)
(1.38188 0.110356 -1.41005e-19)
(1.37783 0.106133 -3.771e-19)
(1.3682 0.100307 1.2705e-19)
(1.35566 0.0935599 2.40908e-19)
(1.34177 0.0863622 2.46685e-19)
(1.32741 0.0790264 -1.72787e-19)
(1.31298 0.071761 2.55823e-19)
(1.2987 0.0647149 1.49738e-19)
(1.28466 0.057999 1.62636e-19)
(0.026385 -0.00596916 1.20064e-20)
(0.113755 -0.0172547 7.51303e-20)
(0.235988 -0.0186809 4.88899e-19)
(0.386685 -0.0124726 2.76264e-19)
(0.557127 0.00128596 -4.99761e-20)
(0.735215 0.0212843 -1.4455e-21)
(0.906902 0.0448697 -3.19378e-19)
(1.05906 0.0687807 2.9931e-19)
(1.18247 0.0899904 8.1408e-21)
(1.27339 0.106418 6.07764e-20)
(1.33333 0.117207 2.24022e-19)
(1.36729 0.122568 -8.65534e-20)
(1.38178 0.123389 -7.3676e-20)
(1.38309 0.120819 1.82049e-20)
(1.37635 0.115953 2.58501e-19)
(1.36516 0.109671 -1.16435e-19)
(1.3518 0.102606 7.5475e-20)
(1.33756 0.0951766 -3.01653e-19)
(1.32311 0.087656 -7.81979e-20)
(1.30875 0.0802255 -8.19003e-21)
(1.29463 0.073017 -1.56633e-20)
(0.0319713 -0.00660047 2.65328e-19)
(0.130605 -0.0176628 1.54352e-20)
(0.263955 -0.0171654 -3.87217e-19)
(0.424592 -0.00800222 -3.65458e-19)
(0.602388 0.00918334 -2.00228e-19)
(0.783901 0.0324284 2.54808e-19)
(0.954418 0.0584819 4.32953e-19)
(1.10123 0.0837476 -3.56388e-19)
(1.21648 0.105206 -6.4436e-19)
(1.2982 0.121045 -5.56835e-20)
(1.34943 0.130782 -2.29495e-20)
(1.37618 0.134968 -1.47123e-19)
(1.38531 0.134719 -1.16793e-19)
(1.38302 0.131288 -3.69719e-20)
(1.37406 0.125782 -2.38954e-19)
(1.36163 0.119042 8.68693e-20)
(1.34766 0.111644 2.65886e-19)
(1.33317 0.10396 -3.48575e-20)
(1.31868 0.0962266 6.23365e-22)
(1.3044 0.0886022 -1.48853e-19)
(1.29044 0.0812036 -3.54808e-20)
(0.0379867 -0.00703795 2.35787e-19)
(0.148415 -0.0174449 -8.90302e-20)
(0.293022 -0.0146059 3.3879e-19)
(0.463286 -0.00215961 2.6117e-19)
(0.64764 0.0186093 1.08094e-19)
(0.831436 0.0450401 -5.20452e-19)
(0.999594 0.0733116 -4.26222e-20)
(1.14016 0.0995839 5.29872e-20)
(1.24686 0.120949 4.04018e-19)
(1.3195 0.135935 -1.02907e-19)
(1.36253 0.144459 9.36902e-20)
(1.38274 0.147394 -4.57321e-20)
(1.3872 0.146055 -1.90701e-19)
(1.38186 0.141767 1.36301e-19)
(1.3711 0.135625 2.60543e-19)
(1.3577 0.128422 1.3585e-19)
(1.34326 0.120675 -1.11966e-19)
(1.3286 0.112713 9.41243e-20)
(1.3141 0.104739 7.99207e-20)
(1.29993 0.0968925 3.26335e-20)
(1.28614 0.0892778 -7.6543e-20)
(0.0444194 -0.00724987 -2.62066e-19)
(0.167115 -0.0165289 -2.49433e-19)
(0.323036 -0.0109223 -1.58218e-19)
(0.502507 0.00511091 -4.08071e-19)
(0.692545 0.0295681 4.80543e-20)
(0.877475 0.0590648 2.98649e-19)
(1.04218 0.0892623 -1.31038e-19)
(1.17577 0.116182 1.32934e-19)
(1.2737 0.137127 2.20446e-19)
(1.33752 0.151027 1.30925e-20)
(1.37291 0.158203 -3.37424e-19)
(1.38726 0.159836 4.43485e-19)
(1.38766 0.157399 2.32869e-19)
(1.37977 0.152261 6.33557e-20)
(1.36755 0.145488 -2.17572e-19)
(1.35339 0.137812 -9.46647e-20)
(1.33861 0.129699 7.83675e-20)
(1.32385 0.121433 1.39129e-19)
(1.30938 0.113191 3.76151e-20)
(1.29532 0.105096 -3.65815e-20)
(1.28169 0.0972413 -2.77054e-20)
(0.0512521 -0.00720472 2.30044e-19)
(0.186623 -0.0148468 -1.62933e-20)
(0.353822 -0.00604455 8.20241e-20)
(0.541986 0.0138485 1.87198e-19)
(0.736774 0.0420452 -1.46221e-19)
(0.921712 0.0744336 5.30127e-20)
(1.08198 0.106233 -1.53544e-19)
(1.20802 0.133438 2.24667e-19)
(1.29713 0.153659 -3.30911e-19)
(1.35248 0.166267 7.06321e-20)
(1.38083 0.171992 -3.26289e-21)
(1.38996 0.172287 2.111e-20)
(1.38688 0.168753 2.64381e-19)
(1.37688 0.162774 -2.11769e-19)
(1.36349 0.155369 2.33452e-19)
(1.34875 0.147211 1.28202e-19)
(1.33372 0.138711 -1.27195e-19)
(1.31891 0.130116 5.31069e-20)
(1.30449 0.12158 -1.78224e-19)
(1.29056 0.113212 3.00969e-19)
(1.2771 0.105094 1.48817e-19)
(0.058462 -0.00687178 -2.09904e-19)
(0.206846 -0.0123358 3.87694e-20)
(0.385193 8.54979e-05 -6.2429e-20)
(0.581448 0.0240749 -8.94343e-20)
(0.780009 0.0560078 1.66913e-19)
(0.963874 0.0910652 1.75238e-20)
(1.11884 0.124119 -1.76864e-19)
(1.23694 0.151254 -3.56378e-19)
(1.31729 0.170469 8.91601e-20)
(1.36461 0.181611 9.1519e-20)
(1.38653 0.185804 -1.19225e-19)
(1.39107 0.184742 -3.0797e-19)
(1.38502 0.180118 -1.49284e-19)
(1.37329 0.173305 6.27855e-20)
(1.35897 0.165267 -1.55975e-19)
(1.34378 0.156614 -4.56656e-20)
(1.32859 0.147706 -1.72973e-19)
(1.31376 0.138758 -1.48717e-19)
(1.29943 0.129903 9.57004e-20)
(1.28563 0.121238 -1.23733e-19)
(1.27235 0.112835 -5.37395e-20)
(0.0660204 -0.00622162 2.5243e-19)
(0.227674 -0.00893959 8.52768e-21)
(0.41695 0.00751324 2.51244e-19)
(0.620614 0.0357948 7.06938e-20)
(0.821954 0.0714069 -2.06294e-20)
(1.00373 0.108869 1.69785e-19)
(1.15268 0.142816 6.78843e-20)
(1.26256 0.169538 1.58748e-19)
(1.33435 0.187494 -2.04323e-19)
(1.37414 0.197024 -1.5368e-19)
(1.39025 0.199626 6.46712e-20)
(1.39077 0.197198 1.52145e-19)
(1.38222 0.191493 -5.81018e-20)
(1.36906 0.183853 1.46521e-19)
(1.35401 0.175177 -7.76881e-20)
(1.33851 0.166013 -7.6537e-20)
(1.32322 0.156676 1.52416e-19)
(1.30841 0.14735 7.93821e-20)
(1.29418 0.138152 -7.40034e-21)
(1.28052 0.129168 -1.33559e-19)
(1.26743 0.120462 5.24314e-20)
(0.0738935 -0.00522665 -6.39899e-20)
(0.24899 -0.00460966 1.29691e-19)
(0.448882 0.0162702 -1.84522e-19)
(0.659211 0.0489951 -2.36878e-19)
(0.862337 0.0881786 -2.22246e-19)
(1.04109 0.127747 -1.02921e-19)
(1.18343 0.16222 -5.7552e-20)
(1.28498 0.188203 -4.93586e-20)
(1.3485 0.204675 1.55812e-19)
(1.38128 0.212473 1.24809e-19)
(1.39217 0.213443 -9.78485e-20)
(1.38921 0.20965 -5.72939e-20)
(1.37856 0.202875 2.04925e-20)
(1.36426 0.194411 -1.03239e-19)
(1.34866 0.185091 3.32319e-20)
(1.33293 0.175401 7.23318e-21)
(1.31759 0.165613 8.92302e-20)
(1.30284 0.155886 -1.3752e-19)
(1.28872 0.146322 1.86577e-20)
(1.27523 0.136998 2.50771e-20)
(1.26233 0.127971 -3.71634e-20)
(0.0820421 -0.00386168 1.26068e-20)
(0.270664 0.000693865 7.42583e-20)
(0.480776 0.0263731 -7.74962e-20)
(0.696973 0.0636464 2.17694e-19)
(0.900912 0.106246 3.32424e-20)
(1.07581 0.147595 9.65152e-22)
(1.21109 0.182228 8.4365e-20)
(1.3043 0.207169 1.75605e-21)
(1.3599 0.22196 -6.3892e-20)
(1.38624 0.227932 -5.20738e-20)
(1.39248 0.227244 -5.66382e-22)
(1.38652 0.222092 1.29877e-19)
(1.37413 0.214257 2.73898e-20)
(1.35893 0.204973 -3.36349e-20)
(1.34291 0.194999 6.12866e-20)
(1.32704 0.184764 -6.36635e-20)
(1.3117 0.174504 -5.89618e-20)
(1.29704 0.164354 -1.54974e-20)
(1.28305 0.154404 -1.39039e-20)
(1.26974 0.144722 2.73859e-20)
(1.25704 0.135358 3.29203e-20)
(0.0904222 -0.00210444 -9.04456e-20)
(0.29256 0.00700116 6.77988e-21)
(0.512414 0.037824 8.94881e-20)
(0.733647 0.079703 2.92969e-21)
(0.93746 0.125521 6.74028e-20)
(1.10776 0.168307 5.22741e-20)
(1.23565 0.202743 4.32296e-20)
(1.32063 0.226361 1.86156e-20)
(1.36874 0.239303 1.06521e-19)
(1.38918 0.243376 1.14408e-20)
(1.39132 0.241017 1.14173e-21)
(1.38281 0.234516 -2.44131e-20)
(1.369 0.225631 -2.00966e-20)
(1.35309 0.215526 6.26294e-20)
(1.33678 0.204888 -4.30268e-20)
(1.32083 0.194092 7.43345e-20)
(1.30554 0.183339 -8.07548e-21)
(1.29098 0.172745 2.67123e-20)
(1.27716 0.16239 -8.81137e-21)
(1.26403 0.152331 -3.10829e-20)
(0.0989854 6.39804e-05 -1.87381e-20)
(0.314535 0.014332 4.35841e-20)
(0.54358 0.0506098 -6.25731e-20)
(0.768995 0.0971045 -3.03151e-20)
(0.971794 0.145905 -6.95972e-20)
(1.13687 0.189774 1.93138e-20)
(1.25715 0.223667 -1.01214e-21)
(1.3341 0.24571 2.19255e-20)
(1.37517 0.256659 -1.38025e-20)
(1.39027 0.25878 -1.9985e-20)
(1.38882 0.254747 8.04544e-20)
(1.37817 0.246911 3.85025e-20)
(1.3632 0.236985 -3.28812e-20)
(1.34676 0.226058 -1.00617e-20)
(1.33026 0.214743 -5.57642e-20)
(1.3143 0.203368 1.95466e-20)
(1.2991 0.192102 2.00812e-20)
(1.28468 0.181047 5.36527e-20)
(1.27103 0.170268 5.84383e-20)
(1.25811 0.159819 4.11573e-20)
(0.10768 0.00265863 1.44807e-20)
(0.336444 0.0226952 -1.18168e-20)
(0.574063 0.0647022 5.73009e-21)
(0.802796 0.115777 -2.25235e-20)
(1.00375 0.167293 1.67215e-20)
(1.16308 0.211884 8.86996e-21)
(1.27566 0.244908 -7.45306e-21)
(1.34485 0.265149 -2.00955e-20)
(1.37937 0.27399 -4.35807e-21)
(1.38966 0.274122 1.66699e-21)
(1.3851 0.26842 -1.45826e-20)
(1.37265 0.259263 1.71175e-20)
(1.35678 0.248305 1.51772e-21)
(1.33996 0.236551 -1.46214e-20)
(1.32336 0.224548 -6.91012e-22)
(1.30744 0.212576 -3.42635e-21)
(1.29236 0.200781 -1.31831e-20)
(1.27811 0.189245 -9.95128e-21)
(1.26466 0.178028 -1.73335e-20)
(1.25196 0.167175 -2.10551e-20)
(0.11645 0.0056904 3.29211e-20)
(0.358136 0.0320883 -1.74702e-20)
(0.603656 0.0800589 -1.01911e-21)
(0.83485 0.135634 -2.37797e-20)
(1.03321 0.189574 2.31191e-20)
(1.18637 0.234527 2.98729e-21)
(1.29125 0.266375 5.16936e-21)
(1.353 0.284616 -2.81484e-20)
(1.38148 0.291255 3.50287e-21)
(1.38749 0.289378 -1.08022e-20)
(1.38024 0.282018 -1.56137e-20)
(1.36633 0.271556 1.94825e-20)
(1.34976 0.259572 8.20297e-21)
(1.33269 0.246987 -1.56096e-20)
(1.31607 0.234284 5.42218e-21)
(1.30025 0.2217 -1.28577e-20)
(1.28532 0.209358 -7.48619e-21)
(1.27126 0.197328 -1.50723e-20)
(1.25803 0.185659 -1.90081e-20)
(1.24558 0.174389 -1.42126e-20)
(0.125238 0.00916568 -2.6605e-20)
(0.379463 0.0424973 1.40575e-20)
(0.632165 0.0966235 -1.12433e-20)
(0.864979 0.156578 -6.44791e-20)
(1.06006 0.212631 -5.99984e-20)
(1.20674 0.257593 1.81683e-20)
(1.304 0.287981 1.61512e-20)
(1.3587 0.304051 1.1893e-20)
(1.38163 0.308418 -1.811e-20)
(1.38385 0.304522 7.52972e-21)
(1.37434 0.295522 4.53299e-20)
(1.35924 0.28377 4.99857e-20)
(1.34216 0.270766 -6.15203e-20)
(1.32495 0.257346 5.23966e-21)
(1.30838 0.24393 -2.6346e-20)
(1.2927 0.230721 -1.0072e-20)
(1.27796 0.217818 2.76099e-20)
(1.26413 0.205279 2.76736e-20)
(1.25115 0.193147 5.20243e-20)
(1.23896 0.181452 5.61428e-20)
(0.133985 0.0130862 -3.15676e-20)
(0.400279 0.0538971 -5.49874e-20)
(0.659405 0.114327 1.49723e-19)
(0.893023 0.178503 -3.14215e-20)
(1.08423 0.236343 1.10878e-19)
(1.22421 0.280974 9.00957e-21)
(1.31401 0.309644 9.57597e-21)
(1.36205 0.323397 1.01968e-19)
(1.37995 0.32544 5.43998e-20)
(1.37886 0.319529 7.40519e-21)
(1.36744 0.308908 1.0609e-20)
(1.35141 0.295884 -7.16447e-20)
(1.334 0.281865 3.5671e-20)
(1.31675 0.267605 1.59918e-20)
(1.30029 0.253466 1.98504e-20)
(1.28481 0.239619 2.15898e-20)
(1.27029 0.226142 -3.28101e-21)
(1.25671 0.213085 2.31791e-20)
(1.244 0.200479 -5.90431e-21)
(1.23209 0.188351 -3.32243e-20)
(0.142631 0.0174488 1.47108e-19)
(0.42044 0.0662512 -7.15955e-20)
(0.685206 0.133088 -7.70395e-20)
(0.91885 0.201295 2.90803e-19)
(1.10566 0.260589 6.60666e-20)
(1.2388 0.30456 -7.06102e-20)
(1.32137 0.33128 6.57865e-20)
(1.3632 0.342598 -1.52516e-20)
(1.37656 0.342284 -2.70934e-20)
(1.37259 0.33437 -2.78821e-20)
(1.35961 0.322152 3.27745e-20)
(1.34289 0.307873 1.05692e-20)
(1.32527 0.292844 3.46426e-20)
(1.30808 0.277739 -1.69493e-21)
(1.2918 0.262869 4.27791e-20)
(1.27655 0.248373 -2.55099e-20)
(1.2623 0.234313 -3.68208e-20)
(1.249 0.220728 1.01034e-20)
(1.23658 0.207642 -5.69523e-20)
(1.22498 0.195075 2.44916e-20)
(1.21413 0.183047 3.30436e-21)
(0.151115 0.0222454 -1.01132e-19)
(0.439807 0.0795126 1.55268e-19)
(0.70941 0.152815 -1.94611e-19)
(0.942345 0.224832 -2.1258e-19)
(1.12432 0.285244 -2.64884e-19)
(1.25058 0.328248 -2.00005e-19)
(1.32618 0.352812 1.20562e-19)
(1.36226 0.361598 -3.34278e-20)
(1.37156 0.358912 1.09243e-19)
(1.36513 0.349015 6.88996e-20)
(1.35089 0.335226 -1.06943e-19)
(1.33367 0.319709 -5.40938e-20)
(1.31599 0.303675 -6.52906e-21)
(1.29894 0.287723 -6.865e-21)
(1.2829 0.272115 6.14863e-21)
(1.26792 0.256961 9.22178e-21)
(1.25398 0.242311 3.35162e-20)
(1.24099 0.228192 -1.13324e-19)
(1.22889 0.214622 3.60271e-20)
(1.21762 0.201612 5.08475e-20)
(1.2071 0.18918 -1.02407e-19)
(0.159377 0.0274633 1.71562e-19)
(0.458251 0.0936243 5.41429e-20)
(0.731879 0.173406 1.17633e-19)
(0.963417 0.248987 2.03861e-19)
(1.14019 0.310183 9.73213e-20)
(1.2596 0.351932 -2.60044e-20)
(1.32855 0.374161 1.37842e-19)
(1.35933 0.380345 1.63809e-19)
(1.36504 0.375283 -1.589e-19)
(1.35653 0.363431 -1.6122e-19)
(1.34132 0.3481 1.92165e-19)
(1.3238 0.331362 5.52394e-20)
(1.30617 0.314331 -3.47433e-20)
(1.28933 0.29753 5.13362e-20)
(1.27358 0.281179 3.88922e-21)
(1.25893 0.265363 -4.68182e-20)
(1.24532 0.250117 5.22415e-20)
(1.23267 0.235461 7.13642e-20)
(1.22093 0.221402 -7.53091e-20)
(1.21001 0.207949 -4.91406e-20)
(1.19984 0.195114 6.46689e-20)
(0.167358 0.0330847 -3.18517e-19)
(0.475648 0.10852 -1.00946e-19)
(0.752488 0.194753 7.81704e-20)
(0.981996 0.273632 5.6441e-20)
(1.15329 0.335283 -2.2359e-20)
(1.26592 0.375511 -8.74982e-21)
(1.32858 0.395254 -1.46543e-19)
(1.35453 0.398783 -2.62466e-19)
(1.35709 0.391357 5.25676e-20)
(1.34687 0.377583 1.89439e-19)
(1.33093 0.360742 -2.61584e-19)
(1.31327 0.342802 -1.92807e-19)
(1.2958 0.324781 -1.33076e-19)
(1.27926 0.307132 8.08531e-20)
(1.26385 0.290035 -1.33417e-19)
(1.24957 0.273555 -4.5269e-20)
(1.23633 0.257711 -1.18298e-19)
(1.22406 0.242516 -3.09474e-20)
(1.21269 0.227969 5.50799e-20)
(1.20215 0.214072 -1.13094e-19)
(1.19236 0.200835 -6.03073e-21)
(0.175002 0.0390873 2.06362e-19)
(0.491885 0.124123 1.52229e-19)
(0.771132 0.216737 -7.34462e-21)
(0.99803 0.298634 2.74411e-19)
(1.16363 0.360419 -1.271e-19)
(1.26963 0.398885 -3.55872e-20)
(1.32637 0.416015 -4.08636e-20)
(1.34794 0.41686 -1.57817e-20)
(1.34778 0.407092 -5.87036e-20)
(1.33618 0.391436 9.82874e-21)
(1.31975 0.373117 1.1072e-19)
(1.3021 0.353996 1.12072e-20)
(1.28489 0.334994 1.13787e-19)
(1.26872 0.3165 -1.48584e-19)
(1.25371 0.298659 1.42214e-19)
(1.23983 0.281514 7.63725e-20)
(1.22701 0.265073 8.29025e-21)
(1.21514 0.249339 -2.4902e-20)
(0.182255 0.0454444 -4.7799e-19)
(0.506859 0.140353 -2.22838e-20)
(0.78772 0.239237 -2.57312e-19)
(1.01149 0.323856 -4.3022e-19)
(1.17125 0.38547 7.7447e-21)
(1.27082 0.421958 1.54158e-19)
(1.32203 0.436373 -9.39462e-20)
(1.33967 0.434521 2.76278e-19)
(1.33719 0.422446 8.11695e-20)
(1.32451 0.404952 -1.82337e-20)
(1.3078 0.38519 -1.27705e-19)
(1.29031 0.36491 2.46953e-19)
(1.27345 0.344938 1.27328e-19)
(1.2577 0.325605 2.64383e-20)
(1.24315 0.307023 -2.07713e-20)
(0.189066 0.0521253 3.12585e-19)
(0.520479 0.157119 -2.22664e-19)
(0.802181 0.262127 5.17067e-19)
(1.02235 0.349166 9.8326e-20)
(1.17619 0.410316 1.39715e-20)
(1.26955 0.444633 -1.64341e-19)
(1.31565 0.456257 -4.09857e-20)
(1.32981 0.451713 -7.48972e-20)
(1.32538 0.437374 2.75815e-19)
(1.31191 0.41809 -1.98688e-19)
(1.29512 0.396922 2.78447e-19)
(1.27791 0.375507 -1.03905e-19)
(0.195386 0.0590954 1.26939e-19)
(0.532664 0.174326 1.4156e-19)
(0.814459 0.285276 -6.04888e-19)
(1.03063 0.374426 -2.59662e-19)
(1.17852 0.434838 7.11609e-20)
(1.26594 0.466819 -3.82755e-20)
(1.30733 0.475598 4.17428e-19)
(1.31842 0.468383 -3.85669e-19)
(1.31242 0.451832 -3.64651e-19)
(1.29841 0.43081 -1.3189e-19)
(0.201173 0.0663167 6.72197e-20)
(0.543347 0.191873 2.20145e-19)
(0.824515 0.308552 1.38582e-19)
(1.03632 0.399505 1.95573e-19)
(1.17829 0.458921 8.22075e-20)
(1.26006 0.488426 2.4634e-19)
(1.29716 0.494327 -3.10807e-19)
(1.30561 0.484477 2.1713e-19)
(0.206387 0.073748 -1.11268e-19)
(0.552469 0.209659 1.00585e-19)
(0.832326 0.331822 1.57649e-19)
(1.03948 0.42427 2.48838e-20)
(1.17558 0.482454 -3.65308e-20)
(1.25203 0.509367 1.10227e-19)
(0.210994 0.0813458 -3.73138e-20)
(0.559989 0.227575 -4.22174e-19)
(0.837883 0.354954 -3.84901e-19)
(1.04013 0.448592 -8.00395e-22)
(1.17048 0.505328 5.50227e-20)
(0.214964 0.0890641 -2.95993e-19)
(0.565875 0.245514 2.99077e-19)
(0.841192 0.377815 -1.46018e-19)
(0.218272 0.0968554 3.38346e-20)
(-9.90441e-05 0.0448049 1.38456e-20)
(-0.00303072 0.10689 -9.56327e-21)
(-0.0103852 0.148045 3.12438e-21)
(-0.0206693 0.17212 -1.37968e-20)
(-0.0332267 0.182996 -1.54138e-20)
(-0.0474671 0.184297 5.0595e-21)
(-0.0628588 0.179097 3.70312e-21)
(-0.0789856 0.169735 -2.59923e-20)
(-0.183494 -0.529392 -4.18121e-22)
(-0.172944 -0.573713 1.8824e-21)
(-0.157588 -0.605289 -2.23306e-22)
(-0.138308 -0.62233 3.84004e-21)
(-0.112347 -0.622108 -1.14412e-21)
(-0.0782996 -0.602279 -6.62437e-21)
(-0.0353621 -0.561542 2.45516e-21)
(-0.149984 -0.534181 -8.94819e-21)
(-0.144691 -0.579607 2.89216e-21)
(-0.135875 -0.613005 -2.02564e-21)
(-0.125062 -0.632792 -3.19687e-22)
(-0.109047 -0.636394 2.15358e-21)
(-0.0856262 -0.621156 -2.81516e-21)
(-0.0530071 -0.585095 -3.77935e-21)
(-0.104989 -0.536413 8.21576e-21)
(-0.104136 -0.582095 -1.774e-20)
(-0.101136 -0.616452 9.86218e-21)
(-0.0982656 -0.638209 -1.04327e-20)
(-0.0921862 -0.645159 1.33132e-20)
(-0.0800496 -0.634573 -1.17807e-20)
(-0.0590153 -0.603858 -6.70014e-22)
(-0.0501748 -0.53651 7.97991e-21)
(-0.0528302 -0.581698 5.41728e-21)
(-0.0546635 -0.616071 -5.38474e-20)
(-0.0587443 -0.638803 2.03007e-20)
(-0.0619581 -0.648256 2.59223e-20)
(-0.0611037 -0.641963 -6.60403e-21)
(-0.0524604 -0.616924 -2.23818e-20)
(-0.0332029 -0.570731 7.01192e-21)
(0.012678 -0.534945 -1.18076e-20)
(0.00735287 -0.578981 -5.64845e-20)
(0.00175773 -0.612504 2.05857e-20)
(-0.00798625 -0.635134 -5.46593e-21)
(-0.0193019 -0.64594 7.39031e-21)
(-0.0290067 -0.643137 -1.481e-20)
(-0.0328286 -0.623606 3.10212e-21)
(-0.0267522 -0.584151 1.81557e-20)
(0.0818634 -0.532399 2.4244e-20)
(0.0745238 -0.574302 -1.08392e-20)
(0.0660772 -0.606407 1.50181e-20)
(0.0520427 -0.628005 -2.56805e-20)
(0.0341718 -0.638907 1.58862e-21)
(0.0152668 -0.638428 1.20845e-20)
(-0.000271698 -0.623637 8.051e-24)
(-0.00761334 -0.591024 -8.78655e-21)
(0.15581 -0.528675 -1.50354e-20)
(0.147161 -0.568211 6.08472e-20)
(0.136191 -0.598353 -6.18523e-20)
(0.119116 -0.618005 1.81509e-21)
(0.0963371 -0.628254 1.38649e-20)
(0.0700505 -0.628715 -6.77625e-20)
(0.0443319 -0.61738 6.41428e-20)
(0.0241862 -0.59099 -1.55081e-20)
(0.233328 -0.523439 -9.53833e-20)
(0.223664 -0.561231 -8.35415e-20)
(0.210578 -0.588915 7.17686e-20)
(0.191013 -0.606059 9.15751e-21)
(0.164666 -0.614581 -3.5121e-20)
(0.133169 -0.614652 5.58299e-21)
(0.0993816 -0.605721 1.45985e-20)
(0.0679466 -0.584387 9.05934e-21)
(0.313365 -0.517061 1.35622e-20)
(0.302729 -0.553314 -5.02685e-20)
(0.287754 -0.578534 -3.33861e-20)
(0.266198 -0.59306 4.88871e-20)
(0.237262 -0.598847 -2.49216e-20)
(0.201906 -0.597364 5.05123e-20)
(0.162347 -0.589063 -1.63191e-20)
(0.122155 -0.571753 -1.96059e-20)
(0.395005 -0.509585 1.05535e-20)
(0.383249 -0.544311 -4.53857e-21)
(0.366435 -0.567254 -1.91266e-20)
(0.343049 -0.579263 -2.85171e-20)
(0.3122 -0.58232 -3.06038e-21)
(0.274394 -0.578433 8.08277e-20)
(0.230822 -0.56894 -4.36547e-20)
(0.184186 -0.553639 -1.04977e-20)
(0.477355 -0.500927 9.32881e-20)
(0.464238 -0.534117 -8.58366e-21)
(0.445518 -0.555017 -4.30592e-20)
(0.420263 -0.564772 4.29274e-20)
(0.387791 -0.565319 -8.09937e-20)
(0.348422 -0.558866 5.02272e-20)
(0.302642 -0.547433 -5.62487e-20)
(0.251999 -0.531838 5.155e-20)
(0.559487 -0.490978 -1.73387e-19)
(0.544729 -0.522639 5.50704e-20)
(0.524001 -0.54173 -5.67131e-20)
(0.496764 -0.549585 4.75094e-20)
(0.462724 -0.548019 2.06717e-22)
(0.422238 -0.539186 1.12775e-20)
(0.375428 -0.525458 3.61241e-20)
(0.322889 -0.508539 -2.4579e-20)
(0.640415 -0.479655 -5.65969e-20)
(0.623726 -0.509789 -3.32146e-20)
(0.600904 -0.527296 2.8886e-20)
(0.571595 -0.533633 -6.81488e-20)
(0.535957 -0.530451 7.45165e-20)
(0.494519 -0.519687 -7.54401e-20)
(0.447324 -0.503754 1.41796e-20)
(0.394373 -0.484904 3.15497e-20)
(0.7191 -0.466891 5.05196e-20)
(0.700213 -0.495507 1.3129e-19)
(0.675257 -0.511646 -1.23583e-19)
(0.643857 -0.516844 7.65355e-20)
(0.606609 -0.512562 -4.98321e-20)
(0.564271 -0.500449 -2.84962e-20)
(0.516973 -0.482743 7.78145e-22)
(0.464483 -0.461874 -2.03626e-21)
(0.406984 -0.439496 1.57952e-20)
(0.794468 -0.452643 -1.68855e-19)
(0.773183 -0.479778 3.79021e-20)
(0.746119 -0.494758 1.39498e-19)
(0.712703 -0.499183 -1.01494e-19)
(0.673912 -0.494295 1.97777e-20)
(0.630724 -0.481436 -4.63877e-20)
(0.583424 -0.462567 5.45548e-20)
(0.531799 -0.440016 -1.37573e-20)
(0.475548 -0.415876 -4.02223e-20)
(0.865461 -0.43691 -6.19007e-20)
(0.841688 -0.462636 -4.18356e-21)
(0.812621 -0.476671 5.03196e-20)
(0.777365 -0.480669 -8.28443e-20)
(0.737191 -0.475623 6.80333e-20)
(0.693265 -0.46258 -8.3575e-20)
(0.646019 -0.4432 7.53657e-20)
(0.595389 -0.41955 -3.173e-20)
(0.540951 -0.393793 -4.18322e-21)
(0.931095 -0.419745 -2.64046e-19)
(0.904891 -0.444179 2.29136e-19)
(0.874023 -0.457484 1.97004e-20)
(0.837198 -0.461373 -1.22079e-19)
(0.795892 -0.456563 -7.4303e-20)
(0.751412 -0.443827 4.15786e-20)
(0.704304 -0.424543 4.32729e-20)
(0.654684 -0.400464 -2.80744e-20)
(0.602226 -0.373582 4.35422e-21)
(0.990544 -0.401278 8.00086e-20)
(0.96213 -0.424565 1.02525e-20)
(0.929763 -0.437352 7.27047e-20)
(0.891722 -0.441417 -1.30863e-20)
(0.849607 -0.437179 -5.20032e-20)
(0.804821 -0.42516 -7.28104e-20)
(0.757985 -0.406493 6.17897e-21)
(0.709375 -0.382624 4.13174e-20)
(0.658855 -0.355265 1.34763e-21)
(1.04321 -0.381712 -2.52416e-20)
(1.01297 -0.404014 -1.10361e-19)
(0.979489 -0.416484 1.24102e-19)
(0.940645 -0.420965 -2.61732e-20)
(0.898099 -0.41757 4.02817e-21)
(0.853294 -0.406596 -4.58744e-20)
(0.806902 -0.388966 4.04562e-20)
(0.75933 -0.365856 1.37241e-21)
(0.710639 -0.338679 1.36603e-20)
(0.660323 -0.309214 -1.55599e-21)
(1.08881 -0.361321 2.79954e-19)
(1.05723 -0.38279 -7.66139e-20)
(1.02308 -0.395121 9.00109e-20)
(0.983882 -0.400208 -9.48643e-20)
(0.941302 -0.397858 3.94335e-20)
(0.896783 -0.388174 -3.25343e-20)
(0.851031 -0.371906 -1.91436e-20)
(0.804555 -0.349996 -3.59661e-20)
(0.757586 -0.323583 1.05265e-20)
(0.709863 -0.294144 1.11556e-20)
(1.12735 -0.340419 -7.33128e-21)
(1.09501 -0.361184 8.96233e-20)
(1.06064 -0.37352 -1.36677e-19)
(1.02154 -0.379347 -2.65048e-21)
(0.979314 -0.378176 1.97227e-19)
(0.935382 -0.369955 -4.51356e-20)
(0.890467 -0.355284 -1.6522e-20)
(0.845164 -0.334905 -4.11973e-20)
(0.799839 -0.309725 -8.81908e-21)
(0.754456 -0.280934 2.93177e-20)
(1.15915 -0.319338 -2.27105e-20)
(1.12663 -0.339485 8.58859e-20)
(1.09248 -0.351934 -2.9241e-20)
(1.05387 -0.358579 1.52862e-20)
(1.01237 -0.358656 7.5199e-21)
(0.969302 -0.352001 -7.0161e-20)
(0.925412 -0.339085 8.13959e-21)
(0.881367 -0.320474 2.72507e-20)
(0.837638 -0.296881 5.34733e-21)
(0.794367 -0.269254 6.30385e-21)
(1.18479 -0.298387 -7.11191e-20)
(1.15261 -0.317955 1.75879e-19)
(1.11904 -0.330589 -3.99297e-20)
(1.08128 -0.338079 2.31644e-20)
(1.04081 -0.339419 -4.84402e-20)
(0.998849 -0.334374 1.29148e-19)
(0.956153 -0.323303 -4.56729e-20)
(0.913453 -0.306618 -4.51977e-20)
(0.871293 -0.284866 -8.5972e-21)
(0.829952 -0.258798 1.52838e-20)
(0.789376 -0.229314 8.39644e-21)
(1.20501 -0.277837 -1.39699e-19)
(1.17359 -0.296815 1.44286e-19)
(1.14087 -0.309674 -1.5102e-19)
(1.10423 -0.317995 1.4052e-19)
(1.06504 -0.320569 5.08908e-21)
(1.02439 -0.317133 -2.06219e-21)
(0.983035 -0.307945 -4.84813e-20)
(0.941762 -0.293276 5.32154e-20)
(0.901163 -0.273538 1.51092e-20)
(0.861614 -0.249312 -3.84554e-20)
(0.823241 -0.221284 9.59153e-21)
(1.22059 -0.257904 3.71077e-20)
(1.19024 -0.276237 1.04189e-19)
(1.15854 -0.289342 -1.46239e-19)
(1.1232 -0.298454 -2.64067e-20)
(1.08548 -0.302207 -4.68034e-20)
(1.04632 -0.300347 5.83211e-20)
(1.00644 -0.293037 -2.68209e-20)
(0.966677 -0.280424 1.18128e-21)
(0.927646 -0.262802 3.77981e-20)
(0.889791 -0.240604 -1.48145e-20)
(0.853368 -0.214349 1.0485e-20)
(1.2323 -0.238743 -6.04694e-20)
(1.20322 -0.256335 1.63387e-19)
(1.1726 -0.269689 4.28345e-21)
(1.13869 -0.279529 5.46994e-20)
(1.1026 -0.284385 -5.1729e-20)
(1.06506 -0.284043 -9.16814e-20)
(1.02679 -0.278573 9.5748e-20)
(0.988611 -0.268012 -3.31825e-20)
(0.951167 -0.252547 -1.07261e-20)
(0.914937 -0.232491 3.49816e-20)
(0.880268 -0.208227 -2.44808e-20)
(0.847277 -0.180265 5.0571e-22)
(1.24083 -0.220381 1.33342e-22)
(1.21311 -0.23709 2.55897e-19)
(1.18357 -0.250669 -1.82452e-19)
(1.15117 -0.261144 1.3196e-19)
(1.11683 -0.267008 -1.26093e-20)
(1.08105 -0.268097 -7.44383e-20)
(1.0445 -0.26439 9.15255e-20)
(1.00799 -0.255829 -3.32398e-20)
(0.972161 -0.242512 -1.96489e-20)
(0.937507 -0.224648 1.18831e-20)
(0.904439 -0.202509 1.35441e-20)
(0.873199 -0.176468 -1.42616e-20)
(1.24671 -0.202831 -6.00474e-20)
(1.22043 -0.218633 -1.40679e-19)
(1.19197 -0.232493 -5.72006e-21)
(1.16113 -0.243562 6.76058e-22)
(1.12864 -0.250372 5.0026e-20)
(1.09474 -0.252809 7.18194e-20)
(1.06003 -0.250768 -8.6593e-20)
(1.02526 -0.244122 4.3148e-20)
(0.991063 -0.232889 3.11537e-20)
(0.957945 -0.217181 -1.89363e-20)
(0.92635 -0.197186 -2.20773e-20)
(0.896616 -0.173175 1.72164e-20)
(1.2503 -0.186895 4.16839e-20)
(1.22559 -0.201963 2.87213e-20)
(1.19825 -0.216271 3.75854e-20)
(1.16905 -0.228007 -2.87803e-20)
(1.13851 -0.23581 -2.87619e-20)
(1.10663 -0.239605 9.39192e-20)
(1.07386 -0.239219 -4.56337e-20)
(1.04089 -0.234454 3.00505e-20)
(1.00834 -0.225256 -2.75947e-20)
(0.976719 -0.211655 -4.64285e-20)
(0.946491 -0.193767 2.08911e-20)
(0.918064 -0.17178 4.34519e-21)
(1.25162 -0.171544 -1.83349e-19)
(1.22899 -0.184896 1.66331e-19)
(1.20282 -0.199161 1.25572e-19)
(1.17532 -0.211279 -1.09226e-19)
(1.14686 -0.220002 -3.44409e-20)
(1.11711 -0.225145 1.87303e-20)
(1.08637 -0.226432 1.92059e-20)
(1.05525 -0.223602 -6.96287e-20)
(1.02437 -0.216538 2.4852e-20)
(0.994217 -0.205211 2.28917e-20)
(0.965285 -0.189674 1.52538e-21)
(0.938025 -0.170061 -1.877e-21)
(0.912836 -0.146568 -1.28701e-21)
(1.25203 -0.145092 0)
(1.23202 -0.158775 0)
(1.20672 -0.171817 0)
(1.18096 -0.183422 0)
(1.1547 -0.19228 0)
(1.12724 -0.197808 0)
(1.09865 -0.199822 0)
(1.06949 -0.198188 0)
(1.04032 -0.19277 0)
(1.01164 -0.183472 0)
(0.983946 -0.170283 0)
(0.957712 -0.153278 0)
(0.93342 -0.132579 0)
(1.24315 -0.133092 0)
(1.22633 -0.147396 0)
(1.20273 -0.159436 0)
(1.17876 -0.169715 0)
(1.15471 -0.177527 0)
(1.1296 -0.182262 0)
(1.10337 -0.18368 0)
(1.07657 -0.18167 0)
(1.04976 -0.17613 0)
(1.02342 -0.166988 0)
(0.997986 -0.154247 0)
(0.973911 -0.137989 0)
(0.951645 -0.118339 0)
(1.23321 -0.120937 0)
(1.2184 -0.135008 0)
(1.19665 -0.146311 0)
(1.17435 -0.15551 0)
(1.15221 -0.162467 0)
(1.12924 -0.166679 0)
(1.10524 -0.167841 0)
(1.08069 -0.165826 0)
(1.05615 -0.160545 0)
(1.03209 -0.151931 0)
(1.00891 -0.139977 0)
(0.987043 -0.124748 0)
(0.966902 -0.106355 0)
(1.25535 -0.0767214 1.26073e-19)
(1.25561 -0.0882543 4.44861e-20)
(1.24358 -0.0822184 2.41929e-19)
(1.25531 -0.101033 4.98892e-20)
(1.24318 -0.0942259 -3.63424e-19)
(1.25519 -0.112721 1.67544e-20)
(1.24341 -0.104492 -1.84125e-19)
(1.23378 -0.0948705 1.46065e-19)
(1.25426 -0.129918 -2.2672e-19)
(1.24318 -0.120282 1.38058e-19)
(1.23349 -0.109599 -1.30392e-19)
)
;

boundaryField
{
    inlet
    {
        type            uniformFixedValue;
        uniformValue    constant (1 0 0);
        value           nonuniform 0();
    }
    outlet
    {
        type            pressureInletOutletVelocity;
        value           nonuniform 0();
    }
    cylinder
    {
        type            fixedValue;
        value           uniform (0 0 0);
    }
    top
    {
        type            symmetryPlane;
    }
    bottom
    {
        type            symmetryPlane;
    }
    defaultFaces
    {
        type            empty;
    }
    procBoundary9to5
    {
        type            processor;
        value           nonuniform List<vector> 
33
(
(-0.0955265 0.157733 -4.23925e-21)
(-0.112233 0.143837 3.54851e-21)
(-0.128904 0.128153 1.3111e-20)
(-0.145358 0.11035 1.74396e-20)
(-0.161417 0.0898417 -1.38428e-21)
(-0.176883 0.0659446 -1.30152e-20)
(-0.19153 0.0379833 1.37589e-21)
(-0.205086 0.00535932 -2.16443e-20)
(-0.217235 -0.0323935 1.96679e-20)
(-0.227609 -0.0755394 2.15482e-20)
(-0.235802 -0.124069 -1.27031e-20)
(-0.241382 -0.177604 3.36537e-20)
(-0.243925 -0.235313 5.81476e-22)
(-0.243051 -0.29584 -1.76759e-22)
(-0.23849 -0.357265 -6.93131e-21)
(-0.230181 -0.417218 1.02461e-20)
(-0.21808 -0.473378 1.70559e-20)
(0.00090092 0.043269 1.01789e-20)
(-0.000960957 0.102914 2.1431e-20)
(-0.00807758 0.142147 -7.95264e-21)
(-0.0186031 0.164754 -3.69576e-20)
(-0.0316983 0.174564 1.56865e-20)
(-0.0466469 0.175131 -2.4076e-20)
(-0.0628349 0.169461 9.37802e-22)
(-0.079803 0.159833 -4.81775e-21)
(-0.0955265 0.157733 -4.23925e-21)
(-0.204208 -0.521679 4.06393e-22)
(-0.187883 -0.564087 -1.81352e-21)
(-0.165641 -0.593152 2.20236e-22)
(-0.137909 -0.606947 -3.83489e-21)
(-0.102586 -0.602782 1.103e-21)
(-0.0590715 -0.578742 6.77396e-21)
(-0.00747865 -0.534168 -2.50563e-21)
)
;
    }
    procBoundary9to6
    {
        type            processor;
        value           uniform (0.0157254 -0.500248 -4.5285e-21);
    }
    procBoundary9to8
    {
        type            processor;
        value           nonuniform List<vector> 
29
(
(1.20418 0.234307 -9.26782e-21)
(1.19404 0.219968 -4.92132e-20)
(1.22973 0.289216 1.66033e-20)
(1.21735 0.272182 -8.60351e-20)
(1.20418 0.234307 -9.26782e-21)
(1.20593 0.255912 -1.25789e-19)
(1.26148 0.35458 1.95897e-19)
(1.24623 0.334417 2.7754e-20)
(1.22973 0.289216 1.66033e-20)
(1.23218 0.3151 6.01617e-20)
(1.28171 0.408277 -1.18207e-19)
(1.26148 0.35458 1.95897e-19)
(1.2649 0.385753 8.99214e-20)
(1.29835 0.465774 -3.40512e-19)
(1.28171 0.408277 -1.18207e-19)
(1.28406 0.443071 -2.5502e-19)
(1.28524 0.51238 -7.5989e-20)
(1.29835 0.465774 -3.40512e-19)
(1.29143 0.499943 2.90463e-19)
(1.28524 0.51238 -7.5989e-20)
(1.24193 0.529557 -1.07138e-19)
(1.03833 0.472345 -3.46902e-19)
(1.24193 0.529557 -1.07138e-19)
(1.16307 0.527439 3.25221e-19)
(0.570105 0.263368 3.91996e-19)
(1.03833 0.472345 -3.46902e-19)
(0.842273 0.400275 -2.31697e-19)
(0.570105 0.263368 3.91996e-19)
(0.2209 0.104671 2.95137e-19)
)
;
    }
    procBoundary9to10
    {
        type            processor;
        value           nonuniform List<vector> 
38
(
(-0.0107645 -0.527774 -8.15913e-21)
(-0.0275391 -0.551561 -3.84445e-21)
(-0.0275391 -0.551561 -3.84445e-21)
(-0.002438 -0.503105 2.80477e-21)
(-0.00836436 -0.523111 7.11978e-21)
(-0.00267046 -0.537616 7.0927e-21)
(0.0151558 -0.545702 -3.44943e-21)
(0.045318 -0.54687 2.29161e-20)
(0.0873837 -0.54121 1.02117e-20)
(0.139913 -0.528479 -2.25031e-20)
(0.200512 -0.509944 4.24971e-20)
(0.267091 -0.487886 1.22118e-20)
(0.336788 -0.4639 2.31184e-20)
(0.336788 -0.4639 2.31184e-20)
(0.345898 -0.41569 8.49937e-21)
(0.414891 -0.391345 -6.33122e-21)
(0.482212 -0.367793 -1.72475e-20)
(0.546172 -0.345998 -2.78539e-20)
(0.605715 -0.326442 -1.14507e-20)
(0.605715 -0.326442 -1.14507e-20)
(0.607422 -0.279235 -4.21376e-21)
(0.660579 -0.263347 5.22167e-21)
(0.708463 -0.24996 3.11771e-21)
(0.751271 -0.238747 -1.37568e-20)
(0.751271 -0.238747 -1.37568e-20)
(0.749035 -0.197596 -3.26048e-21)
(0.785778 -0.190375 -1.72481e-21)
(0.818327 -0.18473 2.20049e-21)
(0.818327 -0.18473 2.20049e-21)
(0.815748 -0.149344 -3.88613e-21)
(0.843781 -0.147068 1.52738e-23)
(0.868904 -0.14554 1.62897e-21)
(0.891729 -0.145975 -5.30758e-22)
(0.891729 -0.145975 -5.30758e-22)
(0.889993 -0.119507 1.95221e-21)
(0.911488 -0.108388 0)
(0.931619 -0.0954736 0)
(0.948911 -0.0849575 0)
)
;
    }
    procBoundary9to12
    {
        type            processor;
        value           nonuniform List<vector> 2((1.18318 0.188238 1.14246e-19) (1.18464 0.206332 -1.09999e-20));
    }
    procBoundary9to13
    {
        type            processor;
        value           nonuniform List<vector> 
58
(
(1.25482 -0.0655381 -1.11895e-19)
(1.25401 -0.0549176 -4.30792e-20)
(1.26479 -0.0405446 6.48462e-19)
(1.25298 -0.0447277 1.78697e-19)
(1.26479 -0.0405446 6.48462e-19)
(1.26306 -0.0304351 -8.70637e-21)
(1.2775 -0.013218 8.42179e-20)
(1.2775 -0.013218 8.42179e-20)
(1.27492 -0.00401853 -2.62917e-20)
(1.27225 0.0049072 2.90361e-20)
(1.26948 0.0135825 1.48243e-19)
(1.28103 0.0267051 1.71386e-19)
(1.28103 0.0267051 1.71386e-19)
(1.27774 0.035204 -8.67516e-21)
(1.27436 0.0435123 7.39894e-20)
(1.27087 0.0516417 -3.34198e-19)
(1.2808 0.0661244 2.2461e-20)
(1.2808 0.0661244 2.2461e-20)
(1.27683 0.0741123 -1.76776e-20)
(1.27273 0.0819672 6.83924e-20)
(1.26849 0.0896919 -4.02108e-20)
(1.2641 0.0972879 -1.10905e-19)
(1.25956 0.104755 -9.21197e-20)
(1.25485 0.112092 1.16138e-19)
(1.24997 0.119297 9.03885e-20)
(1.2449 0.126366 -6.77248e-20)
(1.25156 0.142616 2.4967e-20)
(1.25156 0.142616 2.4967e-20)
(1.24586 0.14974 -1.04729e-20)
(1.23996 0.156721 -2.05874e-21)
(1.23384 0.163551 6.87576e-22)
(1.22749 0.170222 -2.46408e-20)
(1.22092 0.176724 1.32727e-20)
(1.22092 0.176724 1.32727e-20)
(1.20388 0.171572 -5.94676e-20)
(1.19719 0.177332 6.71308e-21)
(1.19029 0.18289 7.08355e-20)
(1.2234 -0.109412 0)
(1.21019 -0.122486 0)
(1.19026 -0.133006 0)
(1.16954 -0.141337 0)
(1.1491 -0.14758 0)
(1.12805 -0.151368 0)
(1.1061 -0.152372 0)
(1.08364 -0.150442 0)
(1.06121 -0.145501 0)
(1.03927 -0.137493 0)
(1.01818 -0.126404 0)
(0.998364 -0.112285 0)
(0.980207 -0.095235 0)
(1.25482 -0.0655381 -1.11895e-19)
(1.24352 -0.0715758 -1.5921e-20)
(1.24352 -0.0715758 -1.5921e-20)
(1.23375 -0.0744912 8.94856e-20)
(1.23349 -0.0855899 1.20901e-20)
(1.23349 -0.0855899 1.20901e-20)
(1.22418 -0.0855964 1.48386e-19)
(1.22376 -0.099254 -2.37389e-19)
)
;
    }
}


// ************************************************************************* //
