/*--------------------------------*- C++ -*----------------------------------*\
  =========                 |
  \\      /  F ield         | OpenFOAM: The Open Source CFD Toolbox
   \\    /   O peration     | Website:  https://openfoam.org
    \\  /    A nd           | Version:  7
     \\/     M anipulation  |
\*---------------------------------------------------------------------------*/
FoamFile
{
    version     2.0;
    format      ascii;
    class       volVectorField;
    location    "40";
    object      U;
}
// * * * * * * * * * * * * * * * * * * * * * * * * * * * * * * * * * * * * * //

dimensions      [0 1 -1 0 0 0 0];

internalField   nonuniform List<vector> 
1987
(
(0.150384 -0.00174821 -6.88834e-23)
(0.165239 -0.00166618 2.19064e-22)
(0.18009 -0.00159021 -2.37579e-23)
(0.194916 -0.00152236 -2.57775e-22)
(0.209697 -0.00146437 1.00517e-22)
(0.224417 -0.00141752 3.52258e-23)
(0.23906 -0.00138259 -2.13103e-23)
(0.253614 -0.00135988 2.17006e-23)
(0.268069 -0.00134917 1.32879e-22)
(0.282416 -0.00134971 -1.46687e-23)
(0.29665 -0.00136033 -1.28269e-22)
(0.310766 -0.00137939 2.46688e-23)
(0.324761 -0.00140496 2.43874e-23)
(0.338634 -0.00143484 5.00044e-23)
(0.352384 -0.00146668 -2.06109e-24)
(0.366012 -0.00149809 -1.0467e-23)
(0.379519 -0.00152675 -7.25177e-23)
(0.392905 -0.00155046 1.30819e-23)
(0.406173 -0.0015674 6.72403e-23)
(0.419323 -0.00157594 -6.69573e-23)
(0.432357 -0.00157504 4.07255e-23)
(0.445274 -0.00156392 1.1066e-23)
(0.458074 -0.00154253 -2.42491e-23)
(0.470755 -0.00151094 1.55588e-23)
(0.483314 -0.0014701 1.05908e-23)
(0.495751 -0.00142082 -3.27122e-23)
(0.508055 -0.00136488 3.40746e-23)
(0.520231 -0.00130345 -3.83012e-24)
(0.532257 -0.0012389 4.86877e-24)
(0.544148 -0.0011723 5.30813e-24)
(0.555868 -0.00110636 -9.66141e-24)
(0.567448 -0.00104153 -8.49709e-24)
(0.578826 -0.0009807 6.05535e-24)
(0.590069 -0.000923204 1.0764e-23)
(0.601067 -0.000872155 2.45126e-24)
(0.611948 -0.000825334 -5.82161e-24)
(0.622528 -0.000786375 -4.22638e-24)
(0.63303 -0.000751065 2.40179e-24)
(0.643152 -0.000724153 2.29343e-24)
(0.653272 -0.000698949 -1.5994e-24)
(0.662893 -0.000682204 4.56767e-24)
(0.672644 -0.000664114 -1.91808e-25)
(0.681719 -0.000654628 2.4089e-24)
(0.691135 -0.000639887 -2.08529e-24)
(0.699609 -0.000634603 -2.07245e-24)
(0.708755 -0.00061945 -2.0986e-24)
(0.716557 -0.00061593 -3.19234e-25)
(0.725532 -0.00059718 4.13254e-25)
(0.732564 -0.000594145 1.10354e-24)
(0.741517 -0.000569484 6.84406e-25)
(0.747639 -0.000567041 -1.64809e-25)
(0.756781 -0.000535082 -3.60395e-26)
(0.761794 -0.000534614 1.74572e-26)
(0.771417 -0.000494939 -2.07361e-25)
(0.775043 -0.000498234 -2.39243e-26)
(0.785538 -0.000452016 1.20807e-25)
(0.787411 -0.000459007 1.84418e-26)
(0.799272 -0.000412052 1.02344e-24)
(0.155759 -0.00565696 6.29708e-23)
(0.170555 -0.00552879 -4.49268e-22)
(0.185346 -0.00540149 2.57003e-22)
(0.200109 -0.00527787 8.06775e-22)
(0.214827 -0.00516037 -9.60341e-22)
(0.229482 -0.00505099 2.21491e-22)
(0.244059 -0.0049512 -7.33255e-24)
(0.258546 -0.00486194 2.0954e-22)
(0.272932 -0.00478357 -3.53251e-22)
(0.28721 -0.0047159 1.14031e-22)
(0.301372 -0.00465821 3.11937e-22)
(0.315415 -0.00460929 -2.14522e-22)
(0.329335 -0.00456756 2.44353e-22)
(0.34313 -0.00453106 -7.99068e-23)
(0.3568 -0.00449769 -1.00391e-23)
(0.370345 -0.00446514 2.24811e-23)
(0.383766 -0.00443123 2.10954e-23)
(0.397065 -0.0043937 9.85076e-23)
(0.410242 -0.00435077 -7.15303e-23)
(0.4233 -0.00430062 -1.30837e-23)
(0.436238 -0.00424224 7.22749e-23)
(0.449057 -0.00417448 -1.2549e-22)
(0.461758 -0.00409739 5.76628e-23)
(0.474339 -0.0040105 -5.3949e-23)
(0.486796 -0.00391503 5.22816e-23)
(0.499132 -0.00381101 4.18198e-23)
(0.511334 -0.00370079 -5.922e-23)
(0.523408 -0.00358447 6.84758e-23)
(0.535334 -0.00346546 -5.54759e-24)
(0.547126 -0.00334327 -4.72671e-23)
(0.558749 -0.00322239 6.99386e-23)
(0.570233 -0.00310094 -1.32837e-23)
(0.581518 -0.00298472 2.03081e-23)
(0.592669 -0.00286949 1.56735e-23)
(0.60358 -0.00276293 -2.25503e-23)
(0.614373 -0.00265737 5.54059e-23)
(0.62487 -0.0025634 -1.96461e-23)
(0.63529 -0.00246857 -4.7933e-24)
(0.645333 -0.00238802 7.57955e-24)
(0.655374 -0.00230275 7.4811e-24)
(0.664921 -0.00223482 -6.88298e-24)
(0.674598 -0.00215624 -1.1601e-23)
(0.683603 -0.00209928 -7.27816e-24)
(0.692948 -0.00202353 6.52616e-24)
(0.701357 -0.00197591 2.84733e-24)
(0.710432 -0.00189883 -9.48826e-26)
(0.718174 -0.00185968 4.28502e-24)
(0.727081 -0.00177734 -2.21366e-24)
(0.734058 -0.00174714 -2.55165e-24)
(0.742943 -0.00165609 -1.16514e-24)
(0.749016 -0.00163682 -9.21266e-26)
(0.758091 -0.00153436 9.39556e-26)
(0.763063 -0.00152912 1.02728e-25)
(0.772616 -0.00141394 3.62197e-25)
(0.776212 -0.00142503 -2.64304e-27)
(0.786632 -0.00129976 1.35389e-24)
(0.788489 -0.00132272 -4.61433e-26)
(0.800267 -0.00120341 -5.24128e-25)
(0.166466 -0.00954441 -1.17222e-21)
(0.181145 -0.00936945 -1.15417e-21)
(0.195813 -0.00919028 2.27078e-22)
(0.210449 -0.00901041 6.20091e-22)
(0.225035 -0.00883301 -1.4613e-22)
(0.239555 -0.00866076 1.09507e-22)
(0.253992 -0.0084958 -1.05103e-22)
(0.268337 -0.00833969 -4.3108e-22)
(0.282577 -0.00819339 4.9605e-22)
(0.296705 -0.0080572 -2.72491e-22)
(0.310715 -0.00793092 -3.2452e-22)
(0.324601 -0.0078137 3.82288e-22)
(0.338362 -0.00770434 -2.02937e-22)
(0.351994 -0.00760112 -2.56805e-22)
(0.365498 -0.00750219 -1.37666e-23)
(0.378873 -0.00740534 -1.1422e-22)
(0.392121 -0.00730853 1.21893e-22)
(0.405243 -0.00720947 -3.70622e-23)
(0.41824 -0.00710642 3.87562e-23)
(0.431114 -0.00699739 -1.21019e-22)
(0.443866 -0.0068814 1.40717e-22)
(0.456498 -0.00675695 -4.73283e-23)
(0.469008 -0.00662419 -1.54203e-22)
(0.481398 -0.00648213 1.87085e-22)
(0.493663 -0.00633224 -1.16672e-22)
(0.505805 -0.0061738 -5.20778e-23)
(0.517814 -0.00600971 5.50763e-23)
(0.529696 -0.00583899 5.81429e-24)
(0.541431 -0.00566608 -1.47052e-22)
(0.553034 -0.00548893 1.33896e-22)
(0.56447 -0.0053138 -8.02391e-23)
(0.57577 -0.00513646 4.12033e-23)
(0.586873 -0.00496559 3.16946e-23)
(0.597846 -0.00479341 -4.089e-23)
(0.608582 -0.00463209 1.65645e-23)
(0.619204 -0.00446859 -2.95486e-23)
(0.629534 -0.00432034 -4.87386e-24)
(0.639789 -0.00416677 -6.90003e-24)
(0.649674 -0.00403328 1.50826e-23)
(0.659558 -0.00388868 1.27285e-23)
(0.668955 -0.00377021 -1.94232e-27)
(0.67848 -0.00363184 8.41376e-24)
(0.687345 -0.00352798 -5.75888e-24)
(0.696544 -0.00339191 1.38244e-23)
(0.704822 -0.00330245 -1.1684e-23)
(0.713758 -0.00316415 1.38468e-23)
(0.721378 -0.00308978 1.65407e-24)
(0.730149 -0.00294458 -4.25745e-24)
(0.737016 -0.00288753 7.18113e-25)
(0.745768 -0.00273089 -9.65042e-25)
(0.751744 -0.00269499 6.00364e-25)
(0.760685 -0.00252295 -3.3624e-25)
(0.765577 -0.00251295 -3.64413e-25)
(0.774993 -0.00232334 7.9561e-26)
(0.77853 -0.00234206 2.10251e-25)
(0.788803 -0.00213896 -3.3039e-24)
(0.790628 -0.00217753 -9.12683e-26)
(0.802243 -0.00198717 -6.53609e-25)
(0.182286 -0.0133965 -3.51242e-22)
(0.196791 -0.0131734 -5.10535e-22)
(0.211277 -0.0129412 5.27142e-24)
(0.225723 -0.012704 -1.13597e-21)
(0.240112 -0.0124659 5.97744e-22)
(0.254427 -0.01223 3.44202e-22)
(0.268654 -0.0119992 1.08142e-22)
(0.282783 -0.0117757 2.95172e-22)
(0.296802 -0.011561 -7.95231e-22)
(0.310704 -0.0113558 -2.6754e-22)
(0.324482 -0.0111605 4.06514e-23)
(0.338133 -0.0109746 9.14908e-22)
(0.351653 -0.0107972 -2.16418e-22)
(0.365041 -0.010627 2.64363e-22)
(0.378296 -0.0104621 2.52878e-22)
(0.391417 -0.0103007 -3.9035e-22)
(0.404408 -0.0101407 1.91032e-22)
(0.417268 -0.00997994 -2.02779e-22)
(0.43 -0.00981664 3.08548e-22)
(0.442606 -0.00964864 2.86399e-22)
(0.455086 -0.00947505 -1.72133e-22)
(0.467444 -0.00929402 -4.65841e-23)
(0.479677 -0.0091058 -2.79144e-23)
(0.491788 -0.00890888 -1.35117e-22)
(0.503774 -0.00870499 1.46798e-22)
(0.515637 -0.00849266 3.4209e-23)
(0.527367 -0.00827533 8.09156e-23)
(0.53897 -0.00805095 -2.00497e-22)
(0.550429 -0.00782497 1.44359e-22)
(0.561756 -0.00759377 -9.17965e-23)
(0.57292 -0.00736536 -4.35842e-23)
(0.583951 -0.00713319 -5.05229e-23)
(0.59479 -0.00690874 3.15131e-23)
(0.605501 -0.00668076 4.05395e-23)
(0.615982 -0.0064658 4.79351e-24)
(0.62635 -0.00624555 9.5686e-24)
(0.636436 -0.00604415 1.68005e-23)
(0.646447 -0.00583303 -2.29395e-23)
(0.656098 -0.00564768 2.61125e-23)
(0.665749 -0.00544494 -1.88488e-23)
(0.674925 -0.00527695 -1.7883e-23)
(0.684226 -0.00507998 1.59624e-23)
(0.692882 -0.00493017 1.8164e-25)
(0.701866 -0.00473496 3.209e-24)
(0.709949 -0.00460448 -1.0209e-23)
(0.718678 -0.00440617 -1.77169e-24)
(0.726119 -0.0042973 -1.22695e-23)
(0.734689 -0.00409049 7.65992e-24)
(0.741393 -0.00400715 3.40945e-24)
(0.749948 -0.00378629 -2.18666e-25)
(0.755783 -0.00373411 5.25782e-25)
(0.764526 -0.00349399 5.80232e-26)
(0.7693 -0.00347932 -1.49169e-26)
(0.778514 -0.00321702 -1.35484e-24)
(0.781964 -0.00324308 -1.61123e-25)
(0.792022 -0.00296418 1.73233e-24)
(0.793801 -0.00301778 9.62598e-27)
(0.805176 -0.00275845 -4.35017e-24)
(0.202907 -0.0171993 -1.38582e-21)
(0.217183 -0.0169261 1.74917e-21)
(0.231428 -0.0166391 -1.23524e-21)
(0.245623 -0.0163433 8.70155e-23)
(0.259751 -0.0160431 1.61062e-21)
(0.273796 -0.0157425 -7.53455e-22)
(0.287746 -0.015445 -6.34667e-22)
(0.301589 -0.0151533 4.29924e-22)
(0.315316 -0.0148694 1.16885e-22)
(0.328919 -0.0145947 1.76256e-22)
(0.342393 -0.0143299 4.14659e-22)
(0.355733 -0.0140748 -2.71981e-22)
(0.368937 -0.0138291 -3.7838e-22)
(0.382003 -0.0135914 -1.52436e-22)
(0.394932 -0.0133604 -3.69656e-22)
(0.407722 -0.0131342 5.51701e-22)
(0.420377 -0.0129109 -6.31012e-22)
(0.432897 -0.0126883 4.09496e-22)
(0.445284 -0.0124647 -1.5901e-22)
(0.457542 -0.0122378 1.49074e-23)
(0.469671 -0.0120068 -1.26225e-22)
(0.481674 -0.0117694 9.10954e-23)
(0.493551 -0.0115261 -2.49046e-22)
(0.505304 -0.0112748 3.67963e-22)
(0.516931 -0.0110176 -1.72092e-22)
(0.528434 -0.0107521 -2.19345e-22)
(0.539805 -0.0104824 -3.84114e-23)
(0.55105 -0.0102053 1.41699e-22)
(0.562152 -0.0099273 -2.41079e-22)
(0.573126 -0.00964324 8.95076e-23)
(0.58394 -0.0093628 1.17382e-23)
(0.594623 -0.00907714 1.79862e-23)
(0.605121 -0.0088005 -3.47872e-23)
(0.615493 -0.00851818 -2.09241e-23)
(0.625643 -0.00825105 -8.1298e-24)
(0.635684 -0.00797559 -1.71204e-23)
(0.645451 -0.00772251 -1.44837e-23)
(0.655147 -0.00745544 5.25921e-23)
(0.664494 -0.00721969 -3.23349e-23)
(0.673841 -0.00696042 -7.87463e-24)
(0.682728 -0.0067443 -1.31723e-23)
(0.691738 -0.00649033 3.55113e-23)
(0.700122 -0.00629586 -2.16226e-23)
(0.708827 -0.00604314 6.87932e-25)
(0.716656 -0.00587283 9.24099e-24)
(0.725115 -0.00561616 -4.60275e-24)
(0.732322 -0.00547379 2.11899e-24)
(0.740631 -0.00520712 6.79945e-25)
(0.747124 -0.00509828 -4.00946e-24)
(0.755423 -0.00481506 3.53741e-24)
(0.761073 -0.00474709 -2.3137e-24)
(0.76956 -0.00444098 -5.63481e-25)
(0.774182 -0.00442175 1.10115e-24)
(0.783132 -0.00408913 3.40508e-24)
(0.78647 -0.00412217 -3.40837e-25)
(0.796247 -0.00377022 -4.53168e-24)
(0.797965 -0.00383805 -6.74873e-26)
(0.809028 -0.00351261 5.80999e-24)
(0.227934 -0.0209393 -2.41962e-21)
(0.241928 -0.0206135 3.62374e-21)
(0.255877 -0.0202696 -3.95456e-21)
(0.269762 -0.0199132 2.59121e-21)
(0.283569 -0.0195494 -7.05107e-22)
(0.297283 -0.0191828 5.96589e-22)
(0.310892 -0.0188174 -1.44447e-21)
(0.324384 -0.0184565 5.97057e-22)
(0.337753 -0.0181027 -3.1392e-22)
(0.35099 -0.0177578 -3.0614e-23)
(0.364091 -0.0174229 1.83259e-22)
(0.377051 -0.0170983 6.94632e-22)
(0.389869 -0.0167838 -8.32378e-22)
(0.402544 -0.0164785 -8.83964e-23)
(0.415075 -0.0161812 4.25946e-23)
(0.427463 -0.01589 -5.32164e-23)
(0.43971 -0.0156034 -4.43898e-22)
(0.451818 -0.0153189 4.54457e-22)
(0.46379 -0.0150352 -7.12792e-23)
(0.475627 -0.0147496 1.90054e-22)
(0.487334 -0.0144615 -1.28644e-22)
(0.49891 -0.0141682 -8.31195e-23)
(0.510359 -0.0138704 -8.53191e-23)
(0.521682 -0.0135654 -8.05793e-23)
(0.532878 -0.0132556 2.69875e-22)
(0.54395 -0.0129379 -1.89609e-23)
(0.55489 -0.0126168 -1.55883e-22)
(0.565706 -0.0122882 -3.1222e-23)
(0.576382 -0.0119595 7.97368e-23)
(0.58693 -0.0116241 8.4634e-24)
(0.597324 -0.0112931 1.12317e-22)
(0.60759 -0.0109556 4.76168e-24)
(0.617677 -0.0106284 1.8181e-22)
(0.627642 -0.0102935 -1.8094e-22)
(0.637394 -0.00997593 1.04903e-22)
(0.64704 -0.00964713 1.74758e-23)
(0.656424 -0.00934418 1.05692e-23)
(0.665738 -0.00902309 -5.47824e-23)
(0.674718 -0.00873871 3.38356e-24)
(0.683698 -0.00842489 -1.89559e-23)
(0.692236 -0.00816236 -8.04454e-24)
(0.700893 -0.0078534 -6.02285e-23)
(0.708948 -0.00761588 2.2958e-23)
(0.717314 -0.00730769 3.85328e-24)
(0.724836 -0.007099 3.06417e-24)
(0.732969 -0.00678606 -9.96146e-24)
(0.739894 -0.00661145 -4.97073e-24)
(0.747886 -0.00628711 5.49319e-24)
(0.754124 -0.00615374 -2.66951e-25)
(0.762113 -0.00581051 -5.31997e-24)
(0.767539 -0.00572736 2.52958e-24)
(0.775716 -0.00535788 1.9277e-25)
(0.780153 -0.0053342 -1.79158e-24)
(0.788785 -0.00493426 -2.30533e-24)
(0.791987 -0.00497379 6.01754e-25)
(0.801423 -0.00455222 4.08646e-24)
(0.803067 -0.00463329 -1.64419e-25)
(0.813751 -0.00424527 1.31292e-24)
(0.256909 -0.024603 2.11091e-21)
(0.270569 -0.0242219 1.5221e-22)
(0.284169 -0.0238187 -2.05363e-21)
(0.297691 -0.0233996 -4.85586e-22)
(0.311121 -0.0229703 1.36215e-21)
(0.324445 -0.0225361 -9.29606e-22)
(0.337654 -0.0221016 1.4297e-21)
(0.350736 -0.0216705 -8.74138e-22)
(0.363685 -0.021246 2.32216e-22)
(0.376495 -0.0208302 1.3412e-21)
(0.389161 -0.0204248 -2.00034e-21)
(0.401679 -0.0200302 3.6297e-22)
(0.414049 -0.0196468 9.01582e-22)
(0.426268 -0.0192736 -1.13174e-21)
(0.438339 -0.0189099 -8.0992e-23)
(0.450261 -0.0185538 5.32676e-22)
(0.462038 -0.0182039 -5.24624e-23)
(0.473671 -0.0178579 5.64792e-23)
(0.485164 -0.0175143 5.58091e-22)
(0.496518 -0.0171704 1.17993e-22)
(0.507738 -0.0168257 -1.33673e-22)
(0.518826 -0.0164772 3.57965e-22)
(0.529784 -0.0161255 -2.22271e-22)
(0.540614 -0.0157677 1.87309e-23)
(0.551317 -0.0154062 1.57205e-23)
(0.561895 -0.0150374 1.20127e-22)
(0.572343 -0.0146663 -1.29536e-23)
(0.582667 -0.0142876 -4.44347e-23)
(0.592855 -0.0139097 -9.91721e-23)
(0.602917 -0.0135244 -8.83129e-23)
(0.61283 -0.0131446 2.30548e-22)
(0.622618 -0.0127571 -6.20908e-23)
(0.632235 -0.0123813 -4.76515e-23)
(0.641733 -0.0119959 2.16928e-23)
(0.651028 -0.0116299 -1.64282e-23)
(0.660221 -0.0112499 5.85179e-23)
(0.669164 -0.0108991 -1.211e-22)
(0.67804 -0.0105263 3.36961e-23)
(0.686598 -0.0101953 5.34025e-23)
(0.695156 -0.00982924 -2.0105e-23)
(0.703293 -0.0095223 -6.66936e-24)
(0.711544 -0.0091607 -8.00059e-24)
(0.71922 -0.00888201 -1.31572e-23)
(0.727196 -0.00852074 -2.09693e-23)
(0.734365 -0.00827539 1.28092e-23)
(0.742122 -0.00790865 1.48278e-23)
(0.74872 -0.00770326 1.35664e-23)
(0.756348 -0.00732382 -9.87592e-24)
(0.762291 -0.00716706 8.17304e-24)
(0.769922 -0.00676661 1.15671e-24)
(0.77509 -0.00666898 -4.27156e-24)
(0.78291 -0.0062392 1.89851e-26)
(0.787134 -0.0062112 5.36064e-25)
(0.795396 -0.00574745 1.96675e-24)
(0.798441 -0.0057929 -4.96248e-25)
(0.807483 -0.00530573 2.57214e-24)
(0.809043 -0.00539888 1.13731e-25)
(0.819287 -0.00495241 1.85953e-25)
(0.28933 -0.0281775 -3.41269e-21)
(0.302607 -0.027738 3.56059e-21)
(0.315806 -0.0272729 -2.27466e-21)
(0.328913 -0.0267888 1.11896e-21)
(0.341913 -0.0262923 -1.62813e-21)
(0.354796 -0.0257889 5.30744e-22)
(0.36755 -0.025284 8.15186e-23)
(0.380168 -0.0247817 1.59303e-22)
(0.392644 -0.0242857 -4.36328e-22)
(0.404971 -0.0237985 1.61929e-21)
(0.417146 -0.023322 -4.72702e-22)
(0.429167 -0.0228573 -3.69915e-23)
(0.441032 -0.0224047 -1.64789e-21)
(0.452742 -0.0219637 2.04848e-21)
(0.464297 -0.0215337 -4.7109e-22)
(0.475699 -0.0211129 2.3734e-22)
(0.486951 -0.0207001 -7.05335e-23)
(0.498054 -0.0202928 -1.35679e-21)
(0.509014 -0.0198898 8.63951e-22)
(0.519831 -0.0194883 -5.43198e-23)
(0.530512 -0.0190876 3.71685e-22)
(0.541058 -0.0186846 7.52053e-24)
(0.551472 -0.0182801 -5.19133e-22)
(0.561757 -0.0178705 -1.0962e-22)
(0.571915 -0.0174586 -1.21853e-22)
(0.581947 -0.01704 1.88693e-22)
(0.591851 -0.0166202 -1.95875e-22)
(0.601632 -0.016193 1.49122e-23)
(0.611281 -0.0157676 9.53662e-23)
(0.620806 -0.0153343 -7.81473e-23)
(0.630187 -0.0149076 2.21082e-22)
(0.639447 -0.0144721 -2.2834e-22)
(0.648544 -0.0140497 -7.23824e-24)
(0.657526 -0.013616 -4.44941e-23)
(0.666315 -0.0132038 1.24338e-22)
(0.675006 -0.0127751 -2.1669e-23)
(0.683461 -0.0123787 2.10151e-23)
(0.691852 -0.0119566 -8.87523e-23)
(0.699941 -0.0115814 2.1451e-23)
(0.708031 -0.0111656 5.99121e-23)
(0.715723 -0.0108165 7.12779e-23)
(0.723523 -0.0104049 -1.31462e-23)
(0.730779 -0.0100871 -1.90944e-23)
(0.738321 -0.00967548 7.06334e-24)
(0.745097 -0.00939538 3.66943e-24)
(0.752436 -0.00897761 -2.42012e-23)
(0.758672 -0.00874309 1.2206e-23)
(0.765893 -0.00831147 -4.76867e-25)
(0.77151 -0.00813259 -1.33239e-23)
(0.778741 -0.00767804 3.68911e-24)
(0.783623 -0.00756671 4.93745e-24)
(0.791042 -0.00708011 1.73783e-24)
(0.79503 -0.00704792 9.69391e-26)
(0.80288 -0.00652433 -3.47904e-24)
(0.805751 -0.00657502 -2.43742e-25)
(0.814351 -0.0060268 1.7647e-24)
(0.815818 -0.00613068 3.11666e-25)
(0.825569 -0.00563041 3.6233e-25)
(0.324665 -0.0316498 -1.87739e-21)
(0.337513 -0.0311489 2.45444e-21)
(0.350264 -0.0306193 -2.9392e-21)
(0.362907 -0.0300681 1.75453e-21)
(0.37543 -0.0295024 -5.61111e-22)
(0.387821 -0.0289285 -1.06626e-21)
(0.400073 -0.028352 2.31044e-21)
(0.412178 -0.0277776 -5.67342e-22)
(0.42413 -0.0272094 -1.53624e-22)
(0.435926 -0.0266504 1.34637e-21)
(0.447563 -0.0261027 -1.59245e-23)
(0.459038 -0.0255677 -1.75489e-21)
(0.470352 -0.0250461 8.81397e-22)
(0.481505 -0.0245375 7.1772e-22)
(0.492498 -0.0240415 -6.03235e-22)
(0.503333 -0.0235564 6.12173e-22)
(0.514014 -0.0230812 -3.28667e-22)
(0.524543 -0.0226133 -1.04298e-21)
(0.534925 -0.0221516 1.03047e-22)
(0.545162 -0.0216932 8.00327e-22)
(0.555259 -0.0212375 -6.05657e-23)
(0.56522 -0.020781 -4.84576e-22)
(0.575048 -0.0203247 -4.47069e-23)
(0.584746 -0.0198646 3.75037e-22)
(0.594317 -0.0194035 2.4723e-22)
(0.603762 -0.0189367 1.45616e-22)
(0.613081 -0.0184698 3.1821e-22)
(0.622279 -0.0179958 -1.99109e-22)
(0.631347 -0.0175246 -2.71389e-23)
(0.640295 -0.0170454 1.13074e-22)
(0.649105 -0.0165738 -1.34071e-22)
(0.657797 -0.0160927 2.21846e-22)
(0.666335 -0.0156259 -2.6533e-22)
(0.674761 -0.0151464 2.41328e-23)
(0.683007 -0.0146903 -5.53021e-23)
(0.691157 -0.0142154 1.25373e-22)
(0.699087 -0.013776 -8.18667e-24)
(0.706954 -0.0133072 -1.38965e-23)
(0.714539 -0.0128902 -6.89735e-23)
(0.722124 -0.0124276 1.03434e-23)
(0.729335 -0.0120387 -5.03222e-23)
(0.736649 -0.0115799 -2.54149e-23)
(0.743451 -0.0112254 5.43928e-23)
(0.750525 -0.0107662 -8.52215e-24)
(0.756876 -0.0104535 1.02783e-24)
(0.763763 -0.00998768 7.00581e-24)
(0.769607 -0.00972581 1.95016e-23)
(0.77639 -0.00924518 -2.60703e-24)
(0.781652 -0.00904556 2.14203e-23)
(0.78845 -0.00854033 -8.34566e-24)
(0.793023 -0.00841611 1.93463e-24)
(0.800008 -0.0078765 -1.08805e-24)
(0.803739 -0.00784021 -1.04337e-24)
(0.811141 -0.00726113 2.88675e-25)
(0.813823 -0.00731629 1.9924e-25)
(0.821942 -0.006712 -1.28743e-23)
(0.823309 -0.00682514 5.40127e-27)
(0.832523 -0.00627612 7.51074e-24)
(0.362379 -0.0350074 -1.26108e-22)
(0.37475 -0.0344423 3.11128e-21)
(0.387009 -0.0338457 -5.11143e-22)
(0.399143 -0.0332254 -1.30212e-21)
(0.411143 -0.032589 -9.61747e-22)
(0.422999 -0.0319432 2.00959e-21)
(0.434704 -0.0312942 -1.34318e-21)
(0.446252 -0.0306471 3.2236e-22)
(0.457639 -0.0300063 -1.41018e-22)
(0.468862 -0.0293752 -3.05113e-22)
(0.479919 -0.0287564 1.55303e-22)
(0.490808 -0.0281513 -4.30031e-22)
(0.50153 -0.027561 -1.21855e-21)
(0.512087 -0.0269853 6.9061e-22)
(0.522479 -0.0264238 9.24274e-22)
(0.53271 -0.0258752 -5.63142e-22)
(0.542784 -0.0253383 -2.72673e-22)
(0.552702 -0.0248107 -5.50704e-22)
(0.562471 -0.0242913 -8.82592e-24)
(0.572093 -0.023777 3.09385e-22)
(0.581574 -0.0232673 1.79939e-22)
(0.590916 -0.0227586 7.2033e-22)
(0.600126 -0.0222518 -8.90314e-22)
(0.609204 -0.0217426 -1.32082e-22)
(0.618157 -0.021234 2.0277e-23)
(0.626984 -0.0207205 1.10557e-22)
(0.635688 -0.0202082 1.14194e-22)
(0.644272 -0.0196893 1.13035e-22)
(0.652731 -0.0191744 3.06327e-22)
(0.661072 -0.0186514 -1.22033e-22)
(0.669281 -0.0181371 -2.23656e-22)
(0.677377 -0.0176126 1.84321e-22)
(0.685327 -0.0171039 -1.66871e-23)
(0.693169 -0.016581 9.13902e-23)
(0.700843 -0.0160836 -7.5682e-23)
(0.708425 -0.0155652 1.46319e-23)
(0.715801 -0.0150853 -5.00838e-23)
(0.723118 -0.0145728 6.56084e-23)
(0.730172 -0.0141166 -5.86807e-23)
(0.737225 -0.01361 1.30242e-22)
(0.743929 -0.0131839 -3.95599e-23)
(0.750731 -0.012681 -2.46962e-23)
(0.757054 -0.0122921 8.47018e-24)
(0.763634 -0.0117885 -2.89296e-23)
(0.769537 -0.0114453 -1.97464e-23)
(0.775946 -0.0109347 -3.39145e-23)
(0.781377 -0.0106473 -2.95876e-23)
(0.787694 -0.0101211 6.49759e-24)
(0.792582 -0.0099021 -7.36751e-24)
(0.798922 -0.00934986 -4.40616e-24)
(0.803167 -0.00921358 1.60428e-24)
(0.809691 -0.00862501 -4.19935e-24)
(0.813152 -0.0085847 2.90306e-25)
(0.820076 -0.00795475 1.97082e-24)
(0.82256 -0.00801353 2.40821e-25)
(0.830166 -0.00735845 2.06423e-24)
(0.831427 -0.00747928 1.45988e-25)
(0.840068 -0.00688685 -1.89374e-24)
(0.401936 -0.0382382 8.56968e-21)
(0.413788 -0.0376063 -5.29722e-21)
(0.42551 -0.0369406 -4.88176e-22)
(0.437094 -0.0362495 1.01389e-21)
(0.44853 -0.035541 -1.12884e-22)
(0.45981 -0.0348224 -1.16205e-21)
(0.470929 -0.0341002 5.73225e-22)
(0.481883 -0.0333801 1.72096e-21)
(0.492668 -0.0326667 -1.64663e-21)
(0.503282 -0.0319637 4.01887e-22)
(0.513723 -0.0312741 -6.99056e-22)
(0.523993 -0.0305995 1.10416e-21)
(0.534091 -0.0299412 -4.20454e-22)
(0.54402 -0.0292991 -3.25675e-22)
(0.553782 -0.0286731 7.58759e-22)
(0.563379 -0.0280619 -1.22866e-21)
(0.572817 -0.0274644 1.50297e-21)
(0.582098 -0.0268782 -3.77257e-22)
(0.591228 -0.0263023 -6.78998e-22)
(0.600209 -0.0257334 3.76855e-22)
(0.609049 -0.0251711 2.19279e-22)
(0.61775 -0.0246116 -6.86899e-22)
(0.626319 -0.0240558 3.41163e-22)
(0.634757 -0.0234991 3.49226e-22)
(0.643069 -0.0229446 -4.24253e-22)
(0.651258 -0.0223862 -3.90702e-22)
(0.659327 -0.0218305 -1.05094e-22)
(0.667277 -0.0212688 1.53957e-22)
(0.675107 -0.0207122 -1.06991e-22)
(0.682822 -0.0201476 -3.85269e-22)
(0.690412 -0.0195929 3.22224e-22)
(0.697893 -0.0190275 -1.91132e-22)
(0.705236 -0.0184793 -1.62804e-22)
(0.712477 -0.0179157 2.3978e-22)
(0.71956 -0.0173797 -8.16048e-23)
(0.726556 -0.0168205 6.99632e-23)
(0.733362 -0.0163028 -2.04605e-23)
(0.74011 -0.0157496 -1.03667e-22)
(0.746616 -0.0152568 1.26609e-22)
(0.753119 -0.0147093 -2.26963e-23)
(0.759301 -0.0142485 -4.68591e-23)
(0.765572 -0.0137046 4.081e-23)
(0.771401 -0.0132838 -8.86129e-25)
(0.777469 -0.0127391 8.58353e-24)
(0.782908 -0.0123676 3.53948e-23)
(0.788822 -0.0118155 -1.63026e-23)
(0.793825 -0.0115046 1.26678e-24)
(0.799659 -0.0109362 -1.2048e-23)
(0.80416 -0.0106994 3.24453e-24)
(0.810024 -0.0101039 6.38581e-24)
(0.81393 -0.00995638 2.34572e-24)
(0.819973 -0.00932309 6.29596e-24)
(0.823153 -0.00927876 3.37654e-24)
(0.829579 -0.0086028 1.46855e-24)
(0.831857 -0.00866426 -3.9407e-25)
(0.838927 -0.00796391 2.99003e-24)
(0.840078 -0.00809076 2.81183e-25)
(0.84812 -0.00746045 -1.14928e-23)
(0.44282 -0.0413303 2.51754e-21)
(0.454111 -0.0406295 -3.28179e-21)
(0.465257 -0.0398931 -1.70732e-22)
(0.476251 -0.03913 3.42803e-21)
(0.487085 -0.0383486 6.68413e-22)
(0.497754 -0.0375567 1.79009e-21)
(0.508253 -0.0367612 7.72056e-22)
(0.51858 -0.0359681 -3.51995e-21)
(0.528731 -0.0351824 4.55868e-22)
(0.538706 -0.0344082 2.75736e-22)
(0.548504 -0.0336485 1.08153e-21)
(0.558127 -0.0329053 -1.52993e-21)
(0.567576 -0.03218 1.76716e-21)
(0.576853 -0.0314727 -3.34737e-22)
(0.585962 -0.0307834 -9.29374e-23)
(0.594905 -0.0301108 1.50139e-22)
(0.603687 -0.0294541 -1.29863e-22)
(0.612311 -0.0288108 7.24717e-22)
(0.620785 -0.0281798 -8.55083e-22)
(0.62911 -0.027558 4.29683e-22)
(0.637294 -0.0269447 1.44449e-22)
(0.645339 -0.0263361 1.03599e-22)
(0.653253 -0.025733 -9.47629e-23)
(0.661037 -0.0251306 -4.21782e-22)
(0.668698 -0.024532 -8.73698e-23)
(0.676238 -0.0239308 4.4693e-22)
(0.68366 -0.0233336 3.1708e-22)
(0.690966 -0.0227312 -2.13503e-22)
(0.698157 -0.0221352 1.69409e-22)
(0.705237 -0.0215312 7.79272e-23)
(0.7122 -0.0209386 -5.5301e-23)
(0.719056 -0.0203347 -7.82578e-23)
(0.725784 -0.0197496 2.9858e-22)
(0.732414 -0.0191481 8.35662e-24)
(0.738899 -0.018576 -5.45345e-23)
(0.7453 -0.017979 -6.17354e-23)
(0.751527 -0.0174262 1.63014e-22)
(0.757698 -0.0168351 -1.22616e-22)
(0.763647 -0.0163085 1.97324e-23)
(0.769593 -0.0157231 6.03959e-23)
(0.775243 -0.0152304 -1.63618e-23)
(0.780976 -0.0146486 2.2181e-23)
(0.786302 -0.0141984 -3.76344e-25)
(0.79185 -0.0136159 5.51756e-24)
(0.796818 -0.0132183 2.92218e-23)
(0.802227 -0.0126282 -2.85282e-23)
(0.806795 -0.0122956 8.13409e-24)
(0.812137 -0.0116887 5.12123e-23)
(0.816243 -0.0114354 -3.64117e-23)
(0.821619 -0.0108006 -1.76441e-24)
(0.82518 -0.0106426 -2.2091e-24)
(0.830731 -0.00996894 3.18733e-25)
(0.833626 -0.00992056 -2.37156e-24)
(0.83954 -0.00920356 1.51067e-24)
(0.841608 -0.00926669 1.18259e-25)
(0.848126 -0.0085267 6.06197e-24)
(0.849165 -0.00865786 -3.53673e-25)
(0.85659 -0.00799528 7.63525e-24)
(0.484541 -0.0442725 6.10474e-21)
(0.49523 -0.0435013 -8.38884e-21)
(0.505763 -0.0426932 3.04346e-21)
(0.516131 -0.0418573 5.20033e-21)
(0.52633 -0.0410028 -3.48919e-21)
(0.536356 -0.0401377 -3.01932e-22)
(0.546206 -0.0392693 -2.28751e-22)
(0.555877 -0.0384038 2.97109e-21)
(0.565368 -0.0375467 -9.6036e-22)
(0.57468 -0.0367022 -1.1581e-21)
(0.583814 -0.0358736 -1.70643e-23)
(0.59277 -0.0350631 9.9392e-22)
(0.601551 -0.0342723 -1.72021e-21)
(0.610159 -0.0335013 1.94237e-21)
(0.618599 -0.0327504 3.56219e-22)
(0.626874 -0.0320182 -1.83878e-21)
(0.634988 -0.031304 2.67582e-22)
(0.642945 -0.0306052 2.76974e-23)
(0.650753 -0.029921 9.98909e-23)
(0.658413 -0.0292479 -4.49352e-23)
(0.665933 -0.0285856 -3.77559e-22)
(0.673317 -0.0279297 9.07992e-22)
(0.680571 -0.0272813 -8.42756e-22)
(0.687697 -0.0266351 7.77499e-22)
(0.694704 -0.0259945 -4.013e-22)
(0.701591 -0.0253525 1.24376e-22)
(0.708365 -0.0247161 -1.73567e-22)
(0.715027 -0.0240751 1.54929e-22)
(0.721578 -0.023442 -7.0649e-23)
(0.728023 -0.0228012 5.71633e-23)
(0.734357 -0.022173 -2.63423e-22)
(0.740588 -0.0215333 -5.07109e-23)
(0.746702 -0.0209138 -4.11684e-23)
(0.752722 -0.020277 6.15221e-23)
(0.758609 -0.0196715 1.62447e-23)
(0.764416 -0.0190396 1.64687e-23)
(0.770063 -0.0184544 -1.15612e-22)
(0.775658 -0.0178285 -1.70687e-23)
(0.781051 -0.0172708 -1.10658e-22)
(0.786438 -0.0166507 7.89562e-24)
(0.791557 -0.0161286 1.55025e-23)
(0.796751 -0.0155122 4.95151e-23)
(0.801573 -0.015035 -3.87161e-23)
(0.8066 -0.0144179 -1.71306e-23)
(0.811096 -0.0139966 -1.43239e-23)
(0.816 -0.0133718 8.77825e-24)
(0.820131 -0.0130193 5.00649e-23)
(0.824978 -0.0123775 -3.83225e-23)
(0.828689 -0.0121091 2.96677e-23)
(0.833575 -0.0114389 2.2348e-23)
(0.836788 -0.0112712 -1.58189e-24)
(0.841843 -0.0105616 -5.68372e-24)
(0.844451 -0.010509 6.07891e-25)
(0.849847 -0.00975599 -2.85475e-24)
(0.851706 -0.00981974 -9.08576e-25)
(0.857665 -0.00904576 -8.99463e-24)
(0.858592 -0.0091795 7.0462e-26)
(0.865389 -0.00849022 -5.38287e-24)
(0.52664 -0.0470541 6.62512e-21)
(0.53669 -0.0462119 8.98665e-22)
(0.546573 -0.0453316 -2.82563e-21)
(0.556284 -0.0444232 -8.89834e-24)
(0.565819 -0.0434959 -1.6429e-21)
(0.575174 -0.0425583 6.93636e-21)
(0.584349 -0.0416178 -4.61268e-21)
(0.593342 -0.0406813 5.61138e-22)
(0.602154 -0.0397541 -3.20735e-22)
(0.610786 -0.0388409 2.67081e-21)
(0.619238 -0.0379452 6.9533e-22)
(0.627513 -0.0370692 -4.46299e-21)
(0.635614 -0.0362147 7.25328e-22)
(0.643543 -0.035382 -3.85524e-22)
(0.651306 -0.0345714 3.42948e-22)
(0.658905 -0.0337816 1.76387e-22)
(0.666346 -0.0330119 5.86757e-22)
(0.673633 -0.0322598 7.51386e-22)
(0.680772 -0.0315244 -1.22384e-21)
(0.687766 -0.0308022 1.02881e-21)
(0.694624 -0.0300928 -1.91572e-23)
(0.701347 -0.0293917 5.00377e-22)
(0.707944 -0.0287002 4.7394e-22)
(0.714416 -0.0280124 -3.53081e-22)
(0.720773 -0.027332 -4.97278e-22)
(0.727013 -0.0266514 6.21853e-22)
(0.733145 -0.025978 -6.68314e-23)
(0.739168 -0.0253009 -4.17479e-23)
(0.745087 -0.024633 -5.64334e-22)
(0.750903 -0.0239578 4.628e-22)
(0.756616 -0.0232965 1.13452e-22)
(0.762232 -0.0226236 1.89181e-22)
(0.767738 -0.0219723 -3.09705e-22)
(0.773156 -0.021303 -7.8935e-23)
(0.778453 -0.0206667 -1.27116e-22)
(0.783674 -0.0200027 8.29857e-24)
(0.78875 -0.0193878 1.1346e-23)
(0.793776 -0.0187301 -6.74408e-23)
(0.79862 -0.018144 1.31858e-22)
(0.803457 -0.0174922 -9.13878e-23)
(0.808052 -0.0169434 -2.46365e-24)
(0.812713 -0.0162954 -5.13642e-23)
(0.817039 -0.0157938 8.92468e-23)
(0.821551 -0.0151452 2.19996e-23)
(0.825581 -0.0147023 -2.89304e-23)
(0.829984 -0.0140462 2.84241e-23)
(0.833684 -0.0136758 -4.97512e-23)
(0.838041 -0.0130026 1.68897e-23)
(0.841361 -0.0127205 1.01532e-24)
(0.845759 -0.0120187 -3.10944e-24)
(0.84863 -0.011842 1.72761e-24)
(0.853189 -0.0111007 4.35786e-24)
(0.855515 -0.0110439 -5.24563e-24)
(0.860394 -0.0102597 -7.78946e-25)
(0.862045 -0.010323 1.47976e-24)
(0.867444 -0.00952059 -1.59432e-24)
(0.868262 -0.0096552 7.35488e-25)
(0.874431 -0.00894466 4.67148e-24)
(0.568692 -0.0496655 7.97027e-21)
(0.578069 -0.0487523 -9.54803e-21)
(0.587272 -0.0478005 5.53628e-21)
(0.596297 -0.0468202 -7.20204e-21)
(0.605142 -0.0458213 4.37522e-22)
(0.613804 -0.0448125 7.05802e-21)
(0.622285 -0.0438018 -1.16338e-21)
(0.630583 -0.0427959 -4.21508e-21)
(0.638701 -0.0418007 -1.85269e-21)
(0.646639 -0.0408209 2.65513e-21)
(0.6544 -0.0398601 -1.92463e-21)
(0.661986 -0.0389209 -5.74893e-22)
(0.669401 -0.0380051 1.61588e-21)
(0.676647 -0.037113 9.56005e-22)
(0.683731 -0.0362451 -9.04178e-22)
(0.690654 -0.0354001 -3.91899e-22)
(0.697423 -0.0345773 -7.48097e-22)
(0.704042 -0.0337743 2.25082e-21)
(0.710517 -0.0329901 -2.75534e-21)
(0.716851 -0.0322211 1.58784e-21)
(0.723052 -0.031467 -5.47385e-22)
(0.729123 -0.0307231 -2.87133e-22)
(0.735072 -0.0299906 2.7966e-22)
(0.740901 -0.0292636 1.37731e-22)
(0.746618 -0.0285457 -1.51913e-23)
(0.752224 -0.027829 -4.94584e-23)
(0.757726 -0.0271209 -2.38122e-22)
(0.763124 -0.02641 1.5117e-22)
(0.768424 -0.0257097 4.9538e-23)
(0.773626 -0.0250026 2.70418e-22)
(0.778733 -0.0243108 -7.08075e-23)
(0.783747 -0.0236072 -6.53781e-23)
(0.788662 -0.0229267 2.61684e-22)
(0.793492 -0.0222277 -8.59749e-23)
(0.798213 -0.0215633 3.58078e-23)
(0.802863 -0.02087 2.79271e-22)
(0.807383 -0.0202281 -1.69528e-22)
(0.811855 -0.0195413 1.72952e-22)
(0.816164 -0.0189295 5.66288e-24)
(0.820464 -0.018249 -3.59983e-23)
(0.824548 -0.017676 -2.14159e-23)
(0.828691 -0.0169995 -4.92844e-23)
(0.832532 -0.0164758 -1.2652e-22)
(0.836541 -0.015799 4.43961e-24)
(0.840117 -0.0153366 -2.14381e-23)
(0.844031 -0.0146525 -1.83937e-23)
(0.84731 -0.0142658 7.37905e-25)
(0.851187 -0.0135648 2.56976e-23)
(0.854126 -0.0132701 -3.15476e-23)
(0.858045 -0.0125406 -1.48384e-24)
(0.860582 -0.0123554 -8.75346e-24)
(0.864655 -0.0115867 -4.77266e-24)
(0.866704 -0.0115253 1.00998e-23)
(0.871073 -0.0107149 -3.08917e-25)
(0.872523 -0.0107766 1.62645e-25)
(0.877368 -0.00995125 9.77041e-24)
(0.87808 -0.010085 -6.29288e-25)
(0.883627 -0.00935848 -1.32145e-23)
(0.61031 -0.0520982 4.02022e-22)
(0.618985 -0.051115 4.66268e-22)
(0.627481 -0.0500929 -3.43125e-21)
(0.635797 -0.0490426 -6.20823e-23)
(0.643931 -0.047974 7.24193e-22)
(0.651883 -0.0468961 3.0455e-21)
(0.659655 -0.0458173 -1.30841e-21)
(0.667247 -0.0447445 1.52519e-21)
(0.67466 -0.0436839 -2.01852e-21)
(0.681898 -0.0426401 -1.62662e-21)
(0.688964 -0.0416171 -5.85311e-22)
(0.695859 -0.0406174 -1.57589e-21)
(0.702587 -0.039643 2.77997e-22)
(0.709153 -0.0386944 8.57166e-22)
(0.715561 -0.0377719 -1.57498e-21)
(0.721814 -0.0368744 2.89644e-21)
(0.727919 -0.0360013 3.90756e-22)
(0.733878 -0.0351499 -1.47197e-21)
(0.739699 -0.0343195 5.82999e-22)
(0.745385 -0.0335063 1.27088e-21)
(0.750943 -0.03271 1.48876e-22)
(0.756376 -0.0319259 -2.16762e-21)
(0.761692 -0.031155 6.24846e-22)
(0.766893 -0.0303912 -8.31809e-22)
(0.771989 -0.0296382 2.72951e-23)
(0.776977 -0.0288877 8.60439e-22)
(0.781868 -0.0281474 -2.44256e-22)
(0.78666 -0.0274053 -3.22044e-22)
(0.79136 -0.0266751 -1.16534e-22)
(0.795968 -0.0259386 -7.01473e-22)
(0.800488 -0.0252186 3.99113e-22)
(0.804922 -0.0244871 -6.23642e-22)
(0.809265 -0.0237799 2.3899e-22)
(0.813529 -0.0230537 1.17045e-22)
(0.817695 -0.0223638 1.29479e-22)
(0.821793 -0.021644 9.62792e-24)
(0.825777 -0.0209777 -5.52596e-23)
(0.829715 -0.0202648 -4.41843e-23)
(0.833508 -0.0196297 -1.75713e-22)
(0.837292 -0.0189234 5.77031e-23)
(0.840883 -0.0183286 -1.53253e-23)
(0.844526 -0.0176267 1.69892e-22)
(0.8479 -0.017083 1.91002e-23)
(0.851424 -0.0163811 -2.79924e-23)
(0.854562 -0.0159012 -1.24795e-23)
(0.858004 -0.0151923 1.42242e-23)
(0.860878 -0.0147908 -7.2543e-24)
(0.86429 -0.0140654 -2.17877e-24)
(0.866861 -0.0137593 -7.82609e-24)
(0.870317 -0.0130058 -2.71084e-23)
(0.872532 -0.0128126 2.55381e-23)
(0.876131 -0.0120206 -3.72499e-24)
(0.877915 -0.0119544 -4.7987e-24)
(0.881786 -0.0111225 5.44419e-25)
(0.883042 -0.0111814 4.23922e-25)
(0.887346 -0.0103383 -4.83384e-25)
(0.887956 -0.0104696 1.54186e-24)
(0.892894 -0.00973199 3.36614e-24)
(0.651145 -0.0543451 -2.23774e-21)
(0.659092 -0.0532939 6.37098e-21)
(0.66686 -0.0522038 -8.43124e-22)
(0.674448 -0.0510858 -1.75261e-21)
(0.681858 -0.0499502 -2.40718e-22)
(0.689088 -0.0488062 -7.83546e-22)
(0.696142 -0.0476623 -1.14954e-22)
(0.703022 -0.0465257 2.72884e-21)
(0.709728 -0.0454027 -1.20109e-21)
(0.716266 -0.0442982 -6.55459e-22)
(0.722637 -0.0432161 3.82089e-21)
(0.728844 -0.0421592 -2.49956e-21)
(0.734893 -0.0411294 7.69365e-22)
(0.740785 -0.0401273 1.27501e-21)
(0.746527 -0.0391534 3.08212e-22)
(0.752121 -0.0382064 4.43648e-22)
(0.757574 -0.0372859 9.1221e-22)
(0.762888 -0.0363891 -5.25611e-22)
(0.768071 -0.0355154 -1.24282e-21)
(0.773125 -0.0346608 -1.84869e-21)
(0.778058 -0.0338251 2.78545e-21)
(0.782872 -0.0330033 -1.60369e-21)
(0.787576 -0.0321966 8.45913e-22)
(0.79217 -0.0313986 -7.05654e-22)
(0.796664 -0.0306131 2.76258e-23)
(0.801058 -0.0298314 9.14523e-23)
(0.805361 -0.0290614 2.76733e-22)
(0.80957 -0.0282904 -1.17191e-22)
(0.813696 -0.0275328 2.7971e-22)
(0.817734 -0.0267695 -2.5895e-22)
(0.821693 -0.0260239 8.14384e-23)
(0.82557 -0.0252669 4.72614e-22)
(0.829366 -0.0245355 -9.27787e-23)
(0.833089 -0.0237849 -2.74917e-22)
(0.836725 -0.023072 1.0843e-22)
(0.840297 -0.0223283 -1.72119e-22)
(0.843769 -0.02164 8.60958e-23)
(0.847197 -0.0209038 -7.38493e-23)
(0.850499 -0.0202478 2.75245e-22)
(0.853789 -0.0195185 -1.49081e-22)
(0.856911 -0.0189043 -5.28881e-23)
(0.860076 -0.0181797 1.70472e-23)
(0.863006 -0.0176183 -1.50405e-22)
(0.866067 -0.0168941 1.31629e-22)
(0.868788 -0.0163985 5.06137e-23)
(0.871778 -0.0156678 -1.00141e-23)
(0.874265 -0.0152533 3.52344e-23)
(0.877233 -0.0145065 -1.96764e-25)
(0.879453 -0.0141901 2.45734e-23)
(0.882464 -0.013416 -3.13209e-24)
(0.884372 -0.0132153 -2.40758e-23)
(0.887516 -0.012404 7.42809e-24)
(0.889047 -0.0123327 -1.95213e-24)
(0.892438 -0.0114836 2.66844e-25)
(0.89351 -0.0115387 8.52491e-25)
(0.89729 -0.0106827 -3.71715e-24)
(0.897805 -0.0108101 -7.48685e-25)
(0.902154 -0.0100659 5.45638e-24)
(0.690886 -0.0564009 -2.13615e-21)
(0.698086 -0.0552846 -5.22681e-21)
(0.705111 -0.0541297 4.76369e-21)
(0.71196 -0.0529473 -3.67753e-21)
(0.718636 -0.0517481 -5.40184e-22)
(0.725139 -0.0505415 5.02567e-21)
(0.731473 -0.0493362 -8.30835e-22)
(0.73764 -0.0481395 6.68019e-22)
(0.743643 -0.0469578 -1.76486e-21)
(0.749484 -0.0457962 9.2889e-22)
(0.755168 -0.0446587 1.60961e-21)
(0.760698 -0.0435481 2.46942e-22)
(0.766078 -0.0424665 -2.1023e-21)
(0.77131 -0.0414144 7.05371e-22)
(0.7764 -0.0403924 -2.02359e-22)
(0.781352 -0.0393993 -9.50842e-22)
(0.78617 -0.0384346 -1.74928e-21)
(0.790858 -0.0374956 1.10146e-21)
(0.795423 -0.0365815 -7.27528e-22)
(0.799866 -0.0356885 2.04582e-21)
(0.804196 -0.0348162 -1.66614e-21)
(0.808414 -0.0339596 2.795e-22)
(0.81253 -0.0331198 4.19707e-22)
(0.816543 -0.0322903 -6.04156e-22)
(0.820463 -0.0314749 7.98538e-22)
(0.824288 -0.0306645 8.84377e-22)
(0.82803 -0.0298673 1.89831e-22)
(0.831684 -0.0290701 -5.03788e-22)
(0.835262 -0.0282876 -6.05601e-23)
(0.838759 -0.0274999 -1.09998e-22)
(0.842184 -0.0267312 1.91367e-22)
(0.845534 -0.0259512 -1.12798e-22)
(0.848812 -0.0251981 4.05609e-22)
(0.852022 -0.0244255 -1.75653e-22)
(0.855156 -0.023692 2.39196e-22)
(0.85823 -0.0229271 -8.33712e-23)
(0.861219 -0.0222192 1.73272e-22)
(0.864164 -0.0214622 -1.03537e-23)
(0.867002 -0.0207877 -1.48474e-22)
(0.869826 -0.020038 4.38662e-23)
(0.872505 -0.0194066 1.2362e-22)
(0.875219 -0.018662 1.00023e-22)
(0.877729 -0.0180849 -3.02354e-25)
(0.880352 -0.0173412 -6.84614e-23)
(0.882679 -0.0168318 -2.44913e-24)
(0.885242 -0.0160821 -7.5668e-25)
(0.887365 -0.0156558 -1.48498e-23)
(0.889911 -0.0148909 6.54197e-24)
(0.891801 -0.014565 -3.55164e-23)
(0.89439 -0.0137737 7.5008e-25)
(0.896008 -0.0135658 -6.45402e-24)
(0.898718 -0.0127388 -9.5545e-24)
(0.900011 -0.012662 5.87246e-25)
(0.902944 -0.0118 -2.9091e-25)
(0.903843 -0.0118502 -1.19743e-24)
(0.907122 -0.0109858 4.76274e-24)
(0.907548 -0.0111079 -9.52704e-25)
(0.911332 -0.0103614 3.54669e-24)
(0.729259 -0.0582623 1.40808e-21)
(0.735701 -0.0570846 -6.1484e-21)
(0.741974 -0.0558688 5.32819e-21)
(0.748079 -0.0546262 5.34865e-21)
(0.754019 -0.0533676 -3.51358e-21)
(0.759797 -0.0521027 -4.02144e-21)
(0.765414 -0.0508401 4.08482e-21)
(0.770875 -0.0495875 -1.98596e-22)
(0.776183 -0.0483514 2.30552e-21)
(0.78134 -0.0471367 1.42449e-21)
(0.78635 -0.0459479 -3.23695e-21)
(0.791217 -0.0447876 -3.89556e-21)
(0.795944 -0.0436579 4.68352e-22)
(0.800534 -0.0425596 1.08496e-21)
(0.804993 -0.0414932 1.49872e-21)
(0.809322 -0.0404575 -8.49645e-22)
(0.813528 -0.039452 1.19203e-21)
(0.817613 -0.038474 -1.32852e-21)
(0.821584 -0.0375228 -3.21185e-22)
(0.825442 -0.0365944 7.38152e-22)
(0.829196 -0.0356885 4.81561e-22)
(0.832845 -0.0347999 -1.48076e-21)
(0.8364 -0.0339299 1.38359e-21)
(0.83986 -0.0330715 -1.58616e-21)
(0.843234 -0.0322289 -3.34745e-23)
(0.846521 -0.0313924 1.83965e-22)
(0.849731 -0.0305705 1.54414e-21)
(0.852861 -0.0297496 -7.67979e-22)
(0.855922 -0.0289446 -3.58212e-22)
(0.858908 -0.028135 -4.91772e-24)
(0.861831 -0.0273455 5.48013e-22)
(0.864684 -0.0265451 -4.15422e-22)
(0.867475 -0.0257726 -3.45696e-22)
(0.870203 -0.0249805 -3.71096e-24)
(0.872865 -0.0242287 2.58019e-23)
(0.875473 -0.023445 1.61248e-22)
(0.878008 -0.0227198 2.65044e-23)
(0.880502 -0.0219445 -1.4168e-22)
(0.882904 -0.0212538 -4.16411e-23)
(0.885292 -0.0204862 2.20237e-22)
(0.887556 -0.0198396 -1.20212e-22)
(0.889848 -0.0190777 -6.69913e-23)
(0.891965 -0.0184866 8.84734e-23)
(0.894179 -0.0177261 -9.9652e-24)
(0.896138 -0.0172043 6.81985e-23)
(0.8983 -0.0164385 -4.37841e-23)
(0.900083 -0.0160017 -1.65653e-23)
(0.902233 -0.0152214 -1.28303e-23)
(0.903815 -0.0148869 6.09035e-23)
(0.906006 -0.0140815 -5.81526e-24)
(0.907355 -0.0138666 1.51576e-23)
(0.909656 -0.0130274 8.95285e-24)
(0.910727 -0.0129448 -7.13682e-25)
(0.913226 -0.0120737 -1.85278e-24)
(0.913966 -0.012118 1.22232e-24)
(0.916769 -0.0112494 -3.85343e-24)
(0.917112 -0.0113649 1.51348e-25)
(0.92036 -0.0106199 -1.58741e-24)
(0.76603 -0.0599281 7.31165e-21)
(0.771709 -0.0586938 -8.99135e-21)
(0.77723 -0.0574218 1.63989e-21)
(0.782593 -0.0561238 1.80783e-21)
(0.787803 -0.0548105 -3.38104e-21)
(0.792863 -0.053492 -1.67483e-21)
(0.797775 -0.052177 4.76495e-21)
(0.802543 -0.0508731 -2.21157e-21)
(0.80717 -0.049587 4.41872e-21)
(0.811659 -0.0483239 -4.57157e-21)
(0.816014 -0.047088 2.46981e-21)
(0.820237 -0.0458822 1.30173e-21)
(0.824333 -0.0447086 -1.33764e-21)
(0.828304 -0.043568 -9.98026e-22)
(0.832155 -0.042461 3.64633e-21)
(0.835888 -0.0413863 -2.40874e-21)
(0.839508 -0.0403436 1.36466e-22)
(0.843017 -0.03933 1.7591e-21)
(0.846422 -0.0383449 -1.70842e-21)
(0.849724 -0.0373843 2.00567e-21)
(0.85293 -0.0364478 -1.928e-21)
(0.856041 -0.0355302 1.52097e-21)
(0.859065 -0.0346327 -1.01947e-21)
(0.862002 -0.0337482 6.12846e-22)
(0.864862 -0.0328809 -7.99885e-22)
(0.867642 -0.032021 1.56368e-21)
(0.870354 -0.0311769 -1.45146e-21)
(0.872991 -0.0303348 2.25343e-22)
(0.875568 -0.0295096 7.07112e-22)
(0.878076 -0.0286806 -3.80837e-22)
(0.880529 -0.0278726 3.06178e-22)
(0.882918 -0.0270541 -3.01638e-22)
(0.885254 -0.0262644 2.36607e-22)
(0.887533 -0.0254552 1.84284e-22)
(0.889757 -0.0246874 -1.37391e-23)
(0.89193 -0.0238872 -2.05194e-22)
(0.894042 -0.0231469 -1.37162e-23)
(0.896117 -0.0223557 2.03141e-22)
(0.898115 -0.0216507 -5.08787e-23)
(0.900097 -0.0208677 -2.15203e-22)
(0.901976 -0.0202077 1.59603e-23)
(0.903876 -0.0194308 -1.02586e-22)
(0.90563 -0.0188277 -1.66535e-22)
(0.907463 -0.0180527 -9.02886e-23)
(0.909081 -0.0175201 3.85707e-23)
(0.910871 -0.0167406 -2.01483e-23)
(0.912338 -0.0162944 9.41166e-23)
(0.91412 -0.0155014 1.50962e-23)
(0.915418 -0.015159 -3.32891e-23)
(0.917238 -0.0143423 -5.78763e-24)
(0.918338 -0.0141208 2.0836e-24)
(0.920256 -0.0132725 -6.09029e-24)
(0.921125 -0.0131836 -1.09424e-23)
(0.923217 -0.012307 1.10704e-25)
(0.923809 -0.0123445 -4.45691e-26)
(0.926167 -0.0114756 -3.57964e-24)
(0.926435 -0.0115833 1.40016e-24)
(0.929179 -0.010843 -2.56158e-24)
(0.805923 -0.0601139 -1.02383e-20)
(0.810698 -0.0587912 1.05112e-20)
(0.81533 -0.0574431 -3.17385e-21)
(0.819823 -0.0560806 1.45472e-21)
(0.824179 -0.0547137 -3.02416e-21)
(0.828403 -0.0533513 2.61172e-21)
(0.832496 -0.0520013 -2.38492e-21)
(0.836464 -0.0506701 -1.96828e-21)
(0.840307 -0.0493632 1.87304e-21)
(0.844031 -0.0480848 -1.62911e-22)
(0.847636 -0.0468379 -2.67734e-22)
(0.851127 -0.0456246 2.43234e-21)
(0.854507 -0.0444458 -1.16493e-21)
(0.857778 -0.043302 1.60351e-21)
(0.860942 -0.0421922 -2.51351e-21)
(0.864006 -0.0411157 5.74327e-22)
(0.866969 -0.04007 1.14064e-21)
(0.869839 -0.0390544 -1.29255e-21)
(0.872615 -0.0380646 -2.0947e-21)
(0.875306 -0.0371006 8.06975e-22)
(0.87791 -0.0361568 -5.76815e-22)
(0.880437 -0.0352347 -8.51714e-23)
(0.882884 -0.0343268 4.47829e-22)
(0.885263 -0.0334374 -1.03795e-21)
(0.887569 -0.0325566 1.02449e-21)
(0.889815 -0.0316928 5.0368e-22)
(0.891994 -0.0308317 -6.48473e-22)
(0.894119 -0.0299888 -2.68786e-22)
(0.896183 -0.0291426 -6.90004e-22)
(0.8982 -0.0283185 3.29484e-22)
(0.90016 -0.027484 2.31915e-23)
(0.902075 -0.0266794 4.68353e-23)
(0.903937 -0.0258553 5.71515e-23)
(0.905755 -0.0250735 -1.2638e-22)
(0.907527 -0.0242591 -2.30886e-22)
(0.90925 -0.0235057 -5.67101e-23)
(0.910937 -0.0227007 1.06281e-22)
(0.912563 -0.0219834 6.93569e-23)
(0.914171 -0.0211871 -3.65228e-23)
(0.915696 -0.0205157 1.66608e-22)
(0.917234 -0.019726 7.91571e-23)
(0.918654 -0.0191123 -1.15044e-23)
(0.920136 -0.0183252 8.34074e-23)
(0.921441 -0.0177831 -3.6674e-23)
(0.922889 -0.0169922 1.03805e-24)
(0.924067 -0.0165377 -1.00323e-22)
(0.92551 -0.0157344 3.6987e-23)
(0.926546 -0.0153848 4.22168e-23)
(0.928023 -0.0145595 9.01417e-25)
(0.928897 -0.0143314 3.39652e-23)
(0.93046 -0.0134771 3.59145e-24)
(0.931143 -0.0133815 4.65366e-24)
(0.932857 -0.0125026 6.34207e-25)
(0.933317 -0.0125323 -7.62656e-25)
(0.935259 -0.0116664 3.30662e-24)
(0.93546 -0.0117654 -1.07663e-24)
(0.937735 -0.0110327 2.02417e-24)
(0.838193 -0.0613492 -8.46538e-21)
(0.842238 -0.0599817 8.23991e-21)
(0.846157 -0.0585893 -9.55893e-21)
(0.849952 -0.0571833 9.11992e-21)
(0.853627 -0.0557736 -8.03045e-21)
(0.857185 -0.0543694 3.67947e-21)
(0.86063 -0.0529783 -1.74778e-21)
(0.863964 -0.0516072 -2.36908e-21)
(0.867189 -0.0502614 7.41283e-21)
(0.870309 -0.0489452 -3.85292e-21)
(0.873326 -0.0476616 2.95643e-21)
(0.876243 -0.046413 -1.65243e-21)
(0.87906 -0.0452001 -2.38519e-21)
(0.881783 -0.0440235 1.73044e-21)
(0.884412 -0.0428821 3.21307e-22)
(0.886951 -0.0417756 1.41805e-21)
(0.889402 -0.0407012 -6.52756e-22)
(0.891769 -0.0396582 -1.31081e-21)
(0.894053 -0.0386425 2.25264e-21)
(0.896262 -0.0376539 -8.77644e-23)
(0.898393 -0.0366868 -3.40999e-22)
(0.900456 -0.0357427 -1.05879e-22)
(0.902448 -0.034814 3.18764e-22)
(0.904379 -0.0339051 3.73705e-22)
(0.906246 -0.0330057 5.48558e-22)
(0.90806 -0.0321246 -1.19747e-21)
(0.909815 -0.031247 -2.85339e-22)
(0.911524 -0.0303885 9.20746e-22)
(0.913178 -0.0295273 -5.42579e-22)
(0.914792 -0.0286891 -2.48088e-23)
(0.916356 -0.0278409 4.09661e-22)
(0.917884 -0.0270234 3.66936e-22)
(0.919364 -0.0261864 -8.24272e-23)
(0.92081 -0.0253926 5.17848e-23)
(0.922213 -0.0245661 -1.57355e-22)
(0.923579 -0.0238015 -1.38323e-22)
(0.924911 -0.0229848 1.778e-22)
(0.926196 -0.022257 -1.94798e-22)
(0.927462 -0.0214495 2.68035e-23)
(0.928663 -0.0207683 -1.05385e-22)
(0.929872 -0.0199678 5.18079e-23)
(0.930986 -0.0193451 -6.01164e-23)
(0.932148 -0.0185478 2.09243e-22)
(0.933167 -0.0179976 -3.76812e-23)
(0.934302 -0.0171974 -2.58067e-23)
(0.935218 -0.0167355 4.64841e-23)
(0.936349 -0.0159242 -5.33376e-23)
(0.937149 -0.0155678 -1.30809e-23)
(0.938312 -0.0147364 1.19735e-23)
(0.93898 -0.0145018 -2.84214e-24)
(0.940218 -0.013644 5.51367e-24)
(0.940733 -0.0135414 1.26765e-23)
(0.942099 -0.0126631 -6.30899e-25)
(0.94244 -0.0126843 2.96981e-24)
(0.943999 -0.0118242 1.38568e-25)
(0.94414 -0.0119138 1.75039e-24)
(0.945981 -0.011191 7.42769e-25)
(0.86841 -0.0624061 -2.4581e-21)
(0.871748 -0.0610001 1.46423e-21)
(0.874978 -0.0595697 3.14666e-21)
(0.878102 -0.0581261 -2.17789e-21)
(0.881124 -0.0566795 3.66276e-21)
(0.884046 -0.0552389 -8.16174e-21)
(0.886872 -0.0538122 2.25141e-21)
(0.889604 -0.0524062 3.17279e-21)
(0.892243 -0.0510264 -1.65834e-23)
(0.894793 -0.0496771 -1.87205e-21)
(0.897254 -0.0483614 -2.01302e-22)
(0.899629 -0.0470817 -2.06792e-21)
(0.901919 -0.0458387 9.98085e-22)
(0.904127 -0.0446331 9.8304e-22)
(0.906254 -0.043464 1.52821e-21)
(0.908304 -0.0423309 -1.98568e-21)
(0.910276 -0.0412311 -1.24195e-21)
(0.912176 -0.0401639 1.83852e-21)
(0.914003 -0.0391252 -9.24896e-22)
(0.915763 -0.0381149 -4.23466e-22)
(0.917457 -0.0371273 6.89713e-22)
(0.91909 -0.0361638 1.33307e-21)
(0.920661 -0.035217 -2.20026e-21)
(0.92218 -0.0342909 1.1256e-21)
(0.923642 -0.0333754 -4.11136e-22)
(0.925059 -0.0324791 -1.77063e-22)
(0.926424 -0.0315871 5.32919e-22)
(0.927751 -0.0307151 -3.66479e-22)
(0.929029 -0.029841 -6.6222e-22)
(0.930276 -0.0289908 -1.43901e-22)
(0.931477 -0.0281308 -4.10743e-23)
(0.93265 -0.0273023 1.43946e-22)
(0.933782 -0.0264545 -6.58784e-23)
(0.934888 -0.0256506 -8.35615e-23)
(0.935956 -0.0248138 -3.95844e-23)
(0.936996 -0.0240397 -2.4395e-22)
(0.938005 -0.0232133 1.47936e-22)
(0.93898 -0.0224766 2.54616e-22)
(0.939935 -0.0216598 -1.33523e-22)
(0.940843 -0.0209702 -7.21842e-23)
(0.941751 -0.0201609 -1.70146e-23)
(0.942589 -0.0195304 1.52876e-22)
(0.943461 -0.018725 -7.76448e-23)
(0.944223 -0.0181676 8.33748e-23)
(0.945072 -0.0173601 -2.28116e-23)
(0.945752 -0.0168916 4.74173e-23)
(0.946601 -0.0160744 2.0243e-24)
(0.947188 -0.0157117 -2.80686e-23)
(0.948065 -0.0148763 -1.40343e-23)
(0.948549 -0.0146353 -1.12206e-23)
(0.949489 -0.0137764 -1.82456e-23)
(0.949856 -0.0136665 -9.28152e-24)
(0.950904 -0.0127912 6.36848e-24)
(0.951138 -0.0128033 -1.90172e-24)
(0.952346 -0.0119516 -9.52561e-25)
(0.952435 -0.012031 -2.51028e-24)
(0.95388 -0.0113201 -5.3133e-25)
(0.896501 -0.0632934 4.53223e-21)
(0.899163 -0.0618554 2.9367e-21)
(0.901736 -0.0603933 -2.76548e-22)
(0.904221 -0.0589182 -2.31717e-21)
(0.906624 -0.0574404 1.64778e-21)
(0.908945 -0.0559691 1.83526e-21)
(0.911187 -0.0545121 -4.18735e-22)
(0.913351 -0.0530764 8.06216e-22)
(0.91544 -0.0516674 -1.24532e-21)
(0.917455 -0.0502896 2.60011e-22)
(0.919397 -0.0489462 1.91443e-21)
(0.921267 -0.0476394 -3.10134e-21)
(0.923065 -0.0463703 -4.57765e-22)
(0.924795 -0.0451396 2.67717e-21)
(0.926456 -0.0439462 1.08412e-21)
(0.928052 -0.0427898 5.61347e-22)
(0.929581 -0.0416678 -7.68737e-22)
(0.931049 -0.0405795 4.06031e-22)
(0.932454 -0.0395207 -2.11374e-21)
(0.933803 -0.0384914 1.93286e-21)
(0.935093 -0.0374859 -2.51157e-21)
(0.936333 -0.0365055 1.65714e-21)
(0.937518 -0.0355428 -6.37677e-22)
(0.938659 -0.0346019 1.35024e-21)
(0.939751 -0.0336724 -1.54879e-22)
(0.940805 -0.032763 -1.79477e-21)
(0.941814 -0.0318587 9.69259e-22)
(0.942791 -0.0309752 4.20774e-22)
(0.943728 -0.0300902 5.16088e-22)
(0.944639 -0.0292297 -6.42362e-22)
(0.945511 -0.0283599 4.3256e-22)
(0.946363 -0.0275222 -4.64007e-22)
(0.947178 -0.0266652 4.33362e-22)
(0.947975 -0.0258529 6.45873e-23)
(0.948739 -0.0250076 -6.05854e-23)
(0.949485 -0.0242256 6.53868e-23)
(0.950202 -0.0233912 1.68583e-22)
(0.950897 -0.0226471 -2.96765e-23)
(0.951572 -0.0218227 7.09192e-24)
(0.952215 -0.0211262 1.51623e-24)
(0.952853 -0.0203098 -5.27675e-23)
(0.953442 -0.0196728 -1.98366e-24)
(0.954052 -0.0188609 -1.02461e-22)
(0.954583 -0.0182973 -5.06496e-23)
(0.955176 -0.0174843 -5.16157e-24)
(0.955644 -0.01701 5.53241e-23)
(0.956238 -0.0161887 2.4161e-24)
(0.956636 -0.0158201 -3.33688e-24)
(0.957254 -0.0149827 2.12094e-23)
(0.957575 -0.0147353 7.23258e-24)
(0.958246 -0.0138774 3.96771e-24)
(0.958481 -0.0137599 7.63225e-24)
(0.95924 -0.0128899 -7.29336e-24)
(0.959382 -0.0128922 -3.68918e-24)
(0.960272 -0.0120509 1.12325e-24)
(0.960315 -0.0121199 -1.2726e-24)
(0.9614 -0.0114222 -2.43691e-24)
(0.922432 -0.0640216 -7.16212e-21)
(0.924455 -0.0625581 -2.12218e-21)
(0.926408 -0.0610704 -3.71688e-21)
(0.928294 -0.0595699 6.53963e-21)
(0.930115 -0.0580667 1.0012e-21)
(0.931873 -0.0565701 -3.437e-21)
(0.933569 -0.055088 4.49215e-21)
(0.935206 -0.0536275 -5.57793e-21)
(0.936783 -0.052194 4.11065e-21)
(0.938301 -0.0507922 -2.44508e-21)
(0.939761 -0.0494251 -1.77382e-21)
(0.941164 -0.0480954 -1.76729e-21)
(0.942509 -0.0468039 2.53868e-21)
(0.943798 -0.0455515 9.62719e-22)
(0.94503 -0.0443371 -4.29357e-21)
(0.946208 -0.0431607 1.96405e-21)
(0.947331 -0.0420195 5.99495e-22)
(0.948403 -0.0409128 6.83702e-22)
(0.949422 -0.0398367 2.55725e-22)
(0.950394 -0.038791 3.10682e-22)
(0.951316 -0.0377699 -2.41231e-22)
(0.952196 -0.036775 -2.071e-21)
(0.953029 -0.0357986 -4.67498e-22)
(0.953827 -0.034845 9.53241e-22)
(0.954582 -0.0339035 1.15053e-21)
(0.955306 -0.032983 -2.15598e-21)
(0.955992 -0.0320683 1.00132e-21)
(0.956654 -0.0311751 -2.56736e-23)
(0.95728 -0.0302809 2.87927e-22)
(0.957888 -0.0294119 -4.44117e-22)
(0.958463 -0.0285339 -3.70523e-22)
(0.959025 -0.0276886 -1.72135e-22)
(0.959554 -0.0268242 7.25181e-22)
(0.960074 -0.026005 -3.19781e-22)
(0.960564 -0.0251528 -4.64713e-24)
(0.961046 -0.0243644 1.06124e-22)
(0.9615 -0.0235236 1.56257e-22)
(0.961944 -0.0227735 -9.03746e-23)
(0.962367 -0.0219431 1.23743e-22)
(0.962773 -0.0212409 -1.63284e-22)
(0.963169 -0.020419 1.01592e-22)
(0.963536 -0.0197765 -6.92542e-23)
(0.963911 -0.0189597 3.52146e-23)
(0.964236 -0.0183909 7.17946e-23)
(0.9646 -0.017574 -3.10607e-23)
(0.964879 -0.0170944 -4.14939e-23)
(0.965246 -0.0162706 -1.26316e-23)
(0.965476 -0.0158966 -5.59828e-24)
(0.965863 -0.0150588 -2.27772e-23)
(0.966039 -0.0148052 -5.40291e-24)
(0.966469 -0.01395 5.80618e-24)
(0.966588 -0.0138246 -4.05737e-25)
(0.967088 -0.0129617 -5.07049e-24)
(0.96715 -0.012954 2.09066e-24)
(0.967753 -0.0121248 2.62968e-25)
(0.967757 -0.0121829 6.05487e-25)
(0.968519 -0.0114997 9.34316e-25)
(0.946204 -0.064599 -1.29728e-20)
(0.94763 -0.0631166 1.71352e-23)
(0.949006 -0.0616097 3.79247e-21)
(0.950333 -0.0600896 -1.19277e-21)
(0.951615 -0.0585667 1.22709e-21)
(0.952852 -0.0570502 2.41295e-21)
(0.954044 -0.0555483 -1.99865e-21)
(0.955193 -0.0540678 3.81304e-21)
(0.956299 -0.0526144 -5.23738e-21)
(0.95736 -0.0511928 1.76184e-21)
(0.958378 -0.0498062 3.56229e-21)
(0.959352 -0.0484573 -3.57129e-21)
(0.960282 -0.0471471 1.3999e-21)
(0.961168 -0.0458764 1.60792e-21)
(0.962008 -0.0446444 1.11191e-22)
(0.962806 -0.0434509 -3.71263e-23)
(0.963559 -0.0422933 -2.00375e-21)
(0.96427 -0.0411711 5.82252e-22)
(0.964938 -0.0400801 -1.7779e-21)
(0.965568 -0.0390204 4.15656e-22)
(0.966156 -0.0379861 1.56575e-21)
(0.96671 -0.0369789 3.98769e-22)
(0.967226 -0.0359908 -7.9183e-22)
(0.967712 -0.0350265 -7.08574e-22)
(0.968163 -0.0340749 1.19187e-21)
(0.96859 -0.0331452 8.81212e-22)
(0.968985 -0.0322217 -1.45153e-21)
(0.969363 -0.0313206 2.8708e-22)
(0.96971 -0.0304189 -3.75772e-22)
(0.970046 -0.0295429 1.14947e-21)
(0.970353 -0.0286583 -1.01434e-21)
(0.970654 -0.0278069 4.41064e-22)
(0.970928 -0.0269367 1.74394e-22)
(0.971199 -0.0261119 -1.58332e-22)
(0.971444 -0.0252544 -1.1679e-22)
(0.971689 -0.0244609 -1.12565e-22)
(0.971909 -0.0236152 1.90095e-23)
(0.972129 -0.0228603 6.09314e-23)
(0.972327 -0.0220253 -8.4616e-23)
(0.972523 -0.0213185 -4.82557e-23)
(0.972702 -0.0204924 1.2435e-22)
(0.972872 -0.0198455 4.33372e-23)
(0.973038 -0.0190252 -7.8821e-23)
(0.973181 -0.018452 3.33274e-23)
(0.973341 -0.0176326 -1.98673e-24)
(0.973455 -0.0171484 -2.75084e-24)
(0.973619 -0.0163236 3.9956e-23)
(0.973701 -0.0159444 1.52493e-23)
(0.973882 -0.0151078 -1.03935e-23)
(0.973932 -0.0148479 -1.01151e-23)
(0.974147 -0.0139972 2.06722e-23)
(0.974167 -0.0138637 -1.50835e-23)
(0.974435 -0.0130095 -3.43007e-24)
(0.974428 -0.0129913 3.51177e-24)
(0.974775 -0.0121756 -3.89867e-26)
(0.974747 -0.0122228 1.815e-24)
(0.975219 -0.0115548 -3.37873e-25)
(0.96785 -0.0650339 1.61639e-20)
(0.968725 -0.0635391 -1.59334e-20)
(0.969569 -0.0620193 7.274e-21)
(0.970384 -0.0604858 -7.57552e-22)
(0.971171 -0.0589489 2.06102e-21)
(0.97193 -0.0574179 8.28796e-23)
(0.972661 -0.0559011 -7.07485e-21)
(0.973364 -0.0544054 -3.23833e-23)
(0.974039 -0.0529366 3.93831e-21)
(0.974685 -0.0514995 -3.28861e-21)
(0.9753 -0.0500975 3.48025e-21)
(0.975885 -0.0487331 -2.47252e-21)
(0.976437 -0.0474076 3.83967e-21)
(0.976957 -0.046122 -4.28098e-21)
(0.977443 -0.0448754 4.57169e-21)
(0.977896 -0.0436678 -2.36112e-21)
(0.978314 -0.0424965 -3.2982e-22)
(0.9787 -0.0413613 -6.79112e-22)
(0.979052 -0.0402579 4.39964e-22)
(0.979373 -0.0391864 1.62002e-21)
(0.979661 -0.0381411 -5.03397e-22)
(0.979922 -0.0371236 -1.19705e-22)
(0.980151 -0.0361259 -3.31376e-22)
(0.980358 -0.0351526 -6.09312e-22)
(0.980536 -0.0341928 -5.09169e-22)
(0.980697 -0.0332554 9.6858e-22)
(0.980831 -0.032325 -7.28734e-22)
(0.980954 -0.0314174 -3.2172e-22)
(0.981052 -0.0305096 -8.28377e-23)
(0.981144 -0.0296282 1.22533e-21)
(0.981213 -0.0287385 -1.901e-22)
(0.981281 -0.0278823 -2.64707e-22)
(0.981327 -0.0270076 -1.16955e-22)
(0.981377 -0.0261786 2.2168e-22)
(0.981404 -0.025317 7.68376e-23)
(0.981438 -0.0245197 -2.51985e-22)
(0.98145 -0.0236703 1.5868e-22)
(0.981471 -0.0229118 -2.09205e-23)
(0.98147 -0.0220735 -9.89262e-23)
(0.981478 -0.0213631 -1.74274e-22)
(0.981467 -0.0205343 -9.74895e-24)
(0.981463 -0.0198838 4.47924e-23)
(0.981444 -0.0190613 8.30419e-23)
(0.981427 -0.0184843 3.87912e-23)
(0.981406 -0.0176637 -9.44501e-23)
(0.981374 -0.0171754 -3.02681e-23)
(0.981359 -0.016351 2.67926e-24)
(0.981313 -0.0159668 -6.71794e-24)
(0.981312 -0.0151329 -1.44405e-23)
(0.981254 -0.0148667 -5.33096e-24)
(0.981278 -0.0140218 -1.47851e-24)
(0.981212 -0.01388 1.08023e-23)
(0.981275 -0.0130358 -2.04135e-25)
(0.981209 -0.013007 -7.72458e-25)
(0.981329 -0.0122058 -1.01973e-25)
(0.981275 -0.0122421 8.3192e-25)
(0.981491 -0.0115896 1.72873e-24)
(0.987434 -0.065363 8.0625e-21)
(0.987807 -0.0638608 -9.65639e-21)
(0.988167 -0.0623327 1.26053e-20)
(0.988515 -0.06079 5.84114e-21)
(0.988852 -0.0592431 -1.0502e-20)
(0.989177 -0.0577015 5.29324e-22)
(0.98949 -0.0561733 -4.32893e-21)
(0.98979 -0.0546658 6.43955e-21)
(0.990076 -0.0531847 -3.67396e-22)
(0.990346 -0.051735 -2.51087e-21)
(0.990598 -0.0503202 -5.59806e-22)
(0.990831 -0.048943 2.36603e-21)
(0.991043 -0.0476046 2.94706e-22)
(0.991234 -0.0463063 9.34057e-22)
(0.991401 -0.0450472 -2.61955e-21)
(0.991545 -0.0438274 -1.2025e-21)
(0.991662 -0.0426445 3.60872e-21)
(0.991756 -0.041498 -1.67168e-21)
(0.991824 -0.0403839 8.96733e-22)
(0.991869 -0.0393023 -2.54021e-22)
(0.991888 -0.0382475 4.81757e-22)
(0.991887 -0.0372211 -8.09504e-22)
(0.99186 -0.0362152 5.99474e-22)
(0.991818 -0.0352343 2.52276e-22)
(0.991753 -0.0342674 6.24886e-22)
(0.991676 -0.0333237 -1.11013e-21)
(0.991578 -0.0323873 1.21795e-21)
(0.991474 -0.0314745 -8.30931e-22)
(0.99135 -0.0305618 3.49684e-22)
(0.991226 -0.029676 -4.60061e-22)
(0.991083 -0.0287821 -1.80024e-22)
(0.990945 -0.0279222 5.8374e-22)
(0.990788 -0.027044 -5.24897e-22)
(0.990642 -0.0262118 -2.00814e-22)
(0.990475 -0.0253472 1.74854e-22)
(0.990324 -0.024547 2.52882e-22)
(0.990151 -0.023695 -2.48296e-22)
(0.989997 -0.0229336 1.76728e-22)
(0.98982 -0.0220931 2.05072e-22)
(0.989664 -0.0213799 -2.60546e-22)
(0.989484 -0.0205493 1.87618e-23)
(0.989327 -0.0198958 1.28465e-22)
(0.989147 -0.0190722 -2.86387e-23)
(0.988989 -0.0184921 5.24399e-23)
(0.98881 -0.0176713 -8.41987e-23)
(0.988651 -0.0171792 5.73479e-23)
(0.988479 -0.0163562 5.05693e-24)
(0.988322 -0.0159674 5.03021e-23)
(0.988161 -0.015137 -1.29043e-23)
(0.988009 -0.0148647 7.83275e-24)
(0.987866 -0.0140266 -5.27007e-24)
(0.987727 -0.0138765 5.81027e-24)
(0.98761 -0.0130432 7.8166e-25)
(0.987495 -0.0130038 -3.81936e-24)
(0.987416 -0.0122176 1.77057e-24)
(0.98734 -0.0122432 -7.03019e-25)
(0.98733 -0.0116064 -8.62943e-25)
(1.00504 -0.0656634 9.51323e-21)
(1.00496 -0.0641541 1.11612e-20)
(1.00489 -0.0626178 -1.15956e-21)
(1.00482 -0.061066 -8.0895e-21)
(1.00475 -0.0595091 4.70918e-21)
(1.00468 -0.0579566 -5.62931e-21)
(1.00462 -0.0564169 1.91997e-21)
(1.00456 -0.0548973 3.7891e-21)
(1.0045 -0.0534037 -6.78475e-21)
(1.00443 -0.0519412 -1.39767e-21)
(1.00436 -0.0505134 3.55686e-21)
(1.00427 -0.0491231 -2.7118e-21)
(1.00418 -0.0477718 1.78204e-21)
(1.00408 -0.0464607 7.5519e-23)
(1.00396 -0.0451891 8.6682e-22)
(1.00383 -0.0439572 -2.06016e-21)
(1.00368 -0.0427626 6.80157e-22)
(1.00351 -0.0416049 5.97574e-22)
(1.00333 -0.0404802 2.96359e-22)
(1.00313 -0.0393887 -1.3755e-21)
(1.00291 -0.0383245 6.83119e-22)
(1.00267 -0.0372894 9.34539e-22)
(1.00242 -0.0362755 6.94504e-22)
(1.00215 -0.0352872 -6.54661e-22)
(1.00187 -0.0343136 -4.56754e-22)
(1.00159 -0.0333638 -6.25378e-22)
(1.00128 -0.0324219 1.49931e-22)
(1.00098 -0.031504 -2.00543e-22)
(1.00066 -0.0305868 5.74219e-22)
(1.00034 -0.0296968 -5.37996e-22)
(1.00001 -0.0287993 6.10584e-22)
(0.999691 -0.027936 -1.47304e-22)
(0.999355 -0.0270548 3.51129e-23)
(0.999036 -0.0262197 5.81668e-23)
(0.9987 -0.0253526 -8.12601e-23)
(0.998384 -0.0245499 6.08205e-23)
(0.99805 -0.0236958 1.91348e-22)
(0.997741 -0.0229321 -1.29518e-22)
(0.99741 -0.0220899 1.39461e-22)
(0.99711 -0.0213744 -1.3794e-23)
(0.996782 -0.0205426 -5.21685e-23)
(0.996492 -0.0198866 -7.5755e-23)
(0.99617 -0.0190625 4.62e-24)
(0.99589 -0.0184795 -8.77153e-23)
(0.995573 -0.0176593 2.60259e-23)
(0.995305 -0.0171637 1.00363e-22)
(0.994995 -0.0163428 -5.60988e-23)
(0.994742 -0.0159495 -1.24754e-24)
(0.994442 -0.0151235 -1.46556e-23)
(0.99421 -0.014845 1.3928e-23)
(0.993922 -0.0140144 -1.03658e-24)
(0.993721 -0.013856 -5.28297e-24)
(0.993446 -0.0130342 -9.67936e-25)
(0.993292 -0.0129842 4.89716e-24)
(0.993037 -0.0122133 -1.75977e-24)
(0.992945 -0.0122285 -5.89966e-25)
(0.992738 -0.011607 -2.82752e-25)
(1.02079 -0.0658124 -9.31171e-21)
(1.02031 -0.0643048 2.25747e-20)
(1.01984 -0.0627687 -1.6706e-20)
(1.01939 -0.0612155 -1.90675e-22)
(1.01897 -0.0596559 3.70044e-21)
(1.01855 -0.0580994 1.0895e-21)
(1.01816 -0.0565545 9.13825e-22)
(1.01777 -0.0550287 2.30059e-21)
(1.0174 -0.0535281 -1.46317e-21)
(1.01703 -0.0520578 -1.42142e-21)
(1.01667 -0.0506216 -1.75048e-22)
(1.01631 -0.0492226 -1.80399e-21)
(1.01595 -0.0478622 2.61718e-21)
(1.01558 -0.0465419 -1.01454e-21)
(1.01521 -0.0452611 2.09732e-21)
(1.01483 -0.0440202 -2.95505e-21)
(1.01444 -0.0428167 2.51183e-21)
(1.01405 -0.0416505 -3.03051e-22)
(1.01364 -0.0405177 -2.13905e-21)
(1.01322 -0.0394185 -9.21251e-23)
(1.01279 -0.0383471 1.17023e-21)
(1.01235 -0.0373054 1.70507e-21)
(1.01189 -0.0362854 -2.73301e-21)
(1.01143 -0.0352916 1.60588e-21)
(1.01096 -0.034313 -1.51383e-21)
(1.01049 -0.0333587 6.86801e-22)
(1.01 -0.0324129 4.48269e-22)
(1.00952 -0.0314915 -9.32847e-22)
(1.00903 -0.0305713 2.63547e-22)
(1.00855 -0.0296788 1.00597e-21)
(1.00805 -0.028779 -3.32141e-22)
(1.00757 -0.0279138 5.75755e-22)
(1.00708 -0.0270309 -4.51338e-22)
(1.00661 -0.0261943 -2.31617e-22)
(1.00612 -0.0253261 4.83197e-22)
(1.00566 -0.024522 -2.27462e-22)
(1.00519 -0.0236672 -7.05072e-23)
(1.00474 -0.0229023 -1.89844e-23)
(1.00428 -0.0220598 1.26218e-22)
(1.00385 -0.0213429 3.45804e-23)
(1.0034 -0.0205112 -2.0536e-22)
(1.00299 -0.0198536 1.59274e-22)
(1.00254 -0.0190304 -6.15184e-23)
(1.00216 -0.0184452 6.45988e-23)
(1.00172 -0.0176269 -2.4938e-23)
(1.00136 -0.0171283 -3.68071e-23)
(1.00093 -0.0163108 3.14467e-23)
(1.0006 -0.0159131 -4.43499e-23)
(1.00017 -0.0150928 -1.35156e-23)
(0.999875 -0.0148082 1.56294e-23)
(0.99946 -0.0139865 -9.95814e-25)
(0.999209 -0.0138195 -7.76934e-24)
(0.998797 -0.0130104 1.8836e-24)
(0.99861 -0.0129496 3.29831e-25)
(0.998203 -0.012195 -4.0875e-25)
(0.9981 -0.0121997 -6.26762e-26)
(0.99772 -0.0115935 9.50146e-27)
(1.03566 -0.0636917 0)
(1.03482 -0.0622036 0)
(1.03402 -0.0606952 0)
(1.03325 -0.059177 0)
(1.03251 -0.0576585 0)
(1.03179 -0.0561482 0)
(1.0311 -0.0546536 0)
(1.03043 -0.053181 0)
(1.02977 -0.0517356 0)
(1.02913 -0.0503213 0)
(1.02851 -0.0489416 0)
(1.02788 -0.0475981 0)
(1.02727 -0.0462926 0)
(1.02666 -0.0450246 0)
(1.02604 -0.0437948 0)
(1.02543 -0.0426011 0)
(1.02481 -0.0414435 0)
(1.02418 -0.0403183 0)
(1.02356 -0.039226 0)
(1.02292 -0.0381609 0)
(1.02228 -0.0371251 0)
(1.02163 -0.0361106 0)
(1.02098 -0.0351222 0)
(1.02033 -0.0341489 0)
(1.01967 -0.0331998 0)
(1.01901 -0.0322591 0)
(1.01836 -0.0313429 0)
(1.0177 -0.030428 0)
(1.01705 -0.0295405 0)
(1.01639 -0.028646 0)
(1.01575 -0.0277857 0)
(1.0151 -0.026908 0)
(1.01448 -0.0260761 0)
(1.01385 -0.0252129 0)
(1.01325 -0.0244131 0)
(1.01263 -0.0235633 0)
(1.01205 -0.0228019 0)
(1.01145 -0.0219644 0)
(1.0109 -0.0212502 0)
(1.01031 -0.0204236 0)
(1.00979 -0.0197677 0)
(1.00921 -0.01895 0)
(1.00872 -0.018365 0)
(1.00816 -0.0175533 0)
(1.0077 -0.0170531 0)
(1.00715 -0.0162438 0)
(1.00673 -0.0158423 0)
(1.00618 -0.0150329 0)
(1.00581 -0.0147414 0)
(1.00527 -0.0139341 0)
(1.00496 -0.0137567 0)
(1.00441 -0.0129664 0)
(1.00418 -0.012892 0)
(1.00362 -0.0121595 0)
(1.0035 -0.0121511 0)
(1.00294 -0.0115641 0)
(1.05154 -0.0632906 0)
(1.05031 -0.0618217 0)
(1.04912 -0.060332 0)
(1.04798 -0.0588316 0)
(1.04688 -0.0573299 0)
(1.04583 -0.0558353 0)
(1.0448 -0.0543552 0)
(1.04381 -0.0528957 0)
(1.04285 -0.0514621 0)
(1.04192 -0.0500585 0)
(1.041 -0.0486881 0)
(1.04011 -0.0473528 0)
(1.03923 -0.0460544 0)
(1.03836 -0.0447926 0)
(1.03749 -0.0435681 0)
(1.03664 -0.0423789 0)
(1.03579 -0.0412254 0)
(1.03494 -0.0401038 0)
(1.03409 -0.0390147 0)
(1.03324 -0.0379527 0)
(1.03239 -0.0369198 0)
(1.03154 -0.0359083 0)
(1.0307 -0.0349229 0)
(1.02985 -0.0339526 0)
(1.02901 -0.0330068 0)
(1.02817 -0.0320696 0)
(1.02733 -0.031157 0)
(1.0265 -0.030246 0)
(1.02568 -0.0293624 0)
(1.02486 -0.0284723 0)
(1.02406 -0.0276162 0)
(1.02325 -0.0267433 0)
(1.02248 -0.0259156 0)
(1.02169 -0.0250577 0)
(1.02095 -0.0242619 0)
(1.02018 -0.0234177 0)
(1.01947 -0.0226598 0)
(1.01873 -0.0218284 0)
(1.01805 -0.0211169 0)
(1.01733 -0.0202971 0)
(1.01669 -0.0196426 0)
(1.01599 -0.0188328 0)
(1.01538 -0.0182475 0)
(1.0147 -0.0174453 0)
(1.01414 -0.0169425 0)
(1.01347 -0.0161452 0)
(1.01296 -0.0157379 0)
(1.01229 -0.0149439 0)
(1.01185 -0.0146428 0)
(1.01117 -0.0138555 0)
(1.01081 -0.0136638 0)
(1.01011 -0.0128987 0)
(1.00985 -0.0128061 0)
(1.00913 -0.0121025 0)
(1.00899 -0.0120767 0)
(1.00825 -0.0115134 0)
(1.06577 -0.0628695 0)
(1.06418 -0.0614192 0)
(1.06264 -0.0599473 0)
(1.06116 -0.0584639 0)
(1.05974 -0.0569782 0)
(1.05836 -0.0554985 0)
(1.05704 -0.054032 0)
(1.05576 -0.052585 0)
(1.05452 -0.0511627 0)
(1.05331 -0.049769 0)
(1.05214 -0.0484076 0)
(1.05099 -0.04708 0)
(1.04987 -0.0457883 0)
(1.04876 -0.0445324 0)
(1.04768 -0.043313 0)
(1.0466 -0.0421283 0)
(1.04554 -0.0409787 0)
(1.04449 -0.0398606 0)
(1.04344 -0.0387748 0)
(1.0424 -0.0377158 0)
(1.04137 -0.0366859 0)
(1.04034 -0.0356773 0)
(1.03932 -0.0346949 0)
(1.0383 -0.0337278 0)
(1.0373 -0.0327853 0)
(1.03629 -0.0318516 0)
(1.0353 -0.0309427 0)
(1.03432 -0.0300358 0)
(1.03335 -0.0291563 0)
(1.03238 -0.0282708 0)
(1.03144 -0.027419 0)
(1.0305 -0.0265513 0)
(1.02959 -0.025728 0)
(1.02867 -0.0248758 0)
(1.0278 -0.0240842 0)
(1.02691 -0.0232463 0)
(1.02608 -0.0224922 0)
(1.02522 -0.0216676 0)
(1.02443 -0.020959 0)
(1.0236 -0.020147 0)
(1.02285 -0.0194941 0)
(1.02205 -0.0186932 0)
(1.02135 -0.0181077 0)
(1.02056 -0.0173162 0)
(1.01992 -0.0168105 0)
(1.01914 -0.0160267 0)
(1.01857 -0.0156131 0)
(1.01779 -0.0148363 0)
(1.01729 -0.0145246 0)
(1.0165 -0.0137591 0)
(1.01609 -0.0135521 0)
(1.01528 -0.012814 0)
(1.01499 -0.0127021 0)
(1.01413 -0.0120286 0)
(1.01398 -0.011985 0)
(1.01308 -0.0114459 0)
(1.07827 -0.0622908 0)
(1.07635 -0.060868 0)
(1.07451 -0.0594225 0)
(1.07273 -0.057964 0)
(1.07102 -0.0565019 0)
(1.06937 -0.0550441 0)
(1.06778 -0.0535979 0)
(1.06624 -0.0521695 0)
(1.06475 -0.0507641 0)
(1.06331 -0.0493858 0)
(1.0619 -0.0480381 0)
(1.06053 -0.0467229 0)
(1.0592 -0.0454422 0)
(1.05789 -0.0441961 0)
(1.0566 -0.0429855 0)
(1.05533 -0.0418086 0)
(1.05409 -0.0406661 0)
(1.05285 -0.0395544 0)
(1.05163 -0.0384745 0)
(1.05043 -0.0374212 0)
(1.04923 -0.0363965 0)
(1.04805 -0.0353932 0)
(1.04687 -0.0344159 0)
(1.04571 -0.033454 0)
(1.04456 -0.0325166 0)
(1.04342 -0.0315884 0)
(1.04229 -0.0306848 0)
(1.04117 -0.0297837 0)
(1.04008 -0.0289097 0)
(1.03898 -0.0280305 0)
(1.03792 -0.0271844 0)
(1.03686 -0.0263234 0)
(1.03584 -0.0255058 0)
(1.03481 -0.0246608 0)
(1.03383 -0.0238747 0)
(1.03283 -0.0230443 0)
(1.0319 -0.0222951 0)
(1.03094 -0.0214788 0)
(1.03006 -0.020774 0)
(1.02913 -0.0199711 0)
(1.0283 -0.0193206 0)
(1.0274 -0.01853 0)
(1.02663 -0.0179448 0)
(1.02575 -0.0171655 0)
(1.02504 -0.0166574 0)
(1.02418 -0.0158884 0)
(1.02355 -0.0154687 0)
(1.02268 -0.0147103 0)
(1.02213 -0.0143881 0)
(1.02125 -0.0136457 0)
(1.02081 -0.0134233 0)
(1.01989 -0.012713 0)
(1.01958 -0.0125821 0)
(1.01861 -0.0119388 0)
(1.01845 -0.0118781 0)
(1.01742 -0.0113625 0)
(1.08899 -0.0615758 0)
(1.08681 -0.0601867 0)
(1.08471 -0.0587736 0)
(1.08268 -0.0573459 0)
(1.08073 -0.0559129 0)
(1.07885 -0.0544823 0)
(1.07703 -0.0530616 0)
(1.07527 -0.0516566 0)
(1.07357 -0.0502728 0)
(1.07192 -0.0489142 0)
(1.07032 -0.0475845 0)
(1.06876 -0.0462855 0)
(1.06724 -0.0450196 0)
(1.06575 -0.0437868 0)
(1.0643 -0.0425882 0)
(1.06286 -0.0414222 0)
(1.06146 -0.0402897 0)
(1.06007 -0.0391871 0)
(1.0587 -0.0381158 0)
(1.05735 -0.0370704 0)
(1.05602 -0.0360533 0)
(1.0547 -0.0350573 0)
(1.0534 -0.0340871 0)
(1.0521 -0.0331324 0)
(1.05083 -0.0322019 0)
(1.04957 -0.0312809 0)
(1.04833 -0.0303843 0)
(0.761788 0.000463541 -1.24804e-26)
(0.771412 0.000427371 2.07309e-25)
(0.775039 0.000431938 2.38061e-26)
(0.785535 0.000398675 -1.20767e-25)
(0.787409 0.000407774 -1.85142e-26)
(0.799271 0.000381921 -1.02335e-24)
)
;

boundaryField
{
    inlet
    {
        type            uniformFixedValue;
        uniformValue    constant (1 0 0);
        value           nonuniform 0();
    }
    outlet
    {
        type            pressureInletOutletVelocity;
        value           nonuniform List<vector> 
35
(
(1.00294 -0.0115641 0)
(1.00825 -0.0115134 0)
(1.01308 -0.0114459 0)
(1.01742 -0.0113625 0)
(0.799272 -0.000412052 1.02344e-24)
(0.800267 -0.00120341 -5.24128e-25)
(0.802243 -0.00198717 -6.53609e-25)
(0.805176 -0.00275845 -4.35017e-24)
(0.809028 -0.00351261 5.80999e-24)
(0.813751 -0.00424527 1.31292e-24)
(0.819287 -0.00495241 1.85953e-25)
(0.825569 -0.00563041 3.6233e-25)
(0.832523 -0.00627612 7.51074e-24)
(0.840068 -0.00688685 -1.89374e-24)
(0.84812 -0.00746045 -1.14928e-23)
(0.85659 -0.00799528 7.63525e-24)
(0.865389 -0.00849022 -5.38287e-24)
(0.874431 -0.00894466 4.67148e-24)
(0.883627 -0.00935848 -1.32145e-23)
(0.892894 -0.00973199 3.36614e-24)
(0.902154 -0.0100659 5.45638e-24)
(0.911332 -0.0103614 3.54669e-24)
(0.92036 -0.0106199 -1.58741e-24)
(0.929179 -0.010843 -2.56158e-24)
(0.937735 -0.0110327 2.02417e-24)
(0.945981 -0.011191 7.42769e-25)
(0.95388 -0.0113201 -5.3133e-25)
(0.9614 -0.0114222 -2.43691e-24)
(0.968519 -0.0114997 9.34316e-25)
(0.975219 -0.0115548 -3.37873e-25)
(0.981491 -0.0115896 1.72873e-24)
(0.98733 -0.0116064 -8.62943e-25)
(0.992738 -0.011607 -2.82752e-25)
(0.99772 -0.0115935 9.50146e-27)
(0.799271 0.000381921 -1.02335e-24)
)
;
    }
    cylinder
    {
        type            fixedValue;
        value           nonuniform 0();
    }
    top
    {
        type            symmetryPlane;
    }
    bottom
    {
        type            symmetryPlane;
    }
    defaultFaces
    {
        type            empty;
    }
    procBoundary11to7
    {
        type            processor;
        value           nonuniform List<vector> 
59
(
(0.15045 0.00216777 6.88972e-23)
(0.165306 0.0022036 -2.19102e-22)
(0.180156 0.00222816 2.37673e-23)
(0.194978 0.0022401 2.57799e-22)
(0.209754 0.00223847 -1.00525e-22)
(0.224467 0.00222269 -3.52257e-23)
(0.239101 0.00219268 2.13104e-23)
(0.253646 0.0021488 -2.16953e-23)
(0.26809 0.00209188 -1.3286e-22)
(0.282426 0.00202319 1.46681e-23)
(0.296649 0.00194441 1.28232e-22)
(0.310754 0.00185756 -2.46611e-23)
(0.324739 0.00176494 -2.43717e-23)
(0.338602 0.00166898 -4.99872e-23)
(0.352344 0.00157226 2.06281e-24)
(0.365965 0.00147726 1.04631e-23)
(0.379467 0.0013864 7.2491e-23)
(0.392851 0.0013018 -1.30845e-23)
(0.406117 0.00122534 -6.72226e-23)
(0.419269 0.00115841 6.69452e-23)
(0.432305 0.00110209 -4.07193e-23)
(0.445227 0.00105676 -1.10652e-23)
(0.458032 0.00102259 2.42502e-23)
(0.47072 0.000998934 -1.55604e-23)
(0.483287 0.000985112 -1.05938e-23)
(0.495732 0.000979558 3.27234e-23)
(0.508043 0.000981057 -3.40873e-23)
(0.520227 0.000987363 3.82982e-24)
(0.53226 0.000997169 -4.87197e-24)
(0.544158 0.00100784 -5.31005e-24)
(0.555883 0.00101848 9.66477e-24)
(0.567468 0.0010263 8.50212e-24)
(0.578849 0.00103135 -6.05777e-24)
(0.590093 0.00103072 -1.07684e-23)
(0.601092 0.00102587 -2.45291e-24)
(0.611972 0.00101358 5.82371e-24)
(0.622551 0.000997181 4.22711e-24)
(0.633051 0.000972647 -2.40193e-24)
(0.64317 0.00094564 -2.29337e-24)
(0.653287 0.000910499 1.59922e-24)
(0.662904 0.000875846 -4.56684e-24)
(0.672652 0.000833211 1.92604e-25)
(0.681723 0.000795068 -2.4073e-24)
(0.691137 0.000748597 2.08356e-24)
(0.699608 0.000711424 2.07054e-24)
(0.708752 0.000664464 2.0968e-24)
(0.716552 0.000632268 3.18701e-25)
(0.725526 0.000587223 -4.12686e-25)
(0.732558 0.000563031 -1.10241e-24)
(0.74151 0.000521074 -6.83573e-25)
(0.747632 0.000506656 1.6464e-25)
(0.756774 0.000467839 3.59513e-26)
(0.756774 0.000467839 3.59513e-26)
(0.763045 0.00145827 -1.35361e-25)
(0.772601 0.00134662 4.8103e-26)
(0.7762 0.00135901 7.68147e-26)
(0.786623 0.00124666 -1.64986e-24)
(0.788482 0.00127174 4.37459e-26)
(0.800265 0.00117347 -1.52028e-24)
)
;
    }
    procBoundary11to10
    {
        type            processor;
        value           nonuniform List<vector> 
36
(
(0.135548 -0.00183391 -2.51247e-22)
(0.14098 -0.00578289 1.16992e-22)
(0.151798 -0.00971135 -7.34077e-22)
(0.167783 -0.013606 -1.99341e-21)
(0.188621 -0.0174536 3.44589e-22)
(0.213915 -0.0212411 -6.216e-22)
(0.243207 -0.0249556 6.98491e-22)
(0.275991 -0.0285842 9.8998e-22)
(0.311738 -0.0321141 2.31604e-21)
(0.349908 -0.0355327 2.61369e-21)
(0.389966 -0.0388274 -1.84944e-21)
(0.431396 -0.0419861 2.78019e-21)
(0.473703 -0.0449967 7.56197e-21)
(0.516429 -0.0478479 3.77412e-21)
(0.559144 -0.0505293 8.07591e-21)
(0.60146 -0.0530313 -4.44258e-21)
(0.64302 -0.0553459 3.22002e-21)
(0.683509 -0.0574668 -2.03604e-21)
(0.722647 -0.0593896 4.70506e-21)
(0.760189 -0.0611124 7.19347e-21)
(0.801002 -0.0613995 2.90783e-21)
(0.801002 -0.0613995 2.90783e-21)
(0.834018 -0.0626801 -8.14978e-21)
(0.864959 -0.0637758 6.46696e-21)
(0.893745 -0.0646953 7.75298e-21)
(0.920336 -0.0654489 4.27361e-22)
(0.944725 -0.066045 -8.49715e-21)
(0.966942 -0.0664915 -1.12879e-20)
(0.987048 -0.0668271 2.06647e-20)
(1.00513 -0.0671335 1.28958e-20)
(1.0213 -0.0672792 1.88038e-20)
(1.03653 -0.0651481 0)
(1.03653 -0.0651481 0)
(1.05283 -0.0647275 0)
(1.06743 -0.0642874 0)
(1.08025 -0.0636802 0)
)
;
    }
    procBoundary11to14
    {
        type            processor;
        value           uniform (1.09125 -0.0629304 0);
    }
    procBoundary11to15
    {
        type            processor;
        value           nonuniform List<vector> 
57
(
(1.0471 -0.0294906 0)
(1.04589 -0.0286237 0)
(1.04469 -0.0277522 0)
(1.04353 -0.0269133 0)
(1.04237 -0.0260604 0)
(1.04125 -0.0252499 0)
(1.04012 -0.0244133 0)
(1.03905 -0.0236339 0)
(1.03797 -0.0228126 0)
(1.03695 -0.0220693 0)
(1.03591 -0.0212626 0)
(1.03495 -0.0205628 0)
(1.03394 -0.0197703 0)
(1.03304 -0.019123 0)
(1.03206 -0.0183442 0)
(1.03123 -0.01776 0)
(1.03028 -0.0169942 0)
(1.02952 -0.0164841 0)
(1.02858 -0.0157313 0)
(1.0279 -0.0153058 0)
(1.02696 -0.0145672 0)
(1.02638 -0.0142346 0)
(1.02542 -0.0135163 0)
(1.02495 -0.0132788 0)
(1.02396 -0.0125969 0)
(1.02362 -0.0124476 0)
(1.02257 -0.0118343 0)
(1.0224 -0.0117577 0)
(1.02127 -0.0112646 0)
(1.09796 -0.0607509 0)
(1.09557 -0.0593998 0)
(1.09327 -0.0580232 0)
(1.09104 -0.0566305 0)
(1.08889 -0.0552305 0)
(1.08682 -0.0538311 0)
(1.08482 -0.0524395 0)
(1.08288 -0.0510616 0)
(1.08101 -0.0497029 0)
(1.07919 -0.0483674 0)
(1.07743 -0.0470587 0)
(1.07571 -0.0457791 0)
(1.07404 -0.0445308 0)
(1.07241 -0.0433139 0)
(1.07081 -0.04213 0)
(1.06924 -0.0409774 0)
(1.0677 -0.0398572 0)
(1.06618 -0.038766 0)
(1.06469 -0.0377052 0)
(1.06322 -0.0366698 0)
(1.06177 -0.0356622 0)
(1.06034 -0.0346753 0)
(1.05893 -0.033714 0)
(1.05753 -0.0327679 0)
(1.05616 -0.031846 0)
(1.0548 -0.0309336 0)
(1.0471 -0.0294906 0)
(1.05346 -0.0300454 0)
)
;
    }
}


// ************************************************************************* //
