/*--------------------------------*- C++ -*----------------------------------*\
  =========                 |
  \\      /  F ield         | OpenFOAM: The Open Source CFD Toolbox
   \\    /   O peration     | Website:  https://openfoam.org
    \\  /    A nd           | Version:  7
     \\/     M anipulation  |
\*---------------------------------------------------------------------------*/
FoamFile
{
    version     2.0;
    format      ascii;
    class       volVectorField;
    location    "175";
    object      U;
}
// * * * * * * * * * * * * * * * * * * * * * * * * * * * * * * * * * * * * * //

dimensions      [0 1 -1 0 0 0 0];

internalField   nonuniform List<vector> 
1987
(
(1.15891 0.290687 0)
(1.12352 0.311462 0)
(1.08631 0.313479 0)
(1.04977 0.304868 0)
(1.01505 0.290729 0)
(0.982759 0.273328 0)
(0.952692 0.253988 0)
(0.923447 0.234024 0)
(0.893872 0.213361 0)
(0.865078 0.189109 0)
(0.840677 0.157014 0)
(0.824568 0.114731 0)
(0.818751 0.0637385 0)
(0.822959 0.0080335 0)
(0.835701 -0.0484244 0)
(0.855365 -0.103623 0)
(0.880556 -0.1576 0)
(1.1672 0.279193 0)
(1.13079 0.29872 0)
(1.09288 0.300704 0)
(1.05596 0.292688 0)
(1.02106 0.279419 0)
(0.988694 0.262944 0)
(0.958776 0.244285 0)
(0.930144 0.224584 0)
(0.901536 0.204114 0)
(0.873547 0.180718 0)
(0.849311 0.150603 0)
(0.832713 0.111208 0)
(0.826098 0.0633592 0)
(0.829534 0.0105068 0)
(0.841659 -0.0436205 0)
(0.860892 -0.0969848 0)
(0.885872 -0.149499 0)
(0.915794 -0.20178 0)
(0.949725 -0.253402 0)
(0.986974 -0.301006 0)
(1.02587 -0.338265 0)
(1.0647 -0.356243 0)
(1.10057 -0.346809 0)
(1.13047 -0.304121 0)
(1.15097 -0.228534 0)
(1.16024 -0.126321 0)
(1.15692 -0.0123349 0)
(1.1408 0.0959134 0)
(1.11413 0.182945 0)
(1.08003 0.240845 0)
(1.04363 0.269374 0)
(1.00728 0.272365 0)
(0.973929 0.259364 0)
(0.940359 0.236003 0)
(0.90955 0.209689 0)
(0.880419 0.174108 0)
(0.862764 0.13073 0)
(0.854137 0.0701108 0)
(0.861598 0.00205192 0)
(0.876093 -0.0758558 0)
(0.90151 -0.15103 0)
(0.929827 -0.219436 0)
(0.961148 -0.277318 0)
(0.993545 -0.304792 0)
(1.01942 -0.315868 0)
(1.04579 -0.266156 0)
(1.0589 -0.205316 0)
(1.07217 -0.082575 0)
(1.06633 0.0153577 0)
(1.05893 0.121505 0)
(1.02975 0.187449 0)
(1.01171 0.202901 0)
(0.968316 0.237629 0)
(0.946766 0.177855 0)
(0.901423 0.212167 0)
(0.888781 0.0909089 0)
(1.17432 0.266919 0)
(1.13714 0.285245 0)
(1.09877 0.287312 0)
(1.06168 0.280007 0)
(1.02682 0.267687 0)
(0.994525 0.252217 0)
(0.964832 0.234368 0)
(0.936824 0.215073 0)
(0.90923 0.194842 0)
(0.882177 0.172204 0)
(0.858259 0.143919 0)
(0.841227 0.107344 0)
(0.833743 0.0626995 0)
(0.836266 0.0128231 0)
(0.847636 -0.0388391 0)
(0.86633 -0.0902364 0)
(0.891005 -0.141154 0)
(0.920939 -0.192103 0)
(0.955302 -0.242656 0)
(0.993467 -0.28954 0)
(1.03375 -0.326614 0)
(1.07442 -0.345107 0)
(1.11234 -0.337117 0)
(1.14419 -0.296807 0)
(1.1664 -0.224286 0)
(1.17684 -0.125541 0)
(1.17371 -0.0150882 0)
(1.15689 0.0899816 0)
(1.12893 0.174723 0)
(1.09334 0.231374 0)
(1.05538 0.259769 0)
(1.01763 0.263207 0)
(0.983371 0.250799 0)
(0.949517 0.227828 0)
(0.918721 0.20222 0)
(0.889232 0.168234 0)
(0.870879 0.127409 0)
(0.861292 0.0698958 0)
(0.868377 0.00458106 0)
(0.882904 -0.0709965 0)
(0.909131 -0.144795 0)
(0.938669 -0.212142 0)
(0.971706 -0.270052 0)
(1.00624 -0.29762 0)
(1.03431 -0.310033 0)
(1.06286 -0.261447 0)
(1.07754 -0.202414 0)
(1.09226 -0.0820383 0)
(1.08579 0.0141866 0)
(1.07799 0.117019 0)
(1.04557 0.182833 0)
(1.02642 0.196084 0)
(0.980714 0.231039 0)
(0.959011 0.171206 0)
(0.912444 0.205706 0)
(0.897742 0.0899251 0)
(1.18011 0.253907 0)
(1.14245 0.271099 0)
(1.10389 0.273365 0)
(1.06689 0.266881 0)
(1.03225 0.255582 0)
(1.00021 0.241178 0)
(0.970832 0.224251 0)
(0.94346 0.205507 0)
(0.916906 0.185585 0)
(0.89091 0.163622 0)
(0.867484 0.136999 0)
(0.850122 0.103129 0)
(0.841727 0.0617061 0)
(0.843194 0.014926 0)
(0.853647 -0.0341186 0)
(0.871661 -0.0834013 0)
(0.89591 -0.132577 0)
(0.925738 -0.182036 0)
(0.960389 -0.23135 0)
(0.999296 -0.277348 0)
(1.04081 -0.314093 0)
(1.08318 -0.333022 0)
(1.123 -0.326499 0)
(1.15672 -0.288683 0)
(1.18064 -0.219461 0)
(1.19223 -0.124539 0)
(1.1893 -0.0180091 0)
(1.17185 0.0835715 0)
(1.14278 0.165846 0)
(1.10595 0.221173 0)
(1.06668 0.249444 0)
(1.02774 0.253428 0)
(0.992679 0.24178 0)
(0.958628 0.219334 0)
(0.927977 0.194455 0)
(0.898275 0.162025 0)
(0.879278 0.123755 0)
(0.868644 0.0694925 0)
(0.87519 0.00713581 0)
(0.889603 -0.0658665 0)
(0.916553 -0.138108 0)
(0.947281 -0.204224 0)
(0.982067 -0.26208 0)
(1.01875 -0.289673 0)
(1.04906 -0.303481 0)
(1.07982 -0.256145 0)
(1.09607 -0.199056 0)
(1.1123 -0.0814036 0)
(1.10513 0.0128626 0)
(1.09703 0.111985 0)
(1.06134 0.177565 0)
(1.0411 0.188676 0)
(0.993079 0.223926 0)
(0.971292 0.164216 0)
(0.923771 0.198661 0)
(0.906868 0.0886865 0)
(1.18446 0.240215 0)
(1.14662 0.256364 0)
(1.10819 0.258944 0)
(1.07152 0.253381 0)
(1.03732 0.243167 0)
(1.00571 0.229871 0)
(0.976748 0.213952 0)
(0.950027 0.1959 0)
(0.924516 0.17638 0)
(0.899679 0.155032 0)
(0.876935 0.129887 0)
(0.859394 0.098557 0)
(0.850095 0.0603263 0)
(0.850374 0.0167441 0)
(0.859724 -0.0295222 0)
(0.876884 -0.076525 0)
(0.900556 -0.123799 0)
(0.930126 -0.1716 0)
(0.964882 -0.219502 0)
(1.00433 -0.264436 0)
(1.04688 -0.300692 0)
(1.09074 -0.31997 0)
(1.13227 -0.314933 0)
(1.16778 -0.279731 0)
(1.19335 -0.214047 0)
(1.20604 -0.123299 0)
(1.20332 -0.0210655 0)
(1.18538 0.0767069 0)
(1.15542 0.156346 0)
(1.11766 0.21028 0)
(1.07738 0.238429 0)
(1.0375 0.243042 0)
(1.00177 0.232313 0)
(0.967623 0.210541 0)
(0.93725 0.186421 0)
(0.907505 0.155495 0)
(0.887955 0.119746 0)
(0.876208 0.0688549 0)
(0.882032 0.00967251 0)
(0.896145 -0.0604847 0)
(0.923685 -0.130959 0)
(0.955536 -0.195646 0)
(0.992085 -0.253349 0)
(1.03089 -0.2809 0)
(1.06347 -0.296154 0)
(1.09645 -0.250215 0)
(1.11425 -0.195209 0)
(1.13204 -0.0806633 0)
(1.12407 0.0113767 0)
(1.11581 0.10639 0)
(1.07687 0.171598 0)
(1.05558 0.180655 0)
(1.00529 0.216268 0)
(0.983491 0.156908 0)
(0.935344 0.191025 0)
(0.916132 0.0871578 0)
(1.18724 0.225923 0)
(1.14957 0.241146 0)
(1.11159 0.244148 0)
(1.07552 0.239591 0)
(1.04198 0.23051 0)
(1.01097 0.218347 0)
(0.98255 0.203496 0)
(0.9565 0.186263 0)
(0.932018 0.167257 0)
(0.908411 0.146495 0)
(0.886538 0.122643 0)
(0.869018 0.0936466 0)
(0.858882 0.0585186 0)
(0.857873 0.0181996 0)
(0.865924 -0.0251325 0)
(0.882019 -0.0696754 0)
(0.904923 -0.114871 0)
(0.93404 -0.160841 0)
(0.96868 -0.207151 0)
(1.00843 -0.25083 0)
(1.05179 -0.286426 0)
(1.09689 -0.305964 0)
(1.1399 -0.302421 0)
(1.17704 -0.269935 0)
(1.20417 -0.208018 0)
(1.21787 -0.121807 0)
(1.21539 -0.0242565 0)
(1.19713 0.0694228 0)
(1.16658 0.146276 0)
(1.12825 0.198754 0)
(1.08732 0.226776 0)
(1.04679 0.232079 0)
(1.01057 0.222414 0)
(0.976429 0.201471 0)
(0.946471 0.17815 0)
(0.916871 0.148668 0)
(0.896895 0.11537 0)
(0.884002 0.0679342 0)
(0.888908 0.0121334 0)
(0.902491 -0.0548882 0)
(0.930439 -0.12335 0)
(0.963297 -0.186382 0)
(1.00159 -0.243814 0)
(1.04245 -0.271258 0)
(1.07729 -0.287998 0)
(1.11251 -0.243624 0)
(1.13183 -0.190841 0)
(1.1512 -0.0798107 0)
(1.14233 0.00971749 0)
(1.13403 0.100226 0)
(1.09192 0.164895 0)
(1.06968 0.172005 0)
(1.01723 0.208047 0)
(0.995473 0.149314 0)
(0.947091 0.1828 0)
(0.925509 0.0853047 0)
(1.18838 0.211138 0)
(1.15125 0.225575 0)
(1.11408 0.229092 0)
(1.07886 0.225603 0)
(1.04618 0.217688 0)
(1.01596 0.206666 0)
(0.988206 0.192915 0)
(0.962863 0.176608 0)
(0.939381 0.158239 0)
(0.917034 0.138071 0)
(0.896206 0.115345 0)
(0.878944 0.0884395 0)
(0.86811 0.056258 0)
(0.865767 0.0192133 0)
(0.87233 -0.0210473 0)
(0.887117 -0.0629423 0)
(0.909014 -0.105873 0)
(0.937432 -0.149829 0)
(0.971698 -0.194361 0)
(1.01148 -0.236584 0)
(1.05536 -0.271347 0)
(1.10138 -0.291046 0)
(1.14561 -0.288979 0)
(1.18422 -0.259289 0)
(1.21273 -0.201362 0)
(1.22735 -0.120061 0)
(1.22513 -0.0275825 0)
(1.20679 0.0617732 0)
(1.17601 0.135716 0)
(1.13752 0.186681 0)
(1.09634 0.214558 0)
(1.0555 0.220588 0)
(1.019 0.212107 0)
(0.984976 0.192152 0)
(0.955562 0.169685 0)
(0.926309 0.141582 0)
(0.906075 0.110623 0)
(0.892047 0.0666816 0)
(0.89584 0.0144482 0)
(0.908618 -0.0491332 0)
(0.936736 -0.115306 0)
(0.970423 -0.176424 0)
(1.01039 -0.233444 0)
(1.05318 -0.260716 0)
(1.09026 -0.278961 0)
(1.1277 -0.236339 0)
(1.14848 -0.185919 0)
(1.16945 -0.0788421 0)
(1.15958 0.00787097 0)
(1.15136 0.0934985 0)
(1.10624 0.157432 0)
(1.08318 0.162725 0)
(1.02875 0.199255 0)
(1.00709 0.141477 0)
(0.958923 0.174009 0)
(0.934968 0.0830961 0)
(1.18785 0.195997 0)
(1.15166 0.209802 0)
(1.11564 0.213908 0)
(1.08154 0.21152 0)
(1.0499 0.204783 0)
(1.02063 0.194894 0)
(0.993684 0.182251 0)
(0.969098 0.166948 0)
(0.946578 0.149341 0)
(0.925484 0.129812 0)
(0.905836 0.108079 0)
(0.889089 0.0830031 0)
(0.877773 0.0535469 0)
(0.874129 0.0197145 0)
(0.879049 -0.0173757 0)
(0.892266 -0.0564396 0)
(0.912864 -0.0969075 0)
(0.940283 -0.138661 0)
(0.973877 -0.181219 0)
(1.01339 -0.221779 0)
(1.05745 -0.25553 0)
(1.10403 -0.275276 0)
(1.14918 -0.274638 0)
(1.189 -0.247807 0)
(1.21869 -0.194095 0)
(1.23409 -0.118053 0)
(1.23218 -0.0309472 0)
(1.21404 0.0538545 0)
(1.18345 0.124776 0)
(1.14529 0.174173 0)
(1.1043 0.201869 0)
(1.06352 0.208635 0)
(1.02697 0.201428 0)
(0.993197 0.182616 0)
(0.964446 0.16107 0)
(0.935747 0.134285 0)
(0.915457 0.105518 0)
(0.90036 0.0650519 0)
(0.902862 0.0165352 0)
(0.914528 -0.0432967 0)
(0.94252 -0.106867 0)
(0.976776 -0.16578 0)
(1.01829 -0.222219 0)
(1.06282 -0.249257 0)
(1.10207 -0.268994 0)
(1.14171 -0.228329 0)
(1.16388 -0.180419 0)
(1.18643 -0.0777539 0)
(1.17545 0.00582212 0)
(1.16746 0.0862224 0)
(1.11955 0.149201 0)
(1.09588 0.152829 0)
(1.0397 0.18989 0)
(1.01819 0.13345 0)
(0.970736 0.164688 0)
(0.944477 0.0805065 0)
(1.18568 0.18067 0)
(1.15083 0.194002 0)
(1.11628 0.19874 0)
(1.08355 0.197448 0)
(1.05314 0.191879 0)
(1.02496 0.183103 0)
(0.998949 0.171552 0)
(0.975185 0.157299 0)
(0.953596 0.14057 0)
(0.933707 0.121759 0)
(0.915324 0.10093 0)
(0.89934 0.0774302 0)
(0.887825 0.0504223 0)
(0.883016 0.0196558 0)
(0.886206 -0.0142294 0)
(0.897594 -0.050305 0)
(0.916554 -0.0881124 0)
(0.942619 -0.127461 0)
(0.975195 -0.167836 0)
(1.01408 -0.206521 0)
(1.05792 -0.239078 0)
(1.10467 -0.258738 0)
(1.15039 -0.259452 0)
(1.19114 -0.235529 0)
(1.22172 -0.186251 0)
(1.23773 -0.115772 0)
(1.23622 -0.0342849 0)
(1.21864 0.045787 0)
(1.18874 0.113599 0)
(1.15141 0.161369 0)
(1.11108 0.188827 0)
(1.07075 0.196303 0)
(1.03441 0.190424 0)
(1.00103 0.172899 0)
(0.973048 0.152353 0)
(0.945101 0.126836 0)
(0.924986 0.100082 0)
(0.90895 0.0630088 0)
(0.910022 0.0183047 0)
(0.920251 -0.0374776 0)
(0.947762 -0.098102 0)
(0.982234 -0.154488 0)
(1.02509 -0.210139 0)
(1.0711 -0.236877 0)
(1.11239 -0.258055 0)
(1.15418 -0.219568 0)
(1.17762 -0.174321 0)
(1.20174 -0.0765458 0)
(1.18955 0.00355498 0)
(1.18191 0.0784273 0)
(1.13156 0.140215 0)
(1.10752 0.142353 0)
(1.04997 0.179965 0)
(1.02862 0.125292 0)
(0.98241 0.154901 0)
(0.954 0.0775185 0)
(1.18195 0.165364 0)
(1.14883 0.178359 0)
(1.11606 0.183734 0)
(1.08492 0.183498 0)
(1.05588 0.179061 0)
(1.02892 0.171363 0)
(1.00397 0.160873 0)
(0.981105 0.147684 0)
(0.960427 0.131927 0)
(0.94167 0.113933 0)
(0.924571 0.0939769 0)
(0.909561 0.0718319 0)
(0.898171 0.04696 0)
(0.89244 0.0190262 0)
(0.893921 -0.0117091 0)
(0.903266 -0.0446934 0)
(0.920231 -0.0796566 0)
(0.944534 -0.116388 0)
(0.975689 -0.154357 0)
(1.01352 -0.190951 0)
(1.0567 -0.222122 0)
(1.10319 -0.241539 0)
(1.1491 -0.243504 0)
(1.19041 -0.222531 0)
(1.22152 -0.17788 0)
(1.23797 -0.113209 0)
(1.237 -0.0375458 0)
(1.22043 0.0377188 0)
(1.19176 0.102361 0)
(1.15578 0.148433 0)
(1.11658 0.175568 0)
(1.07711 0.183694 0)
(1.04127 0.179153 0)
(1.00842 0.163038 0)
(0.981296 0.143584 0)
(0.954283 0.119304 0)
(0.93459 0.0943629 0)
(0.917815 0.0605324 0)
(0.917382 0.0196661 0)
(0.925858 -0.0317965 0)
(0.952476 -0.0891115 0)
(0.98671 -0.142619 0)
(1.03058 -0.19723 0)
(1.07775 -0.223598 0)
(1.12088 -0.246115 0)
(1.16473 -0.210034 0)
(1.18932 -0.167613 0)
(1.21494 -0.0752179 0)
(1.20147 0.00105729 0)
(1.19433 0.0701601 0)
(1.14196 0.130514 0)
(1.11786 0.13136 0)
(1.0594 0.169507 0)
(1.03821 0.117073 0)
(0.993811 0.14473 0)
(0.963497 0.0741263 0)
(1.17683 0.150308 0)
(1.14579 0.163063 0)
(1.11504 0.169038 0)
(1.08567 0.169778 0)
(1.05814 0.16641 0)
(1.0325 0.159747 0)
(1.0087 0.150275 0)
(0.986829 0.138138 0)
(0.967067 0.123413 0)
(0.949359 0.106341 0)
(0.933501 0.0872787 0)
(0.919604 0.0663234 0)
(0.908664 0.043273 0)
(0.902352 0.0178668 0)
(0.90228 -0.00988286 0)
(0.909469 -0.0397607 0)
(0.92411 -0.0717359 0)
(0.946216 -0.10564 0)
(0.975484 -0.14097 0)
(1.01178 -0.175248 0)
(1.0538 -0.204826 0)
(1.09956 -0.223817 0)
(1.14525 -0.226913 0)
(1.18666 -0.208921 0)
(1.21788 -0.169058 0)
(1.23462 -0.110352 0)
(1.2344 -0.0405769 0)
(1.21932 0.0298538 0)
(1.19247 0.0912672 0)
(1.15839 0.135548 0)
(1.12076 0.162242 0)
(1.08253 0.170923 0)
(1.04749 0.167684 0)
(1.01533 0.153076 0)
(0.98913 0.134812 0)
(0.963203 0.11176 0)
(0.944178 0.0884259 0)
(0.92693 0.0576267 0)
(0.925004 0.0205381 0)
(0.931456 -0.0263907 0)
(0.956729 -0.0800305 0)
(0.990166 -0.130293 0)
(1.0346 -0.183558 0)
(1.08248 -0.209471 0)
(1.12718 -0.233164 0)
(1.17294 -0.199714 0)
(1.19852 -0.160291 0)
(1.22556 -0.0737679 0)
(1.21078 -0.00167469 0)
(1.20431 0.0614902 0)
(1.15046 0.120171 0)
(1.12668 0.119945 0)
(1.06789 0.158564 0)
(1.04683 0.108864 0)
(1.00479 0.134285 0)
(0.972924 0.070339 0)
(1.17056 0.135736 0)
(1.14187 0.148292 0)
(1.11332 0.154785 0)
(1.08586 0.15639 0)
(1.05993 0.154005 0)
(1.03569 0.148321 0)
(1.01313 0.139819 0)
(0.992327 0.128699 0)
(0.973505 0.115034 0)
(0.956775 0.0989754 0)
(0.942065 0.0808682 0)
(0.929334 0.0610094 0)
(0.91912 0.0395017 0)
(0.912622 0.0162719 0)
(0.911302 -0.00876416 0)
(0.91638 -0.0356364 0)
(0.928471 -0.0645555 0)
(0.947962 -0.09545 0)
(0.974832 -0.127907 0)
(1.00905 -0.159633 0)
(1.04937 -0.187386 0)
(1.09392 -0.20574 0)
(1.13886 -0.209839 0)
(1.17982 -0.194858 0)
(1.2107 -0.159876 0)
(1.22761 -0.107163 0)
(1.22846 -0.0431937 0)
(1.21545 0.0224293 0)
(1.19099 0.080546 0)
(1.15927 0.122907 0)
(1.12361 0.149007 0)
(1.08698 0.158115 0)
(1.05302 0.156098 0)
(1.02173 0.143057 0)
(0.996502 0.126078 0)
(0.971774 0.104277 0)
(0.953641 0.082354 0)
(0.936242 0.0543227 0)
(0.932941 0.0208582 0)
(0.937183 -0.0214067 0)
(0.960646 -0.0710299 0)
(0.99264 -0.11768 0)
(1.03703 -0.169236 0)
(1.08509 -0.194583 0)
(1.13096 -0.219217 0)
(1.17844 -0.188612 0)
(1.20481 -0.152363 0)
(1.23313 -0.0721988 0)
(1.21707 -0.00464054 0)
(1.21145 0.0525133 0)
(1.15679 0.109293 0)
(1.13374 0.108238 0)
(1.07534 0.147202 0)
(1.05438 0.100741 0)
(1.0152 0.123695 0)
(0.982227 0.0661831 0)
(1.16343 0.121864 0)
(1.13725 0.134199 0)
(1.11101 0.141091 0)
(1.08553 0.143425 0)
(1.06129 0.141918 0)
(1.0385 0.137145 0)
(1.01723 0.129564 0)
(0.997566 0.119417 0)
(0.979726 0.106804 0)
(0.963924 0.0918212 0)
(0.950249 0.0747502 0)
(0.938646 0.0559654 0)
(0.92934 0.0357945 0)
(0.923045 0.014387 0)
(0.920897 -0.00829176 0)
(0.92411 -0.0323879 0)
(0.933608 -0.0582972 0)
(0.950175 -0.0860699 0)
(0.974155 -0.115444 0)
(1.00571 -0.144372 0)
(1.04377 -0.170038 0)
(1.08653 -0.187528 0)
(1.13011 -0.19251 0)
(1.16996 -0.180544 0)
(1.20004 -0.15043 0)
(1.21715 -0.103562 0)
(1.21948 -0.0451989 0)
(1.20909 0.015699 0)
(1.18753 0.0704272 0)
(1.15856 0.110696 0)
(1.12518 0.136012 0)
(1.09045 0.145395 0)
(1.05785 0.144484 0)
(1.02759 0.13303 0)
(1.00338 0.117422 0)
(0.97992 0.0969204 0)
(0.962862 0.0762433 0)
(0.94567 0.0506804 0)
(0.941219 0.0205976 0)
(0.943193 -0.0169865 0)
(0.964404 -0.0623119 0)
(0.994257 -0.105008 0)
(1.03785 -0.154438 0)
(1.08543 -0.17907 0)
(1.13199 -0.204325 0)
(1.18089 -0.176748 0)
(1.20779 -0.143861 0)
(1.23719 -0.0705141 0)
(1.21997 -0.00781243 0)
(1.21544 0.0433591 0)
(1.16076 0.0980265 0)
(1.13889 0.0964081 0)
(1.0817 0.135517 0)
(1.06076 0.0927731 0)
(1.02488 0.113111 0)
(0.991345 0.0617052 0)
(1.15573 0.108859 0)
(1.13212 0.120899 0)
(1.10821 0.128048 0)
(1.08476 0.130963 0)
(1.06224 0.130212 0)
(1.04093 0.126276 0)
(1.02099 0.119563 0)
(1.00251 0.110341 0)
(0.985702 0.0987493 0)
(0.970812 0.0848675 0)
(0.958065 0.068907 0)
(0.947485 0.0512284 0)
(0.939149 0.0322751 0)
(0.933367 0.0123914 0)
(0.930865 -0.00832367 0)
(0.932644 -0.0299869 0)
(0.939758 -0.0530713 0)
(0.953308 -0.077724 0)
(0.974036 -0.103869 0)
(1.00241 -0.129763 0)
(1.0376 -0.15307 0)
(1.07791 -0.169477 0)
(1.11932 -0.175232 0)
(1.15734 -0.166222 0)
(1.18628 -0.140787 0)
(1.20374 -0.099418 0)
(1.20805 -0.0463516 0)
(1.20075 0.00991656 0)
(1.18242 0.0611184 0)
(1.15644 0.0990795 0)
(1.12557 0.123396 0)
(1.09294 0.132889 0)
(1.06195 0.132937 0)
(1.03291 0.123047 0)
(1.00975 0.108877 0)
(0.987583 0.0897459 0)
(0.971722 0.0701941 0)
(0.955097 0.0467929 0)
(0.949819 0.0197705 0)
(0.949628 -0.0132512 0)
(0.96822 -0.0540983 0)
(0.995237 -0.0925626 0)
(1.03714 -0.139405 0)
(1.08349 -0.163118 0)
(1.13013 -0.188587 0)
(1.18003 -0.164179 0)
(1.20713 -0.134838 0)
(1.23735 -0.0687043 0)
(1.21922 -0.0111518 0)
(1.21605 0.0341935 0)
(1.16227 0.0865614 0)
(1.14201 0.0846591 0)
(1.08694 0.12363 0)
(1.06598 0.0850204 0)
(1.03368 0.102692 0)
(1.00021 0.0569725 0)
(1.14773 0.0968267 0)
(1.12665 0.108467 0)
(1.10503 0.115721 0)
(1.08359 0.119065 0)
(1.06281 0.118948 0)
(1.04301 0.115763 0)
(1.02442 0.109864 0)
(1.00715 0.10152 0)
(0.991402 0.0909043 0)
(0.977432 0.0781142 0)
(0.965535 0.0633104 0)
(0.955846 0.0467956 0)
(0.948427 0.0290209 0)
(0.943337 0.0104528 0)
(0.940911 -0.00866006 0)
(0.941808 -0.028294 0)
(0.947004 -0.0488679 0)
(0.957753 -0.0705477 0)
(0.975134 -0.0934272 0)
(0.999966 -0.116121 0)
(1.03169 -0.136841 0)
(1.06873 -0.151986 0)
(1.10709 -0.15839 0)
(1.14258 -0.152135 0)
(1.17023 -0.130957 0)
(1.18837 -0.0945457 0)
(1.19506 -0.0464008 0)
(1.19109 0.00529232 0)
(1.1761 0.052771 0)
(1.15314 0.0881779 0)
(1.12487 0.11127 0)
(1.09451 0.120708 0)
(1.06532 0.121556 0)
(1.03767 0.113168 0)
(1.01561 0.100471 0)
(0.994726 0.0827922 0)
(0.980111 0.0643024 0)
(0.964383 0.0427785 0)
(0.958663 0.0184388 0)
(0.956585 -0.0102828 0)
(0.972317 -0.0466112 0)
(0.995891 -0.0806681 0)
(1.03514 -0.124443 0)
(1.07947 -0.146967 0)
(1.12546 -0.17216 0)
(1.17579 -0.15101 0)
(1.20265 -0.125377 0)
(1.23339 -0.0667578 0)
(1.2147 -0.0145588 0)
(1.21321 0.0252271 0)
(1.16132 0.0751243 0)
(1.14309 0.0732242 0)
(1.09107 0.111689 0)
(1.07007 0.0775295 0)
(1.04151 0.0925982 0)
(1.00873 0.0520709 0)
(1.13967 0.0858126 0)
(1.12099 0.0969381 0)
(1.10158 0.104151 0)
(1.08211 0.107781 0)
(1.06305 0.108174 0)
(1.04476 0.105649 0)
(1.0275 0.100507 0)
(1.01145 0.0929952 0)
(0.996792 0.0833085 0)
(0.983762 0.0715746 0)
(0.972677 0.0579361 0)
(0.963758 0.0426336 0)
(0.957133 0.0260563 0)
(0.952765 0.0086932 0)
(0.950713 -0.00908544 0)
(0.95128 -0.0270772 0)
(0.955204 -0.0455314 0)
(0.963687 -0.0645263 0)
(0.977976 -0.0842632 0)
(0.999153 -0.103735 0)
(1.02691 -0.121765 0)
(1.05989 -0.135536 0)
(1.09434 -0.142396 0)
(1.12686 -0.13847 0)
(1.15329 -0.120872 0)
(1.17241 -0.088754 0)
(1.18162 -0.0451783 0)
(1.18085 0.00192642 0)
(1.169 0.0454458 0)
(1.14892 0.0780547 0)
(1.12323 0.0997127 0)
(1.0952 0.10895 0)
(1.06798 0.110439 0)
(1.04188 0.103455 0)
(1.02096 0.0922297 0)
(1.00134 0.0760808 0)
(0.987946 0.0586487 0)
(0.973374 0.0387673 0)
(0.967613 0.0167156 0)
(0.964079 -0.0081057 0)
(0.976881 -0.0400445 0)
(0.996594 -0.069659 0)
(1.03227 -0.109902 0)
(1.0738 -0.130908 0)
(1.1183 -0.155277 0)
(1.16829 -0.137413 0)
(1.1944 -0.115603 0)
(1.22527 -0.064662 0)
(1.20654 -0.0178832 0)
(1.20704 0.0167088 0)
(1.1581 0.0639714 0)
(1.14223 0.0623506 0)
(1.09416 0.0998658 0)
(1.07314 0.0703295 0)
(1.04827 0.082979 0)
(1.01684 0.047101 0)
(1.13171 0.0758108 0)
(1.11526 0.0863183 0)
(1.09794 0.0933589 0)
(1.08036 0.0971437 0)
(1.06299 0.0979314 0)
(1.04619 0.0959762 0)
(1.03026 0.0915267 0)
(1.01541 0.0848022 0)
(1.00185 0.0759989 0)
(0.989772 0.0652728 0)
(0.979488 0.0527738 0)
(0.971257 0.0387011 0)
(0.965286 0.0233569 0)
(0.961555 0.00718036 0)
(0.960003 -0.00941737 0)
(0.960669 -0.0260647 0)
(0.963993 -0.0427836 0)
(0.970952 -0.0594753 0)
(0.98272 -0.0763656 0)
(1.00045 -0.0928047 0)
(1.02399 -0.108231 0)
(1.05235 -0.12058 0)
(1.08243 -0.127573 0)
(1.11186 -0.125308 0)
(1.13725 -0.110434 0)
(1.15739 -0.0819448 0)
(1.16882 -0.0426901 0)
(1.17069 -0.000267637 0)
(1.16148 0.039095 0)
(1.14398 0.068714 0)
(1.12078 0.088776 0)
(1.09508 0.0976971 0)
(1.06993 0.099682 0)
(1.04553 0.093979 0)
(1.02584 0.0841831 0)
(1.00744 0.0696179 0)
(0.995176 0.0532883 0)
(0.98192 0.0348844 0)
(0.976475 0.014751 0)
(0.972022 -0.00667661 0)
(0.982028 -0.0345285 0)
(0.997754 -0.0598311 0)
(1.02912 -0.0961428 0)
(1.06717 -0.115269 0)
(1.10924 -0.138259 0)
(1.15794 -0.123642 0)
(1.18268 -0.105688 0)
(1.21328 -0.0623942 0)
(1.19514 -0.0209721 0)
(1.19792 0.00890653 0)
(1.15296 0.0533728 0)
(1.13965 0.0522788 0)
(1.09628 0.0883473 0)
(1.07535 0.0634316 0)
(1.05394 0.0739563 0)
(1.02443 0.0421704 0)
(1.12397 0.0667818 0)
(1.10957 0.0765893 0)
(1.09419 0.0833478 0)
(1.0784 0.0871746 0)
(1.06266 0.0882517 0)
(1.04733 0.0867768 0)
(1.03271 0.0829534 0)
(1.01904 0.0769683 0)
(1.00655 0.0690059 0)
(0.995432 0.0592378 0)
(0.985952 0.0478308 0)
(0.978367 0.0349673 0)
(0.972936 0.0208734 0)
(0.969709 0.00590985 0)
(0.968634 -0.00955087 0)
(0.969627 -0.0250187 0)
(0.972877 -0.0403002 0)
(0.979048 -0.055088 0)
(0.989024 -0.069565 0)
(1.0038 -0.083375 0)
(1.02331 -0.0964643 0)
(1.04704 -0.107376 0)
(1.07282 -0.114056 0)
(1.09938 -0.112631 0)
(1.12382 -0.0996297 0)
(1.14457 -0.0742201 0)
(1.1574 -0.0391542 0)
(1.16098 -0.00147141 0)
(1.15376 0.0335832 0)
(1.13847 0.0601169 0)
(1.11762 0.0784896 0)
(1.09425 0.0870162 0)
(1.07123 0.0893726 0)
(1.04865 0.0848126 0)
(1.03024 0.0763661 0)
(1.01305 0.0633998 0)
(1.00179 0.0482479 0)
(0.989902 0.0312293 0)
(0.985027 0.0127063 0)
(0.980222 -0.00588512 0)
(0.987769 -0.0300959 0)
(0.999746 -0.0513822 0)
(1.02641 -0.0834837 0)
(1.06046 -0.1004 0)
(1.09914 -0.121517 0)
(1.14543 -0.110032 0)
(1.16816 -0.0958341 0)
(1.19808 -0.059911 0)
(1.18126 -0.0236229 0)
(1.18649 0.0020813 0)
(1.14638 0.0435881 0)
(1.13569 0.0432137 0)
(1.09754 0.0773222 0)
(1.07691 0.0568326 0)
(1.05857 0.0656138 0)
(1.03142 0.0373836 0)
(1.11656 0.0586668 0)
(1.10399 0.0677186 0)
(1.0904 0.0741091 0)
(1.0763 0.0778827 0)
(1.06211 0.0791568 0)
(1.0482 0.078079 0)
(1.03486 0.0748128 0)
(1.02235 0.0695157 0)
(1.01091 0.0623519 0)
(1.00072 0.0534952 0)
(0.992039 0.0431235 0)
(0.985087 0.0314208 0)
(0.98013 0.0185634 0)
(0.977285 0.00483139 0)
(0.97658 -0.00946467 0)
(0.977933 -0.0237941 0)
(0.981386 -0.0378121 0)
(0.987297 -0.0510391 0)
(0.996153 -0.0635858 0)
(1.00866 -0.075291 0)
(1.02475 -0.0864105 0)
(1.04447 -0.0958744 0)
(1.06656 -0.10176 0)
(1.09062 -0.100411 0)
(1.1139 -0.0886177 0)
(1.13442 -0.0659389 0)
(1.14752 -0.0349795 0)
(1.15182 -0.00201808 0)
(1.14594 0.028729 0)
(1.13251 0.0522098 0)
(1.11389 0.0688758 0)
(1.09279 0.0769634 0)
(1.07193 0.0795894 0)
(1.05124 0.0760288 0)
(1.03419 0.0688215 0)
(1.0182 0.0574205 0)
(1.00783 0.0435269 0)
(0.997246 0.0278636 0)
(0.99306 0.0107285 0)
(0.988412 -0.00556745 0)
(0.994003 -0.0266619 0)
(1.00282 -0.0443642 0)
(1.02479 -0.0721559 0)
(1.05457 -0.0866426 0)
(1.08894 -0.105532 0)
(1.13166 -0.096969 0)
(1.15187 -0.0862526 0)
(1.18073 -0.0571513 0)
(1.16596 -0.0256168 0)
(1.17362 -0.00352203 0)
(1.13896 0.0348365 0)
(1.13079 0.0352965 0)
(1.09805 0.0669639 0)
(1.07801 0.0505222 0)
(1.06225 0.0579884 0)
(1.03775 0.0328314 0)
(1.10951 0.0513979 0)
(1.09859 0.0596642 0)
(1.08664 0.0656241 0)
(1.0741 0.0692676 0)
(1.06138 0.0706593 0)
(1.04882 0.0699028 0)
(1.03673 0.0671267 0)
(1.02534 0.0624626 0)
(1.01491 0.0560528 0)
(1.00563 0.0480631 0)
(0.997725 0.038671 0)
(0.991397 0.0280661 0)
(0.986889 0.0163993 0)
(0.984354 0.00389756 0)
(0.983901 -0.00919332 0)
(0.985522 -0.0223555 0)
(0.989205 -0.0351779 0)
(0.995085 -0.0470903 0)
(1.00328 -0.0581356 0)
(1.0142 -0.0682384 0)
(1.02776 -0.0777401 0)
(1.04447 -0.0857535 0)
(1.06373 -0.0904739 0)
(1.08556 -0.0886943 0)
(1.10723 -0.0777388 0)
(1.12651 -0.0576291 0)
(1.13883 -0.0306724 0)
(1.14302 -0.00227419 0)
(1.138 0.0243667 0)
(1.12619 0.0449523 0)
(1.1097 0.0599597 0)
(1.09083 0.0675861 0)
(1.07209 0.0703974 0)
(1.05334 0.0676949 0)
(1.0377 0.0615983 0)
(1.02294 0.0516806 0)
(1.01333 0.0391023 0)
(1.00393 0.024805 0)
(1.00042 0.00893933 0)
(0.996311 -0.00552784 0)
(1.00053 -0.024031 0)
(1.00703 -0.0386701 0)
(1.0247 -0.0622723 0)
(1.05016 -0.0742972 0)
(1.07953 -0.0907932 0)
(1.11772 -0.0848323 0)
(1.13511 -0.0771267 0)
(1.16261 -0.0540483 0)
(1.15047 -0.0267789 0)
(1.1603 -0.00774083 0)
(1.13132 0.0272651 0)
(1.12541 0.0285804 0)
(1.09792 0.0574125 0)
(1.07886 0.0444933 0)
(1.06514 0.0510694 0)
(1.04338 0.0285812 0)
(1.10287 0.0449046 0)
(1.09341 0.0523785 0)
(1.08294 0.0578665 0)
(1.07185 0.0613203 0)
(1.06051 0.0627628 0)
(1.04924 0.0622607 0)
(1.03833 0.0599113 0)
(1.02802 0.0558236 0)
(1.01856 0.0501199 0)
(1.01015 0.0429518 0)
(1.003 0.0344872 0)
(0.997279 0.024915 0)
(0.99321 0.014377 0)
(0.990953 0.00307253 0)
(0.99067 -0.00879351 0)
(0.992428 -0.02075 0)
(0.996217 -0.0323907 0)
(1.00205 -0.0431388 0)
(1.00979 -0.0529871 0)
(1.01965 -0.0618549 0)
(1.03156 -0.0700002 0)
(1.04624 -0.0765943 0)
(1.06339 -0.0799995 0)
(1.08311 -0.0776167 0)
(1.10268 -0.0674173 0)
(1.11991 -0.0497919 0)
(1.13074 -0.0266496 0)
(1.13436 -0.00247004 0)
(1.12995 0.020401 0)
(1.11963 0.0383342 0)
(1.10518 0.0517713 0)
(1.08848 0.0589225 0)
(1.07181 0.0618448 0)
(1.05497 0.059866 0)
(1.04077 0.0547467 0)
(1.02726 0.0461919 0)
(1.01835 0.0349439 0)
(1.00999 0.0220307 0)
(1.00705 0.00739702 0)
(1.00369 -0.00558228 0)
(1.00708 -0.021943 0)
(1.01215 -0.0340694 0)
(1.02616 -0.0538233 0)
(1.04753 -0.0635688 0)
(1.0716 -0.0776937 0)
(1.10473 -0.0739043 0)
(1.11931 -0.0685818 0)
(1.14518 -0.0505514 0)
(1.13602 -0.0270248 0)
(1.14747 -0.010563 0)
(1.124 0.0209235 0)
(1.11996 0.0230215 0)
(1.09724 0.0487601 0)
(1.07956 0.038751 0)
(1.0674 0.0448062 0)
(1.0483 0.0246718 0)
(1.09668 0.0391171 0)
(1.0885 0.0458103 0)
(1.07936 0.0508041 0)
(1.06959 0.0540246 0)
(1.05953 0.0554635 0)
(1.04947 0.0551572 0)
(1.03969 0.0531761 0)
(1.03041 0.0496092 0)
(1.02187 0.0445607 0)
(1.01429 0.0381669 0)
(1.00785 0.0305786 0)
(1.00272 0.0219792 0)
(0.999079 0.0125039 0)
(0.997093 0.00234735 0)
(0.996934 -0.00831354 0)
(0.998719 -0.0190581 0)
(1.00245 -0.0295273 0)
(1.0081 -0.0391944 0)
(1.01543 -0.0480154 0)
(1.02455 -0.0558533 0)
(1.03539 -0.0628056 0)
(1.04868 -0.0680719 0)
(1.06413 -0.0702397 0)
(1.08172 -0.0673595 0)
(1.09887 -0.0579993 0)
(1.11369 -0.0427545 0)
(1.12281 -0.0231236 0)
(1.12574 -0.002708 0)
(1.12189 0.0168109 0)
(1.11299 0.0323687 0)
(1.10049 0.0443382 0)
(1.08587 0.0509978 0)
(1.07117 0.0539615 0)
(1.05619 0.0525817 0)
(1.04341 0.0483119 0)
(1.03118 0.0409761 0)
(1.02295 0.0310284 0)
(1.01547 0.0194948 0)
(1.01295 0.00610906 0)
(1.0104 -0.00558918 0)
(1.01337 -0.0201395 0)
(1.01775 -0.0302778 0)
(1.02885 -0.0466936 0)
(1.04655 -0.0545132 0)
(1.06555 -0.0664356 0)
(1.09362 -0.0643044 0)
(1.10572 -0.0606719 0)
(1.12973 -0.0466574 0)
(1.12353 -0.0263808 0)
(1.13586 -0.0121135 0)
(1.11735 0.015759 0)
(1.11476 0.01849 0)
(1.09609 0.041045 0)
(1.08018 0.0333194 0)
(1.06919 0.0391228 0)
(1.05255 0.0211135 0)
(1.09093 0.0339681 0)
(1.08388 0.039907 0)
(1.07593 0.0444 0)
(1.06737 0.0473578 0)
(1.05848 0.0487503 0)
(1.04955 0.04859 0)
(1.04082 0.0469245 0)
(1.03251 0.0438252 0)
(1.02486 0.0393801 0)
(1.01805 0.0337098 0)
(1.01228 0.0269475 0)
(1.00771 0.0192636 0)
(1.00448 0.0107896 0)
(1.00276 0.00171834 0)
(1.00271 -0.00778588 0)
(1.00445 -0.0173528 0)
(1.008 -0.0266824 0)
(1.01333 -0.0353192 0)
(1.0202 -0.0431884 0)
(1.02871 -0.0500858 0)
(1.03874 -0.0559536 0)
(1.05091 -0.0600456 0)
(1.0648 -0.0612058 0)
(1.08024 -0.0580663 0)
(1.09493 -0.0496529 0)
(1.10737 -0.0366347 0)
(1.11489 -0.0201229 0)
(1.11726 -0.00296928 0)
(1.114 0.0136187 0)
(1.10645 0.0270707 0)
(1.09579 0.0376732 0)
(1.08312 0.0438204 0)
(1.07027 0.0467584 0)
(1.05705 0.0458637 0)
(1.04566 0.0423272 0)
(1.03469 0.0360615 0)
(1.02714 0.0273438 0)
(1.02045 0.0171539 0)
(1.01822 0.00505448 0)
(1.01639 -0.00546808 0)
(1.01917 -0.0184277 0)
(1.02332 -0.0270319 0)
(1.0322 -0.0406934 0)
(1.04684 -0.0470124 0)
(1.06148 -0.0569813 0)
(1.08498 -0.0559748 0)
(1.09507 -0.0533959 0)
(1.11704 -0.0424358 0)
(1.11343 -0.024988 0)
(1.12585 -0.0126297 0)
(1.1115 0.0116395 0)
(1.10997 0.0148034 0)
(1.09456 0.0342551 0)
(1.0807 0.0282406 0)
(1.07062 0.0339385 0)
(1.05618 0.0178947 0)
(1.08564 0.0293935 0)
(1.07958 0.0346153 0)
(1.07268 0.0386137 0)
(1.0652 0.0412922 0)
(1.05739 0.0426058 0)
(1.0495 0.0425499 0)
(1.04175 0.0411533 0)
(1.03436 0.0384717 0)
(1.02753 0.0345788 0)
(1.02146 0.0295801 0)
(1.01631 0.0235917 0)
(1.01225 0.0167686 0)
(1.00942 0.00923745 0)
(1.00795 0.00118582 0)
(1.00798 -0.00722836 0)
(1.00965 -0.0156817 0)
(1.01295 -0.0239271 0)
(1.01789 -0.0315773 0)
(1.02425 -0.0385294 0)
(1.03214 -0.0445298 0)
(1.04141 -0.0494131 0)
(1.05249 -0.0525229 0)
(1.06483 -0.0529542 0)
(1.07819 -0.0497924 0)
(1.09058 -0.0423834 0)
(1.10092 -0.0313816 0)
(1.10714 -0.01757 0)
(1.10913 -0.00320843 0)
(1.10647 0.0108484 0)
(1.10019 0.0224375 0)
(1.0912 0.0317668 0)
(1.08034 0.0373804 0)
(1.06919 0.0402295 0)
(1.05761 0.039717 0)
(1.04753 0.0368112 0)
(1.03779 0.0314754 0)
(1.03093 0.0238934 0)
(1.02496 0.0149796 0)
(1.02295 0.00418592 0)
(1.0217 -0.00520698 0)
(1.02435 -0.0167129 0)
(1.02844 -0.0241377 0)
(1.03569 -0.0355968 0)
(1.04792 -0.0408087 0)
(1.05919 -0.0490908 0)
(1.07889 -0.0487348 0)
(1.08745 -0.0467272 0)
(1.10723 -0.0380245 0)
(1.10562 -0.0230708 0)
(1.11747 -0.0124082 0)
(1.10639 0.00839166 0)
(1.10562 0.01177 0)
(1.09273 0.0283416 0)
(1.08107 0.0235668 0)
(1.07179 0.0291866 0)
(1.05928 0.014993 0)
(1.08081 0.025333 0)
(1.0756 0.0298826 0)
(1.06964 0.0334026 0)
(1.06312 0.0357954 0)
(1.05628 0.0370075 0)
(1.04934 0.0370219 0)
(1.0425 0.0358532 0)
(1.03595 0.0335435 0)
(1.0299 0.0301532 0)
(1.0245 0.0257743 0)
(1.01995 0.0205071 0)
(1.01636 0.014491 0)
(1.01389 0.0078442 0)
(1.01265 0.000748086 0)
(1.01276 -0.0066511 0)
(1.01433 -0.0140687 0)
(1.01737 -0.0212992 0)
(1.02189 -0.0280115 0)
(1.02772 -0.0340803 0)
(1.03496 -0.0392302 0)
(1.04342 -0.0432409 0)
(1.05336 -0.0455677 0)
(1.06418 -0.0455195 0)
(1.0756 -0.0425089 0)
(1.086 -0.0360926 0)
(1.09461 -0.0268628 0)
(1.0998 -0.015358 0)
(1.10155 -0.00336861 0)
(1.09947 0.00850315 0)
(1.09434 0.018441 0)
(1.08683 0.0265863 0)
(1.0776 0.0316506 0)
(1.068 0.0343554 0)
(1.05793 0.0341336 0)
(1.04907 0.0317675 0)
(1.04049 0.0272382 0)
(1.03434 0.0206898 0)
(1.02904 0.0129597 0)
(1.0272 0.00346024 0)
(1.02638 -0.00483765 0)
(1.02885 -0.0149854 0)
(1.03288 -0.0214799 0)
(1.03894 -0.0311833 0)
(1.04939 -0.0355818 0)
(1.05826 -0.042427 0)
(1.07495 -0.0423652 0)
(1.08236 -0.0406361 0)
(1.0999 -0.0335953 0)
(1.09965 -0.0208785 0)
(1.11047 -0.0117412 0)
(1.10187 0.00584013 0)
(1.10167 0.00922726 0)
(1.0907 0.0232339 0)
(1.08122 0.0193481 0)
(1.07273 0.0248258 0)
(1.06192 0.012386 0)
(1.07643 0.0217304 0)
(1.07196 0.0256572 0)
(1.06681 0.0287223 0)
(1.06115 0.0308315 0)
(1.05519 0.0319275 0)
(1.0491 0.0319856 0)
(1.04309 0.0310092 0)
(1.03732 0.0290297 0)
(1.03198 0.0260955 0)
(1.02721 0.0222859 0)
(1.02319 0.0176872 0)
(1.02005 0.0124235 0)
(1.0179 0.00660399 0)
(1.01686 0.000396289 0)
(1.01704 -0.00606159 0)
(1.01852 -0.0125234 0)
(1.0213 -0.0188129 0)
(1.0254 -0.0246445 0)
(1.0307 -0.0298786 0)
(1.03726 -0.0342424 0)
(1.04488 -0.037503 0)
(1.05368 -0.0392252 0)
(1.06306 -0.0388905 0)
(1.07277 -0.0361317 0)
(1.08149 -0.0306443 0)
(1.08869 -0.0229438 0)
(1.09308 -0.0133927 0)
(1.09468 -0.00341236 0)
(1.09311 0.00656339 0)
(1.08896 0.015032 0)
(1.08274 0.0220811 0)
(1.07497 0.0265909 0)
(1.06674 0.0291065 0)
(1.05805 0.0290953 0)
(1.05031 0.0271881 0)
(1.04281 0.0233604 0)
(1.03735 0.0177451 0)
(1.0327 0.011096 0)
(1.03103 0.00284147 0)
(1.03049 -0.00440944 0)
(1.03274 -0.0132818 0)
(1.03663 -0.0190021 0)
(1.0418 -0.0272696 0)
(1.05092 -0.0310376 0)
(1.0582 -0.0366671 0)
(1.07253 -0.036675 0)
(1.07903 -0.0350999 0)
(1.09437 -0.0293144 0)
(1.09492 -0.0186126 0)
(1.10454 -0.0108519 0)
(1.09777 0.0038404 0)
(1.09803 0.00706591 0)
(1.08859 0.0188548 0)
(1.08114 0.0156193 0)
(1.07346 0.020842 0)
(1.06419 0.0100585 0)
(1.07559 0.0145775 0)
(1.07249 0.0185331 0)
(1.06865 0.0218887 0)
(1.06421 0.0245278 0)
(1.05931 0.026362 0)
(1.05412 0.0273343 0)
(1.04881 0.0274154 0)
(1.04354 0.0266015 0)
(1.03848 0.0249144 0)
(1.03378 0.0223932 0)
(1.0296 0.0191046 0)
(1.02607 0.0151228 0)
(1.02332 0.0105575 0)
(1.02147 0.00550661 0)
(1.02061 0.000124332 0)
(1.02084 -0.00546581 0)
(1.02222 -0.0110488 0)
(1.02475 -0.0164713 0)
(1.02847 -0.0214855 0)
(1.03325 -0.0259478 0)
(1.03914 -0.0296046 0)
(1.04592 -0.0322354 0)
(1.05363 -0.0335003 0)
(1.06171 -0.0330146 0)
(1.06995 -0.030554 0)
(1.07728 -0.0259092 0)
(1.08333 -0.0195139 0)
(1.08709 -0.0116208 0)
(1.08857 -0.00334764 0)
(1.08743 0.0049849 0)
(1.08411 0.0121482 0)
(1.07899 0.0181901 0)
(1.07248 0.0221519 0)
(1.06548 0.0244454 0)
(1.05802 0.0245775 0)
(1.0513 0.0230565 0)
(1.04478 0.0198418 0)
(1.03999 0.0150663 0)
(1.03594 0.00939429 0)
(1.03444 0.00230566 0)
(1.03409 -0.00396452 0)
(1.03609 -0.0116459 0)
(1.03975 -0.0166797 0)
(1.04426 -0.0237259 0)
(1.05235 -0.0269631 0)
(1.05855 -0.0315681 0)
(1.07098 -0.0315369 0)
(1.07671 -0.030096 0)
(1.09001 -0.0252994 0)
(1.09094 -0.0164036 0)
(1.0994 -0.00987803 0)
(1.09399 0.00228634 0)
(1.09467 0.00522728 0)
(1.08649 0.015128 0)
(1.08082 0.012392 0)
(1.07399 0.0172396 0)
(1.06614 0.00800326 0)
(1.07164 0.0123667 0)
(1.06898 0.0156923 0)
(1.06568 0.0185287 0)
(1.06185 0.0207733 0)
(1.05761 0.0223461 0)
(1.05311 0.0231925 0)
(1.04848 0.0232818 0)
(1.04388 0.0226052 0)
(1.03945 0.0211776 0)
(1.03534 0.0190291 0)
(1.03168 0.0162163 0)
(1.02859 0.0128018 0)
(1.0262 0.00888128 0)
(1.02461 0.00454339 0)
(1.02391 -7.74602e-05 0)
(1.02418 -0.00486883 0)
(1.02546 -0.0096456 0)
(1.02777 -0.0142729 0)
(1.03112 -0.0185367 0)
(1.0354 -0.0222978 0)
(1.04066 -0.025331 0)
(1.04664 -0.0274398 0)
(1.05336 -0.0283636 0)
(1.0603 -0.0278165 0)
(1.06729 -0.0256693 0)
(1.07348 -0.0217741 0)
(1.0786 -0.0164954 0)
(1.08184 -0.0100087 0)
(1.08321 -0.00319195 0)
(1.08241 0.00371912 0)
(1.07979 0.00972496 0)
(1.07558 0.0148483 0)
(1.07016 0.0182793 0)
(1.06423 0.0203297 0)
(1.05787 0.0205499 0)
(1.05206 0.0193505 0)
(1.04644 0.0166728 0)
(1.04226 0.0126517 0)
(1.03877 0.00785731 0)
(1.03744 0.00183934 0)
(1.03722 -0.00352716 0)
(1.03897 -0.0101052 0)
(1.04236 -0.0145004 0)
(1.04635 -0.0204723 0)
(1.05359 -0.0232332 0)
(1.05901 -0.026979 0)
(1.06986 -0.0268786 0)
(1.07487 -0.025594 0)
(1.08638 -0.0216102 0)
(1.08743 -0.0143117 0)
(1.09488 -0.00888434 0)
(1.0905 0.00110459 0)
(1.09156 0.00368748 0)
(1.0845 0.0119817 0)
(1.08031 0.00965401 0)
(1.07434 0.014029 0)
(1.06781 0.00621775 0)
(1.06817 0.0103989 0)
(1.06588 0.0131625 0)
(1.06304 0.01553 0)
(1.05973 0.0174131 0)
(1.05606 0.0187412 0)
(1.05216 0.0194639 0)
(1.04813 0.019551 0)
(1.04412 0.0189913 0)
(1.04026 0.0177939 0)
(1.03666 0.0159824 0)
(1.03346 0.0136032 0)
(1.03078 0.0107094 0)
(1.02871 0.00738283 0)
(1.02735 0.00370133 0)
(1.02678 -0.000217741 0)
(1.02707 -0.00427525 0)
(1.02827 -0.00831355 0)
(1.03036 -0.0122144 0)
(1.03337 -0.0157947 0)
(1.0372 -0.0189261 0)
(1.04187 -0.0214152 0)
(1.04713 -0.0230942 0)
(1.05297 -0.0237646 0)
(1.05894 -0.0232161 0)
(1.06489 -0.0213771 0)
(1.07013 -0.0181466 0)
(1.07448 -0.0138234 0)
(1.07729 -0.00853349 0)
(1.07857 -0.0029597 0)
(1.07804 0.0027185 0)
(1.07598 0.00769959 0)
(1.07254 0.011991 0)
(1.06805 0.0149165 0)
(1.06304 0.016713 0)
(1.05763 0.0169778 0)
(1.05265 0.0160432 0)
(1.04781 0.0138368 0)
(1.04419 0.0104907 0)
(1.04121 0.00648214 0)
(1.04004 0.00143526 0)
(1.03992 -0.00310527 0)
(1.04145 -0.00866791 0)
(1.04457 -0.0124546 0)
(1.04812 -0.0174639 0)
(1.05462 -0.0197871 0)
(1.05941 -0.0228152 0)
(1.0689 -0.0226559 0)
(1.07327 -0.021551 0)
(1.08324 -0.0182579 0)
(1.08427 -0.0123499 0)
(1.09089 -0.00789017 0)
(1.08732 0.000241148 0)
(1.08872 0.0024368 0)
(1.08266 0.00934848 0)
(1.07969 0.00737375 0)
(1.07453 0.0112158 0)
(1.06923 0.00469911 0)
(1.06516 0.00863711 0)
(1.06318 0.0109008 0)
(1.06072 0.0128471 0)
(1.05786 0.0144015 0)
(1.05468 0.015503 0)
(1.05128 0.0161072 0)
(1.04778 0.0161857 0)
(1.04428 0.0157264 0)
(1.04091 0.0147344 0)
(1.03777 0.0132278 0)
(1.03498 0.011244 0)
(1.03264 0.00882773 0)
(1.03085 0.00604771 0)
(1.0297 0.00297069 0)
(1.02925 -0.000303082 0)
(1.02955 -0.00368769 0)
(1.03066 -0.00705065 0)
(1.03256 -0.0102897 0)
(1.03527 -0.0132508 0)
(1.03869 -0.0158204 0)
(1.04282 -0.0178368 0)
(1.04744 -0.0191617 0)
(1.05252 -0.0196448 0)
(1.05766 -0.019133 0)
(1.06276 -0.0175886 0)
(1.06723 -0.0149459 0)
(1.07096 -0.0114435 0)
(1.0734 -0.00717491 0)
(1.0746 -0.00267033 0)
(1.07427 0.00193905 0)
(1.07266 0.00601437 0)
(1.06986 0.00955554 0)
(1.06615 0.0120056 0)
(1.06193 0.0135457 0)
(1.05735 0.0138222 0)
(1.05307 0.0131037 0)
(1.04893 0.0113104 0)
(1.04581 0.00856651 0)
(1.04326 0.00526132 0)
(1.04226 0.00108964 0)
(1.04222 -0.00269659 0)
(1.04357 -0.00732839 0)
(1.04642 -0.0105324 0)
(1.04961 -0.0146741 0)
(1.05545 -0.0165957 0)
(1.0597 -0.0190232 0)
(1.06802 -0.0188311 0)
(1.07182 -0.0179138 0)
(1.0805 -0.0152207 0)
(1.08145 -0.0105082 0)
(1.08743 -0.00689514 0)
(1.08449 -0.000348223 0)
(1.08619 0.00146399 0)
(1.08101 0.00716559 0)
(1.07902 0.00550786 0)
(1.07461 0.00879275 0)
(1.07042 0.00344047 0)
(1.06259 0.00704752 0)
(1.06087 0.0088668 0)
(1.05873 0.0104355 0)
(1.05623 0.0116922 0)
(1.05346 0.0125859 0)
(1.0505 0.0130786 0)
(1.04744 0.0131451 0)
(1.04438 0.0127733 0)
(1.04143 0.0119658 0)
(1.03869 0.010736 0)
(1.03625 0.00911402 0)
(1.03421 0.00713612 0)
(1.03266 0.00485921 0)
(1.03168 0.00233902 0)
(1.03132 -0.000341051 0)
(1.03164 -0.00310812 0)
(1.03267 -0.0058531 0)
(1.03439 -0.00848947 0)
(1.03683 -0.0108905 0)
(1.03989 -0.0129596 0)
(1.04355 -0.0145653 0)
(1.04762 -0.015597 0)
(1.05206 -0.0159419 0)
(1.05652 -0.0154897 0)
(1.06091 -0.014223 0)
(1.06476 -0.0120993 0)
(1.06798 -0.00930787 0)
(1.07013 -0.00591688 0)
(1.07124 -0.00233306 0)
(1.07107 0.00134396 0)
(1.06983 0.0046167 0)
(1.06754 0.00748217 0)
(1.06447 0.00948881 0)
(1.06092 0.0107754 0)
(1.05704 0.0110395 0)
(1.05337 0.0104963 0)
(1.04982 0.00906543 0)
(1.04714 0.00685806 0)
(1.04498 0.00418353 0)
(1.04411 0.000800794 0)
(1.04415 -0.00229502 0)
(1.04535 -0.00607438 0)
(1.04797 -0.00872251 0)
(1.05084 -0.0120811 0)
(1.05609 -0.0136374 0)
(1.05988 -0.0155578 0)
(1.06721 -0.0153602 0)
(1.07052 -0.0146238 0)
(1.07815 -0.0124597 0)
(1.07902 -0.00876559 0)
(1.08447 -0.00589155 0)
(1.08204 -0.000702076 0)
(1.08398 0.00075031 0)
(1.07957 0.00537432 0)
(1.07837 0.00400855 0)
(1.07461 0.00673778 0)
(1.07139 0.00242699 0)
(1.06045 0.00559843 0)
(1.05893 0.0070214 0)
(1.05705 0.00825103 0)
(1.05486 0.00923844 0)
(1.05242 0.00994242 0)
(1.04982 0.0103315 0)
(1.04713 0.0103845 0)
(1.04444 0.0100905 0)
(1.04184 0.00945038 0)
(1.03942 0.00847394 0)
(1.03728 0.00718448 0)
(1.0355 0.00561091 0)
(1.03415 0.00379863 0)
(1.03331 0.00179308 0)
(1.03303 -0.000338673 0)
(1.03335 -0.00253696 0)
(1.03431 -0.0047145 0)
(1.03588 -0.00680051 0)
(1.03809 -0.00869375 0)
(1.04084 -0.0103156 0)
(1.04411 -0.0115624 0)
(1.04772 -0.0123489 0)
(1.05162 -0.0125914 0)
(1.05552 -0.0122119 0)
(1.05935 -0.0112043 0)
(1.0627 -0.00954261 0)
(1.06552 -0.00737193 0)
(1.06742 -0.00474319 0)
(1.06847 -0.00196271 0)
(1.06842 0.000898215 0)
(1.06747 0.00345784 0)
(1.06559 0.00571329 0)
(1.06304 0.00730791 0)
(1.06003 0.00834747 0)
(1.05673 0.00858202 0)
(1.05358 0.0081806 0)
(1.05053 0.00706864 0)
(1.04821 0.00534047 0)
(1.04637 0.0032344 0)
(1.04562 0.000565687 0)
(1.04573 -0.00189451 0)
(1.04681 -0.00489115 0)
(1.04924 -0.00701197 0)
(1.05183 -0.00966096 0)
(1.05658 -0.0108866 0)
(1.05997 -0.0123727 0)
(1.06649 -0.0121911 0)
(1.0694 -0.0116202 0)
(1.07618 -0.00992734 0)
(1.07698 -0.00710019 0)
(1.082 -0.0048736 0)
(1.07999 -0.000858021 0)
(1.08212 0.000267955 0)
(1.07835 0.00391893 0)
(1.07777 0.00282596 0)
(1.07456 0.00501639 0)
(1.07218 0.00163766 0)
(1.05873 0.00425942 0)
(1.05736 0.0053262 0)
(1.05568 0.00624952 0)
(1.05373 0.00699219 0)
(1.05157 0.0075225 0)
(1.04925 0.00781594 0)
(1.04686 0.00785554 0)
(1.04446 0.00763228 0)
(1.04215 0.00714604 0)
(1.04 0.00640382 0)
(1.03809 0.00542291 0)
(1.03651 0.00422534 0)
(1.03533 0.00284574 0)
(1.0346 0.00131937 0)
(1.03439 -0.000302337 0)
(1.03471 -0.00197295 0)
(1.03561 -0.00362562 0)
(1.03706 -0.00520534 0)
(1.03908 -0.00663478 0)
(1.04157 -0.00785344 0)
(1.04451 -0.0087832 0)
(1.04775 -0.00936084 0)
(1.05123 -0.0095266 0)
(1.0547 -0.00922706 0)
(1.05808 -0.00846148 0)
(1.06104 -0.00721473 0)
(1.06354 -0.0055941 0)
(1.06526 -0.00363675 0)
(1.06625 -0.00156405 0)
(1.06629 0.000573066 0)
(1.06555 0.00249245 0)
(1.064 0.00419281 0)
(1.06185 0.00540378 0)
(1.05928 0.00620404 0)
(1.05644 0.00639717 0)
(1.0537 0.00611108 0)
(1.05106 0.00528205 0)
(1.04903 0.00398517 0)
(1.04746 0.00239648 0)
(1.04682 0.00037989 0)
(1.04698 -0.00149009 0)
(1.04798 -0.00376319 0)
(1.05023 -0.00538416 0)
(1.05261 -0.00738494 0)
(1.05694 -0.00830973 0)
(1.06001 -0.0094164 0)
(1.06588 -0.0092653 0)
(1.06847 -0.00884207 0)
(1.07459 -0.00757344 0)
(1.07533 -0.00549155 0)
(1.08003 -0.00383716 0)
(1.07833 -0.000850508 0)
(1.0806 -1.62558e-05 0)
(1.07735 0.00274471 0)
(1.07726 0.00190871 0)
(1.07448 0.00358452 0)
(1.07278 0.00104625 0)
(1.05741 0.00300048 0)
(1.05617 0.00374236 0)
(1.05464 0.00438519 0)
(1.05287 0.00490281 0)
(1.05091 0.00527275 0)
(1.04881 0.00547744 0)
(1.04663 0.00550452 0)
(1.04446 0.00534726 0)
(1.04237 0.00500517 0)
(1.04042 0.00448288 0)
(1.0387 0.00379236 0)
(1.03728 0.00294913 0)
(1.03622 0.00197759 0)
(1.03558 0.000902931 0)
(1.03541 -0.000238435 0)
(1.03573 -0.00141321 0)
(1.03658 -0.00257414 0)
(1.03794 -0.00368182 0)
(1.0398 -0.00468183 0)
(1.0421 -0.00553116 0)
(1.0448 -0.0061753 0)
(1.04775 -0.00657097 0)
(1.05092 -0.00667805 0)
(1.05405 -0.00646195 0)
(1.0571 -0.00592407 0)
(1.05977 -0.00505621 0)
(1.06205 -0.00393221 0)
(1.06363 -0.00257709 0)
(1.06457 -0.00114136 0)
(1.06467 0.000341447 0)
(1.0641 0.00167675 0)
(1.06278 0.00286481 0)
(1.06094 0.00371527 0)
(1.05869 0.00428336 0)
(1.0562 0.00442696 0)
(1.05378 0.00423622 0)
(1.05145 0.00366218 0)
(1.04964 0.00275939 0)
(1.04827 0.00164878 0)
(1.04771 0.000236965 0)
(1.04792 -0.00107805 0)
(1.04885 -0.00267397 0)
(1.05098 -0.0038183 0)
(1.05318 -0.00521832 0)
(1.05719 -0.00586551 0)
(1.06001 -0.00663178 0)
(1.0654 -0.00652025 0)
(1.06776 -0.00622825 0)
(1.07338 -0.00534794 0)
(1.07409 -0.00391828 0)
(1.07853 -0.0027778 0)
(1.07707 -0.000710743 0)
(1.07944 -0.000138838 0)
(1.07658 0.00179581 0)
(1.07685 0.00120441 0)
(1.0744 0.00238847 0)
(1.07323 0.000619255 0)
(1.05651 0.00179084 0)
(1.05535 0.00222929 0)
(1.05392 0.00260947 0)
(1.05227 0.00291579 0)
(1.05045 0.00313479 0)
(1.04849 0.00325589 0)
(1.04648 0.00327156 0)
(1.04446 0.00317762 0)
(1.04251 0.0029736 0)
(1.0407 0.00266218 0)
(1.03911 0.00225039 0)
(1.03779 0.00174748 0)
(1.03682 0.00116802 0)
(1.03624 0.000527169 0)
(1.0361 -0.000153261 0)
(1.03642 -0.000853162 0)
(1.03724 -0.00154428 0)
(1.03853 -0.00220287 0)
(1.04029 -0.00279647 0)
(1.04245 -0.00329921 0)
(1.04498 -0.0036791 0)
(1.04774 -0.00391052 0)
(1.05069 -0.00397056 0)
(1.0536 -0.00383961 0)
(1.05643 -0.00351959 0)
(1.05891 -0.00300612 0)
(1.06103 -0.0023429 0)
(1.06252 -0.00154374 0)
(1.06343 -0.000697627 0)
(1.06357 0.00017756 0)
(1.0631 0.000966861 0)
(1.06194 0.00167152 0)
(1.0603 0.00217741 0)
(1.05827 0.00251803 0)
(1.05603 0.00260663 0)
(1.05381 0.0024973 0)
(1.0517 0.00215908 0)
(1.05005 0.00162505 0)
(1.04881 0.000966266 0)
(1.04831 0.000127797 0)
(1.04855 -0.000655747 0)
(1.04944 -0.00160533 0)
(1.05148 -0.00228899 0)
(1.05356 -0.00311962 0)
(1.05735 -0.00350488 0)
(1.06 -0.00395526 0)
(1.06506 -0.00388906 0)
(1.06726 -0.00371494 0)
(1.07256 -0.00319887 0)
(1.07324 -0.00235757 0)
(1.07751 -0.00169206 0)
(1.07622 -0.000470041 0)
(1.07864 -0.000140204 0)
(1.07605 0.00101293 0)
(1.07656 0.000656592 0)
(1.07433 0.0013655 0)
(1.07352 0.000317987 0)
(1.05605 0.000597142 0)
(1.05492 0.000742513 0)
(1.05355 0.0008686 0)
(1.05197 0.000970217 0)
(1.05021 0.00104287 0)
(1.04833 0.00108301 0)
(1.04639 0.00108812 0)
(1.04445 0.00105676 0)
(1.04258 0.000988765 0)
(1.04085 0.00088499 0)
(1.03932 0.000747769 0)
(1.03806 0.000580185 0)
(1.03713 0.000387098 0)
(1.03658 0.000173569 0)
(1.03645 -5.31036e-05 0)
(1.03678 -0.000286177 0)
(1.03758 -0.000516238 0)
(1.03883 -0.000735312 0)
(1.04054 -0.00093258 0)
(1.04262 -0.00109942 0)
(1.04507 -0.00122525 0)
(1.04773 -0.00130153 0)
(1.05056 -0.00132087 0)
(1.05336 -0.00127686 0)
(1.05608 -0.00117042 0)
(1.05847 -0.000999918 0)
(1.06051 -0.000780207 0)
(1.06194 -0.000515667 0)
(1.06284 -0.000235609 0)
(1.063 5.4506e-05 0)
(1.06258 0.000316247 0)
(1.06151 0.000550396 0)
(1.05997 0.000718651 0)
(1.05805 0.00083246 0)
(1.05593 0.00086245 0)
(1.05383 0.000826764 0)
(1.05182 0.000714821 0)
(1.05025 0.000537635 0)
(1.04909 0.000318823 0)
(1.04862 4.01274e-05 0)
(1.04888 -0.000220902 0)
(1.04974 -0.000536845 0)
(1.05173 -0.000764918 0)
(1.05375 -0.00104066 0)
(1.05743 -0.00116927 0)
(1.05999 -0.00131758 0)
(1.06488 -0.00129641 0)
(1.06701 -0.00123735 0)
(1.07213 -0.00106828 0)
(1.0728 -0.000788488 0)
(1.07699 -0.000571025 0)
(1.07577 -0.000164201 0)
(1.07823 -5.79983e-05 0)
(1.07577 0.000327469 0)
(1.07641 0.000207047 0)
(1.07429 0.000444188 0)
(1.07367 9.66704e-05 0)
)
;

boundaryField
{
    inlet
    {
        type            uniformFixedValue;
        uniformValue    constant (1 0 0);
        value           nonuniform 0();
    }
    outlet
    {
        type            pressureInletOutletVelocity;
        value           nonuniform List<vector> 
35
(
(0.888781 0.0909089 0)
(0.897742 0.0899251 0)
(0.906868 0.0886865 0)
(0.916132 0.0871578 0)
(0.925509 0.0853047 0)
(0.934968 0.0830961 0)
(0.944477 0.0805065 0)
(0.954 0.0775185 0)
(0.963497 0.0741263 0)
(0.972924 0.070339 0)
(0.982227 0.0661831 0)
(0.991345 0.0617052 0)
(1.00021 0.0569725 0)
(1.00873 0.0520709 0)
(1.01684 0.047101 0)
(1.02443 0.0421704 0)
(1.03142 0.0373836 0)
(1.03775 0.0328314 0)
(1.04338 0.0285812 0)
(1.0483 0.0246718 0)
(1.05255 0.0211135 0)
(1.05618 0.0178947 0)
(1.05928 0.014993 0)
(1.06192 0.012386 0)
(1.06419 0.0100585 0)
(1.06614 0.00800326 0)
(1.06781 0.00621775 0)
(1.06923 0.00469911 0)
(1.07042 0.00344047 0)
(1.07139 0.00242699 0)
(1.07218 0.00163766 0)
(1.07278 0.00104625 0)
(1.07323 0.000619255 0)
(1.07352 0.000317987 0)
(1.07367 9.66704e-05 0)
)
;
    }
    cylinder
    {
        type            fixedValue;
        value           nonuniform 0();
    }
    top
    {
        type            symmetryPlane;
    }
    bottom
    {
        type            symmetryPlane;
    }
    defaultFaces
    {
        type            empty;
    }
    procBoundary3to2
    {
        type            processor;
        value           nonuniform List<vector> 
36
(
(1.19764 0.233504 0)
(1.20575 0.224244 0)
(1.21235 0.214313 0)
(1.21727 0.203718 0)
(1.22038 0.192469 0)
(1.22156 0.180596 0)
(1.2207 0.168152 0)
(1.21779 0.155238 0)
(1.21285 0.142016 0)
(1.20606 0.128719 0)
(1.19769 0.11563 0)
(1.18814 0.103047 0)
(1.17786 0.0912293 0)
(1.16727 0.0803586 0)
(1.15673 0.0705211 0)
(1.14649 0.0617223 0)
(1.13672 0.0539121 0)
(1.1275 0.0470113 0)
(1.11888 0.0409299 0)
(1.11089 0.0355785 0)
(1.10352 0.0308732 0)
(1.09677 0.0267364 0)
(1.09062 0.0230981 0)
(1.08506 0.0198955 0)
(1.08006 0.017072 0)
(1.08006 0.017072 0)
(1.07784 0.0101687 0)
(1.07356 0.00867733 0)
(1.06982 0.00734477 0)
(1.0666 0.00614336 0)
(1.06386 0.00504842 0)
(1.06158 0.00403788 0)
(1.05974 0.00309124 0)
(1.05835 0.00218892 0)
(1.0574 0.00131151 0)
(1.05691 0.000438268 0)
)
;
    }
    procBoundary3to6
    {
        type            processor;
        value           uniform (1.18821 0.242087 0);
    }
    procBoundary3to7
    {
        type            processor;
        value           nonuniform List<vector> 
57
(
(1.14962 0.30137 0)
(1.11545 0.323424 0)
(1.07916 0.325587 0)
(1.04319 0.316497 0)
(1.00883 0.301574 0)
(0.976764 0.283341 0)
(0.946606 0.263464 0)
(0.916762 0.243374 0)
(0.886278 0.222538 0)
(0.856812 0.197324 0)
(0.832371 0.163117 0)
(0.816775 0.117906 0)
(0.811665 0.0638563 0)
(0.81651 0.00544309 0)
(0.829759 -0.0532174 0)
(0.849776 -0.11012 0)
(0.875104 -0.165414 0)
(0.910368 -0.211056 0)
(0.910368 -0.211056 0)
(0.943759 -0.263577 0)
(0.979952 -0.31174 0)
(1.01733 -0.349055 0)
(1.05424 -0.366449 0)
(1.08794 -0.355614 0)
(1.11584 -0.310666 0)
(1.13465 -0.232204 0)
(1.14278 -0.126872 0)
(1.13925 -0.00974435 0)
(1.1239 0.101366 0)
(1.09864 0.190497 0)
(1.06623 0.249565 0)
(1.0316 0.278247 0)
(0.996798 0.280899 0)
(0.964428 0.267473 0)
(0.931221 0.243846 0)
(0.90052 0.216841 0)
(0.871865 0.179639 0)
(0.854935 0.133741 0)
(0.847168 0.0701765 0)
(0.854865 -0.000422961 0)
(0.869219 -0.0804412 0)
(0.893777 -0.156832 0)
(0.920871 -0.226145 0)
(0.95052 -0.283926 0)
(0.980821 -0.31124 0)
(1.00457 -0.321042 0)
(1.02878 -0.270311 0)
(1.04037 -0.207792 0)
(1.05223 -0.083016 0)
(1.04697 0.016388 0)
(1.04008 0.125465 0)
(1.01405 0.191464 0)
(0.997092 0.209158 0)
(0.95599 0.243722 0)
(0.93466 0.184148 0)
(0.890753 0.218065 0)
(0.880006 0.0916729 0)
)
;
    }
}


// ************************************************************************* //
