/*--------------------------------*- C++ -*----------------------------------*\
  =========                 |
  \\      /  F ield         | OpenFOAM: The Open Source CFD Toolbox
   \\    /   O peration     | Website:  https://openfoam.org
    \\  /    A nd           | Version:  7
     \\/     M anipulation  |
\*---------------------------------------------------------------------------*/
FoamFile
{
    version     2.0;
    format      ascii;
    class       surfaceScalarField;
    location    "165";
    object      phi;
}
// * * * * * * * * * * * * * * * * * * * * * * * * * * * * * * * * * * * * * //

dimensions      [0 3 -1 0 0 0 0];

internalField   nonuniform List<scalar> 
3868
(
-2.62072e-05
1.46756e-05
-8.83759e-05
3.25324e-05
-0.000174156
4.24013e-05
-0.000274063
4.68804e-05
-0.00038185
4.83161e-05
4.83415e-05
-2.62214e-05
4.0897e-05
-8.84209e-05
9.4732e-05
-0.00017424
0.00012822
-0.000274186
0.000146827
-0.000382012
0.000156142
-0.000494255
0.000160585
-0.000609385
0.000162958
-0.00072695
0.000164678
-0.000846982
0.00016631
-0.000969686
0.000168026
-0.00109532
0.000169868
-0.00122414
0.000171844
-0.00135642
0.00017396
-0.00149243
0.00017622
-0.00163247
0.000178629
-0.00177682
0.000181192
-0.00192578
0.000183915
-0.00207965
0.000186805
-0.00223875
0.00018987
-0.0024034
0.000193116
-0.00257394
0.000196556
-0.00275071
0.000200209
-0.00293406
0.000204081
-0.00312434
0.000208109
0.000212316
-0.0033219
-2.6181e-05
6.7078e-05
-8.8307e-05
0.000156858
-0.000174046
0.000213959
-0.000273919
0.0002467
-0.000381679
0.000263901
-0.000493863
0.000272769
-0.000608935
0.00027803
-0.000726441
0.000282184
-0.000846414
0.000286282
-0.000969057
0.000290669
-0.00109462
0.000295434
-0.00122338
0.000300598
-0.00135559
0.000306173
-0.00149154
0.000312168
-0.0016315
0.000318595
-0.00177578
0.000325466
-0.00192466
0.000332795
-0.00207845
0.000340595
-0.00223746
0.000348883
-0.00240202
0.000357676
-0.00257246
0.000366995
-0.00274913
0.000376878
-0.00293238
0.000387335
-0.00312255
0.000398279
0.000409759
-0.00331999
-2.60863e-05
9.31643e-05
-8.80344e-05
0.000218806
-0.000173576
0.000299501
-0.000273263
0.000346387
-0.000380853
0.000371492
-0.00049288
0.000384796
-0.000607802
0.000392952
-0.000725159
0.000399542
-0.000844982
0.000406105
-0.000967473
0.00041316
-0.00109288
0.000420845
-0.00122148
0.000429193
-0.00135353
0.000438223
-0.00148931
0.000447949
-0.0016291
0.00045839
-0.0017732
0.000469564
-0.0019219
0.000481491
-0.0020755
0.000494196
-0.00223432
0.000507701
-0.00239868
0.000522034
-0.00256891
0.000537226
-0.00274536
0.00055333
-0.00292839
0.000570363
-0.00311832
0.000588215
0.000606955
-0.00331552
-2.59374e-05
0.000119102
-8.76034e-05
0.000280472
-0.00017283
0.000384728
-0.000272216
0.000445773
-0.000379533
0.000478809
-0.000491308
0.000496571
-0.000605988
0.000507631
-0.000723106
0.00051666
-0.000842688
0.000525687
-0.000964935
0.000535408
-0.0010901
0.000546008
-0.00121844
0.000557536
-0.00135023
0.000570015
-0.00148575
0.000583467
-0.00162528
0.000597914
-0.0017691
0.000613384
-0.00191751
0.000629903
-0.00207082
0.000647504
-0.00222933
0.000666217
-0.00239338
0.000686079
-0.00256328
0.000707133
-0.0027394
0.000729446
-0.00292208
0.000753043
-0.00311165
0.00077779
0.000803775
-0.00330847
-2.57345e-05
0.000144836
-8.70144e-05
0.000341752
-0.000171808
0.000469522
-0.000270781
0.000544746
-0.000377721
0.000585749
-0.000489147
0.000607996
-0.000603492
0.000621977
-0.000720281
0.000633448
-0.000839532
0.000644939
-0.000961445
0.00065732
-0.00108627
0.000670832
-0.00121427
0.000685533
-0.00134571
0.000701455
-0.00148086
0.000718624
-0.00162002
0.000737071
-0.00176346
0.000756827
-0.00191149
0.000777928
-0.0020644
0.000800413
-0.0022225
0.000824322
-0.00238612
0.0008497
-0.00255559
0.000876602
-0.00273126
0.000905108
-0.00291347
0.000935253
-0.00310255
0.000966879
0.00100009
-0.00329887
-2.54779e-05
0.000170314
-8.62681e-05
0.000402542
-0.000170511
0.000553765
-0.000268957
0.000643192
-0.000375416
0.000692208
-0.000486397
0.000718977
-0.000600317
0.000735897
-0.000716686
0.000749817
-0.000835517
0.000763769
-0.000957004
0.000778808
-0.0010814
0.000795224
-0.00120896
0.000813092
-0.00133995
0.000832449
-0.00147465
0.000853327
-0.00161334
0.000875762
-0.00175631
0.000899793
-0.00190384
0.000925463
-0.00205625
0.000952819
-0.00221384
0.00098191
-0.00237692
0.00101279
-0.00254584
0.00104552
-0.00272093
0.0010802
-0.00290255
0.00111687
-0.00309103
0.00115536
0.00119576
-0.0032867
-2.5168e-05
0.000195482
-8.53652e-05
0.000462739
-0.00016894
0.00063734
-0.000266746
0.000740998
-0.00037262
0.000798081
-0.00048306
0.000829418
-0.000596463
0.0008493
-0.000712323
0.000865677
-0.000830642
0.000882089
-0.000951614
0.000899779
-0.00107548
0.000919093
-0.00120251
0.00094012
-0.00133296
0.000962902
-0.00146712
0.000987478
-0.00160524
0.00101389
-0.00174763
0.00104218
-0.00189458
0.00107241
-0.00204638
0.00110462
-0.00220334
0.00113887
-0.00236578
0.00117523
-0.00253403
0.00121377
-0.00270844
0.0012546
-0.00288934
0.00129778
-0.00307708
0.00134309
0.00139067
-0.00327198
-2.48053e-05
0.000220288
-8.43066e-05
0.000522241
-0.000167096
0.000720129
-0.000264148
0.00083805
-0.000369333
0.000903266
-0.000479136
0.000939221
-0.000591931
0.000962095
-0.000707192
0.000980937
-0.000824911
0.000999809
-0.000945277
0.00102015
-0.00106853
0.00104235
-0.00119494
0.00106652
-0.00132476
0.00109272
-0.00145826
0.00112098
-0.00159573
0.00115136
-0.00173744
0.0011839
-0.00188369
0.00121866
-0.00203478
0.00125571
-0.00219101
0.0012951
-0.0023527
0.00133692
-0.00252018
0.00138124
-0.00269377
0.0014282
-0.00287384
0.00147785
-0.00306072
0.00152997
0.00158467
-0.00325473
-2.43903e-05
0.000244678
-8.30932e-05
0.000580943
-0.00016498
0.000802016
-0.000261165
0.000934235
-0.000365556
0.00100766
-0.000474627
0.00104829
-0.000586722
0.00107419
-0.000701295
0.00109551
-0.000818326
0.00111684
-0.000937996
0.00113982
-0.00106055
0.0011649
-0.00118624
0.00119221
-0.00131533
0.00122181
-0.00144809
0.00125375
-0.0015848
0.00128807
-0.00172574
0.00132484
-0.0018712
0.00136412
-0.00202148
0.00140598
-0.00217687
0.0014505
-0.0023377
0.00149775
-0.00250428
0.00154783
-0.00267696
0.00160087
-0.00285607
0.00165696
-0.00304196
0.00171586
0.00177765
-0.00323494
-2.39237e-05
0.000268602
-8.17264e-05
0.000638746
-0.000162593
0.000882883
-0.000257797
0.00102944
-0.000361291
0.00111115
-0.000469533
0.00115653
-0.000580838
0.00118549
-0.000694634
0.00120931
-0.000810887
0.00123309
-0.000929774
0.0012587
-0.00105153
0.00128666
-0.00117641
0.0013171
-0.00130469
0.00135008
-0.00143662
0.00138567
-0.00157247
0.00142393
-0.00171254
0.0014649
-0.00185711
0.00150868
-0.00200646
0.00155534
-0.00216092
0.00160495
-0.00232077
0.00165761
-0.00248636
0.00171341
-0.002658
0.00177251
-0.00283604
0.001835
-0.00302082
0.00190063
0.00196947
-0.00321264
-2.34061e-05
0.000292008
-8.02074e-05
0.000695547
-0.000159937
0.000962612
-0.000254046
0.00112355
-0.000356538
0.00121364
-0.000463856
0.00126385
-0.00057428
0.00129592
-0.000687211
0.00132224
-0.000802599
0.00134848
-0.000920613
0.00137672
-0.00104149
0.00140753
-0.00116547
0.00144109
-0.00129283
0.00147745
-0.00142383
0.00151667
-0.00155875
0.00155884
-0.00169784
0.001604
-0.00184142
0.00165226
-0.00198976
0.00170368
-0.00214316
0.00175836
-0.00230194
0.00181639
-0.00246641
0.00187788
-0.0026369
0.001943
-0.00281375
0.00201186
-0.0029973
0.00208418
0.00216001
-0.00318783
-2.28382e-05
0.000314846
-7.85376e-05
0.000751247
-0.000157013
0.00104109
-0.000249913
0.00121645
-0.000351298
0.00131503
-0.000457597
0.00137015
-0.00056705
0.00140537
-0.000679028
0.00143421
-0.000793464
0.00146292
-0.000910517
0.00149377
-0.00103042
0.00152743
-0.00115342
0.00156409
-0.00127978
0.0016038
-0.00140976
0.00164665
-0.00154363
0.0016927
-0.00168166
0.00174204
-0.00182414
0.00179474
-0.00197136
0.0018509
-0.00212362
0.00191061
-0.00228121
0.00197398
-0.00244446
0.00204113
-0.00261368
0.00211223
-0.00278923
0.0021874
-0.00297142
0.00226637
0.00234914
-0.00316054
-2.22211e-05
0.000337067
-7.67188e-05
0.000805745
-0.000153824
0.00111819
-0.0002454
0.00130802
-0.000345574
0.0014152
-0.000450757
0.00147533
-0.000559149
0.00151377
-0.000670087
0.00154515
-0.000783484
0.00157631
-0.00089949
0.00160978
-0.00101833
0.00164628
-0.00114026
0.00168601
-0.00126552
0.00172907
-0.00139439
0.00177552
-0.00152712
0.00182544
-0.00166399
0.00187891
-0.00180529
0.00193603
-0.00195129
0.0019969
-0.00210229
0.00206161
-0.00225859
0.00213029
-0.00242051
0.00220305
-0.00258836
0.00228008
-0.00276249
0.00236152
-0.0029432
0.00244708
0.00253672
-0.00313079
-2.15556e-05
0.000358623
-7.47528e-05
0.000858942
-0.000150371
0.00119381
-0.000240508
0.00139816
-0.000339366
0.00151406
-0.000443337
0.00157931
-0.00055058
0.00162101
-0.000660391
0.00165496
-0.000772663
0.00168859
-0.000887536
0.00172465
-0.00100523
0.00176397
-0.00112599
0.00180677
-0.00125008
0.00185315
-0.00137774
0.00190318
-0.00150924
0.00195694
-0.00164486
0.00201453
-0.00178486
0.00207604
-0.00192955
0.00214158
-0.00207919
0.00221126
-0.00223411
0.0022852
-0.00239459
0.00236353
-0.00256096
0.00244645
-0.00273354
0.0025341
-0.00291266
0.00262621
0.00272265
-0.00309859
-2.08428e-05
0.000379465
-7.26417e-05
0.000910741
-0.000146656
0.00126783
-0.000235241
0.00148674
-0.000332676
0.0016115
-0.00043534
0.00168197
-0.000541344
0.00172701
-0.000649942
0.00176356
-0.000761005
0.00179965
-0.000874658
0.0018383
-0.00099112
0.00188043
-0.00111063
0.00192629
-0.00123344
0.00197596
-0.00135981
0.00202954
-0.00148999
0.00208712
-0.00162426
0.0021488
-0.00176289
0.00221466
-0.00190615
0.00228484
-0.00205434
0.00235945
-0.00220776
0.00243861
-0.0023667
0.00252247
-0.00253147
0.00261122
-0.00270241
0.00270504
-0.00287983
0.00280363
0.00290681
-0.00306398
-2.00837e-05
0.000399549
-7.03875e-05
0.000961044
-0.000142682
0.00134012
-0.000229599
0.00157366
-0.000325507
0.00170741
-0.000426768
0.00178323
-0.000531442
0.00183169
-0.000638743
0.00187086
-0.000748512
0.00190942
-0.000860862
0.00195065
-0.000976006
0.00199558
-0.00109418
0.00204446
-0.00121563
0.00209741
-0.00134062
0.00215453
-0.00146939
0.0022159
-0.00160221
0.00228162
-0.00173936
0.00235181
-0.00188111
0.00242659
-0.00202775
0.00250609
-0.00217957
0.00259043
-0.00233686
0.00267976
-0.00249994
0.0027743
-0.00266912
0.00287422
-0.00284472
0.00297923
0.00308906
-0.00302697
-1.92797e-05
0.000418829
-6.79927e-05
0.00100976
-0.000138453
0.00141058
-0.000223585
0.00165879
-0.000317859
0.00180168
-0.00041762
0.00188299
-0.000520879
0.00193494
-0.000626797
0.00197678
-0.000735188
0.00201781
-0.000846152
0.00206162
-0.000959893
0.00210932
-0.00107665
0.00216121
-0.00119665
0.00221742
-0.00132016
0.00227804
-0.00144743
0.00234317
-0.00157872
0.00241291
-0.0017143
0.00248739
-0.00185444
0.00256674
-0.00199943
0.00265108
-0.00214955
0.00274055
-0.00230509
0.00283531
-0.00246637
0.00293557
-0.00263368
0.00304153
-0.00280735
0.0031529
0.0032693
-0.0029876
-1.84321e-05
0.000437261
-6.54599e-05
0.00105679
-0.000133969
0.00147909
-0.000217202
0.00174203
-0.000309734
0.00189421
-0.000407901
0.00198116
-0.000509654
0.0020367
-0.000614107
0.00208123
-0.000721038
0.00212474
-0.000830533
0.00217111
-0.000942789
0.00222157
-0.00105804
0.00227646
-0.00117651
0.0023359
-0.00129846
0.00239999
-0.00142414
0.00246885
-0.00155381
0.00254258
-0.00168773
0.00262131
-0.00182616
0.00270517
-0.0019694
0.00279431
-0.00211772
0.00288887
-0.00227141
0.002989
-0.00243078
0.00309493
-0.00259613
0.00320688
-0.00276777
0.00332454
0.00344742
-0.00294589
-1.75422e-05
0.000454803
-6.2792e-05
0.00110204
-0.000129236
0.00154553
-0.000210453
0.00182324
-0.000301137
0.00198489
-0.000397612
0.00207763
-0.000497772
0.00213686
-0.000600675
0.00218414
-0.000706066
0.00223013
-0.000814011
0.00227906
-0.000924699
0.00233226
-0.00103836
0.00239012
-0.00115522
0.00245276
-0.00127553
0.0025203
-0.00139953
0.00259285
-0.00152748
0.00267053
-0.00165964
0.00275347
-0.00179628
0.00284181
-0.00193767
0.0029357
-0.00208409
0.0030353
-0.00223584
0.00314075
-0.0023932
0.00325229
-0.00255648
0.00337016
-0.00272599
0.00349404
0.00362333
-0.00290189
-1.66117e-05
0.000471415
-5.99921e-05
0.00114542
-0.000124256
0.0016098
-0.00020334
0.00190233
-0.000292067
0.00207362
-0.000386754
0.00217232
-0.000485234
0.00223534
-0.000586506
0.00228541
-0.000690275
0.0023339
-0.00079659
0.00238537
-0.000905631
0.0024413
-0.00101762
0.0025021
-0.00113278
0.00256792
-0.00125136
0.00263888
-0.0013736
0.00271509
-0.00149975
0.00279668
-0.00163006
0.00288378
-0.00176481
0.00297656
-0.00190426
0.00307515
-0.00204869
0.00317973
-0.00219839
0.00329045
-0.00235365
0.00340755
-0.00251476
0.00353128
-0.00268204
0.00366132
0.00379691
-0.00285563
-1.56421e-05
0.000487057
-5.70634e-05
0.00118684
-0.000119033
0.00167177
-0.000195867
0.00197916
-0.000282529
0.00216029
-0.000375331
0.00226512
-0.000472044
0.00233205
-0.000571602
0.00238497
-0.000673671
0.00243597
-0.000778278
0.00248998
-0.000885591
0.00254862
-0.000995826
0.00261234
-0.00110921
0.00268131
-0.00122598
0.00275565
-0.00134637
0.00283548
-0.00147063
0.00292094
-0.00159901
0.00301217
-0.00173177
0.00310932
-0.00186919
0.00321257
-0.00201153
0.00332207
-0.00215909
0.003438
-0.00231214
0.0035606
-0.002471
0.00369014
-0.00263597
0.00382629
0.0039681
-0.00280716
-1.46351e-05
0.000501692
-5.40096e-05
0.00122621
-0.000113572
0.00173133
-0.000188038
0.00205363
-0.000272526
0.00224477
-0.000363345
0.00235594
-0.000458203
0.00242691
-0.000555967
0.00248273
-0.000656258
0.00253626
-0.000759079
0.0025928
-0.000864588
0.00265412
-0.000972993
0.00272074
-0.00108452
0.00279283
-0.00119939
0.00287052
-0.00131785
0.00295394
-0.00144013
0.00304322
-0.00156649
0.00313852
-0.00169718
0.00324001
-0.00183247
0.00334786
-0.00197263
0.00346223
-0.00211794
0.00358331
-0.00226869
0.00371135
-0.00242521
0.00384666
-0.00258779
0.00398887
0.00413682
-0.00275652
-1.35927e-05
0.000515285
-5.08346e-05
0.00126345
-0.000107877
0.00178837
-0.000179857
0.0021256
-0.00026206
0.00232698
-0.000350799
0.00244468
-0.000443715
0.00251982
-0.000539605
0.00257862
-0.000638042
0.0026347
-0.000739001
0.00269376
-0.000842628
0.00275775
-0.000949126
0.00282724
-0.00105871
0.00290242
-0.00117161
0.00298342
-0.00128805
0.00307038
-0.00140828
0.00316344
-0.00153253
0.00326278
-0.00166106
0.00336854
-0.00179413
0.00348093
-0.00193201
0.00360012
-0.00207498
0.00372628
-0.00222334
0.0038597
-0.00237741
0.00400074
-0.00253755
0.00414901
0.00430304
-0.00270377
-1.25168e-05
0.000527802
-4.75425e-05
0.00129848
-0.000101953
0.00184278
-0.000171328
0.00219498
-0.000251135
0.00240678
-0.000337695
0.00253124
-0.000428583
0.00261071
-0.00052252
0.00267256
-0.000619026
0.0027312
-0.000718049
0.00279278
-0.000819721
0.00285942
-0.000924236
0.00293175
-0.00103181
0.00300999
-0.00114265
0.00309426
-0.001257
0.00318473
-0.00137508
0.00328153
-0.00149714
0.00338483
-0.00162342
0.00349482
-0.00175418
0.00361169
-0.00188969
0.00373563
-0.00203023
0.00386682
-0.00217608
0.00400555
-0.00232763
0.00415229
-0.00248526
0.00430665
0.00446674
-0.00264897
-1.14095e-05
0.000539211
-4.4138e-05
0.00133121
-9.58062e-05
0.00189445
-0.000162457
0.00226163
-0.000239755
0.00248408
-0.000324037
0.00261552
-0.000412809
0.00269948
-0.000504716
0.00276447
-0.000599217
0.0028257
-0.000696231
0.0028898
-0.000795874
0.00295907
-0.000898332
0.00303421
-0.00100381
0.00311547
-0.00111253
0.00320298
-0.0012247
0.0032969
-0.00134056
0.00339739
-0.00146034
0.00350461
-0.00158428
0.00361876
-0.00171264
0.00374005
-0.00184569
0.00386868
-0.00198369
0.00400482
-0.00212694
0.0041488
-0.00227584
0.0043012
-0.00243094
0.00446175
0.00462798
-0.00259218
-1.0273e-05
0.000549484
-4.06261e-05
0.00136156
-8.94416e-05
0.00194327
-0.000153248
0.00232544
-0.000227925
0.00255876
-0.000309829
0.00269743
-0.000396399
0.00278605
-0.000486196
0.00285426
-0.00057862
0.00291813
-0.000673554
0.00298473
-0.000771097
0.00305661
-0.000871426
0.00313454
-0.000974742
0.00321878
-0.00108125
0.00330949
-0.00119118
0.00340683
-0.00130474
0.00351094
-0.00142215
0.00362203
-0.00154367
0.00374028
-0.00166954
0.00386592
-0.00180003
0.00399917
-0.00193541
0.0041402
-0.00207594
0.00428932
-0.00222206
0.00444732
-0.00237458
0.00461427
0.00478689
-0.00253349
-9.10966e-06
0.000558594
-3.70119e-05
0.00138946
-8.28662e-05
0.00198912
-0.000143709
0.00238628
-0.000215648
0.0026307
-0.000295074
0.00277685
-0.000379354
0.00287033
-0.000466965
0.00294187
-0.000557241
0.0030084
-0.000650025
0.00307751
-0.000745398
0.00315198
-0.000843528
0.00323267
-0.000944609
0.00331986
-0.00104884
0.00341373
-0.00115644
0.00351442
-0.00126762
0.00362212
-0.0013826
0.00373701
-0.00150161
0.00385929
-0.0016249
0.0039892
-0.00175274
0.004127
-0.0018854
0.00427287
-0.0020231
0.00442702
-0.00216624
0.00459046
-0.00231607
0.0047641
0.00494379
-0.00247297
-7.92179e-06
0.000566516
-3.33014e-05
0.00141484
-7.60873e-05
0.00203191
-0.000133845
0.00244404
-0.000202932
0.00269978
-0.000279775
0.0028537
-0.000361679
0.00295224
-0.000447028
0.00302722
-0.000535084
0.00309646
-0.000625651
0.00316808
-0.000718787
0.00324512
-0.00081465
0.00332853
-0.000913426
0.00341864
-0.00101531
0.00351562
-0.00112051
0.00361962
-0.00122923
0.00373084
-0.0013417
0.00384947
-0.00145812
0.00397572
-0.00157874
0.00410983
-0.00170383
0.00425209
-0.00183369
0.00440273
-0.0019685
0.00456184
-0.00210845
0.0047304
-0.00225527
0.00491092
0.00509931
-0.0024108
-6.71202e-06
0.000573228
-2.95008e-05
0.00143763
-6.91128e-05
0.00207152
-0.000123665
0.00249859
-0.000189781
0.0027659
-0.000263939
0.00292786
-0.000343379
0.00303168
-0.000426389
0.00311023
-0.000512158
0.00318223
-0.000600441
0.00325636
-0.000691274
0.00333595
-0.000784803
0.00342206
-0.000881207
0.00351504
-0.000980676
0.00361508
-0.00108341
0.00372235
-0.0011896
0.00383704
-0.00129947
0.00395934
-0.00141323
0.00408947
-0.0015311
0.0042277
-0.00165334
0.00437433
-0.00178027
0.00452965
-0.00191211
0.00469368
-0.00204859
0.00486688
-0.00219123
0.00505357
0.00525502
-0.00234694
-5.48335e-06
0.000578711
-2.56172e-05
0.00145776
-6.19513e-05
0.00210785
-0.000113176
0.00254982
-0.000176202
0.00282893
-0.00024757
0.00299922
-0.000324457
0.00310856
-0.000405053
0.00319083
-0.000488466
0.00326564
-0.000574402
0.0033423
-0.000662869
0.00342442
-0.000754001
0.00351319
-0.000847968
0.00360901
-0.000944953
0.00371207
-0.00104515
0.00382255
-0.00114874
0.00394063
-0.00125594
0.00406654
-0.00136696
0.00420049
-0.001482
0.00434275
-0.00160131
0.00449364
-0.00172522
0.00465356
-0.00185415
0.00482261
-0.00198783
0.00500056
-0.00212479
0.00519053
0.00541227
-0.00228205
-4.23983e-06
0.000582951
-2.16579e-05
0.00147518
-5.46122e-05
0.00214081
-0.000102388
0.00259759
-0.000162203
0.00288874
-0.000230674
0.0030677
-0.000304918
0.00318281
-0.000383026
0.00326894
-0.000464017
0.00334663
-0.000547542
0.00342582
-0.000633583
0.00351046
-0.000722255
0.00360187
-0.000813723
0.00370048
-0.00090816
0.00380651
-0.00100575
0.00392014
-0.00110668
0.00404156
-0.00121114
0.004171
-0.00131935
0.00430869
-0.00143149
0.00445489
-0.00154779
0.00460994
-0.00166853
0.0047743
-0.00179411
0.00494819
-0.0019249
0.00513136
-0.00206096
0.00532658
0.00554336
-0.00219205
-2.98858e-06
0.000585939
-1.76316e-05
0.00148983
-4.71057e-05
0.00217028
-9.13103e-05
0.0026418
-0.000147792
0.00294522
-0.000213257
0.00313316
-0.000284768
0.00325432
-0.000360312
0.00334448
-0.000438816
0.00342514
-0.000519871
0.00350688
-0.000603425
0.00359401
-0.000689579
0.00368802
-0.000778487
0.00378939
-0.000870315
0.00389834
-0.000965239
0.00401506
-0.00106344
0.00413976
-0.0011651
0.00427266
-0.00127042
0.00441401
-0.00137959
0.00456406
-0.00149281
0.00472316
-0.00161029
0.00489178
-0.00173236
0.00507026
-0.00185941
0.00525841
-0.00199112
0.00545829
0.00567833
-0.00212608
-1.74816e-06
0.000587688
-1.35473e-05
0.00150163
-3.94423e-05
0.00219618
-7.99545e-05
0.00268231
-0.000132979
0.00299825
-0.000195327
0.00319551
-0.000264013
0.003323
-0.000336918
0.00341739
-0.000412871
0.00350109
-0.000491396
0.0035854
-0.000572407
0.00367502
-0.000655986
0.0037716
-0.000742276
0.00387568
-0.000831437
0.0039875
-0.000923635
0.00410726
-0.00101904
0.00423517
-0.00111784
0.00437146
-0.0012202
0.00451637
-0.00132633
0.00467019
-0.00143641
0.00483324
-0.00155063
0.005006
-0.00166926
0.00518889
-0.00179281
0.00538196
-0.00192153
0.00558701
0.00581021
-5.91382e-07
0.000588279
-9.40985e-06
0.00151044
-3.16334e-05
0.0022184
-6.83326e-05
0.00271901
-0.000117773
0.00304769
-0.000176892
0.00325463
-0.000242659
0.00338877
-0.000312849
0.00348758
-0.000386188
0.00357443
-0.000462127
0.00366134
-0.000540541
0.00375344
-0.00062149
0.00385255
-0.000705107
0.00395929
-0.000791544
0.00407393
-0.000880958
0.00419667
-0.000973515
0.00432773
-0.00106938
0.00446733
-0.00116874
0.00461573
-0.00127177
0.00477322
-0.00137866
0.00494013
-0.0014896
0.00511694
-0.00160487
0.00530416
-0.00172498
0.00550208
-0.00185009
0.00571212
7.41432e-07
0.000587538
-5.19918e-06
0.00151638
-2.36913e-05
0.00223689
-5.64573e-05
0.00275177
-0.000102188
0.00309342
-0.00015796
0.0033104
-0.000220713
0.00345152
-0.000288113
0.00355498
-0.000358775
0.00364509
-0.000432073
0.00373464
-0.000507837
0.0038292
-0.000586105
0.00393082
-0.000666997
0.00404018
-0.000750655
0.00415759
-0.000837232
0.00428325
-0.000926883
0.00441738
-0.00101977
0.00456021
-0.00111606
0.00471202
-0.00121593
0.00487309
-0.00131958
0.00504378
-0.00142721
0.00522457
-0.0015391
0.00541605
-0.00165571
0.00561869
0.00583347
2.12395e-06
0.000585414
-8.79196e-07
0.00151939
-1.56298e-05
0.00225164
-4.43421e-05
0.00278048
-8.62353e-05
0.00313531
-0.000138544
0.00336271
-0.000198185
0.00351116
-0.000262717
0.00361951
-0.00033064
0.00371301
-0.000401244
0.00380524
-0.000474307
0.00390226
-0.000549845
0.00400636
-0.000627962
0.0041183
-0.000708792
0.00423842
-0.000792479
0.00436694
-0.000879171
0.00450407
-0.000969022
0.00465006
-0.00106219
0.00480519
-0.00115886
0.00496976
-0.00125922
0.00514414
-0.00136348
0.00532883
-0.00147192
0.00552449
-0.00158493
0.00573169
0.00595099
3.38306e-06
0.000582031
3.28868e-06
0.00151948
-7.46217e-06
0.00226239
-3.20023e-05
0.00280503
-6.99343e-05
0.00317324
-0.000118655
0.00341143
-0.000175083
0.00356759
-0.000236669
0.0036811
-0.000301792
0.00377814
-0.000369649
0.0038731
-0.000439964
0.00397258
-0.000512724
0.00407912
-0.000588019
0.0041936
-0.000665973
0.00431638
-0.000746721
0.00444769
-0.000830404
0.00458775
-0.00091717
0.00473683
-0.00100717
0.00489519
-0.00110059
0.00506317
-0.0011976
0.00524115
-0.00129844
0.00542967
-0.00140336
0.00562941
-0.00151266
0.00584099
4.61921e-06
0.000577411
7.54187e-06
0.00151656
1.02754e-06
0.00226891
-1.94585e-05
0.00282551
-5.33029e-05
0.00320709
-9.83082e-05
0.00345643
-0.000151418
0.0036207
-0.000209978
0.00373966
-0.000272238
0.0038404
-0.000337298
0.00393816
-0.00040482
0.0040401
-0.000474758
0.00414906
-0.000547187
0.00426603
-0.00062222
0.00439141
-0.000699983
0.00452545
-0.00078061
0.00466838
-0.000864241
0.00482046
-0.000951027
0.00498198
-0.00104113
0.00515328
-0.00113476
0.00533478
-0.00123211
0.00552702
-0.00133344
0.00573074
0.00594649
5.83543e-06
0.000571576
1.17404e-05
0.00151065
9.05667e-06
0.00227159
-6.73972e-06
0.00284131
-3.63628e-05
0.00323671
-7.75199e-05
0.00349759
-0.000127204
0.00367038
-0.000182654
0.00379511
-0.00024199
0.00389973
-0.000304202
0.00400037
-0.000368886
0.00410479
-0.000435962
0.00421613
-0.000505483
0.00433555
-0.000577552
0.00446348
-0.000652287
0.00460018
-0.000729813
0.00474591
-0.000810264
0.00490091
-0.000893785
0.0050655
-0.000980537
0.00524003
-0.00107071
0.00542495
-0.00116452
0.00562083
-0.00126216
0.00582838
7.03125e-06
0.000564545
1.59392e-05
0.00150175
1.73828e-05
0.00227015
6.11152e-06
0.00285258
-1.91514e-05
0.00326197
-5.6307e-05
0.00353475
-0.000102454
0.00371653
-0.000154709
0.00384736
-0.000211055
0.00395608
-0.000270371
0.00405969
-0.000332178
0.00416659
-0.000396351
0.0042803
-0.000462925
0.00440212
-0.000531991
0.00453254
-0.000603657
0.00467185
-0.000678041
0.00482029
-0.000755269
0.00497814
-0.000835479
0.00514571
-0.000918828
0.00532338
-0.0010055
0.00551162
-0.00109569
0.00571102
0.00592227
8.20585e-06
0.000556339
2.01172e-05
0.00148983
2.57183e-05
0.00226455
1.90241e-05
0.00285927
-1.51178e-06
0.00328251
-3.46848e-05
0.00356792
-7.71855e-05
0.00375903
-0.000126153
0.00389633
-0.000179447
0.00400937
-0.000235819
0.00411606
-0.000294707
0.00422548
-0.000355941
0.00434154
-0.000419533
0.00446571
-0.000485559
0.00459857
-0.000554118
0.00474041
-0.00062532
0.00489149
-0.000699283
0.0050521
-0.00077614
0.00522257
-0.00085604
0.00540328
-0.000939157
0.00559474
-0.00102567
0.00579753
0.00601231
9.35205e-06
0.000546987
2.42483e-05
0.00147494
3.40501e-05
0.00225475
3.2063e-05
0.00286126
1.60516e-05
0.00329852
-1.27175e-05
0.00359669
-5.14164e-05
0.00379773
-9.70027e-05
0.00394192
-0.000147176
0.00405954
-0.000200555
0.00416944
-0.000256487
0.00428141
-0.000314749
0.0043998
-0.000375325
0.00452629
-0.000438276
0.00466152
-0.000503694
0.00480583
-0.000571677
0.00495948
-0.000642338
0.00512276
-0.0007158
0.00529603
-0.000792206
0.00547969
-0.000871716
0.00567425
-0.000954491
0.00588031
1.04644e-05
0.000536522
2.83148e-05
0.00145709
4.23501e-05
0.00224071
4.51766e-05
0.00285843
3.39776e-05
0.00330972
9.61792e-06
0.00362105
-2.51707e-05
0.00383252
-6.72741e-05
0.00398402
-0.000114257
0.00410653
-0.000164595
0.00421978
-0.000217533
0.00433435
-0.00027279
0.00445506
-0.00033032
0.00458382
-0.000390167
0.00472137
-0.00045241
0.00486807
-0.000517142
0.00502421
-0.000584465
0.00519009
-0.000654494
0.00536606
-0.000727361
0.00555256
-0.000803216
0.0057501
0.00595929
1.15388e-05
3.23006e-05
5.05879e-05
0.00222242
5.83236e-05
0.0028507
5.20659e-05
0.00331598
3.22634e-05
0.00364085
1.54122e-06
0.00386324
-3.69837e-05
0.00402254
-8.07031e-05
0.00415025
-0.00012795
0.00426702
-0.000177859
0.00438426
-0.000230083
0.00450728
-0.000284538
0.00463827
-0.000341253
0.00477808
-0.000400294
0.00492711
-0.000461743
0.00508566
-0.000525694
0.00525404
-0.000592254
0.00543262
-0.000661544
0.00562185
-0.000733697
0.00582226
0.00603442
5.87301e-05
7.14577e-05
0.00283797
7.02785e-05
0.00331716
5.52014e-05
0.00365593
2.86643e-05
0.00388978
-6.15607e-06
0.00405737
-4.65316e-05
0.00419062
-9.06362e-05
0.00431113
-0.000137481
0.0044311
-0.000186643
0.00455645
-0.000238
0.00468963
-0.000291558
0.00483164
-0.00034737
0.00498292
-0.000405508
0.0051438
-0.000466058
0.00531459
-0.000529116
0.00549568
-0.000594791
0.00568752
-0.000663201
0.00589067
0.00610566
8.45332e-05
8.85709e-05
7.83819e-05
0.00366612
5.61935e-05
0.00391197
2.51904e-05
0.00408837
-1.17638e-05
0.00422758
-5.267e-05
0.00435204
-9.64154e-05
0.00447485
-0.000142491
0.00460252
-0.000190727
0.00473787
-0.000241105
0.00488202
-0.000293665
0.00503548
-0.000348469
0.0051986
-0.000405591
0.00537171
-0.000465117
0.0055552
-0.000527144
0.00574955
-0.000591772
0.0059553
0.000101758
8.40794e-05
0.00392964
5.70243e-05
0.00411542
2.35867e-05
0.00426101
-1.40724e-05
0.00438969
-5.46799e-05
0.00451546
-9.76435e-05
0.00464548
-0.000142739
0.00478296
-0.000189919
0.0049292
-0.000239208
0.00508477
-0.000290656
0.00525005
-0.000344326
0.00542538
-0.000400294
0.00561117
-0.000458643
0.0058079
0.00601611
0.000112279
8.93122e-05
5.94897e-05
0.00429084
2.51469e-05
0.00442404
-1.2298e-05
0.0045529
-5.21213e-05
0.00468531
-9.40592e-05
0.0048249
-0.000138026
0.00497316
-0.000184026
0.00513077
-0.000232099
0.00529812
-0.000282298
0.00547558
-0.000334685
0.00566356
-0.00038933
0.00586254
0.00607308
9.59167e-05
6.4959e-05
3.07265e-05
0.00458713
-5.95915e-06
0.00472199
-4.471e-05
0.00486365
-8.54495e-05
0.0050139
-0.000128148
0.00517347
-0.000172833
0.00534281
-0.000219543
0.00552229
-0.00026833
0.00571234
-0.00031925
0.00591346
0.00612618
7.43608e-05
4.08653e-05
5.27298e-06
0.00489924
-3.2219e-05
0.0050514
-7.16033e-05
0.00521285
-0.000112888
0.00538409
-0.000156098
0.0055655
-0.00020127
0.00575752
-0.000248447
0.00596064
0.0061754
5.59109e-05
2.16467e-05
-1.44281e-05
-5.22997e-05
0.00542196
-9.19997e-05
0.0056052
-0.000133544
0.00579906
-0.000176967
0.00600406
0.00622072
8.89108e-06
-2.72896e-05
-6.51953e-05
-0.000104856
0.00604372
-0.00337621
6.8033e-05
-0.00342353
5.69662e-05
-0.00346757
4.92425e-05
-0.00350607
3.90119e-05
-0.00354096
3.06669e-05
-0.00357113
2.09921e-05
-0.00359776
1.27405e-05
-0.00362029
3.97694e-06
-0.00363944
-3.54383e-06
-0.00365489
-1.08905e-05
-0.00366724
-1.65606e-05
-0.00367621
-2.14697e-05
-0.00368231
-2.41836e-05
-0.00368527
-2.55218e-05
-0.0036855
-2.42903e-05
-0.00368279
-2.10903e-05
-0.00367748
-1.51643e-05
-0.00366928
-7.06295e-06
-0.00365853
2.53801e-06
-0.00364497
1.23023e-05
-0.00362883
2.06283e-05
-0.00360985
2.51299e-05
-0.00358814
2.30856e-05
-0.00356338
1.14413e-05
-1.20638e-05
-0.00337428
0.000122314
-0.00342157
0.000104264
-0.00346561
9.32749e-05
-0.00350411
7.75185e-05
-0.00353902
6.55794e-05
-0.00356923
5.11995e-05
-0.00359592
3.94233e-05
-0.00361841
2.64728e-05
-0.00363763
1.5672e-05
-0.00365317
4.65738e-06
-0.00366557
-4.16315e-06
-0.00367461
-1.24297e-05
-0.00368078
-1.80169e-05
-0.00368382
-2.24846e-05
-0.00368413
-2.39797e-05
-0.00368149
-2.3725e-05
-0.00367626
-2.03971e-05
-0.00366817
-1.51559e-05
-0.00365752
-8.11046e-06
-0.00364409
-1.12382e-06
-0.0036281
4.63453e-06
-0.00360928
6.30965e-06
-0.00358774
1.55229e-06
-0.00356318
-1.31236e-05
-3.97093e-05
-0.00336977
0.000176566
-0.00341706
0.000151549
-0.00346111
0.00013733
-0.00349966
0.000116068
-0.00353464
0.000100561
-0.00356494
8.14928e-05
-0.00359172
6.62119e-05
-0.00361437
4.91154e-05
-0.00363371
3.50189e-05
-0.00364931
2.02502e-05
-0.0036619
8.43148e-06
-0.00367111
-3.22417e-06
-0.00367745
-1.16702e-05
-0.00368068
-1.92612e-05
-0.00368118
-2.34763e-05
-0.00367875
-2.61591e-05
-0.00367372
-2.54182e-05
-0.00366587
-2.30146e-05
-0.00365547
-1.85034e-05
-0.00364232
-1.42724e-05
-0.00362663
-1.10581e-05
-0.00360814
-1.21792e-05
-0.00358696
-1.96259e-05
-0.00356278
-3.73079e-05
-6.69555e-05
-0.0033627
0.000230788
-0.00340998
0.000198835
-0.00345409
0.000181433
-0.00349272
0.000154697
-0.00352781
0.000135659
-0.00355825
0.000111928
-0.00358521
9.31686e-05
-0.00360805
7.19571e-05
-0.00362761
5.45795e-05
-0.00364347
3.61136e-05
-0.00365622
2.11755e-05
-0.0036657
6.25716e-06
-0.00367233
-5.03987e-06
-0.00367585
-1.5737e-05
-0.00367666
-2.26635e-05
-0.00367455
-2.82702e-05
-0.00366987
-3.00991e-05
-0.00366238
-3.05037e-05
-0.00365239
-2.84996e-05
-0.00363967
-2.69923e-05
-0.00362444
-2.62888e-05
-0.00360645
-3.01703e-05
-0.0035858
-4.02706e-05
-0.00356218
-6.09253e-05
-9.36047e-05
-0.00335306
0.00028498
-0.00340036
0.000246135
-0.00344454
0.000225611
-0.00348328
0.000193444
-0.00351855
0.000170921
-0.00354918
0.000142563
-0.00357637
0.000120359
-0.00359948
9.50633e-05
-0.00361933
7.44297e-05
-0.00363551
5.22982e-05
-0.00364865
3.43093e-05
-0.00365837
1.59771e-05
-0.00366541
2.00653e-06
-0.00366934
-1.18081e-05
-0.00367058
-2.14217e-05
-0.00366892
-2.99358e-05
-0.00366471
-3.43111e-05
-0.00365772
-3.74878e-05
-0.00364826
-3.79574e-05
-0.00363612
-3.9133e-05
-0.00362151
-4.08992e-05
-0.00360419
-4.74957e-05
-0.00358425
-6.02052e-05
-0.00356139
-8.3789e-05
-0.00011946
-0.00334086
0.000339139
-0.00338818
0.00029346
-0.00343246
0.000269891
-0.00347137
0.000232347
-0.00350684
0.000206397
-0.00353773
0.000173455
-0.00356523
0.000147852
-0.00358867
0.000118507
-0.00360889
9.46492e-05
-0.00362547
6.88792e-05
-0.00363904
4.78814e-05
-0.00364928
2.62126e-05
-0.00365666
9.38451e-06
-0.00366115
-7.31763e-06
-0.00366294
-1.96273e-05
-0.00366184
-3.1034e-05
-0.00365823
-3.79259e-05
-0.00365188
-4.38322e-05
-0.00364311
-4.6735e-05
-0.0036317
-5.05446e-05
-0.00361786
-5.47316e-05
-0.00360137
-6.39883e-05
-0.00358232
-7.92535e-05
-0.0035604
-0.000105712
-0.000144324
-0.00332611
0.000393264
-0.00337347
0.000340822
-0.00341788
0.000314297
-0.00345697
0.000271443
-0.00349271
0.000242133
-0.00352392
0.000204662
-0.00355178
0.000175711
-0.00357563
0.000142362
-0.0035963
0.00011532
-0.00361337
8.59451e-05
-0.00362745
6.1968e-05
-0.00363826
3.70203e-05
-0.00364619
1.73181e-05
-0.00365128
-2.23415e-06
-0.00365374
-1.71621e-05
-0.00365333
-3.14423e-05
-0.00365045
-4.08155e-05
-0.00364488
-4.94021e-05
-0.00363692
-5.4691e-05
-0.00362639
-6.10776e-05
-0.00361349
-6.76286e-05
-0.003598
-7.94819e-05
-0.00358001
-9.72401e-05
-0.00355921
-0.00012651
-0.000168002
-0.00330881
0.000447351
-0.00335622
0.000388232
-0.00340078
0.000358855
-0.00344011
0.00031077
-0.00347615
0.000278179
-0.00350773
0.000236241
-0.00353603
0.000204003
-0.00356036
0.000166699
-0.00358156
0.000136521
-0.0035992
0.000103583
-0.0036139
7.66633e-05
-0.00362535
4.84761e-05
-0.00363399
2.59562e-05
-0.00363975
3.52178e-06
-0.00364299
-1.3921e-05
-0.0036434
-3.10327e-05
-0.00364136
-4.28523e-05
-0.0036367
-5.40637e-05
-0.00362971
-6.16847e-05
-0.0036202
-7.05832e-05
-0.0036084
-7.94335e-05
-0.00359407
-9.38105e-05
-0.00357732
-0.00011399
-0.00355783
-0.000145996
-0.000190298
-0.00328898
0.000501394
-0.00333645
0.000435701
-0.00338119
0.000403589
-0.00342078
0.000350366
-0.00345718
0.000314581
-0.00348919
0.00026825
-0.00351798
0.000232794
-0.00354288
0.000191593
-0.00356469
0.000158333
-0.00358298
0.000121877
-0.00359838
9.2062e-05
-0.00361058
6.06773e-05
-0.00362006
3.54337e-05
-0.00362654
9.99692e-06
-0.00363069
-9.77154e-06
-0.00363204
-2.96788e-05
-0.00363098
-4.391e-05
-0.00362736
-5.76834e-05
-0.00362147
-6.75759e-05
-0.00361314
-7.89136e-05
-0.00360258
-8.99904e-05
-0.00358959
-0.000106809
-0.00357425
-0.00012933
-0.00355625
-0.000163988
-0.000211018
-0.00326663
0.000555386
-0.00331417
0.000483239
-0.0033591
0.000448526
-0.003399
0.000390268
-0.00343581
0.000351389
-0.00346831
0.000300746
-0.00349766
0.00026215
-0.00352319
0.000217114
-0.00354569
0.000180835
-0.00356473
0.000140915
-0.00358092
0.000108255
-0.00359396
7.37197e-05
-0.00360434
4.58088e-05
-0.00361174
1.74014e-05
-0.00361685
-4.66132e-06
-0.00361927
-2.72605e-05
-0.00361932
-4.38616e-05
-0.00361687
-6.01285e-05
-0.00361222
-7.22253e-05
-0.00360521
-8.59216e-05
-0.00359606
-9.91444e-05
-0.00358456
-0.000118315
-0.0035708
-0.000143086
-0.00355449
-0.000180302
-0.00022997
-0.00324177
0.000609319
-0.00328938
0.000530855
-0.00333454
0.000493688
-0.00337479
0.000430513
-0.00341205
0.000388651
-0.00344509
0.000333786
-0.00347507
0.000292135
-0.0035013
0.000243336
-0.00352457
0.000204106
-0.00354443
0.000160781
-0.00356151
0.000125334
-0.00357549
8.76998e-05
-0.00358686
5.71779e-05
-0.00359532
2.5861e-05
-0.0036015
1.51727e-06
-0.00360509
-2.36729e-05
-0.00360637
-4.25763e-05
-0.00360523
-6.12672e-05
-0.00360197
-7.54941e-05
-0.00359643
-9.1461e-05
-0.00358883
-0.000106741
-0.00357898
-0.000128163
-0.00356698
-0.000155087
-0.00355252
-0.000194757
-0.00024696
-0.00321441
0.000663183
-0.00326211
0.000578558
-0.00330752
0.000539098
-0.00334815
0.000471138
-0.00338591
0.000426413
-0.00341955
0.000367427
-0.00345023
0.000322817
-0.00347723
0.000270331
-0.00350135
0.000228227
-0.00352213
0.000181561
-0.00354018
0.000143388
-0.0035552
0.000102716
-0.00356766
6.96431e-05
-0.00357734
3.55419e-05
-0.00358459
8.76356e-06
-0.00358951
-1.8754e-05
-0.00359216
-3.99232e-05
-0.00359246
-6.09691e-05
-0.00359071
-7.72448e-05
-0.00358678
-9.53867e-05
-0.00358089
-0.000112628
-0.00357286
-0.000136194
-0.00356279
-0.000165163
-0.00355037
-0.000207172
-0.0002618
-0.00318457
0.000716966
-0.00323237
0.000626355
-0.00327805
0.000584781
-0.00331909
0.000512179
-0.0033574
0.000464724
-0.0033917
0.000401725
-0.00342315
0.000354261
-0.00345099
0.000298172
-0.00347604
0.000253275
-0.00349781
0.000203339
-0.00351693
0.000162507
-0.00353308
0.000118864
-0.00354674
8.33002e-05
-0.0035577
4.65021e-05
-0.00356624
1.7303e-05
-0.00357254
-1.24502e-05
-0.00357669
-3.57773e-05
-0.00357855
-5.91044e-05
-0.00357846
-7.73407e-05
-0.00357629
-9.75547e-05
-0.00357226
-0.000116654
-0.00356621
-0.000142246
-0.00355823
-0.000173144
-0.00354803
-0.000217368
-0.0002743
-0.00315228
0.000770654
-0.00320018
0.000674253
-0.00324616
0.000630757
-0.00328765
0.00055367
-0.00332656
0.000503632
-0.00336157
0.000436738
-0.00339384
0.000386531
-0.0034226
0.00032693
-0.00344865
0.000279329
-0.00347151
0.0002262
-0.00349179
0.000182782
-0.00350916
0.000136241
-0.00352411
9.82474e-05
-0.00353644
5.88284e-05
-0.00354643
2.73011e-05
-0.00355421
-4.67322e-06
-0.00355997
-3.00233e-05
-0.00356353
-5.55427e-05
-0.00356522
-7.56464e-05
-0.00356495
-9.78223e-05
-0.00356294
-0.000118667
-0.00355903
-0.000146161
-0.00355331
-0.000178863
-0.00354551
-0.000225168
-0.000284273
-0.00311756
0.000824233
-0.00316556
0.000722258
-0.00321185
0.000677048
-0.00325383
0.000595648
-0.00329338
0.000543183
-0.00332916
0.000472519
-0.00336233
0.000419694
-0.00339207
0.000356677
-0.00341921
0.000306466
-0.00344324
0.00025023
-0.00346476
0.000204299
-0.00348346
0.000154941
-0.00349979
0.000114584
-0.0035136
7.26306e-05
-0.00352516
3.88599e-05
-0.00353453
4.70616e-06
-0.003542
-2.25595e-05
-0.00354739
-5.01488e-05
-0.00355101
-7.20272e-05
-0.00355279
-9.60481e-05
-0.00355293
-0.00011852
-0.00355131
-0.000147782
-0.00354802
-0.000182153
-0.00354279
-0.000230396
-0.000291534
-0.00308042
0.000877686
-0.00312854
0.000770374
-0.00317516
0.000723674
-0.00321766
0.000638143
-0.0032579
0.000583424
-0.00329451
0.000509124
-0.00332863
0.000453813
-0.00335943
0.000387486
-0.00338773
0.000334765
-0.00341301
0.000275512
-0.00343586
0.000227148
-0.00345598
0.000175059
-0.00347381
0.000132412
-0.00348919
8.80099e-05
-0.00350246
5.21348e-05
-0.00351348
1.57226e-05
-0.00352281
-1.32313e-05
-0.00353016
-4.27957e-05
-0.00353584
-6.63512e-05
-0.00353979
-9.20922e-05
-0.00354225
-0.000116064
-0.00354308
-0.000146952
-0.00354238
-0.00018285
-0.0035399
-0.000232879
-0.000295898
-0.0030409
0.000930994
-0.00308913
0.000818605
-0.00313612
0.000770655
-0.00317916
0.000681187
-0.00322014
0.000624402
-0.00325762
0.000546607
-0.00329276
0.000488953
-0.0033247
0.000419429
-0.00335424
0.000364301
-0.00338086
0.000302131
-0.00340512
0.000251415
-0.00342675
0.000196688
-0.00344617
0.000151826
-0.00346323
0.000105067
-0.00347827
6.71802e-05
-0.00349117
2.86181e-05
-0.00350241
-1.98488e-06
-0.00351184
-3.33682e-05
-0.00351971
-5.84838e-05
-0.00352598
-8.58163e-05
-0.00353089
-0.000111154
-0.00353433
-0.000143518
-0.00353639
-0.000180793
-0.00353682
-0.000232444
-0.000297184
-0.00299904
0.000984141
-0.00304738
0.000866949
-0.00309474
0.00081801
-0.00313836
0.000724808
-0.00318012
0.000666163
-0.00321853
0.000585021
-0.00325475
0.000525176
-0.0032879
0.000452576
-0.00331875
0.00039515
-0.00334679
0.000330171
-0.00337256
0.000277187
-0.0033958
0.000219923
-0.00341689
0.000172924
-0.00343573
0.000123904
-0.00345264
8.40933e-05
-0.00346756
4.35371e-05
-0.0034808
1.12555e-05
-0.00349244
-2.17311e-05
-0.00350264
-4.82879e-05
-0.00351137
-7.70841e-05
-0.00351888
-0.000103645
-0.00352507
-0.000137328
-0.00353004
-0.000175819
-0.00353356
-0.000228923
-0.000295213
-0.00295485
0.00103711
-0.00300331
0.000915404
-0.00305106
0.000865758
-0.00309528
0.000769031
-0.00313787
0.00070875
-0.00317726
0.000624418
-0.00321463
0.000562543
-0.00324905
0.000487
-0.00328129
0.000427386
-0.00331083
0.000359715
-0.0033382
0.000304549
-0.00336313
0.000244855
-0.003386
0.0001958
-0.00340673
0.000144625
-0.00342561
0.000102975
-0.00344265
6.05764e-05
-0.00345804
2.66479e-05
-0.00347199
-7.778e-06
-0.00348464
-3.56446e-05
-0.00349596
-6.5761e-05
-0.00350621
-9.33948e-05
-0.00351531
-0.000128231
-0.00352335
-0.000167772
-0.00353013
-0.000222147
-0.000289808
-0.00290839
0.00108987
-0.00295695
0.000963961
-0.00300511
0.000913918
-0.00304996
0.000813877
-0.00309341
0.000752207
-0.00313385
0.000664852
-0.00317242
0.000601114
-0.00320819
0.000522773
-0.00324189
0.000461082
-0.00327302
0.000390846
-0.00330206
0.000333586
-0.00332878
0.000271575
-0.00335352
0.00022055
-0.00337623
0.000167329
-0.00339718
0.000123931
-0.00341642
7.98101e-05
-0.00343414
4.43737e-05
-0.0034505
8.58001e-06
-0.00346571
-2.04351e-05
-0.00347976
-5.17095e-05
-0.00349289
-8.02633e-05
-0.00350505
-0.00011608
-0.00351632
-0.000156494
-0.00352652
-0.00021195
-0.000280794
-0.00285971
0.00114242
-0.00290835
0.00101261
-0.00295694
0.000962508
-0.00300243
0.000859366
-0.0030468
0.000796572
-0.00308832
0.000706375
-0.00312815
0.000640943
-0.00316534
0.000559965
-0.00320057
0.00049631
-0.00323337
0.000423646
-0.00326416
0.000364381
-0.00329276
0.000300173
-0.00331948
0.000247265
-0.00334426
0.000192114
-0.0033674
0.000147065
-0.00338892
0.000101335
-0.00340912
6.45688e-05
-0.00342796
2.74273e-05
-0.00344589
-2.50932e-06
-0.00346279
-3.48066e-05
-0.00347894
-6.41106e-05
-0.0034943
-0.000100728
-0.00350896
-0.000141831
-0.00352274
-0.000198171
-0.000267999
-0.00280885
0.00119475
-0.00285755
0.00106132
-0.00290659
0.00101155
-0.00295274
0.000905512
-0.00299805
0.000841881
-0.00304071
0.000749039
-0.00308185
0.000682085
-0.00312054
0.000598648
-0.00315737
0.000533139
-0.00319191
0.000458194
-0.00322455
0.000397017
-0.00325511
0.000330737
-0.00328389
0.000276038
-0.00331085
0.000219076
-0.00333626
0.00017248
-0.00336019
0.000125262
-0.00338291
8.72917e-05
-0.00340448
4.89936e-05
-0.00342516
1.81669e-05
-0.00344506
-1.48996e-05
-0.00346437
-4.48036e-05
-0.00348307
-8.20315e-05
-0.00350127
-0.000123632
-0.00351879
-0.000180648
-0.000251254
-0.00275588
0.00124686
-0.00280461
0.00111005
-0.00285411
0.00106105
-0.00290093
0.00095233
-0.0029472
0.000888159
-0.00299106
0.000792899
-0.00303357
0.000724591
-0.00307381
0.000638892
-0.00311231
0.000571641
-0.00314869
0.000494571
-0.00318325
0.000431574
-0.00321586
0.000363353
-0.00324679
0.000306959
-0.00327602
0.000248309
-0.00330381
0.000200273
-0.00333025
0.000151698
-0.00335559
0.000112639
-0.00337997
7.33718e-05
-0.00340357
4.17618e-05
-0.00342659
8.12264e-06
-0.00344918
-2.22111e-05
-0.00347136
-5.98506e-05
-0.00349325
-0.000101748
-0.00351467
-0.000159224
-0.00023039
-0.00270088
0.00129877
-0.00274958
0.00115874
-0.00279955
0.00111102
-0.00284705
0.000999833
-0.00289432
0.000935424
-0.00293943
0.000838009
-0.00298334
0.000768506
-0.00302521
0.000680764
-0.00306545
0.00061188
-0.00310373
0.000532851
-0.00314029
0.000468133
-0.00317504
0.000398105
-0.0032082
0.000340116
-0.0032398
0.000279905
-0.00327007
0.00023054
-0.00329911
0.000180742
-0.0033272
0.000140724
-0.00335446
0.000100638
-0.00338116
6.84567e-05
-0.00340735
3.43199e-05
-0.00343339
3.8254e-06
-0.00345919
-3.40501e-05
-0.00348491
-7.60305e-05
-0.00351039
-0.000133743
-0.000205246
-0.00264396
0.00135055
-0.00269255
0.00120733
-0.00274297
0.00116144
-0.00279118
0.00104804
-0.00283944
0.000983683
-0.00288585
0.000884423
-0.00293122
0.000813874
-0.00297479
0.000724328
-0.00301683
0.000653924
-0.00305709
0.000573107
-0.00309572
0.000506771
-0.00313269
0.000435075
-0.00316817
0.000375595
-0.00320222
0.000313953
-0.00323506
0.000263377
-0.00326681
0.000212495
-0.00329774
0.000171653
-0.003328
0.000130901
-0.00335786
9.83218e-05
-0.00338746
6.39106e-05
-0.00341698
3.33525e-05
-0.00344656
-4.46741e-06
-0.00347626
-4.63374e-05
-0.00350595
-0.000104054
-0.000175659
-0.00258526
0.00140232
-0.00263362
0.00125568
-0.00268445
0.00121228
-0.00273339
0.00109698
-0.00278264
0.00103293
-0.00283041
0.000932194
-0.00287728
0.000860738
-0.00292259
0.000769644
-0.0029665
0.000697835
-0.0030088
0.000615407
-0.00304959
0.000547559
-0.00308886
0.000474337
-0.00312674
0.000413475
-0.00316332
0.000350538
-0.00319882
0.000298871
-0.00323337
0.000247049
-0.00326724
0.000205526
-0.00330061
0.000164269
-0.00333375
0.000131458
-0.00336681
9.69789e-05
-0.00340003
6.65675e-05
-0.00343348
2.89851e-05
-0.0034673
-1.25199e-05
-0.00350135
-7.00074e-05
-0.000141472
-0.00252489
0.00145424
-0.0025729
0.00130369
-0.00262405
0.00126343
-0.00267377
0.0011467
-0.00272399
0.00108315
-0.00277316
0.000981366
-0.00282156
0.000909138
-0.00286868
0.000816766
-0.00291452
0.000743674
-0.00295893
0.000659817
-0.00300194
0.000590569
-0.00304357
0.000515966
-0.00308393
0.000453836
-0.00312314
0.000389742
-0.00316137
0.00033711
-0.00319882
0.000284496
-0.00323573
0.000242438
-0.00327231
0.000200848
-0.00330883
0.000167978
-0.00334548
0.000133627
-0.0033825
0.000103585
-0.00341997
6.64582e-05
-0.00345804
2.55475e-05
-0.00349659
-3.14551e-05
-0.000102529
-0.00246305
0.00150649
-0.00251068
0.00135133
-0.00256195
0.0013147
-0.00261244
0.00119719
-0.00266357
0.00113428
-0.00271416
0.00103196
-0.00276413
0.000959103
-0.0028131
0.000865735
-0.00286092
0.000791494
-0.00290749
0.000706394
-0.00295279
0.00063587
-0.00299686
0.000560035
-0.00303978
0.000496756
-0.00308169
0.000431648
-0.00312276
0.00037818
-0.00316319
0.000324928
-0.00320324
0.000282486
-0.00324313
0.000240738
-0.00328314
0.00020799
-0.00332348
0.000173971
-0.00336441
0.000144512
-0.00340604
0.000108083
-0.00344849
6.79985e-05
-0.00349169
1.17439e-05
-5.86811e-05
-0.00240083
0.00156038
-0.00244781
0.00139831
-0.00249872
0.00136561
-0.00254989
0.00124836
-0.00260189
0.00118628
-0.00265386
0.00108393
-0.00270539
0.00101062
-0.00275619
0.000916541
-0.002806
0.000841308
-0.00285477
0.000755157
-0.00290239
0.000683488
-0.00294893
0.000606579
-0.00299445
0.000542279
-0.00303911
0.000476307
-0.00308307
0.000422143
-0.00312656
0.000368414
-0.00316982
0.000325747
-0.00321311
0.000284024
-0.0032567
0.000251588
-0.00330085
0.000218113
-0.00334579
0.000189459
-0.00339168
0.000153973
-0.00343865
0.000114966
-0.00348663
5.97236e-05
-9.77832e-06
-0.00233772
0.00161606
-0.00238406
0.00144465
-0.00243425
0.0014158
-0.00248658
0.00130068
-0.00253963
0.00123933
-0.00259315
0.00113746
-0.0026463
0.00106377
-0.00269897
0.000969218
-0.00275076
0.000893091
-0.00280166
0.000806058
-0.00285153
0.00073336
-0.00290048
0.000655529
-0.00294854
0.000590342
-0.0029959
0.000523667
-0.00304272
0.000468963
-0.00308925
0.000414936
-0.00313573
0.000372225
-0.00318243
0.000330729
-0.00322966
0.000298817
-0.00327766
0.000266117
-0.00332671
0.000238508
-0.00337696
0.000204223
-0.00342856
0.000166561
-0.00348144
0.000112608
4.43145e-05
-0.00443031
0.00155344
0.00449293
-0.00439711
0.00141145
-0.004383
0.00140169
-0.0043708
0.00128848
-0.0043683
0.00123683
-0.00436834
0.0011375
-0.00437382
0.00106925
-0.00438125
0.000976642
-0.0043916
0.00090345
-0.00440301
0.000817463
-0.00441575
0.000746102
-0.00442872
0.000668498
-0.00444198
0.000603601
-0.00445483
0.000536522
-0.0044673
0.000481425
-0.00447892
0.000426556
-0.00448973
0.000383035
-0.00449942
0.000340423
-0.00450805
0.00030745
-0.0045154
0.000273468
-0.00452156
0.00024466
-0.00452635
0.000209018
-0.0045299
0.000170106
-0.00453205
0.000114762
4.51094e-05
-0.00462441
0.00467641
-0.00459037
-0.00456828
-0.00455302
-0.00454672
-0.00454395
-0.00454691
-0.00455226
-0.00456094
-0.00457096
-0.00458264
-0.00459476
-0.0046074
-0.00461979
-0.00463193
-0.00464332
-0.004654
-0.0046636
-0.00467218
-0.0046795
-0.00468564
-0.00469042
-0.00469395
-0.00469609
-0.00448293
-0.00218205
)
;

boundaryField
{
    inlet
    {
        type            calculated;
        value           nonuniform List<scalar> 
32
(
-0.00353553
-0.00353553
-0.00353553
-0.00353553
-0.00353553
-0.00353553
-0.00353553
-0.00353553
-0.00353553
-0.00353553
-0.00353553
-0.00353553
-0.00353553
-0.00353553
-0.00353553
-0.00353553
-0.00353553
-0.00353553
-0.00353553
-0.00353553
-0.00353553
-0.00353553
-0.00353553
-0.00353553
-0.00353553
-0.00353553
-0.00353553
-0.00353553
-0.00353553
-0.00353553
-0.00453285
-0.00469687
)
;
    }
    outlet
    {
        type            calculated;
        value           nonuniform 0();
    }
    cylinder
    {
        type            calculated;
        value           uniform 0;
    }
    top
    {
        type            symmetryPlane;
        value           nonuniform 0();
    }
    bottom
    {
        type            symmetryPlane;
        value           nonuniform 0();
    }
    defaultFaces
    {
        type            empty;
        value           nonuniform 0();
    }
    procBoundary4to0
    {
        type            processor;
        value           nonuniform List<scalar> 
56
(
-0.00205341
0.0059382
-0.00197808
-0.00177706
-0.00170245
-0.00162623
0.00606456
-0.00143894
-0.00136378
0.00604811
-0.00118958
-0.00111572
-0.00104063
0.00609845
-0.000882195
-0.000808829
-0.000734441
-0.000659079
0.00617297
-0.000519457
-0.000446301
-0.000372355
-0.000297666
-0.000222285
-0.000146262
0.00626213
-3.21651e-05
0.00150144
0.00137741
0.0013796
0.00127322
0.00123053
0.00113473
0.00107222
0.000981988
0.000912127
0.000827481
0.000757783
0.00068062
0.000616245
0.000548906
0.000493571
0.000437947
0.000393708
0.000350022
0.000316038
0.000280784
0.000250799
0.000213796
0.000173639
0.000116898
4.58918e-05
0.00447954
-0.0021227
0.00467271
-0.00217835
)
;
    }
    procBoundary4to5
    {
        type            processor;
        value           nonuniform List<scalar> 
28
(
0.000524984
0.00143633
-3.61868e-05
0.00219988
-6.67417e-05
0.00282018
0.00331312
-0.000106891
0.00367125
-0.000125277
0.00394264
0.00413839
-0.000122016
0.00431694
0.00445499
-0.000105338
0.00461811
0.00475549
-8.82892e-05
0.00493162
0.00508566
0.00524893
-4.33675e-05
0.00545644
0.00564138
0.00583697
-3.70921e-06
0.0060796
)
;
    }
    procBoundary4to8
    {
        type            processor;
        value           nonuniform List<scalar> 
51
(
1.15316e-05
2.96363e-05
4.33788e-05
5.30262e-05
5.94709e-05
6.38664e-05
-0.000494058
-4.78282e-05
-4.71136e-05
-4.62774e-05
-4.53214e-05
-4.42384e-05
-4.30251e-05
-4.168e-05
-4.0202e-05
-3.85897e-05
-3.68417e-05
-3.49566e-05
-3.29332e-05
-3.07701e-05
-2.8466e-05
-2.60213e-05
-2.34409e-05
-2.07231e-05
-1.78317e-05
-1.47595e-05
-1.37225e-05
-9.64255e-06
-5.20687e-06
-5.10914e-07
4.22203e-06
9.18289e-06
1.38909e-05
1.85454e-05
2.26917e-05
2.63483e-05
2.89086e-05
3.04429e-05
3.0278e-05
2.84838e-05
2.45244e-05
1.83771e-05
9.8483e-06
-1.13194e-06
-1.32919e-05
-2.58585e-05
-3.6767e-05
-4.41118e-05
-4.47977e-05
-3.6198e-05
-1.57833e-05
)
;
    }
}


// ************************************************************************* //
