/*--------------------------------*- C++ -*----------------------------------*\
  =========                 |
  \\      /  F ield         | OpenFOAM: The Open Source CFD Toolbox
   \\    /   O peration     | Website:  https://openfoam.org
    \\  /    A nd           | Version:  7
     \\/     M anipulation  |
\*---------------------------------------------------------------------------*/
FoamFile
{
    version     2.0;
    format      ascii;
    class       volVectorField;
    location    "165";
    object      U;
}
// * * * * * * * * * * * * * * * * * * * * * * * * * * * * * * * * * * * * * //

dimensions      [0 1 -1 0 0 0 0];

internalField   nonuniform List<vector> 
1987
(
(0.00655381 -0.000800302 -2.27227e-20)
(0.0359043 -0.0010943 1.51826e-20)
(0.0882248 -0.000942399 -4.88041e-21)
(0.147243 -0.000695435 2.12034e-20)
(0.207188 -0.000583102 2.31243e-20)
(0.265081 -0.000642726 -7.40754e-21)
(0.00673472 -0.0126133 2.26116e-20)
(0.0362944 -0.0273096 -1.51098e-20)
(0.0887304 -0.0344214 4.86252e-21)
(0.1478 -0.0366545 -2.1098e-20)
(0.20776 -0.0361883 -2.3015e-20)
(0.265651 -0.0345019 7.37603e-21)
(0.320064 -0.0324131 5.06275e-21)
(0.370687 -0.0302794 -3.52316e-20)
(0.417632 -0.028219 3.98752e-21)
(0.461141 -0.0262573 -5.29292e-21)
(0.501474 -0.0243941 -1.74646e-20)
(0.538874 -0.0226248 -1.63759e-20)
(0.573566 -0.0209445 9.83351e-21)
(0.605757 -0.0193486 1.16009e-20)
(0.635637 -0.0178329 3.16472e-22)
(0.663381 -0.0163933 1.36348e-20)
(0.689148 -0.015026 -1.01495e-20)
(0.713087 -0.0137277 -1.63444e-20)
(0.735333 -0.0124949 5.64399e-21)
(0.756011 -0.0113247 -2.49187e-20)
(0.775235 -0.0102146 -1.54814e-21)
(0.793111 -0.00916324 1.77412e-21)
(0.809742 -0.00816735 -3.76738e-21)
(0.825222 -0.00721555 -7.23151e-21)
(0.839613 -0.00630705 -4.33486e-21)
(0.00752527 -0.0244036 -2.32741e-20)
(0.0380083 -0.0534802 -1.2174e-20)
(0.0908952 -0.0678476 1.27374e-20)
(0.150115 -0.0725598 4.82759e-20)
(0.210056 -0.0717418 -3.48012e-20)
(0.267845 -0.0683122 1.66806e-20)
(0.322129 -0.0639777 -6.05688e-22)
(0.372618 -0.0595397 2.71047e-20)
(0.419436 -0.0552894 -5.63912e-21)
(0.462826 -0.0512976 -4.01723e-21)
(0.503047 -0.0475642 7.25917e-20)
(0.540342 -0.0440732 7.65446e-22)
(0.574937 -0.0408074 -7.47645e-20)
(0.607037 -0.0377507 3.62852e-20)
(0.636831 -0.0348883 6.61879e-21)
(0.664494 -0.0322065 -1.35607e-20)
(0.690187 -0.0296928 2.69122e-20)
(0.714055 -0.0273358 1.72982e-21)
(0.736235 -0.0251248 -2.34045e-20)
(0.756851 -0.0230501 8.46484e-20)
(0.776015 -0.0211033 2.48382e-20)
(0.793836 -0.0192783 -3.56515e-20)
(0.810419 -0.0175656 -1.67777e-20)
(0.825857 -0.0159431 -2.87415e-21)
(0.840183 -0.0144106 6.49095e-21)
(0.00892245 -0.0361231 4.7027e-20)
(0.0410406 -0.0795111 1.36939e-21)
(0.0947132 -0.101112 6.11713e-20)
(0.154184 -0.108305 -8.98359e-20)
(0.21407 -0.107146 9.97711e-20)
(0.271659 -0.101986 8.42012e-21)
(0.325694 -0.0954171 8.79986e-21)
(0.37593 -0.088685 -1.49076e-20)
(0.422508 -0.0822538 -4.84948e-20)
(0.465675 -0.0762402 7.98225e-21)
(0.505689 -0.070644 1.28087e-20)
(0.542794 -0.0654381 -4.61185e-20)
(0.577212 -0.0605931 7.63681e-21)
(0.609148 -0.0560813 -4.09323e-20)
(0.638791 -0.0518775 7.85195e-20)
(0.666314 -0.0479585 3.02411e-20)
(0.691876 -0.0443029 -4.48426e-21)
(0.715623 -0.0408914 9.09081e-20)
(0.737691 -0.037706 -2.39473e-20)
(0.758202 -0.0347302 -5.1063e-20)
(0.777268 -0.03195 3.05023e-20)
(0.794997 -0.0293546 7.03593e-20)
(0.811501 -0.0269276 3.3948e-20)
(0.82687 -0.0246364 5.97386e-20)
(0.841092 -0.0224834 3.11069e-20)
(0.0109199 -0.0477236 -2.22813e-20)
(0.0453795 -0.105308 3.51639e-20)
(0.100171 -0.134106 -1.10998e-19)
(0.159994 -0.143783 8.7175e-20)
(0.219792 -0.142302 2.12739e-20)
(0.277084 -0.135434 4.96172e-21)
(0.330752 -0.126652 -6.60163e-20)
(0.380616 -0.117644 -4.42055e-20)
(0.426841 -0.109047 7.7333e-20)
(0.469681 -0.101026 -3.08199e-20)
(0.509395 -0.0935796 -2.4925e-21)
(0.546223 -0.0866705 1.29038e-19)
(0.580385 -0.0802568 4.17816e-20)
(0.612086 -0.0742997 -2.5284e-21)
(0.641512 -0.0687634 -2.48494e-20)
(0.668835 -0.0636153 -1.05915e-19)
(0.694212 -0.0588253 -1.04472e-20)
(0.717788 -0.0543661 -9.2003e-20)
(0.739697 -0.0502125 -8.64563e-20)
(0.760062 -0.0463414 9.86827e-21)
(0.778991 -0.0427332 -3.55116e-20)
(0.796594 -0.039372 1.27103e-20)
(0.812988 -0.0362347 -4.12814e-20)
(0.828261 -0.0332784 -1.3022e-19)
(0.842341 -0.0305108 -1.91155e-20)
(0.0135078 -0.0591579 -3.58616e-20)
(0.0510069 -0.130777 1.28051e-19)
(0.10725 -0.166722 -1.61674e-19)
(0.167527 -0.178889 -5.8516e-20)
(0.227205 -0.177115 -4.58559e-20)
(0.284106 -0.168571 -4.71987e-20)
(0.33729 -0.157605 2.43183e-19)
(0.386663 -0.146345 -8.66957e-20)
(0.432425 -0.135605 -8.70534e-20)
(0.474837 -0.125596 1.25347e-19)
(0.514156 -0.116317 -1.24512e-19)
(0.550621 -0.107721 -6.5503e-20)
(0.584451 -0.099754 -7.68023e-20)
(0.615845 -0.0923652 4.79987e-20)
(0.644989 -0.0855089 9.54033e-21)
(0.672052 -0.079143 -2.19128e-19)
(0.697189 -0.0732289 9.21051e-20)
(0.720545 -0.0677315 -6.64886e-20)
(0.742251 -0.0626184 1.54983e-19)
(0.762427 -0.05786 5.89885e-20)
(0.781181 -0.053431 -5.31189e-20)
(0.798621 -0.0493108 -8.83187e-20)
(0.814876 -0.0454686 -1.37395e-20)
(0.830025 -0.0418519 1.0671e-19)
(0.843928 -0.0384777 7.21352e-20)
(0.0166731 -0.0703793 1.39204e-19)
(0.0578986 -0.155827 4.20697e-20)
(0.115923 -0.198855 9.71511e-20)
(0.176756 -0.213519 9.16923e-20)
(0.236287 -0.211488 -6.4154e-20)
(0.292705 -0.201309 1.09569e-19)
(0.34529 -0.188196 6.69438e-20)
(0.394057 -0.174718 3.35301e-19)
(0.439246 -0.161864 -1.44273e-20)
(0.481128 -0.149892 2.15598e-21)
(0.519961 -0.138804 2.28417e-19)
(0.555979 -0.128542 7.18591e-20)
(0.589399 -0.119041 8.95664e-20)
(0.620416 -0.110238 -1.66061e-19)
(0.649214 -0.102077 -4.51344e-20)
(0.675958 -0.0945082 1.20987e-19)
(0.700803 -0.0874834 1.25294e-19)
(0.723888 -0.08096 -3.18055e-20)
(0.745345 -0.0748984 -1.25272e-19)
(0.765292 -0.0692626 2.64824e-20)
(0.783833 -0.0640222 1.48757e-20)
(0.801076 -0.0591512 6.71667e-20)
(0.81716 -0.0546112 8.0585e-20)
(0.83216 -0.0503401 -6.38712e-20)
(0.845849 -0.0463694 -4.19657e-20)
(0.0203996 -0.0813421 -7.44963e-20)
(0.0660243 -0.180367 -8.30962e-20)
(0.126156 -0.230398 6.35186e-20)
(0.187652 -0.247571 1.27429e-19)
(0.247011 -0.245327 -1.97328e-20)
(0.302856 -0.233565 -1.45799e-19)
(0.35473 -0.218351 -2.044e-19)
(0.402777 -0.202694 -2.66699e-19)
(0.447285 -0.18776 -4.44503e-20)
(0.488538 -0.173856 -6.10107e-20)
(0.526794 -0.160988 -7.00099e-20)
(0.562283 -0.149086 -2.468e-19)
(0.595217 -0.138073 1.3154e-20)
(0.625788 -0.127877 2.86901e-19)
(0.654176 -0.118432 -1.98174e-19)
(0.680544 -0.109678 -7.43445e-20)
(0.705043 -0.101559 -2.27737e-19)
(0.72781 -0.0940237 9.10809e-20)
(0.748975 -0.0870271 9.62791e-20)
(0.768652 -0.0805263 -2.65318e-19)
(0.786941 -0.0744855 8.37886e-20)
(0.803953 -0.0688741 1.23855e-19)
(0.819837 -0.0636446 3.0114e-20)
(0.834661 -0.0587263 9.36648e-20)
(0.848101 -0.0541709 -1.58521e-20)
(0.0246677 -0.0920019 -1.88352e-20)
(0.0753476 -0.204307 2.8128e-20)
(0.137909 -0.261251 -5.86236e-21)
(0.200177 -0.280942 2.2033e-19)
(0.259343 -0.278539 1.71361e-19)
(0.314531 -0.265253 3.20328e-20)
(0.365586 -0.247994 7.71018e-20)
(0.412801 -0.230205 1.44474e-19)
(0.456523 -0.213232 3.37797e-20)
(0.49705 -0.197433 1.27312e-20)
(0.534639 -0.182817 1.31469e-19)
(0.569517 -0.169305 -5.46119e-20)
(0.60189 -0.156809 -4.08304e-20)
(0.631948 -0.145246 -2.08517e-19)
(0.659865 -0.134539 7.56834e-21)
(0.6858 -0.12462 1.16277e-19)
(0.7099 -0.115425 1.22219e-20)
(0.732302 -0.106896 -4.45936e-20)
(0.75313 -0.0989798 -1.76474e-19)
(0.772497 -0.0916282 1.27341e-19)
(0.7905 -0.0848003 -3.14215e-19)
(0.807246 -0.0784602 -1.24291e-19)
(0.822899 -0.0725512 8.82603e-20)
(0.837522 -0.0669941 -1.68906e-19)
(0.850681 -0.0618673 -9.16915e-20)
(0.029455 -0.102316 -1.77309e-20)
(0.0858264 -0.227563 -1.03638e-19)
(0.151137 -0.291312 -2.74616e-19)
(0.214287 -0.313536 -3.45253e-19)
(0.273244 -0.311032 -1.99682e-19)
(0.327694 -0.296292 1.35753e-19)
(0.377826 -0.27705 -3.27386e-19)
(0.424101 -0.257184 -3.33673e-20)
(0.466933 -0.238219 1.86922e-19)
(0.506639 -0.220567 -2.10916e-20)
(0.543475 -0.204242 -3.15853e-19)
(0.577662 -0.189155 3.22628e-19)
(0.609403 -0.175206 1.7602e-19)
(0.638881 -0.162304 3.63226e-20)
(0.666265 -0.150362 2.69202e-19)
(0.691711 -0.139302 1.65091e-19)
(0.715363 -0.129053 -2.73372e-20)
(0.737353 -0.11955 3.16709e-19)
(0.757802 -0.110732 -2.67176e-20)
(0.776821 -0.102546 1.36856e-19)
(0.7945 -0.094946 1.63183e-19)
(0.810948 -0.0878909 -1.42674e-19)
(0.826341 -0.0813137 -1.53735e-19)
(0.840737 -0.0751274 1.15853e-19)
(0.853585 -0.0694442 -1.52551e-19)
(0.0347358 -0.112242 2.33573e-19)
(0.0974128 -0.250051 -1.6434e-19)
(0.165786 -0.320485 1.84264e-20)
(0.229931 -0.345254 -5.98464e-20)
(0.28867 -0.342719 -5.62884e-20)
(0.342309 -0.326602 -2.66801e-19)
(0.391416 -0.305448 1.9172e-19)
(0.436647 -0.283565 3.41058e-19)
(0.478489 -0.262662 -1.66186e-19)
(0.517281 -0.243205 -1.50212e-19)
(0.553279 -0.225213 4.9025e-19)
(0.586699 -0.208589 -3.32501e-19)
(0.617735 -0.193224 -4.80561e-19)
(0.646568 -0.179015 -2.7957e-20)
(0.673361 -0.165867 7.38928e-20)
(0.698265 -0.153693 -2.13946e-19)
(0.721419 -0.142415 9.4869e-20)
(0.742951 -0.131959 -4.03537e-19)
(0.76298 -0.122261 3.40229e-19)
(0.781612 -0.113259 -5.85427e-20)
(0.798933 -0.104903 2.93709e-20)
(0.81505 -0.0971479 9.25502e-20)
(0.830155 -0.0899154 8.61634e-20)
(0.8443 -0.0831105 -6.74092e-20)
(0.856806 -0.0768871 -1.34198e-20)
(0.0404819 -0.121742 -1.44217e-19)
(0.110053 -0.271689 1.04165e-19)
(0.181797 -0.348675 -7.50671e-20)
(0.247055 -0.376004 2.78297e-19)
(0.305572 -0.373512 6.41655e-20)
(0.35833 -0.356106 -2.85322e-20)
(0.406318 -0.333118 6.34154e-20)
(0.450404 -0.309286 1.02479e-19)
(0.49116 -0.286503 -2.82798e-20)
(0.528948 -0.265293 1.6936e-19)
(0.564025 -0.245682 -3.09132e-19)
(0.596602 -0.227565 7.08631e-20)
(0.626867 -0.210823 1.71701e-19)
(0.654992 -0.195343 1.66229e-19)
(0.681136 -0.181021 -2.07771e-19)
(0.705445 -0.167763 -1.02461e-19)
(0.728053 -0.155482 -4.12998e-20)
(0.749084 -0.144099 3.29829e-19)
(0.768653 -0.133542 -3.26921e-19)
(0.786861 -0.123744 1.01751e-19)
(0.803789 -0.114652 4.61237e-20)
(0.819544 -0.106214 3.13562e-20)
(0.834333 -0.0983398 3.32708e-20)
(0.848203 -0.090928 -1.11259e-19)
(0.860339 -0.0841817 1.76594e-19)
(0.0466619 -0.130777 5.51709e-20)
(0.123689 -0.292403 -2.07339e-19)
(0.199105 -0.375791 3.08499e-19)
(0.265596 -0.405695 -1.25023e-19)
(0.323895 -0.403328 -6.05044e-20)
(0.37571 -0.384726 9.91212e-20)
(0.42249 -0.359992 -2.86146e-19)
(0.465334 -0.334285 -7.32328e-20)
(0.504911 -0.309687 -2.36612e-20)
(0.541609 -0.286782 -2.581e-19)
(0.575686 -0.265603 1.02238e-19)
(0.607347 -0.246041 -9.86239e-20)
(0.636774 -0.227965 1.07682e-19)
(0.66413 -0.211253 5.73397e-21)
(0.689571 -0.195793 1.07147e-19)
(0.713234 -0.181483 3.54867e-19)
(0.735249 -0.168229 -6.98559e-20)
(0.755736 -0.155946 -2.57373e-19)
(0.774806 -0.144554 8.82544e-20)
(0.792555 -0.133982 -3.95156e-19)
(0.809058 -0.124173 2.10617e-19)
(0.82442 -0.11507 5.52119e-20)
(0.838864 -0.106571 8.93524e-20)
(0.852437 -0.0985649 -1.69541e-21)
(0.864179 -0.091314 7.79627e-20)
(0.0532423 -0.139312 1.41147e-19)
(0.138257 -0.312117 2.19728e-19)
(0.217639 -0.401746 1.05147e-19)
(0.285488 -0.434241 -1.04471e-19)
(0.343579 -0.432085 -2.98899e-20)
(0.394398 -0.412391 -1.75324e-20)
(0.439885 -0.386004 -6.82798e-20)
(0.481396 -0.358504 3.2576e-19)
(0.519704 -0.332161 -9.91155e-20)
(0.555229 -0.307622 2.18895e-19)
(0.588231 -0.284933 7.04416e-20)
(0.618907 -0.263976 1.00684e-19)
(0.64743 -0.244612 2.00678e-19)
(0.673961 -0.226711 -3.9772e-19)
(0.698643 -0.210152 -2.14558e-19)
(0.721612 -0.194825 -5.85385e-20)
(0.742991 -0.18063 -1.67756e-19)
(0.762893 -0.167475 2.32122e-19)
(0.781426 -0.155275 5.62045e-20)
(0.798681 -0.143954 2.46565e-19)
(0.814728 -0.13345 -9.37588e-20)
(0.829667 -0.123702 -1.93512e-19)
(0.843741 -0.114594 -8.72199e-20)
(0.856994 -0.106007 1.5323e-19)
(0.868318 -0.0982704 -1.87759e-19)
(0.0601867 -0.147315 3.59943e-20)
(0.153687 -0.330762 2.15508e-22)
(0.237322 -0.426458 -1.3554e-19)
(0.306657 -0.461557 -2.31886e-19)
(0.364559 -0.459708 1.55302e-19)
(0.414335 -0.439031 -1.42433e-19)
(0.458453 -0.411092 1.1443e-19)
(0.498545 -0.381885 -4.40071e-19)
(0.5355 -0.353872 3.02213e-19)
(0.569773 -0.327767 -6.42663e-20)
(0.601625 -0.303628 -2.65202e-19)
(0.631249 -0.281331 3.07229e-20)
(0.65881 -0.260729 -2.78386e-20)
(0.684458 -0.241684 3.17608e-19)
(0.708332 -0.224067 2.57481e-19)
(0.73056 -0.207761 1.0995e-20)
(0.751259 -0.19266 2.60732e-19)
(0.770537 -0.178664 -8.83948e-20)
(0.788497 -0.165684 1.25233e-19)
(0.805226 -0.153639 -1.5274e-19)
(0.820786 -0.142464 1.96201e-19)
(0.835274 -0.132093 -1.0673e-19)
(0.848951 -0.122394 8.76576e-20)
(0.861863 -0.11324 -1.20239e-19)
(0.87275 -0.105037 7.72464e-21)
(0.0674569 -0.154755 -2.49276e-19)
(0.169905 -0.348275 -4.69781e-20)
(0.258071 -0.449847 1.36566e-19)
(0.329026 -0.487564 1.64898e-19)
(0.386767 -0.48612 -1.10662e-19)
(0.435463 -0.464579 4.09697e-19)
(0.478142 -0.435195 -5.73974e-19)
(0.516734 -0.404375 -9.78542e-20)
(0.552255 -0.374772 -1.76961e-19)
(0.5852 -0.347173 -2.11153e-19)
(0.615835 -0.321647 -1.26053e-19)
(0.644343 -0.298069 8.99262e-20)
(0.670883 -0.276283 -3.77238e-21)
(0.695596 -0.256142 4.1784e-20)
(0.718613 -0.237511 1.21548e-19)
(0.740055 -0.220266 -2.65396e-19)
(0.760033 -0.204294 -5.24523e-19)
(0.77865 -0.189491 -2.33838e-20)
(0.796003 -0.175762 -1.63343e-19)
(0.812175 -0.16302 8.15208e-20)
(0.827218 -0.151199 -1.01089e-19)
(0.84123 -0.140227 5.49587e-19)
(0.854485 -0.129957 -2.49349e-19)
(0.867035 -0.120252 -1.46778e-19)
(0.877466 -0.111602 9.87362e-20)
(0.0750122 -0.161605 1.38632e-19)
(0.186835 -0.364595 2.28463e-19)
(0.2798 -0.47184 -2.12707e-19)
(0.352511 -0.512188 -1.47868e-19)
(0.410128 -0.511252 -6.77053e-20)
(0.457716 -0.48897 -2.79157e-19)
(0.498894 -0.458257 2.9647e-19)
(0.535911 -0.425921 2.68672e-19)
(0.569924 -0.394815 1.76758e-19)
(0.601471 -0.365796 3.90242e-19)
(0.630822 -0.338952 -6.68877e-20)
(0.658155 -0.314155 2.77313e-20)
(0.683618 -0.29124 -5.06076e-19)
(0.707346 -0.270055 -2.03306e-19)
(0.72946 -0.250457 -1.44579e-19)
(0.750074 -0.232315 5.10563e-20)
(0.769292 -0.215511 2.39939e-19)
(0.787212 -0.199937 1.85297e-19)
(0.803926 -0.18549 2.06227e-19)
(0.81951 -0.17208 -1.43265e-19)
(0.834012 -0.159639 -2.54458e-19)
(0.84752 -0.14809 -2.76566e-19)
(0.860329 -0.13727 2.49626e-19)
(0.8725 -0.127029 -9.88142e-20)
(0.882459 -0.117952 -1.35149e-19)
(0.0828101 -0.167839 3.12974e-19)
(0.204393 -0.379666 -1.73659e-19)
(0.302415 -0.492368 2.9785e-19)
(0.377025 -0.535357 -3.61424e-19)
(0.434564 -0.535037 3.66776e-19)
(0.481025 -0.512145 1.11159e-19)
(0.520649 -0.480224 2.02293e-19)
(0.556024 -0.446477 -1.15528e-19)
(0.588458 -0.413957 1.90395e-19)
(0.61854 -0.383598 -2.102e-19)
(0.646546 -0.355507 2.68045e-19)
(0.672648 -0.329555 1.89199e-19)
(0.696984 -0.305572 8.00217e-21)
(0.719678 -0.283396 2.75527e-19)
(0.740845 -0.262879 -9.60333e-21)
(0.760592 -0.243885 2.58956e-19)
(0.779015 -0.22629 1.38884e-20)
(0.796205 -0.20998 2.64286e-19)
(0.812248 -0.194849 -8.9177e-20)
(0.827217 -0.180803 -3.67237e-19)
(0.84115 -0.167769 3.45651e-19)
(0.854132 -0.155669 -1.61431e-19)
(0.866473 -0.14432 -1.701e-19)
(0.878245 -0.133561 8.3464e-20)
(0.887721 -0.124075 -2.93963e-20)
(0.0908067 -0.173436 -1.62733e-19)
(0.222495 -0.393438 4.86104e-20)
(0.325819 -0.511368 -1.00999e-19)
(0.402474 -0.557005 2.92469e-19)
(0.459992 -0.557413 -4.44529e-19)
(0.505319 -0.534048 -3.29079e-20)
(0.543344 -0.501045 -3.36391e-19)
(0.577016 -0.465996 1.70792e-19)
(0.607808 -0.432156 -1.16981e-19)
(0.636363 -0.400541 -1.46789e-19)
(0.662967 -0.371278 -1.41704e-19)
(0.687784 -0.344239 -4.1491e-19)
(0.710944 -0.319248 1.16499e-19)
(0.732562 -0.296138 9.25402e-20)
(0.752742 -0.274754 7.32259e-20)
(0.771584 -0.254954 -5.64432e-21)
(0.789177 -0.23661 1.42903e-19)
(0.805605 -0.219604 -1.34295e-19)
(0.82095 -0.203824 1.64906e-19)
(0.835277 -0.189172 -5.30345e-20)
(0.848618 -0.175575 8.16917e-20)
(0.861051 -0.162951 -7.08863e-21)
(0.872903 -0.151097 3.91037e-19)
(0.884261 -0.139835 -3.53327e-20)
(0.893244 -0.129959 1.41884e-22)
(0.0989563 -0.178378 -1.7156e-19)
(0.241049 -0.405867 1.14894e-19)
(0.349912 -0.528782 7.44129e-20)
(0.428762 -0.577072 6.11677e-20)
(0.486326 -0.578322 1.84846e-19)
(0.530523 -0.554625 2.93938e-19)
(0.566912 -0.520673 1.06398e-19)
(0.598828 -0.484437 -3.51264e-19)
(0.627919 -0.449375 1.16912e-19)
(0.654891 -0.416589 2.33748e-19)
(0.68004 -0.386233 1.26866e-19)
(0.703525 -0.358178 4.20968e-19)
(0.725465 -0.332243 4.25244e-19)
(0.745964 -0.308257 -3.17552e-19)
(0.765121 -0.286058 -6.70155e-20)
(0.783023 -0.265502 -5.66333e-20)
(0.799755 -0.246453 -4.94118e-19)
(0.815392 -0.22879 -7.33585e-20)
(0.830011 -0.212398 -4.35075e-19)
(0.843673 -0.197175 5.12672e-19)
(0.856399 -0.183045 -2.36187e-19)
(0.868262 -0.169924 2.00392e-19)
(0.879605 -0.15759 -3.07301e-19)
(0.890536 -0.145843 4.39246e-19)
(0.899018 -0.135594 -9.10549e-20)
(0.107212 -0.182649 5.16719e-20)
(0.259964 -0.416913 7.00703e-20)
(0.374587 -0.544558 5.73835e-20)
(0.455786 -0.595502 -1.25022e-20)
(0.513476 -0.59771 3.43969e-20)
(0.556557 -0.573828 -1.83315e-19)
(0.591286 -0.539066 6.15838e-20)
(0.6214 -0.50176 1.32165e-19)
(0.648738 -0.465579 6.09922e-20)
(0.674075 -0.431713 -7.56524e-21)
(0.697721 -0.400343 -3.62058e-19)
(0.719829 -0.371344 3.01578e-19)
(0.740508 -0.344533 -4.44356e-19)
(0.759852 -0.319731 1.29303e-19)
(0.77795 -0.296773 1.98809e-19)
(0.794881 -0.275509 -1.69292e-19)
(0.810722 -0.255801 1.82027e-19)
(0.825542 -0.237523 2.87539e-19)
(0.839411 -0.220557 1.18902e-19)
(0.852384 -0.204797 -9.90896e-20)
(0.864476 -0.190166 -1.42865e-19)
(0.87575 -0.176578 -2.74811e-19)
(0.886567 -0.163789 -1.32509e-20)
(0.897057 -0.151576 -1.77339e-19)
(0.905037 -0.140969 5.76296e-20)
(0.115526 -0.186237 2.14969e-20)
(0.279145 -0.426544 -1.43119e-19)
(0.399734 -0.558651 -1.69867e-19)
(0.483442 -0.612245 8.62237e-20)
(0.541346 -0.615529 -7.42865e-20)
(0.58334 -0.591614 2.0831e-19)
(0.616393 -0.556182 -5.57071e-20)
(0.644667 -0.517931 -4.95823e-20)
(0.670208 -0.480736 1.07514e-19)
(0.693864 -0.445882 2.73556e-20)
(0.715964 -0.413582 4.0654e-19)
(0.736655 -0.383715 -1.4205e-19)
(0.756036 -0.356095 2.71119e-20)
(0.774191 -0.33054 4.62267e-21)
(0.791198 -0.306879 1.21735e-20)
(0.80713 -0.284959 5.15758e-21)
(0.822054 -0.264639 7.25175e-21)
(0.836032 -0.245789 -2.0374e-19)
(0.849127 -0.228288 1.70983e-19)
(0.861391 -0.212026 -1.48826e-19)
(0.87283 -0.196927 2.13945e-19)
(0.883499 -0.182903 9.88985e-20)
(0.893774 -0.169688 -2.39397e-20)
(0.903814 -0.157026 1.49581e-19)
(0.911292 -0.146077 4.85526e-20)
(0.123849 -0.189134 1.14963e-19)
(0.298492 -0.434732 2.32678e-20)
(0.425241 -0.57102 1.42306e-19)
(0.511619 -0.627256 1.31379e-19)
(0.56984 -0.631735 -2.07739e-19)
(0.610786 -0.607941 -1.71165e-19)
(0.642161 -0.571988 6.37794e-20)
(0.668566 -0.532918 4.99704e-20)
(0.69227 -0.494817 4.36149e-20)
(0.714206 -0.459071 -4.12035e-19)
(0.734721 -0.425926 -1.84201e-19)
(0.753959 -0.395268 -2.26466e-19)
(0.772009 -0.36691 1.90406e-20)
(0.788945 -0.340664 -4.89379e-20)
(0.804834 -0.316359 -1.09401e-19)
(0.81974 -0.293836 2.69528e-19)
(0.833722 -0.272952 -4.1396e-19)
(0.846836 -0.253575 -4.44915e-20)
(0.859138 -0.235579 1.27884e-19)
(0.870674 -0.218853 1.8401e-19)
(0.881443 -0.203319 9.63169e-20)
(0.891492 -0.188891 -2.08095e-19)
(0.901211 -0.175278 8.83974e-21)
(0.910795 -0.16219 -1.04994e-19)
(0.917778 -0.150909 -1.22287e-19)
(0.132133 -0.191334 -7.6591e-20)
(0.317907 -0.441458 -9.90817e-21)
(0.450991 -0.581634 -1.30876e-20)
(0.540206 -0.640497 -4.57846e-20)
(0.598858 -0.64629 1.51967e-19)
(0.63881 -0.622774 -2.32074e-19)
(0.668512 -0.58645 -1.06137e-21)
(0.693029 -0.546692 -2.17409e-19)
(0.714864 -0.507798 -1.11139e-20)
(0.735045 -0.471257 1.02794e-19)
(0.753943 -0.437354 -1.33785e-19)
(0.771697 -0.405985 4.15556e-19)
(0.788388 -0.376959 2.47892e-19)
(0.804077 -0.350089 1.13137e-19)
(0.818823 -0.325198 6.20136e-20)
(0.83268 -0.302126 -9.42193e-21)
(0.8457 -0.280728 2.55799e-19)
(0.857929 -0.260867 -8.82775e-20)
(0.86942 -0.242418 -3.46898e-19)
(0.880212 -0.225265 -1.00683e-19)
(0.890296 -0.209332 -2.2513e-19)
(0.89971 -0.194533 2.1785e-19)
(0.908861 -0.180556 4.93335e-20)
(0.917988 -0.167062 7.64877e-20)
(0.924488 -0.155461 4.26807e-19)
(0.140328 -0.192836 4.11651e-20)
(0.337288 -0.446705 -2.67131e-20)
(0.476866 -0.590465 -6.05304e-20)
(0.569087 -0.651935 -1.91286e-19)
(0.628294 -0.659159 -9.69298e-20)
(0.66732 -0.636082 2.17793e-19)
(0.695369 -0.599543 5.30513e-20)
(0.717988 -0.559231 4.26182e-20)
(0.73793 -0.519657 1.07148e-19)
(0.756328 -0.48242 4.85855e-20)
(0.77358 -0.447849 7.94263e-20)
(0.789824 -0.415847 -3.05203e-19)
(0.80513 -0.386228 -3.64153e-19)
(0.81955 -0.358799 -1.88289e-19)
(0.833132 -0.333383 8.89444e-20)
(0.845921 -0.309817 6.05317e-20)
(0.857959 -0.287954 -1.40516e-19)
(0.869287 -0.267657 3.93226e-20)
(0.87995 -0.248796 1.75346e-20)
(0.889983 -0.231256 -7.00158e-20)
(0.899368 -0.214958 9.65365e-20)
(0.908134 -0.199824 1.63339e-19)
(0.916707 -0.185517 1.04428e-19)
(0.92538 -0.171644 -1.3499e-19)
(0.931421 -0.15973 -4.22756e-19)
(0.148385 -0.193642 -2.37291e-20)
(0.356532 -0.450467 -4.31618e-20)
(0.502745 -0.597495 -3.09048e-20)
(0.598143 -0.661545 6.17372e-20)
(0.658043 -0.670316 -5.87645e-20)
(0.696225 -0.647839 -9.82246e-20)
(0.722653 -0.611241 -1.30685e-19)
(0.743373 -0.570512 1.27856e-20)
(0.761406 -0.530375 -1.18924e-19)
(0.777999 -0.492545 3.51476e-19)
(0.793582 -0.457394 -2.01581e-19)
(0.808294 -0.424843 1.19359e-19)
(0.822196 -0.394703 2.93426e-19)
(0.835327 -0.366782 2.07456e-19)
(0.847727 -0.340902 -3.46732e-19)
(0.85943 -0.316899 1.13602e-19)
(0.870471 -0.294622 5.69381e-20)
(0.880883 -0.273934 -3.50974e-20)
(0.890704 -0.254705 2.23364e-19)
(0.899965 -0.236816 -1.6436e-19)
(0.908641 -0.220191 2.49467e-20)
(0.916745 -0.204757 -1.96858e-19)
(0.924729 -0.19016 -2.18773e-19)
(0.932959 -0.175939 7.63394e-20)
(0.938576 -0.163722 1.55196e-19)
(0.156253 -0.193758 2.8424e-21)
(0.375535 -0.452744 4.25767e-20)
(0.528505 -0.602712 1.40635e-20)
(0.627253 -0.669306 3.35601e-20)
(0.687997 -0.679737 8.35718e-20)
(0.72543 -0.658023 6.1596e-20)
(0.750282 -0.621527 -3.38915e-20)
(0.769112 -0.58052 1.39473e-19)
(0.785228 -0.539939 -1.156e-20)
(0.8 -0.501618 -1.04439e-19)
(0.813897 -0.465979 2.38226e-19)
(0.827061 -0.432959 7.12953e-20)
(0.839541 -0.402374 -2.17565e-19)
(0.85137 -0.37403 -1.50968e-19)
(0.862573 -0.347747 1.9435e-19)
(0.873177 -0.323361 -2.01986e-19)
(0.883208 -0.300722 -7.9019e-20)
(0.89269 -0.27969 2.57384e-20)
(0.901657 -0.260137 1.38069e-20)
(0.910136 -0.241939 1.7907e-19)
(0.918093 -0.225023 -1.72488e-20)
(0.925522 -0.209324 3.22416e-20)
(0.9329 -0.194479 1.63525e-19)
(0.940704 -0.179954 1.14388e-19)
(0.945959 -0.167446 1.08772e-19)
(0.163885 -0.193192 -5.79913e-21)
(0.394194 -0.453539 -7.00944e-20)
(0.554021 -0.60611 -3.69058e-20)
(0.656294 -0.675206 -5.41305e-21)
(0.718043 -0.687406 -2.83166e-20)
(0.754839 -0.666619 -1.15429e-20)
(0.778173 -0.630386 -6.81772e-20)
(0.795135 -0.589243 6.64845e-20)
(0.809333 -0.548338 -1.47954e-19)
(0.822275 -0.509628 -7.12582e-20)
(0.834474 -0.473594 -2.61073e-20)
(0.846077 -0.440189 3.01442e-21)
(0.857125 -0.409232 3.93887e-20)
(0.867639 -0.380533 3.37362e-20)
(0.877634 -0.35391 -3.53648e-20)
(0.887129 -0.329198 -4.87597e-20)
(0.89614 -0.306247 3.54406e-19)
(0.904683 -0.28492 -1.96669e-20)
(0.912785 -0.265085 5.08307e-20)
(0.920473 -0.246619 5.39824e-20)
(0.927705 -0.22945 -2.35599e-20)
(0.934447 -0.213523 1.67922e-19)
(0.941194 -0.198477 -8.20489e-20)
(0.948591 -0.183709 -9.56156e-20)
(0.953588 -0.170934 2.11055e-19)
(0.171232 -0.191958 2.98041e-20)
(0.412406 -0.452868 6.6874e-20)
(0.579168 -0.607693 -2.21702e-20)
(0.68514 -0.679237 5.99461e-20)
(0.748068 -0.693312 1.70752e-20)
(0.784354 -0.673613 -3.45568e-20)
(0.806244 -0.637807 5.6188e-20)
(0.821368 -0.596671 -3.65357e-20)
(0.833657 -0.555563 6.33789e-20)
(0.844766 -0.516571 -6.08131e-20)
(0.855261 -0.480233 -1.45361e-19)
(0.865296 -0.446525 -7.95416e-20)
(0.874905 -0.415273 -3.22554e-20)
(0.884096 -0.386286 -4.25945e-20)
(0.892877 -0.359385 3.39355e-20)
(0.901255 -0.334404 2.86194e-20)
(0.909238 -0.311194 -2.68094e-19)
(0.916834 -0.289617 -8.0448e-20)
(0.924064 -0.269544 -2.38279e-19)
(0.930952 -0.250851 -6.02268e-21)
(0.937457 -0.233464 1.47664e-19)
(0.943505 -0.217339 -1.8644e-19)
(0.949574 -0.202126 -2.32185e-19)
(0.956558 -0.18717 -2.62691e-20)
(0.961488 -0.174216 -2.05634e-19)
(0.178248 -0.190073 -1.04478e-19)
(0.430066 -0.450748 6.23817e-20)
(0.60382 -0.607469 9.41878e-20)
(0.713666 -0.681401 6.12012e-22)
(0.777959 -0.697449 -4.9916e-20)
(0.813877 -0.678999 3.53875e-21)
(0.834408 -0.643785 -8.80467e-21)
(0.847739 -0.6028 -4.33399e-21)
(0.858135 -0.561612 3.76507e-20)
(0.867416 -0.522442 4.46952e-20)
(0.876207 -0.485893 1.03096e-19)
(0.884672 -0.451965 3.57067e-21)
(0.892838 -0.420493 4.24139e-20)
(0.900704 -0.391287 2.58214e-21)
(0.908266 -0.364169 -9.70274e-20)
(0.915522 -0.338975 1.47695e-19)
(0.922473 -0.315557 -4.96535e-20)
(0.929117 -0.293778 1.07456e-19)
(0.935468 -0.27351 1.63273e-19)
(0.941549 -0.254631 -2.1638e-20)
(0.947326 -0.237064 -2.92788e-19)
(0.952684 -0.220781 1.52931e-19)
(0.958015 -0.205465 -6.22941e-22)
(0.964503 -0.190492 -1.17973e-19)
(0.969702 -0.177671 -6.41175e-20)
(0.184886 -0.187556 4.5455e-20)
(0.447074 -0.447208 -8.61761e-20)
(0.627851 -0.605458 -1.83165e-19)
(0.741742 -0.681704 -5.13537e-20)
(0.807597 -0.699819 3.99541e-20)
(0.843305 -0.682776 1.46113e-20)
(0.86258 -0.648318 2.92203e-20)
(0.874173 -0.60763 2.81371e-21)
(0.882702 -0.566485 -2.40477e-20)
(0.890167 -0.527242 5.37245e-21)
(0.897259 -0.490574 -7.45913e-20)
(0.904156 -0.456509 -3.49254e-20)
(0.910881 -0.42489 3.95457e-20)
(0.917422 -0.395533 -6.50485e-20)
(0.923765 -0.36826 4.12076e-20)
(0.929899 -0.34291 -5.41126e-20)
(0.935816 -0.319335 6.28375e-20)
(0.941507 -0.2974 9.61612e-20)
(0.946975 -0.27698 -1.52158e-19)
(0.952242 -0.257953 1.753e-19)
(0.957292 -0.240239 -4.17472e-20)
(0.961991 -0.223806 5.88365e-20)
(0.96655 -0.208352 4.41127e-20)
(0.972273 -0.193268 3.49007e-19)
(0.978246 -0.180398 -4.45151e-20)
(0.191103 -0.184432 -1.62204e-21)
(0.463331 -0.442282 8.50193e-20)
(0.651135 -0.601682 2.24008e-19)
(0.769241 -0.68016 -5.2077e-20)
(0.836866 -0.700427 -1.49305e-20)
(0.872538 -0.684948 3.99812e-20)
(0.890674 -0.651409 3.55356e-20)
(0.900596 -0.611165 -1.69709e-21)
(0.907295 -0.570186 -4.93927e-21)
(0.912963 -0.530974 2.8561e-20)
(0.918366 -0.494278 4.30348e-20)
(0.923704 -0.460158 4.45656e-20)
(0.928993 -0.428468 -4.22452e-20)
(0.934213 -0.399026 6.06747e-20)
(0.939341 -0.37166 3.21985e-20)
(0.944355 -0.346209 1.09607e-20)
(0.949239 -0.322527 2.75481e-20)
(0.953977 -0.300482 -2.77664e-19)
(0.958563 -0.279951 -1.31365e-21)
(0.963011 -0.260817 2.35483e-20)
(0.967326 -0.242995 1.47895e-19)
(0.971392 -0.226448 -4.63102e-20)
(0.975203 -0.210979 -9.24755e-21)
(0.979624 -0.196515 -1.8375e-19)
(0.985818 -0.184885 -1.10532e-20)
(0.196856 -0.180727 1.379e-19)
(0.478736 -0.436009 -1.4118e-19)
(0.673548 -0.596175 -2.08157e-19)
(0.796033 -0.676791 1.85759e-19)
(0.865646 -0.699287 -1.45472e-20)
(0.901473 -0.685521 6.0938e-22)
(0.918604 -0.653065 3.17102e-20)
(0.926936 -0.61341 -1.03931e-20)
(0.93185 -0.572721 3.45253e-21)
(0.935745 -0.533645 -1.38225e-20)
(0.939478 -0.497013 -1.23829e-20)
(0.943268 -0.462919 2.1424e-21)
(0.947131 -0.43123 -2.9091e-20)
(0.95104 -0.40177 -8.13004e-21)
(0.954959 -0.374371 -5.92778e-20)
(0.958858 -0.348873 -2.27735e-20)
(0.962713 -0.325134 1.22258e-19)
(0.966502 -0.303024 7.72941e-20)
(0.970207 -0.282423 3.25968e-20)
(0.973834 -0.26322 -4.63269e-20)
(0.977399 -0.245327 1.47549e-20)
(0.980829 -0.22869 8.04382e-20)
(0.983986 -0.213202 -1.43204e-20)
(0.987213 -0.199028 8.6863e-20)
(0.992192 -0.186752 4.16952e-20)
(0.202114 -0.176478 1.03205e-19)
(0.493193 -0.428432 1.10745e-19)
(0.694966 -0.588976 1.81836e-19)
(0.82199 -0.671626 -1.12158e-19)
(0.893818 -0.696417 2.69729e-20)
(0.930007 -0.684511 1.7271e-19)
(0.946282 -0.653298 -2.87134e-20)
(0.953119 -0.614378 -9.27565e-20)
(0.956302 -0.574101 -3.4747e-20)
(0.958459 -0.535265 2.43968e-20)
(0.960543 -0.498787 -1.94904e-20)
(0.962803 -0.464798 5.51145e-22)
(0.965256 -0.433182 1.87127e-20)
(0.967864 -0.40377 -3.1108e-20)
(0.970585 -0.376396 2.52679e-20)
(0.973378 -0.350906 -3.70272e-20)
(0.976211 -0.327159 -5.47683e-20)
(0.979056 -0.305028 9.32018e-20)
(0.981887 -0.284397 5.58325e-20)
(0.984697 -0.26516 3.97545e-20)
(0.987503 -0.247222 -6.43805e-20)
(0.990282 -0.230507 -1.04478e-19)
(0.992867 -0.214959 -5.13675e-20)
(0.995218 -0.200889 4.94336e-20)
(0.998899 -0.188151 8.01889e-20)
(0.20687 -0.171723 -3.00616e-20)
(0.5066 -0.419591 1.33814e-19)
(0.715265 -0.580134 -2.35383e-19)
(0.846982 -0.664699 -3.19108e-19)
(0.921263 -0.691842 -3.71155e-19)
(0.958035 -0.681935 7.95423e-20)
(0.973621 -0.652124 -4.14031e-20)
(0.97907 -0.614084 4.57829e-20)
(0.980589 -0.574341 4.53369e-21)
(0.981049 -0.535848 3.54023e-20)
(0.981513 -0.499611 -3.47815e-21)
(0.982265 -0.465806 -1.08873e-20)
(0.983326 -0.434334 8.66452e-21)
(0.98465 -0.405034 1.76404e-20)
(0.986186 -0.377744 -7.38522e-21)
(0.987885 -0.352314 3.2876e-20)
(0.989706 -0.328606 -4.61065e-21)
(0.991615 -0.306498 -3.00278e-20)
(0.99358 -0.285875 5.01819e-20)
(0.995582 -0.266636 4.95416e-20)
(0.997636 -0.248682 3.76333e-20)
(0.999758 -0.231914 2.25421e-21)
(1.00181 -0.216316 -7.41941e-21)
(1.00352 -0.202341 3.84091e-20)
(1.00624 -0.189372 -3.859e-20)
(0.211087 -0.166457 2.95361e-21)
(0.518884 -0.409527 -3.53104e-19)
(0.734324 -0.569716 4.33598e-19)
(0.870882 -0.656056 4.18766e-19)
(0.94786 -0.685593 2.22578e-19)
(0.985454 -0.677817 9.67187e-21)
(1.00053 -0.649563 -5.06331e-20)
(1.00472 -0.612546 -5.71936e-20)
(1.00465 -0.573459 8.76384e-20)
(1.00346 -0.535409 -1.64573e-19)
(1.00234 -0.499501 -1.73258e-22)
(1.00161 -0.465957 7.49819e-20)
(1.0013 -0.434697 7.81665e-21)
(1.00136 -0.405571 -6.33898e-22)
(1.00173 -0.378421 5.85005e-21)
(1.00235 -0.353103 -1.75323e-20)
(1.00317 -0.329482 1.18822e-20)
(1.00416 -0.307439 -6.6435e-20)
(1.00527 -0.286862 -5.12326e-20)
(1.00647 -0.267654 -4.60724e-20)
(1.00779 -0.249716 -4.24576e-20)
(1.00926 -0.232931 1.67246e-20)
(1.01077 -0.217315 2.31431e-20)
(1.01194 -0.203433 -6.81521e-20)
(0.214689 -0.160696 9.67501e-20)
(0.529977 -0.398324 4.04629e-20)
(0.752047 -0.557793 -2.1007e-19)
(0.893566 -0.645742 -2.84794e-20)
(0.973491 -0.677707 -4.81709e-20)
(1.01216 -0.672186 -1.41403e-19)
(1.02693 -0.645639 -1.49195e-19)
(1.02999 -0.609786 1.37081e-19)
(1.02842 -0.571475 -1.00263e-19)
(1.02564 -0.533969 1.29721e-19)
(1.02297 -0.498474 3.3602e-20)
(1.0208 -0.465265 4.44542e-22)
(1.01914 -0.434285 -4.7838e-20)
(1.01796 -0.405393 6.85095e-21)
(1.01718 -0.378439 -2.07208e-20)
(1.01674 -0.353282 4.28599e-22)
(1.01658 -0.329794 2.12921e-20)
(1.01666 -0.307857 7.60202e-21)
(1.01692 -0.287364 1.39895e-20)
(1.01735 -0.268221 3.24587e-21)
(1.01795 -0.250332 6.40331e-20)
(1.01878 -0.233566 -2.78626e-20)
(1.01974 -0.217961 -5.4813e-21)
(1.02035 -0.20415 4.8348e-20)
(0.217641 -0.15451 -2.44014e-19)
(0.5398 -0.386094 1.06278e-19)
(0.768315 -0.544427 -3.40382e-19)
(0.91492 -0.633806 -4.53694e-19)
(0.998036 -0.668228 1.66275e-19)
(1.03805 -0.665074 1.27188e-19)
(1.05273 -0.64038 6.23388e-20)
(1.05481 -0.60583 -1.15453e-19)
(1.05184 -0.568414 7.69289e-20)
(1.04754 -0.531548 8.20584e-20)
(1.04337 -0.49655 -6.12362e-20)
(1.03978 -0.463748 2.20377e-20)
(1.03682 -0.433113 -4.65578e-20)
(1.03442 -0.404514 1.36977e-22)
(1.03252 -0.377809 3.70795e-20)
(1.03104 -0.352863 -2.16591e-20)
(1.02991 -0.329552 8.8201e-21)
(1.02909 -0.307761 -3.03603e-21)
(1.02853 -0.287389 1.84965e-20)
(1.02819 -0.268345 -1.71028e-21)
(1.02809 -0.250536 -7.65361e-21)
(1.02829 -0.233824 2.38146e-20)
(1.02869 -0.218254 -2.91267e-20)
(1.02873 -0.2045 2.77093e-20)
(0.219936 -0.14797 7.14365e-20)
(0.548268 -0.372901 -2.90168e-20)
(0.782963 -0.529648 -1.22056e-21)
(0.93484 -0.620334 1.03088e-19)
(1.02138 -0.657206 -8.81984e-20)
(1.06301 -0.656517 2.03371e-19)
(1.07784 -0.633817 4.79105e-20)
(1.07912 -0.600708 3.52039e-22)
(1.07486 -0.564301 1.07254e-19)
(1.0691 -0.528173 1.47423e-19)
(1.06349 -0.493751 1.34056e-19)
(1.05853 -0.461427 2.79673e-20)
(1.05429 -0.431199 8.11609e-20)
(1.05071 -0.40295 -1.7107e-20)
(1.04771 -0.376545 2.21544e-20)
(1.04521 -0.351857 3.57186e-20)
(1.04314 -0.328765 -1.00155e-20)
(1.04144 -0.307161 9.49692e-21)
(1.04007 -0.286945 -8.18221e-21)
(1.03899 -0.268033 3.06278e-21)
(1.0382 -0.250335 2.74974e-21)
(1.03777 -0.233709 -2.10822e-20)
(1.03761 -0.218202 2.60825e-20)
(0.221563 -0.141123 9.2941e-20)
(0.555324 -0.358804 -1.18797e-19)
(0.795919 -0.513592 3.64115e-19)
(0.953169 -0.605408 2.2972e-19)
(1.04343 -0.644677 -1.53937e-19)
(1.08695 -0.646556 -5.40082e-19)
(1.10218 -0.625986 -5.32391e-20)
(1.10284 -0.59445 -8.72641e-20)
(1.09741 -0.559168 -5.12069e-20)
(1.09028 -0.523871 -1.23418e-19)
(1.08328 -0.490103 -1.27818e-20)
(1.077 -0.458324 -1.30166e-19)
(1.07152 -0.428562 3.16667e-20)
(1.06678 -0.400718 1.24795e-19)
(1.06271 -0.374663 -6.22886e-20)
(1.05922 -0.350277 -1.94707e-20)
(1.05623 -0.327446 -2.99728e-20)
(1.05368 -0.306066 -1.38997e-20)
(1.05152 -0.286042 2.10353e-20)
(1.04971 -0.267293 -3.45405e-21)
(1.04825 -0.249737 9.74298e-22)
(1.0472 -0.233229 1.00373e-20)
(1.04648 -0.21781 -7.03252e-21)
(0.222508 -0.134014 -1.82216e-19)
(0.560905 -0.343908 9.38702e-20)
(0.807142 -0.496356 3.86607e-19)
(0.969747 -0.589063 -3.83447e-19)
(1.06404 -0.630716 6.49364e-20)
(1.10976 -0.635234 1.83776e-19)
(1.12566 -0.616927 3.40028e-19)
(1.12589 -0.587092 -1.70119e-19)
(1.11944 -0.553046 -7.2852e-20)
(1.11104 -0.518671 8.15677e-20)
(1.10271 -0.485634 4.04383e-20)
(1.09515 -0.454464 8.85957e-20)
(1.08847 -0.425226 8.16353e-21)
(1.08262 -0.397837 -5.26954e-20)
(1.07752 -0.37218 -6.97538e-20)
(1.07306 -0.348139 -1.4448e-20)
(1.06917 -0.325609 2.38101e-20)
(1.06579 -0.304489 -5.37475e-20)
(1.06286 -0.284689 2.76483e-20)
(1.06034 -0.266136 -3.7953e-21)
(1.05822 -0.248751 2.01313e-20)
(1.05657 -0.232391 5.31955e-21)
(0.222761 -0.12669 -5.14264e-20)
(0.564956 -0.328307 -1.58839e-19)
(0.816529 -0.478016 -2.49532e-19)
(0.984503 -0.571401 -1.22286e-19)
(1.08306 -0.61538 3.01427e-19)
(1.13135 -0.622607 -4.11924e-19)
(1.14819 -0.606685 -1.63811e-19)
(1.14822 -0.578671 9.65506e-20)
(1.1409 -0.54597 -3.22935e-20)
(1.13131 -0.512607 -7.25974e-20)
(1.12174 -0.480372 4.96938e-20)
(1.11295 -0.449872 -3.2905e-20)
(1.10512 -0.421213 -1.84041e-19)
(1.0982 -0.394328 -1.33688e-19)
(1.09209 -0.369113 5.0432e-22)
(1.0867 -0.345459 -9.38561e-21)
(1.08194 -0.323266 1.14336e-19)
(1.07775 -0.302441 4.60372e-20)
(1.07407 -0.2829 -3.96413e-20)
(1.07086 -0.264572 3.96861e-20)
(1.0681 -0.247385 -2.48257e-20)
(1.06585 -0.2312 -6.00122e-21)
(0.222317 -0.119195 3.6962e-19)
(0.567433 -0.312096 1.23094e-19)
(0.823986 -0.458674 -5.25923e-20)
(0.997361 -0.552508 4.875e-19)
(1.10039 -0.598751 4.09589e-19)
(1.1516 -0.608746 3.40652e-19)
(1.16969 -0.595293 1.28792e-20)
(1.16976 -0.569226 -8.4435e-20)
(1.16172 -0.537978 -4.99982e-20)
(1.15107 -0.505712 2.04628e-20)
(1.14032 -0.474349 -1.76726e-19)
(1.13037 -0.444579 1.54467e-19)
(1.12144 -0.416548 2.97374e-19)
(1.11348 -0.390214 -6.73212e-20)
(1.10641 -0.365482 5.5729e-22)
(1.10012 -0.342253 3.64953e-20)
(1.09452 -0.320434 -1.1578e-19)
(1.08954 -0.299937 -4.4273e-20)
(1.08513 -0.280684 -9.45007e-22)
(1.08125 -0.262609 -5.04023e-20)
(1.07787 -0.245648 -4.14032e-20)
(1.07502 -0.229664 3.64652e-20)
(0.221176 -0.111576 -6.94621e-19)
(0.568305 -0.295372 -8.2763e-20)
(0.829435 -0.438444 1.43109e-19)
(1.00821 -0.532486 -4.82884e-19)
(1.11596 -0.580912 6.33675e-20)
(1.17038 -0.593691 -5.29422e-20)
(1.19007 -0.582807 -8.30062e-20)
(1.19043 -0.558801 -3.35528e-19)
(1.18186 -0.529108 6.28995e-20)
(1.17027 -0.498022 -1.51836e-19)
(1.15843 -0.467598 2.51885e-19)
(1.14738 -0.438612 -4.20522e-19)
(1.13739 -0.411259 -3.33514e-20)
(1.12845 -0.385518 -6.34944e-21)
(1.12045 -0.361309 -3.16275e-20)
(1.11329 -0.338541 -6.72737e-20)
(1.10688 -0.317129 2.6696e-20)
(1.10115 -0.296991 1.96518e-21)
(1.09604 -0.278055 4.64214e-20)
(1.0915 -0.260261 4.59892e-20)
(1.08751 -0.24355 8.40851e-21)
(0.219341 -0.103881 5.57344e-19)
(0.567551 -0.278239 1.00757e-19)
(0.832814 -0.417441 1.30313e-19)
(1.01696 -0.511435 -2.00551e-19)
(1.12965 -0.561935 -1.62389e-19)
(1.18762 -0.577508 2.03905e-19)
(1.20924 -0.569279 2.77965e-19)
(1.21017 -0.547441 2.70397e-19)
(1.20127 -0.519401 1.22401e-19)
(1.18886 -0.489577 5.33632e-20)
(1.17602 -0.460154 -1.93777e-19)
(1.16395 -0.432004 1.17041e-19)
(1.15296 -0.405372 -7.6509e-20)
(1.14307 -0.380265 1.77137e-20)
(1.13418 -0.356615 8.41258e-20)
(1.1262 -0.334342 3.43174e-20)
(1.11901 -0.313367 6.63461e-20)
(1.11255 -0.293618 1.15487e-20)
(1.10676 -0.275026 -4.95183e-21)
(1.10159 -0.257537 -5.58726e-20)
(1.09701 -0.241099 6.15069e-20)
(0.834068 -0.395785 3.80469e-20)
(1.0235 -0.489461 5.18229e-19)
(1.14135 -0.541902 -8.15031e-19)
(1.20321 -0.560267 2.44938e-19)
(1.22712 -0.554766 -2.15093e-19)
(1.2289 -0.535193 4.08765e-19)
(1.21988 -0.5089 -8.99389e-20)
(1.20682 -0.480414 -1.90932e-19)
(1.19308 -0.452053 -2.21527e-20)
(1.18004 -0.424787 -9.26099e-20)
(1.16812 -0.398919 -5.27958e-20)
(1.15733 -0.374481 2.57017e-19)
(1.1476 -0.351423 -1.5426e-19)
(1.13882 -0.329675 8.79483e-20)
(1.13089 -0.309167 -2.54973e-20)
(1.12373 -0.289832 3.6924e-21)
(1.11728 -0.271609 -1.09817e-20)
(1.1115 -0.254449 -3.88843e-20)
(1.10634 -0.238307 1.79965e-20)
(1.02776 -0.466675 2.58643e-20)
(1.15096 -0.520907 2.1173e-19)
(1.21705 -0.542039 4.61607e-21)
(1.24361 -0.539324 -9.8395e-20)
(1.24657 -0.522106 -4.33918e-19)
(1.23766 -0.497648 -1.62687e-19)
(1.22409 -0.470574 2.86754e-19)
(1.20956 -0.443332 -1.72796e-19)
(1.19565 -0.416996 5.69191e-20)
(1.18284 -0.391927 7.31604e-20)
(1.17121 -0.368192 1.378e-20)
(1.16068 -0.345757 6.88591e-20)
(1.15115 -0.324563 7.85227e-21)
(1.1425 -0.304547 5.5275e-20)
(1.13468 -0.285652 -1.6136e-19)
(1.1276 -0.267821 1.61357e-20)
(1.12123 -0.251011 3.93721e-20)
(1.11551 -0.235183 -1.4772e-19)
(1.22905 -0.522897 -4.355e-19)
(1.25864 -0.52301 2.12431e-19)
(1.2631 -0.508228 -1.44323e-19)
(1.25456 -0.48569 -4.9098e-20)
(1.24065 -0.460098 -7.54318e-20)
(1.22545 -0.43403 2.41007e-19)
(1.21073 -0.408665 1.85286e-19)
(1.19711 -0.384431 1.37757e-19)
(1.18469 -0.361428 -4.47805e-20)
(1.17341 -0.339642 1.62993e-19)
(1.16316 -0.319026 -1.39613e-19)
(1.15384 -0.299527 -8.18458e-20)
(1.14537 -0.281092 -2.34557e-20)
(1.13769 -0.263674 1.16258e-19)
(1.13075 -0.247234 -6.98071e-20)
(1.27211 -0.505885 5.07978e-20)
(1.27843 -0.493609 3.19095e-19)
(1.27051 -0.473072 2.95909e-19)
(1.25646 -0.449028 3.4673e-20)
(1.24071 -0.424186 -1.91639e-19)
(1.22529 -0.39983 1.20204e-19)
(1.21092 -0.37646 -2.60525e-19)
(1.19776 -0.354215 -6.7151e-20)
(1.18577 -0.333103 -1.80062e-19)
(1.17484 -0.313088 4.98619e-20)
(1.16488 -0.294125 1.02398e-19)
(1.15581 -0.276171 1.03624e-19)
(1.14755 -0.259184 -6.67713e-20)
(1.14006 -0.243131 9.30004e-20)
(1.28548 -0.459837 -2.12733e-20)
(1.27149 -0.437407 4.74662e-20)
(1.25533 -0.413837 1.42992e-19)
(1.23928 -0.390525 -4.9144e-20)
(1.22423 -0.368047 -4.16856e-20)
(1.2104 -0.346584 1.08558e-20)
(1.19774 -0.326165 1.34948e-19)
(1.18618 -0.306769 -6.33089e-20)
(1.17562 -0.288361 3.63002e-20)
(1.16597 -0.270905 -1.36652e-19)
(1.15716 -0.254367 -3.77005e-20)
(1.14915 -0.238717 8.08349e-22)
(1.26927 -0.403023 1.87731e-20)
(1.25271 -0.380788 -9.86275e-20)
(1.23705 -0.359226 -7.28363e-20)
(1.22259 -0.338564 -2.52706e-20)
(1.20932 -0.318855 -1.37473e-19)
(1.19717 -0.300095 4.09297e-20)
(1.18604 -0.282257 1.40995e-19)
(1.17585 -0.265313 -2.11585e-20)
(1.16652 -0.249237 -5.11887e-21)
(1.15801 -0.234004 -6.71097e-20)
(1.24936 -0.350028 -1.35086e-19)
(1.23433 -0.330182 8.41119e-20)
(1.2205 -0.311199 1.54728e-19)
(1.2078 -0.293087 7.97342e-20)
(1.19614 -0.275831 -5.62376e-20)
(1.18544 -0.259413 4.97713e-20)
(1.17562 -0.243811 3.70888e-20)
(1.16663 -0.229005 1.45525e-20)
(1.21807 -0.28577 -1.35523e-19)
(1.20591 -0.269106 5.05095e-20)
(1.19473 -0.253221 8.36136e-20)
(1.18445 -0.238103 2.28341e-20)
(1.17501 -0.223736 -2.35341e-20)
(1.193 -0.232131 -1.08338e-19)
(0.85423 -0.00542664 -3.02533e-21)
(0.868753 -0.00427363 1.55574e-21)
(0.88215 -0.00339749 5.4189e-22)
(0.894603 -0.00246552 -2.68051e-22)
(0.905983 -0.00171698 3.27597e-22)
(0.916549 -0.000973672 -9.72996e-22)
(0.926151 -0.00038001 1.97796e-21)
(0.935038 0.000174736 -8.2495e-22)
(0.943078 0.000564803 1.67496e-21)
(0.950483 0.000895868 -1.52757e-21)
(0.957156 0.00110157 -5.00105e-22)
(0.963271 0.00122292 -5.97561e-22)
(0.968753 0.00120777 1.0573e-21)
(0.973748 0.00110343 -7.98172e-22)
(0.978186 0.00087798 -3.6554e-22)
(0.982195 0.000567277 1.55967e-23)
(0.985719 0.000164934 5.6046e-22)
(0.988857 -0.000300427 2.72201e-22)
(0.991548 -0.000770243 1.52648e-22)
(0.993895 -0.00120478 3.05068e-23)
(0.995835 -0.0015284 -3.11232e-22)
(0.997452 -0.00168004 -8.09739e-22)
(0.998665 -0.001587 -4.13459e-22)
(0.999551 -0.00119791 -2.64024e-22)
(0.999971 -0.000490729 8.40842e-22)
(0.854677 -0.0129441 5.83627e-21)
(0.86914 -0.0106056 -3.22889e-21)
(0.882464 -0.00906183 -1.01126e-21)
(0.894873 -0.00728798 2.93048e-21)
(0.906203 -0.00596413 -4.70804e-21)
(0.916737 -0.00459561 3.77638e-21)
(0.926305 -0.00353733 -2.4379e-21)
(0.93516 -0.00250915 -2.12164e-21)
(0.943171 -0.00174624 3.72903e-21)
(0.950565 -0.00104734 -4.4598e-22)
(0.957225 -0.000593107 1.9131e-21)
(0.96333 -0.000219117 -9.50495e-22)
(0.968803 -3.00829e-05 -5.00838e-22)
(0.973792 6.40979e-05 1.12652e-21)
(0.978225 -4.66732e-06 -4.29948e-22)
(0.982229 -0.000164305 -3.38907e-21)
(0.985748 -0.000449029 8.51911e-22)
(0.988881 -0.000797553 -2.19921e-21)
(0.991568 -0.00117781 2.45151e-23)
(0.993911 -0.0015239 -1.0854e-22)
(0.995847 -0.00177915 4.16318e-22)
(0.99746 -0.00186464 2.00267e-21)
(0.998669 -0.00171733 1.40299e-21)
(0.999552 -0.00127339 -1.01678e-21)
(0.999971 -0.000517283 1.72476e-21)
(0.855401 -0.0204365 -1.11268e-21)
(0.869752 -0.0169179 -6.91444e-21)
(0.882961 -0.0147128 1.04075e-20)
(0.895292 -0.012102 5.92221e-22)
(0.906541 -0.0102081 -3.87352e-21)
(0.91702 -0.00822029 5.04224e-21)
(0.926532 -0.00670554 -2.11589e-21)
(0.935352 -0.00521654 1.22982e-21)
(0.943327 -0.00407149 -5.95621e-21)
(0.950685 -0.00300405 2.4765e-21)
(0.957314 -0.00225799 2.55733e-21)
(0.963408 -0.00163404 -1.01478e-21)
(0.968869 -0.00125279 3.191e-21)
(0.97385 -0.000965148 -2.2247e-21)
(0.978275 -0.000879972 4.08223e-23)
(0.982271 -0.000890405 1.89233e-21)
(0.985782 -0.00105858 -2.3791e-21)
(0.988909 -0.00129255 3.0623e-21)
(0.991591 -0.00158709 -3.83058e-22)
(0.993929 -0.0018437 1.95396e-21)
(0.99586 -0.00203127 2.98031e-21)
(0.997468 -0.00204968 1.4299e-21)
(0.998673 -0.00184852 1.07255e-21)
(0.999553 -0.00134873 3.37788e-21)
(0.99997 -0.000543818 -4.02706e-21)
(0.8564 -0.0278953 1.18279e-20)
(0.870587 -0.0232031 -1.67792e-20)
(0.88364 -0.0203427 1.30132e-20)
(0.89586 -0.0168989 -1.12163e-20)
(0.906999 -0.014438 1.17935e-20)
(0.917399 -0.0118318 -8.71693e-21)
(0.926836 -0.00986008 2.32e-21)
(0.935602 -0.00790717 -2.44484e-21)
(0.943528 -0.00641276 1.35852e-22)
(0.950852 -0.00500273 6.16181e-22)
(0.957442 -0.0039488 2.29149e-21)
(0.963506 -0.00302715 4.77434e-22)
(0.96895 -0.00246477 1.44936e-21)
(0.97392 -0.00198632 -5.53834e-21)
(0.978333 -0.00175002 5.20741e-21)
(0.982321 -0.00161262 -1.67424e-21)
(0.985822 -0.00166501 5.03685e-21)
(0.988942 -0.00178513 8.38781e-22)
(0.991617 -0.00199213 -2.64647e-21)
(0.99395 -0.00216404 -3.18179e-21)
(0.995875 -0.00228527 -3.86228e-21)
(0.997477 -0.00223544 -5.12328e-21)
(0.998678 -0.0019806 -1.772e-21)
(0.999554 -0.0014239 -3.99854e-21)
(0.999969 -0.000570328 4.83323e-21)
(0.857675 -0.0353099 1.05997e-20)
(0.871646 -0.029453 8.40718e-21)
(0.884501 -0.0259453 -5.28806e-22)
(0.896576 -0.021674 -4.33142e-21)
(0.907576 -0.018651 9.28751e-23)
(0.917874 -0.0154297 -2.5107e-21)
(0.927215 -0.0130029 3.29872e-21)
(0.935913 -0.0105859 -8.53358e-21)
(0.943776 -0.00873795 6.85742e-21)
(0.951055 -0.00698007 -6.37066e-21)
(0.957608 -0.00566211 -3.23763e-21)
(0.963632 -0.00445149 8.36012e-21)
(0.969043 -0.00363476 -6.59148e-21)
(0.974003 -0.00300125 5.48009e-21)
(0.978402 -0.00261576 -3.66301e-21)
(0.982378 -0.00233154 -2.30061e-21)
(0.985867 -0.00226863 1.35291e-21)
(0.988979 -0.00227558 -5.48318e-21)
(0.991646 -0.00239494 3.98248e-24)
(0.993972 -0.00248147 2.12106e-21)
(0.99589 -0.00253616 1.41699e-22)
(0.997488 -0.00241971 -3.04809e-21)
(0.998683 -0.00211117 -5.37476e-21)
(0.999556 -0.00149893 5.6451e-21)
(0.999969 -0.000596802 -3.18382e-21)
(0.859224 -0.042669 -9.49959e-21)
(0.872927 -0.0356592 3.46528e-22)
(0.885543 -0.0315142 -2.85216e-21)
(0.89744 -0.026423 2.67761e-20)
(0.908272 -0.0228441 -8.23358e-21)
(0.918446 -0.0190126 3.10641e-21)
(0.927671 -0.0161346 -1.24165e-20)
(0.936285 -0.0132562 1.74215e-20)
(0.944071 -0.0110542 -9.03772e-21)
(0.951295 -0.00894691 -1.62468e-21)
(0.957798 -0.00736024 9.73874e-21)
(0.963793 -0.00589727 8.72193e-21)
(0.969159 -0.00483494 -7.82396e-21)
(0.974089 -0.00400967 3.39134e-21)
(0.978479 -0.00347733 5.72428e-21)
(0.982443 -0.00304708 4.36063e-21)
(0.985918 -0.0028693 -1.05257e-21)
(0.98902 -0.00276377 -3.65042e-21)
(0.991678 -0.0027958 1.40845e-21)
(0.993997 -0.0027972 -2.37992e-21)
(0.995908 -0.00278535 -3.62943e-21)
(0.997499 -0.00260283 4.4459e-21)
(0.998688 -0.00224109 1.73714e-21)
(0.999558 -0.00157375 1.08273e-21)
(0.999968 -0.000623231 -5.34627e-21)
(0.861045 -0.0499612 -3.11701e-20)
(0.874429 -0.0418129 8.34996e-20)
(0.886765 -0.0370426 -4.99786e-20)
(0.898451 -0.0311406 1.20214e-20)
(0.909085 -0.0270134 -3.98353e-21)
(0.919112 -0.0225773 1.62062e-20)
(0.928203 -0.0192528 -3.30051e-21)
(0.936717 -0.0159166 4.55517e-21)
(0.944413 -0.0133632 5.59818e-22)
(0.951573 -0.0109083 -9.81481e-21)
(0.958018 -0.00905048 1.61122e-21)
(0.963972 -0.0073257 -6.56612e-21)
(0.969295 -0.00608303 4.7666e-21)
(0.974195 -0.00500622 -1.34914e-20)
(0.978564 -0.00433429 -7.39349e-22)
(0.982515 -0.00375907 3.48469e-21)
(0.985975 -0.00346686 -3.50041e-22)
(0.989066 -0.00324953 1.23984e-20)
(0.991713 -0.0031945 3.44414e-22)
(0.994024 -0.00311132 6.22856e-21)
(0.995926 -0.00303333 7.80514e-21)
(0.997511 -0.00278516 6.31356e-21)
(0.998694 -0.00237053 2.90696e-21)
(0.999559 -0.00164837 -5.57116e-21)
(0.999967 -0.000649605 5.89857e-21)
(0.863137 -0.0571753 6.41876e-20)
(0.876152 -0.0479055 -1.06197e-20)
(0.888167 -0.042524 -1.72022e-20)
(0.899608 -0.0358218 2.00979e-20)
(0.910016 -0.0311549 -1.19977e-20)
(0.919874 -0.0261209 1.91988e-20)
(0.92881 -0.0223551 -1.25112e-20)
(0.93721 -0.0185651 -1.00547e-20)
(0.944803 -0.0156634 3.95739e-21)
(0.951888 -0.0128631 -3.85853e-21)
(0.958267 -0.0107357 9.76529e-22)
(0.964173 -0.00874943 4.27187e-21)
(0.969452 -0.00729964 -9.56045e-21)
(0.974317 -0.0059797 5.98028e-21)
(0.978657 -0.00518688 4.75004e-21)
(0.982594 -0.00446748 4.09578e-22)
(0.986037 -0.00406115 -2.71204e-21)
(0.989116 -0.00373274 -1.42175e-20)
(0.991751 -0.00359095 -6.68567e-21)
(0.994053 -0.00342373 -1.1835e-20)
(0.995946 -0.00327996 -1.07716e-21)
(0.997524 -0.00296666 -5.78579e-21)
(0.9987 -0.00249943 1.15401e-20)
(0.999562 -0.00172277 1.02389e-20)
(0.999966 -0.000675914 9.09057e-22)
(0.865497 -0.0642999 2.39856e-20)
(0.878095 -0.0539285 -2.46528e-20)
(0.889746 -0.0479518 8.37099e-21)
(0.90091 -0.0404618 -1.28015e-20)
(0.911063 -0.035265 -7.29955e-21)
(0.92073 -0.0296408 -5.3074e-21)
(0.929491 -0.0254395 3.27236e-21)
(0.937763 -0.0212002 -5.98544e-21)
(0.945239 -0.0179534 3.98486e-21)
(0.952241 -0.0148101 9.60006e-21)
(0.958544 -0.0124148 7.42952e-21)
(0.964398 -0.010168 1.43403e-21)
(0.969633 -0.00850829 -7.77214e-22)
(0.974453 -0.00698574 -2.0052e-21)
(0.978754 -0.00603364 -3.83659e-22)
(0.982681 -0.00517229 1.06157e-20)
(0.986104 -0.00465198 -4.86466e-21)
(0.98917 -0.00421329 1.10765e-20)
(0.991792 -0.00398502 7.37e-21)
(0.994084 -0.00373437 5.64382e-21)
(0.995967 -0.00352514 -3.28541e-21)
(0.997539 -0.00314726 -9.49791e-21)
(0.998706 -0.00262774 5.36628e-22)
(0.999564 -0.00179694 -6.50778e-22)
(0.999966 -0.000702148 -3.90723e-21)
(0.868124 -0.0713235 2.44422e-21)
(0.880254 -0.0598733 1.21287e-20)
(0.891503 -0.0533194 4.51201e-21)
(0.902357 -0.0450557 -1.51821e-20)
(0.912226 -0.03934 4.87095e-22)
(0.92168 -0.0331343 3.43481e-20)
(0.930247 -0.0285042 -1.19289e-20)
(0.938375 -0.0238205 -1.69461e-21)
(0.945722 -0.0202324 9.7213e-22)
(0.95263 -0.0167488 -1.44306e-21)
(0.958849 -0.0140874 -6.47251e-21)
(0.964644 -0.0115817 3.48204e-21)
(0.969826 -0.00971913 -4.4924e-21)
(0.974603 -0.00802006 -9.44224e-22)
(0.978866 -0.00687177 -3.07332e-21)
(0.982773 -0.00587293 2.93762e-21)
(0.986176 -0.00523911 3.84559e-21)
(0.989228 -0.00469104 -1.21159e-20)
(0.991835 -0.00437661 -1.37664e-21)
(0.994118 -0.00404316 4.01884e-21)
(0.99599 -0.00376883 -7.04228e-21)
(0.997554 -0.00332692 -3.09973e-24)
(0.998713 -0.00275543 -1.04019e-20)
(0.999567 -0.00187087 -1.95553e-20)
(0.999965 -0.000728297 -3.56574e-21)
(0.871015 -0.0782349 -3.57809e-20)
(0.88263 -0.0657314 3.99854e-20)
(0.893435 -0.0586202 -3.90846e-20)
(0.903948 -0.0495988 1.92386e-20)
(0.913504 -0.0433764 -2.18478e-20)
(0.922723 -0.0365988 1.35043e-20)
(0.931076 -0.0315473 1.46564e-20)
(0.939046 -0.0264247 -1.75149e-20)
(0.946251 -0.0224994 -1.08927e-20)
(0.953056 -0.0186784 1.20726e-20)
(0.959183 -0.0157531 4.20155e-21)
(0.964913 -0.0129898 -6.75689e-21)
(0.970036 -0.0109248 -3.83234e-21)
(0.97477 -0.0090273 9.48528e-21)
(0.97899 -0.00766359 -6.52287e-21)
(0.982872 -0.00656923 -1.54982e-20)
(0.986254 -0.00582245 1.69825e-21)
(0.989291 -0.00516586 -9.49994e-21)
(0.991882 -0.00476562 4.50504e-21)
(0.994154 -0.00435004 -1.98289e-20)
(0.996013 -0.00401096 1.4212e-20)
(0.99757 -0.0035056 1.67925e-20)
(0.998721 -0.00288246 -6.69385e-21)
(0.99957 -0.00194453 1.46576e-20)
(0.999964 -0.00075435 7.13032e-21)
(0.874166 -0.0850226 2.88391e-20)
(0.885219 -0.071494 2.49117e-20)
(0.895541 -0.0638478 -1.78295e-20)
(0.90568 -0.0540861 3.36242e-20)
(0.914896 -0.0473705 -1.84285e-20)
(0.923858 -0.0400316 7.89401e-21)
(0.931978 -0.0345668 -1.8835e-20)
(0.939776 -0.0290113 2.34332e-20)
(0.946826 -0.0247534 -5.05262e-21)
(0.953519 -0.0205983 8.73033e-21)
(0.959545 -0.0174113 9.28551e-21)
(0.965204 -0.0143921 -1.9755e-20)
(0.970264 -0.0121246 2.01767e-21)
(0.974961 -0.0100288 -2.43216e-20)
(0.979125 -0.00849168 -4.06128e-21)
(0.98297 -0.00726144 6.60087e-21)
(0.986336 -0.00640196 -2.28234e-21)
(0.989357 -0.00563756 4.0796e-21)
(0.991931 -0.00515194 8.61991e-21)
(0.994192 -0.00465494 6.45132e-21)
(0.996039 -0.00425147 -8.21578e-21)
(0.997587 -0.00368326 -9.11842e-21)
(0.998728 -0.00300879 1.20385e-20)
(0.999573 -0.00201791 -2.77992e-21)
(0.999963 -0.000780295 -2.70062e-21)
(0.877575 -0.0916753 7.24119e-20)
(0.888019 -0.0771527 7.68075e-21)
(0.897819 -0.0689956 -3.72756e-20)
(0.907553 -0.0585129 9.78028e-21)
(0.9164 -0.0513188 9.61378e-21)
(0.925084 -0.0434301 -1.33322e-20)
(0.932952 -0.0375609 -1.46617e-20)
(0.940564 -0.031579 5.98393e-21)
(0.947446 -0.0269935 1.5174e-20)
(0.954017 -0.0225079 -1.12116e-20)
(0.959934 -0.0190615 -1.68097e-21)
(0.965517 -0.0157883 -5.03954e-22)
(0.970508 -0.0133197 1.95101e-20)
(0.975159 -0.0110335 1.95567e-20)
(0.97927 -0.00937638 6.43707e-21)
(0.983081 -0.00794388 9.47323e-21)
(0.986424 -0.00697746 -6.44068e-21)
(0.989428 -0.00610589 1.35801e-20)
(0.991984 -0.00553543 -1.76734e-20)
(0.994232 -0.00495776 2.24067e-21)
(0.996065 -0.0044903 1.41345e-20)
(0.997605 -0.00385986 1.44458e-20)
(0.998736 -0.0031344 -1.87365e-20)
(0.999576 -0.002091 2.63715e-21)
(0.999962 -0.000806121 3.41403e-21)
(0.881237 -0.0981816 3.371e-20)
(0.891029 -0.082699 -4.4673e-20)
(0.900268 -0.0740572 -5.81511e-21)
(0.909566 -0.0628744 -8.43979e-21)
(0.918017 -0.0552179 -8.0635e-21)
(0.926401 -0.0467918 -2.62398e-20)
(0.933999 -0.0405278 4.19273e-20)
(0.941409 -0.0341266 -3.49365e-20)
(0.948111 -0.0292187 2.16514e-20)
(0.954552 -0.0244066 5.54197e-21)
(0.960351 -0.0207034 9.69724e-22)
(0.965852 -0.0171784 -1.09752e-20)
(0.970768 -0.0145097 4.01017e-22)
(0.975368 -0.0120344 -1.89358e-20)
(0.979429 -0.0102276 -1.06848e-20)
(0.983203 -0.00861594 -2.61645e-21)
(0.986515 -0.00754747 1.33965e-21)
(0.989503 -0.00657067 -4.18185e-21)
(0.992039 -0.00591598 2.55658e-20)
(0.994275 -0.00525844 -1.84201e-21)
(0.996093 -0.00472738 -1.60873e-20)
(0.997624 -0.00403536 -1.45818e-20)
(0.998745 -0.00325923 4.42471e-21)
(0.99958 -0.00216376 -8.14897e-21)
(0.999961 -0.000831816 -1.60775e-21)
(0.88515 -0.10453 6.91467e-20)
(0.894245 -0.0881244 3.00828e-20)
(0.902886 -0.0790261 -8.50391e-20)
(0.911717 -0.0671659 6.11269e-20)
(0.919744 -0.0590643 -1.30571e-20)
(0.927808 -0.0501141 4.60171e-21)
(0.935116 -0.0434658 1.77925e-20)
(0.942312 -0.0366527 -1.40793e-20)
(0.948821 -0.0314282 -7.39896e-21)
(0.955122 -0.0262937 -9.50229e-22)
(0.960795 -0.0223364 2.17699e-21)
(0.966208 -0.018562 -7.41266e-21)
(0.971044 -0.0156937 2.50918e-20)
(0.975591 -0.0130288 -6.66805e-21)
(0.9796 -0.0110642 2.01136e-21)
(0.983334 -0.00925629 1.78713e-21)
(0.986611 -0.00811235 2.12859e-21)
(0.989581 -0.00703183 4.03464e-21)
(0.992097 -0.00629341 -2.72296e-21)
(0.99432 -0.00555688 -2.47275e-21)
(0.996123 -0.00496265 1.90447e-20)
(0.997644 -0.00420972 1.39874e-20)
(0.998754 -0.00338326 -3.09315e-21)
(0.999584 -0.0022362 4.97663e-21)
(0.99996 -0.000857367 -9.17533e-21)
(0.889307 -0.11071 -4.12738e-20)
(0.897665 -0.0934203 6.12944e-22)
(0.90567 -0.0838958 3.93228e-20)
(0.914005 -0.0713825 2.62387e-20)
(0.921581 -0.0628548 6.79754e-21)
(0.929304 -0.0533945 -2.22522e-20)
(0.936303 -0.0463732 -5.1099e-21)
(0.943271 -0.0391561 1.93309e-20)
(0.949575 -0.033621 -1.48179e-20)
(0.955728 -0.0281687 -2.31754e-20)
(0.961267 -0.0239599 -1.33694e-21)
(0.966586 -0.0199387 1.09715e-20)
(0.971337 -0.0168718 -1.63555e-20)
(0.975827 -0.0140188 1.26467e-20)
(0.979788 -0.0119001 -1.15966e-20)
(0.983474 -0.00994238 4.59776e-21)
(0.986706 -0.00866885 6.75759e-21)
(0.989663 -0.00748874 -2.39225e-20)
(0.992158 -0.00666749 6.27608e-22)
(0.994367 -0.00585297 4.73224e-22)
(0.996154 -0.00519604 -1.46748e-20)
(0.997665 -0.00438289 -1.19608e-20)
(0.998764 -0.00350646 4.77523e-21)
(0.999588 -0.00230827 -1.03132e-21)
(0.999959 -0.000882761 3.46005e-21)
(0.893706 -0.116711 2.24737e-20)
(0.901286 -0.0985783 5.24055e-20)
(0.90862 -0.0886602 -1.98001e-20)
(0.916428 -0.0755194 -2.33099e-20)
(0.923527 -0.0665859 8.98479e-20)
(0.930889 -0.0566304 -5.59957e-20)
(0.937561 -0.0492482 -1.69456e-21)
(0.944287 -0.0416357 1.06654e-21)
(0.950372 -0.0357962 -1.0872e-20)
(0.956368 -0.0300311 1.81685e-20)
(0.961765 -0.0255736 -7.05652e-21)
(0.966985 -0.0213084 9.00289e-21)
(0.971645 -0.0180438 2.18622e-20)
(0.976074 -0.0150045 -2.24826e-20)
(0.97998 -0.0127375 1.70534e-20)
(0.983624 -0.0106684 7.85121e-21)
(0.986815 -0.00919067 5.50004e-21)
(0.989748 -0.00794067 -1.64699e-20)
(0.992222 -0.00703805 -7.96923e-21)
(0.994416 -0.00614658 -5.2957e-21)
(0.996187 -0.00542748 -4.04315e-21)
(0.997688 -0.00455483 -4.61854e-21)
(0.998774 -0.00362877 3.98354e-21)
(0.999593 -0.00237997 5.54912e-21)
(0.999958 -0.000907984 -1.26501e-20)
(0.898342 -0.122521 -4.38298e-20)
(0.905105 -0.10359 -2.09221e-20)
(0.911733 -0.0933128 3.33339e-20)
(0.918986 -0.0795715 -4.2778e-20)
(0.925581 -0.0702545 2.91993e-20)
(0.932561 -0.0598192 2.07479e-20)
(0.938888 -0.0520891 1.3369e-20)
(0.94536 -0.0440903 -5.5885e-21)
(0.951214 -0.0379529 -3.78083e-20)
(0.957044 -0.0318805 1.51679e-20)
(0.962291 -0.0271768 1.22218e-22)
(0.967405 -0.0226708 -1.07538e-20)
(0.97197 -0.0192095 -4.95189e-21)
(0.976334 -0.015985 -1.38879e-21)
(0.980181 -0.013567 1.42613e-20)
(0.983789 -0.0113567 -1.56084e-20)
(0.986931 -0.00972862 -1.63982e-20)
(0.989833 -0.00838834 2.63238e-20)
(0.992288 -0.00740464 1.72491e-20)
(0.994467 -0.00643749 -9.21194e-22)
(0.996221 -0.00565688 5.40587e-21)
(0.997711 -0.00472547 3.05452e-21)
(0.998785 -0.00375017 -7.09714e-21)
(0.999598 -0.00245127 -6.36973e-21)
(0.999957 -0.000933021 3.76482e-20)
(0.903211 -0.12813 1.10606e-20)
(0.909119 -0.108446 3.99003e-20)
(0.915008 -0.0978476 -5.63735e-20)
(0.921676 -0.0835336 1.67861e-20)
(0.927742 -0.0738574 1.81316e-20)
(0.934321 -0.0629586 -2.33241e-20)
(0.940284 -0.0548943 1.44487e-20)
(0.946488 -0.046519 -1.94267e-21)
(0.952099 -0.0400901 1.05285e-21)
(0.957755 -0.0337163 -4.44349e-20)
(0.962844 -0.0287693 1.36989e-20)
(0.967847 -0.0240257 8.3676e-21)
(0.972311 -0.0203684 -7.1028e-21)
(0.976607 -0.0169602 -9.03475e-21)
(0.980392 -0.0143906 -1.95174e-21)
(0.98396 -0.0120432 9.5062e-21)
(0.987054 -0.0103211 1.44568e-20)
(0.989924 -0.00882181 -2.1171e-20)
(0.992357 -0.00776672 1.58422e-21)
(0.994521 -0.00672534 3.95643e-21)
(0.996256 -0.00588412 -7.39615e-21)
(0.997736 -0.00489478 -1.03644e-21)
(0.998796 -0.00387062 4.92876e-21)
(0.999603 -0.00252214 7.3463e-21)
(0.999956 -0.000957858 -2.69196e-20)
(0.908308 -0.133529 -8.92205e-20)
(0.913326 -0.113138 -3.10084e-20)
(0.918443 -0.102258 3.01258e-20)
(0.924499 -0.0874004 -2.08092e-20)
(0.93001 -0.0773912 6.08815e-20)
(0.936169 -0.066046 -7.92359e-20)
(0.941748 -0.0576618 6.43795e-20)
(0.947673 -0.0489208 -5.24216e-20)
(0.953028 -0.042207 2.12284e-20)
(0.958501 -0.0355383 2.96048e-20)
(0.963424 -0.0303504 -3.17912e-20)
(0.968311 -0.0253728 4.29414e-22)
(0.972669 -0.0215204 1.53716e-20)
(0.976892 -0.0179302 1.23491e-20)
(0.980612 -0.0152091 8.94362e-21)
(0.984135 -0.0127284 -2.48788e-21)
(0.987187 -0.010904 -7.95375e-21)
(0.990024 -0.00923487 -1.05804e-20)
(0.992427 -0.00812308 -1.8411e-21)
(0.994576 -0.00700965 2.2976e-20)
(0.996293 -0.00610903 1.85963e-20)
(0.997761 -0.00506267 5.40236e-21)
(0.998808 -0.00399007 -2.96668e-21)
(0.999608 -0.00259256 -1.21032e-20)
(0.999956 -0.000982479 -5.69143e-21)
(0.913631 -0.138707 4.11828e-20)
(0.917722 -0.117656 4.35538e-21)
(0.922038 -0.10654 -7.44739e-20)
(0.927454 -0.0911662 6.61759e-20)
(0.932383 -0.0808527 -5.48074e-20)
(0.938105 -0.0690791 -1.05143e-20)
(0.943282 -0.0603898 7.83413e-20)
(0.948914 -0.0512949 -1.86623e-20)
(0.954001 -0.0443027 1.77767e-20)
(0.959283 -0.0373459 -3.22315e-20)
(0.964032 -0.0319199 3.57956e-21)
(0.968796 -0.0267119 1.03763e-20)
(0.973045 -0.0226653 -3.93669e-21)
(0.97719 -0.0188947 -9.70193e-21)
(0.980842 -0.016022 -4.35328e-21)
(0.984319 -0.0134056 1.07997e-20)
(0.98733 -0.0114671 4.68349e-21)
(0.99013 -0.00969148 -1.14343e-20)
(0.992498 -0.00844844 9.62102e-21)
(0.994633 -0.00729144 -1.8526e-20)
(0.996332 -0.00633143 -1.38824e-20)
(0.997788 -0.00522907 2.32774e-21)
(0.998821 -0.00410849 6.59781e-21)
(0.999614 -0.00266252 4.51555e-21)
(0.999955 -0.00100687 1.00484e-21)
(0.919179 -0.143657 2.65388e-20)
(0.922307 -0.12199 -5.39374e-20)
(0.925791 -0.110686 3.9013e-20)
(0.930542 -0.0948253 -8.07908e-20)
(0.934862 -0.0842382 2.73084e-20)
(0.940129 -0.0720558 3.8317e-20)
(0.944886 -0.0630762 -1.73353e-20)
(0.950213 -0.0536404 6.41091e-21)
(0.95502 -0.0463761 2.95527e-22)
(0.960102 -0.0391389 -1.0431e-21)
(0.964669 -0.0334772 -1.85419e-20)
(0.969304 -0.0280427 2.30036e-20)
(0.973438 -0.0238028 1.02112e-20)
(0.977503 -0.0198537 -6.2967e-21)
(0.981082 -0.0168293 -1.24939e-20)
(0.98451 -0.0140775 8.2056e-21)
(0.987476 -0.0120284 -1.49229e-21)
(0.990246 -0.0101745 5.5673e-21)
(0.992577 -0.00879436 -1.00087e-20)
(0.994689 -0.00756598 7.50955e-21)
(0.996372 -0.00655182 5.26402e-21)
(0.997816 -0.00539379 -1.34548e-20)
(0.998834 -0.00422582 -8.00789e-21)
(0.999621 -0.00273197 3.11059e-21)
(0.999955 -0.001031 8.2708e-21)
(0.924951 -0.148371 -1.39298e-20)
(0.927081 -0.126129 -6.55114e-20)
(0.929704 -0.114691 1.48848e-20)
(0.933764 -0.0983717 1.44769e-20)
(0.937449 -0.0875437 1.49275e-21)
(0.942245 -0.0749741 -3.41449e-20)
(0.946562 -0.065719 3.84267e-20)
(0.951572 -0.0559565 -3.19995e-20)
(0.956087 -0.0484264 2.07668e-20)
(0.960959 -0.0409167 -4.29151e-20)
(0.965337 -0.0350219 4.18285e-20)
(0.969837 -0.029365 1.10767e-20)
(0.97385 -0.0249327 -5.78822e-22)
(0.97783 -0.0208069 -7.72059e-21)
(0.981334 -0.017631 8.12931e-21)
(0.984709 -0.0147441 1.04039e-20)
(0.987628 -0.012582 -8.28961e-21)
(0.990366 -0.0106302 5.11828e-21)
(0.992662 -0.00918275 7.85581e-22)
(0.99475 -0.00781789 -9.10247e-21)
(0.996412 -0.00676665 7.71637e-21)
(0.997845 -0.00555664 -3.41337e-21)
(0.998848 -0.004342 -4.7638e-21)
(0.999628 -0.00280089 -1.07124e-20)
(0.999954 -0.00105487 3.23294e-21)
(0.930953 -0.152845 -1.06378e-22)
(0.932046 -0.130059 2.29501e-20)
(0.933776 -0.118549 -2.64751e-20)
(0.937125 -0.1018 4.22551e-20)
(0.940145 -0.0907646 -8.55482e-20)
(0.944455 -0.0778323 4.64344e-20)
(0.948313 -0.0683158 2.84961e-21)
(0.952994 -0.0582426 2.33591e-20)
(0.957204 -0.0504527 1.20609e-21)
(0.961857 -0.0426792 9.28368e-21)
(0.966038 -0.0365538 -2.63698e-20)
(0.970395 -0.0306786 -7.53661e-21)
(0.974283 -0.0260548 1.89405e-21)
(0.978173 -0.0217543 9.53695e-23)
(0.981598 -0.0184269 -8.03829e-21)
(0.984918 -0.0154055 8.04658e-21)
(0.987786 -0.0131295 -9.64484e-21)
(0.99049 -0.011079 1.74249e-21)
(0.992755 -0.00955696 -6.70028e-21)
(0.994817 -0.00809826 9.69676e-21)
(0.996453 -0.00695346 -2.28578e-21)
(0.997875 -0.00571695 2.3676e-21)
(0.998863 -0.00445697 -2.75676e-22)
(0.999635 -0.00286925 4.55578e-21)
(0.999954 -0.00107846 1.38434e-21)
(0.937195 -0.15708 3.45693e-20)
(0.937209 -0.133763 -4.48732e-20)
(0.938012 -0.122252 2.29777e-20)
(0.94063 -0.105104 -8.24572e-21)
(0.942956 -0.0938958 2.47478e-20)
(0.946764 -0.0806292 2.66654e-20)
(0.950146 -0.0708648 -5.45057e-20)
(0.954482 -0.0604984 1.93687e-20)
(0.958377 -0.0524545 5.83339e-21)
(0.9628 -0.0444261 1.74707e-21)
(0.966775 -0.0380728 -1.41742e-20)
(0.970983 -0.0319834 -9.97829e-21)
(0.97474 -0.0271692 1.91328e-20)
(0.978535 -0.0226956 1.51514e-21)
(0.981877 -0.0192172 -1.09464e-20)
(0.985138 -0.0160618 -9.31875e-21)
(0.987953 -0.0136716 1.0827e-20)
(0.99062 -0.0115221 -2.69111e-21)
(0.99285 -0.00991889 2.17799e-21)
(0.994891 -0.00840607 -9.11172e-22)
(0.996498 -0.00716733 1.40314e-21)
(0.997904 -0.00586633 1.72556e-20)
(0.998878 -0.00457044 5.731e-22)
(0.999642 -0.00293705 2.48051e-21)
(0.999954 -0.00110173 9.48181e-21)
(0.943696 -0.161071 -4.52952e-20)
(0.942585 -0.137216 -7.23691e-21)
(0.942419 -0.125788 1.97075e-20)
(0.944291 -0.108278 2.94409e-20)
(0.94589 -0.0969276 1.6601e-20)
(0.949182 -0.0833602 -4.64739e-20)
(0.952068 -0.0733605 1.85932e-20)
(0.956046 -0.0627201 2.48598e-20)
(0.959612 -0.0544286 -3.34477e-20)
(0.963794 -0.0461546 -1.24111e-20)
(0.967555 -0.0395766 3.5006e-20)
(0.971606 -0.0332774 -4.53402e-20)
(0.975224 -0.0282742 1.836e-20)
(0.978919 -0.0236296 -6.68211e-21)
(0.982172 -0.0200005 2.85544e-21)
(0.985371 -0.0167121 1.00417e-20)
(0.98813 -0.0142078 -8.61849e-21)
(0.990758 -0.0119593 8.55319e-21)
(0.99295 -0.0102721 -1.3041e-20)
(0.994967 -0.00869164 -1.96391e-21)
(0.996549 -0.00741249 1.32104e-21)
(0.997937 -0.00602278 -5.9136e-21)
(0.998893 -0.00468038 4.66032e-21)
(0.99965 -0.00300428 2.64742e-21)
(0.999954 -0.00112465 -9.33559e-21)
(0.950494 -0.164842 -6.12963e-20)
(0.948202 -0.140411 3.19913e-20)
(0.947007 -0.129155 -4.45617e-20)
(0.948123 -0.111319 1.96e-20)
(0.948964 -0.0998518 -1.50582e-20)
(0.951722 -0.0860201 2.74163e-20)
(0.954094 -0.075796 -4.89279e-20)
(0.957698 -0.0649009 5.70747e-20)
(0.960922 -0.0563683 -5.64478e-21)
(0.96485 -0.0478583 -8.1287e-21)
(0.968385 -0.0410596 -1.90724e-20)
(0.972269 -0.0345556 9.96104e-22)
(0.975741 -0.0293656 2.35339e-20)
(0.979329 -0.0245528 -2.90595e-21)
(0.982489 -0.0207742 6.53186e-21)
(0.985621 -0.0173544 -1.03392e-20)
(0.988318 -0.0147366 6.91603e-21)
(0.990905 -0.0123899 8.82691e-21)
(0.993056 -0.0106194 -4.94214e-21)
(0.995047 -0.00896661 2.73949e-21)
(0.996601 -0.00763197 1.10922e-21)
(0.997973 -0.00619225 5.12234e-21)
(0.99891 -0.00479026 -1.94643e-21)
(0.999659 -0.00307038 -1.88305e-22)
(0.999955 -0.00114726 1.57714e-22)
(0.95764 -0.168538 -1.94942e-20)
(0.954109 -0.14339 6.97356e-20)
(0.951805 -0.132371 -2.56285e-20)
(0.952159 -0.114266 3.79374e-20)
(0.952206 -0.102702 -3.69978e-20)
(0.954409 -0.0886469 -1.97006e-21)
(0.956247 -0.0782049 2.37376e-21)
(0.959458 -0.0670711 1.4511e-21)
(0.962323 -0.0583007 1.4478e-20)
(0.965982 -0.0495609 -3.06908e-20)
(0.969279 -0.0425421 4.03968e-20)
(0.972985 -0.0358353 -2.10654e-21)
(0.976299 -0.030458 -2.43862e-21)
(0.979774 -0.0254773 -3.02406e-20)
(0.982831 -0.0215485 3.09153e-20)
(0.985891 -0.0179968 -8.10154e-21)
(0.988522 -0.0152646 2.68462e-21)
(0.991063 -0.0128194 -3.36388e-21)
(0.993171 -0.0109652 1.76497e-21)
(0.995133 -0.00924029 4.29041e-21)
(0.996658 -0.00784475 -3.99894e-21)
(0.998011 -0.00635552 -7.44213e-21)
(0.998929 -0.00490425 2.32783e-21)
(0.999667 -0.0031352 3.12128e-21)
(0.999955 -0.00116962 -2.74329e-21)
(0.965193 -0.172071 -4.06475e-20)
(0.960425 -0.146004 -3.4783e-20)
(0.956865 -0.135266 6.55957e-20)
(0.956444 -0.117096 -1.19873e-20)
(0.955662 -0.105481 3.82935e-20)
(0.957288 -0.091283 -2.90654e-20)
(0.958567 -0.0806424 5.35308e-21)
(0.961362 -0.069298 -3.54059e-20)
(0.963844 -0.0602935 8.23723e-21)
(0.967218 -0.0513288 -1.30826e-20)
(0.970255 -0.0440846 3.58533e-20)
(0.973771 -0.0371705 -8.40231e-21)
(0.976913 -0.0315972 -3.46049e-20)
(0.980263 -0.0264413 4.0666e-21)
(0.983208 -0.0223536 1.29653e-20)
(0.986189 -0.0186634 6.95554e-21)
(0.988747 -0.01581 2.31772e-21)
(0.991238 -0.0132612 8.24946e-21)
(0.993297 -0.0113188 -9.65698e-21)
(0.995227 -0.00951915 4.03817e-21)
(0.996719 -0.00806034 -5.69304e-21)
(0.998053 -0.00651719 3.63468e-21)
(0.998949 -0.00501923 -8.7637e-21)
(0.999677 -0.00320181 -7.01073e-21)
(0.999955 -0.00119163 2.55639e-21)
(0.973265 -0.174051 1.3362e-20)
(0.967319 -0.147467 5.41652e-21)
(0.962257 -0.13715 1.18216e-20)
(0.961026 -0.119217 3.52411e-21)
(0.959396 -0.107616 -5.26526e-20)
(0.960419 -0.0934188 1.98581e-20)
(0.961107 -0.0826678 1.50161e-20)
(0.963464 -0.0712015 -2.73472e-20)
(0.96553 -0.0620229 -7.86991e-21)
(0.968596 -0.052887 -2.91171e-21)
(0.971348 -0.0454561 1.08411e-20)
(0.974655 -0.0383684 1.01094e-20)
(0.977604 -0.0326243 3.10742e-22)
(0.980817 -0.027315 -1.60715e-20)
(0.983635 -0.0230851 3.4798e-20)
(0.986527 -0.0192708 -1.05915e-20)
(0.989001 -0.0163075 -5.79052e-21)
(0.991435 -0.013665 -6.29565e-21)
(0.993439 -0.0116424 3.56278e-21)
(0.995333 -0.00977517 3.8742e-21)
(0.996788 -0.00825932 8.7044e-22)
(0.9981 -0.00666665 -3.3246e-21)
(0.998973 -0.00512589 1.65754e-21)
(0.999688 -0.00326665 3.20841e-21)
(0.999956 -0.00121278 -4.25192e-22)
(0.980772 -0.176752 0)
(0.974174 -0.148858 0)
(0.967707 -0.138919 0)
(0.965807 -0.120441 0)
(0.963401 -0.108763 0)
(0.963869 -0.0943377 0)
(0.96396 -0.0835047 0)
(0.965884 -0.0719135 0)
(0.967502 -0.062666 0)
(0.970242 -0.0534515 0)
(0.972669 -0.0459661 0)
(0.975742 -0.0388227 0)
(0.978465 -0.0330342 0)
(0.981515 -0.027681 0)
(0.984178 -0.0234134 0)
(0.986961 -0.0195617 0)
(0.989331 -0.0165656 0)
(0.991692 -0.0138907 0)
(0.993625 -0.0118395 0)
(0.995471 -0.00994367 0)
(0.996879 -0.00840208 0)
(0.99816 -0.0067818 0)
(0.999004 -0.00521426 0)
(0.999703 -0.00332359 0)
(0.999956 -0.0012335 0)
(0.987349 -0.169961 0)
(0.981263 -0.145821 0)
(0.973967 -0.137116 0)
(0.971226 -0.119075 0)
(0.968118 -0.108197 0)
(0.967897 -0.0939996 0)
(0.967389 -0.0835781 0)
(0.968785 -0.0721291 0)
(0.96992 -0.0630839 0)
(0.972264 -0.0539345 0)
(0.974325 -0.0465282 0)
(0.977109 -0.0393902 0)
(0.979565 -0.0336096 0)
(0.98241 -0.028224 0)
(0.984883 -0.0239261 0)
(0.987525 -0.0200227 0)
(0.989763 -0.0169793 0)
(0.992028 -0.0142461 0)
(0.99387 -0.0121431 0)
(0.995651 -0.0101901 0)
(0.996999 -0.00859919 0)
(0.998238 -0.00692796 0)
(0.999043 -0.00531728 0)
(0.99972 -0.00338317 0)
(0.999957 -0.00125438 0)
(0.999105 -0.174625 -3.94498e-21)
(0.992064 -0.175119 6.71564e-20)
(0.996571 -0.169006 -4.15133e-20)
)
;

boundaryField
{
    inlet
    {
        type            uniformFixedValue;
        uniformValue    constant (1 0 0);
        value           uniform (1 0 0);
    }
    outlet
    {
        type            pressureInletOutletVelocity;
        value           nonuniform 0();
    }
    cylinder
    {
        type            fixedValue;
        value           uniform (0 0 0);
    }
    top
    {
        type            symmetryPlane;
    }
    bottom
    {
        type            symmetryPlane;
    }
    defaultFaces
    {
        type            empty;
    }
    procBoundary4to0
    {
        type            processor;
        value           nonuniform List<vector> 
56
(
(1.00567 -0.174795 -8.23127e-20)
(1.01387 -0.190318 1.33272e-20)
(1.01236 -0.175099 7.87436e-20)
(1.01387 -0.190318 1.33272e-20)
(1.02152 -0.190934 -4.1157e-20)
(1.02915 -0.19123 9.67144e-20)
(1.03708 -0.204505 2.96358e-20)
(1.03708 -0.204505 2.96358e-20)
(1.04537 -0.204181 -1.94648e-20)
(1.05526 -0.217085 3.26645e-21)
(1.05526 -0.217085 3.26645e-21)
(1.06396 -0.216033 -1.64062e-21)
(1.07255 -0.214657 2.01147e-20)
(1.08407 -0.227791 4.18809e-20)
(1.08407 -0.227791 4.18809e-20)
(1.09299 -0.225588 -4.51968e-20)
(1.10176 -0.223064 -5.24467e-20)
(1.11037 -0.220227 7.83399e-20)
(1.12449 -0.231739 -5.8089e-20)
(1.12449 -0.231739 -5.8089e-20)
(1.13327 -0.227985 3.25497e-20)
(1.14186 -0.223934 -1.15873e-20)
(1.15023 -0.219598 -5.63665e-20)
(1.15839 -0.214988 -3.01646e-21)
(1.16632 -0.210116 -3.42656e-20)
(1.18313 -0.218209 4.21998e-20)
(1.18313 -0.218209 4.21998e-20)
(0.993387 -0.162665 0)
(0.9874 -0.141873 0)
(0.979839 -0.134326 0)
(0.976439 -0.117262 0)
(0.972804 -0.107302 0)
(0.971932 -0.0935182 0)
(0.970914 -0.0836197 0)
(0.971779 -0.0723799 0)
(0.97247 -0.0635878 0)
(0.974404 -0.0545205 0)
(0.976108 -0.0472065 0)
(0.978585 -0.0400693 0)
(0.980769 -0.0342919 0)
(0.983391 -0.0288615 0)
(0.985666 -0.0245223 0)
(0.988149 -0.0205532 0)
(0.990246 -0.0174509 0)
(0.992402 -0.0146471 0)
(0.994146 -0.0124821 0)
(0.995852 -0.0104621 0)
(0.997133 -0.00881401 0)
(0.998324 -0.00708471 0)
(0.999088 -0.00542584 0)
(0.999737 -0.00344434 0)
(0.999957 -0.00127545 0)
(1.00567 -0.174795 -8.23127e-20)
(1.00392 -0.168791 -3.02764e-20)
(1.00392 -0.168791 -3.02764e-20)
(1.00142 -0.162961 7.23405e-20)
)
;
    }
    procBoundary4to5
    {
        type            processor;
        value           nonuniform List<vector> 
28
(
(0.216821 -0.0961572 2.38128e-19)
(0.565159 -0.2608 -1.95229e-19)
(0.565159 -0.2608 -1.95229e-19)
(0.833155 -0.373597 -8.17104e-20)
(0.833155 -0.373597 -8.17104e-20)
(1.02967 -0.443196 8.30452e-20)
(1.15838 -0.499045 1.72493e-19)
(1.15838 -0.499045 1.72493e-19)
(1.2391 -0.502919 -1.60747e-19)
(1.2391 -0.502919 -1.60747e-19)
(1.28393 -0.488011 -1.22319e-19)
(1.29248 -0.478302 8.49901e-20)
(1.29248 -0.478302 8.49901e-20)
(1.29941 -0.446032 -1.34393e-19)
(1.28569 -0.425276 2.77973e-19)
(1.28569 -0.425276 2.77973e-19)
(1.28252 -0.391784 1.52361e-19)
(1.26555 -0.370655 -2.77471e-19)
(1.26555 -0.370655 -2.77471e-19)
(1.26116 -0.340488 -1.21315e-19)
(1.24562 -0.321471 6.5866e-20)
(1.23128 -0.303223 -2.47562e-20)
(1.23128 -0.303223 -2.47562e-20)
(1.22797 -0.278165 8.6322e-20)
(1.21535 -0.2621 3.7877e-20)
(1.20372 -0.246758 1.50875e-19)
(1.20372 -0.246758 1.50875e-19)
(1.20127 -0.225908 -2.83371e-20)
)
;
    }
    procBoundary4to8
    {
        type            processor;
        value           nonuniform List<vector> 
51
(
(0.00698216 0.0109869 -1.66697e-20)
(0.0368374 0.0250707 -3.4637e-20)
(0.0893774 0.0324803 1.28491e-20)
(0.148443 0.0352107 5.74608e-20)
(0.208339 0.0349759 -2.42425e-20)
(0.266136 0.0331769 3.56551e-20)
(0.319505 -0.000802563 -7.43156e-21)
(0.319505 -0.000802563 -7.43156e-21)
(0.37014 -0.000975977 -1.2532e-20)
(0.417099 -0.00110799 -4.81972e-21)
(0.460624 -0.0011787 -4.49797e-21)
(0.500974 -0.00118797 -1.5763e-20)
(0.538391 -0.00114241 -1.98679e-20)
(0.573101 -0.00104952 1.65883e-21)
(0.605311 -0.000916259 1.35026e-20)
(0.635211 -0.000748891 -1.01272e-21)
(0.662974 -0.000553028 1.99931e-20)
(0.688761 -0.00033371 -1.70547e-20)
(0.71272 -9.54673e-05 -1.77587e-20)
(0.734987 0.000157632 1.01598e-20)
(0.755684 0.000421964 -2.56294e-20)
(0.774928 0.000694154 -4.09206e-22)
(0.792824 0.00097069 1.76259e-22)
(0.809472 0.00124872 4.72714e-21)
(0.824968 0.00152879 -7.11526e-21)
(0.839384 0.00181047 -1.16363e-20)
(0.854058 0.00209681 3.03328e-21)
(0.868592 0.002065 -1.56153e-21)
(0.88202 0.00227327 -5.43089e-22)
(0.894483 0.00236402 2.70254e-22)
(0.905885 0.00253596 -3.28164e-22)
(0.916462 0.00265246 9.73869e-22)
(0.92608 0.00277816 -1.98446e-21)
(0.934975 0.00285516 8.27222e-22)
(0.943026 0.00290443 -1.6788e-21)
(0.950436 0.00289265 1.53141e-21)
(0.957115 0.00282447 5.02535e-22)
(0.963235 0.00267988 5.99294e-22)
(0.968721 0.00245596 -1.0599e-21)
(0.973717 0.00214982 8.0036e-22)
(0.978158 0.00176587 3.66664e-22)
(0.982169 0.00130287 -1.58781e-23)
(0.985697 0.000781378 -5.61584e-22)
(0.988839 0.000196766 -2.73426e-22)
(0.991531 -0.000363665 -1.52803e-22)
(0.993882 -0.000882686 -3.0533e-23)
(0.995824 -0.00127406 3.11912e-22)
(0.997445 -0.00149367 8.11485e-22)
(0.998661 -0.00145518 4.14284e-22)
(0.99955 -0.00112231 2.64561e-22)
(0.999971 -0.000464165 -8.42496e-22)
)
;
    }
}


// ************************************************************************* //
