/*--------------------------------*- C++ -*----------------------------------*\
  =========                 |
  \\      /  F ield         | OpenFOAM: The Open Source CFD Toolbox
   \\    /   O peration     | Website:  https://openfoam.org
    \\  /    A nd           | Version:  7
     \\/     M anipulation  |
\*---------------------------------------------------------------------------*/
FoamFile
{
    version     2.0;
    format      ascii;
    class       volVectorField;
    location    "140";
    object      U;
}
// * * * * * * * * * * * * * * * * * * * * * * * * * * * * * * * * * * * * * //

dimensions      [0 1 -1 0 0 0 0];

internalField   nonuniform List<vector> 
1989
(
(1.14353 0.155659 -3.58052e-20)
(1.16025 0.190969 1.04301e-19)
(1.15261 0.179642 -2.15293e-20)
(1.14525 0.169002 -1.13035e-20)
(1.13778 0.159518 5.23121e-20)
(1.16111 0.207763 -1.01065e-20)
(1.15336 0.195559 -3.67891e-20)
(1.14609 0.183874 -6.91876e-21)
(1.13905 0.172964 1.22711e-20)
(1.1319 0.163183 -3.28717e-20)
(1.1536 0.212506 2.1899e-21)
(1.14625 0.199926 -5.71934e-20)
(1.13938 0.187895 2.8171e-20)
(1.13269 0.176725 1.65089e-20)
(1.12585 0.166644 2.45769e-20)
(1.14586 0.217006 -1.91311e-20)
(1.13894 0.204059 6.89483e-20)
(1.13249 0.191694 3.04853e-20)
(1.12615 0.180274 -1.30998e-19)
(1.11965 0.169896 -6.61104e-21)
(1.1379 0.221252 1.81618e-20)
(1.13143 0.207949 -1.79392e-20)
(1.1254 0.195264 1.27098e-20)
(1.11945 0.183604 4.97486e-20)
(1.11331 0.172932 -1.19673e-20)
(1.12972 0.225232 -4.27611e-20)
(1.12371 0.211585 2.03518e-20)
(1.11815 0.198592 2.78922e-20)
(1.11259 0.186707 1.97216e-20)
(1.10683 0.175747 -1.89824e-20)
(1.11581 0.214956 3.11051e-20)
(1.11072 0.201671 -1.00087e-19)
(1.10558 0.189573 -4.50387e-21)
(1.10021 0.178334 -4.53411e-21)
(1.10772 0.218051 -4.47776e-20)
(1.10313 0.204492 2.89549e-20)
(1.09842 0.192195 2.72933e-20)
(1.09348 0.180687 3.94184e-21)
(1.09946 0.220861 5.73981e-20)
(1.09538 0.207044 6.97449e-21)
(1.09113 0.194564 -3.73939e-20)
(1.08663 0.182801 4.1829e-20)
(1.09103 0.223376 -5.06751e-20)
(1.08748 0.20932 4.96164e-20)
(1.0837 0.196672 -1.12267e-20)
(1.07968 0.18467 4.02005e-21)
(1.07944 0.211311 -1.55279e-20)
(1.07616 0.198512 3.33513e-21)
(1.07263 0.186289 -1.2575e-20)
(1.07126 0.213008 2.43741e-20)
(1.0685 0.200074 1.32597e-20)
(1.0655 0.187654 -1.28424e-21)
(1.06297 0.214405 -3.22603e-21)
(1.06073 0.201352 3.59281e-21)
(1.0583 0.188758 -8.09184e-22)
(1.05286 0.202338 3.89763e-21)
(1.05102 0.189599 1.74936e-21)
(1.0449 0.203023 -8.66259e-21)
(1.04369 0.190171 1.13542e-20)
(1.03686 0.203401 -1.70311e-20)
(1.03632 0.190472 3.89929e-20)
(1.0289 0.190499 -6.80462e-20)
(1.02146 0.190251 1.05511e-19)
(1.01401 0.189715 -9.42876e-20)
(1.13824 0.146112 -1.8918e-20)
(1.13446 0.140255 9.92385e-21)
(1.13116 0.134481 1.93218e-20)
(1.12824 0.128884 -2.42145e-20)
(1.1254 0.123495 6.3329e-22)
(1.12264 0.118289 1.51319e-20)
(1.11993 0.113252 5.09396e-21)
(1.11728 0.108372 -1.8636e-20)
(1.11467 0.103645 1.03616e-20)
(1.1121 0.0990643 3.77571e-21)
(1.10959 0.0946275 -3.8074e-21)
(1.10713 0.0903264 -3.48239e-21)
(1.10473 0.0861496 -1.31071e-22)
(1.10237 0.0820947 -3.14275e-21)
(1.10007 0.0781614 6.0166e-21)
(1.09782 0.074343 1.27413e-21)
(1.09562 0.0706323 -2.90344e-21)
(1.09349 0.067023 -1.47556e-21)
(1.09141 0.0635092 2.53546e-21)
(1.08939 0.0600848 -2.52403e-21)
(1.13289 0.149397 -6.42274e-21)
(1.12944 0.143375 2.68388e-20)
(1.12651 0.137446 -4.78597e-21)
(1.12388 0.131688 -1.80709e-20)
(1.12135 0.126147 1.411e-20)
(1.11887 0.120788 -4.53826e-21)
(1.11641 0.115598 -2.49374e-21)
(1.11399 0.110571 -5.74349e-21)
(1.1116 0.105702 1.14825e-21)
(1.10924 0.100985 6.69593e-21)
(1.10692 0.0964161 -4.85345e-21)
(1.10464 0.0919878 1.73867e-21)
(1.10239 0.087693 4.31561e-21)
(1.10019 0.0835275 -2.63391e-21)
(1.09802 0.0794873 4.75125e-21)
(1.0959 0.075567 -3.50084e-21)
(1.09383 0.0717603 3.02543e-21)
(1.0918 0.0680608 3.15263e-22)
(1.08983 0.0644623 -6.33697e-22)
(1.0879 0.0609586 -2.9218e-21)
(1.08603 0.0575438 2.96045e-21)
(1.0842 0.0542119 -1.17706e-21)
(1.08243 0.0509571 2.77896e-22)
(1.08071 0.0477737 7.12543e-22)
(1.07905 0.0446563 -9.00215e-22)
(1.07744 0.0415993 1.90364e-22)
(1.0759 0.0385964 -2.58422e-23)
(1.07441 0.035642 -2.23577e-23)
(1.07299 0.0327315 3.82992e-23)
(1.07164 0.0298591 -3.12821e-25)
(1.07036 0.0270185 -3.02634e-23)
(1.06916 0.0242033 1.26626e-22)
(1.06805 0.0214061 5.65902e-23)
(1.06703 0.0186192 -1.25145e-22)
(1.06613 0.0158335 -3.52229e-23)
(1.06533 0.0130385 2.30345e-22)
(1.06467 0.0102241 4.30743e-22)
(1.06416 0.00736885 -8.81822e-23)
(1.0638 0.00448051 -7.34845e-22)
(1.06363 0.00147429 7.98634e-23)
(1.12741 0.152506 3.89391e-20)
(1.12429 0.146334 -1.88392e-20)
(1.12173 0.140263 -8.77905e-21)
(1.11943 0.134363 2.14017e-20)
(1.1172 0.128685 -5.82496e-21)
(1.115 0.123185 -3.17663e-22)
(1.1128 0.117855 9.20899e-21)
(1.11062 0.112692 -6.99639e-21)
(1.10846 0.10769 1.09265e-20)
(1.10631 0.102845 3.45145e-22)
(1.10419 0.098152 -1.19093e-20)
(1.10208 0.093605 4.9277e-21)
(1.10001 0.0891976 -6.67532e-21)
(1.09796 0.0849251 2.44594e-21)
(1.09594 0.0807826 -2.06992e-21)
(1.09395 0.076765 2.20686e-21)
(1.092 0.072866 -4.11958e-21)
(1.09009 0.0690794 1.52314e-21)
(1.08822 0.065399 2.08182e-21)
(1.08639 0.0618184 -1.0898e-21)
(1.0846 0.0583316 -3.96077e-22)
(1.08286 0.0549323 5.30817e-22)
(1.08116 0.0516147 7.93983e-22)
(1.07951 0.0483727 -1.00138e-22)
(1.07792 0.0452006 -6.26622e-22)
(1.07637 0.0420925 -2.08025e-23)
(1.07487 0.0390422 2.18758e-23)
(1.07344 0.0360439 -1.99977e-22)
(1.07206 0.0330921 -9.8957e-25)
(1.07075 0.030181 3.60385e-24)
(1.06951 0.027304 2.95576e-23)
(1.06834 0.0244543 3.72569e-22)
(1.06726 0.0216244 2.40273e-22)
(1.06628 0.0188062 1.65701e-22)
(1.06539 0.0159905 3.57904e-23)
(1.06462 0.0131663 -3.92947e-22)
(1.06398 0.0103231 -5.13894e-22)
(1.06348 0.00743984 -6.18292e-22)
(1.06313 0.0045226 8.36995e-22)
(1.06296 0.00148757 9.59402e-23)
(1.12179 0.155432 7.3834e-21)
(1.11901 0.149133 -1.25905e-20)
(1.11683 0.142939 2.96281e-20)
(1.11487 0.136913 -3.75133e-21)
(1.11295 0.131106 -3.44395e-20)
(1.11103 0.125477 1.21181e-20)
(1.1091 0.12002 1.56858e-20)
(1.10717 0.114731 4.83464e-21)
(1.10524 0.109607 -1.84545e-20)
(1.10331 0.104642 1.72913e-20)
(1.10139 0.0998337 -1.15529e-20)
(1.09948 0.0951751 1.66473e-21)
(1.09757 0.0906611 2.49344e-21)
(1.09568 0.0862867 -9.65629e-22)
(1.09382 0.0820468 -2.47662e-21)
(1.09197 0.0779361 5.58568e-21)
(1.09015 0.0739486 -4.52415e-21)
(1.08835 0.0700782 1.17408e-21)
(1.08659 0.0663186 -8.78562e-23)
(1.08486 0.0626635 7.70281e-22)
(1.08316 0.0591067 5.27608e-22)
(1.0815 0.0556419 -6.87911e-22)
(1.07988 0.0522629 1.09383e-21)
(1.07831 0.0489636 -7.31991e-22)
(1.07677 0.0457379 -2.3687e-22)
(1.07528 0.0425798 3.24867e-22)
(1.07384 0.039483 -2.7788e-24)
(1.07246 0.0364412 -3.93197e-23)
(1.07112 0.0334488 -3.15218e-23)
(1.06985 0.0304994 1.44091e-22)
(1.06865 0.0275864 -1.74879e-22)
(1.06752 0.0247027 -1.82715e-22)
(1.06647 0.0218405 4.8675e-23)
(1.06551 0.0189914 -9.83283e-23)
(1.06465 0.0161458 5.06387e-22)
(1.0639 0.0132928 -1.2574e-22)
(1.06328 0.0104212 1.59786e-22)
(1.06279 0.0075102 -2.9469e-22)
(1.06245 0.00456427 -6.91861e-22)
(1.06229 0.00150096 -2.786e-22)
(1.11604 0.158173 2.15752e-20)
(1.11362 0.15177 -2.11432e-20)
(1.11182 0.145467 -9.15484e-21)
(1.1102 0.13933 1.77845e-20)
(1.1086 0.133408 2.99634e-21)
(1.10697 0.127663 -7.40666e-21)
(1.10532 0.122091 4.4277e-21)
(1.10365 0.116687 -2.86526e-21)
(1.10196 0.11145 -1.46134e-20)
(1.10025 0.106376 1.69184e-20)
(1.09854 0.10146 -1.24253e-20)
(1.09681 0.0966967 9.38055e-21)
(1.09509 0.0920822 -4.33832e-21)
(1.09337 0.0876113 -3.60824e-21)
(1.09165 0.0832788 5.62693e-22)
(1.08995 0.0790793 9.07593e-21)
(1.08826 0.0750071 -4.81564e-21)
(1.08658 0.0710562 5.04731e-21)
(1.08493 0.0672204 -5.77581e-21)
(1.0833 0.0634933 2.03638e-21)
(1.0817 0.0598687 9.07673e-23)
(1.08013 0.0563402 -5.62274e-22)
(1.07859 0.0529014 5.80388e-22)
(1.07708 0.0495461 3.38977e-22)
(1.07562 0.046268 -6.41535e-23)
(1.07419 0.0430609 1.07222e-22)
(1.07281 0.0399183 4.89038e-24)
(1.07147 0.0368338 -2.94597e-23)
(1.07018 0.0338013 -6.87067e-23)
(1.06896 0.0308142 7.6523e-23)
(1.06779 0.0278657 1.71711e-22)
(1.0667 0.0249484 -2.7554e-22)
(1.06568 0.0220543 -6.44453e-22)
(1.06474 0.0191746 6.37787e-23)
(1.06391 0.0162996 -1.78308e-22)
(1.06318 0.0134181 -1.03431e-22)
(1.06257 0.0105183 -5.32052e-23)
(1.0621 0.00757993 6.39364e-22)
(1.06177 0.00460554 7.58634e-22)
(1.06162 0.00151448 2.28349e-22)
(1.11016 0.160723 3.13081e-20)
(1.10812 0.154239 9.33319e-21)
(1.10671 0.147843 -2.02548e-20)
(1.10544 0.141611 -4.53241e-22)
(1.10415 0.135588 -1.4641e-21)
(1.10282 0.129741 1.82125e-20)
(1.10145 0.124065 -9.99349e-21)
(1.10004 0.118559 -4.92018e-21)
(1.0986 0.113219 -8.26765e-22)
(1.09712 0.108044 -1.82662e-22)
(1.09562 0.103028 8.80525e-21)
(1.0941 0.0981681 -1.26384e-20)
(1.09256 0.0934596 5.66806e-21)
(1.09101 0.0888978 -5.85126e-21)
(1.08945 0.0844776 1.08165e-21)
(1.0879 0.0801938 -1.41618e-21)
(1.08634 0.0760409 5.21918e-21)
(1.08479 0.0720129 -2.57565e-22)
(1.08325 0.0681038 -1.85604e-22)
(1.08173 0.0643073 -2.34132e-21)
(1.08023 0.060617 7.32538e-22)
(1.07874 0.0570266 1.17805e-21)
(1.07728 0.0535297 -1.67633e-21)
(1.07585 0.0501198 4.61705e-22)
(1.07445 0.0467905 -2.66102e-22)
(1.07309 0.0435354 -2.47957e-23)
(1.07176 0.0403479 6.72296e-23)
(1.07048 0.0372214 7.53671e-23)
(1.06924 0.0341494 -2.35654e-22)
(1.06805 0.0311253 -2.59435e-22)
(1.06693 0.0281418 -2.87874e-22)
(1.06587 0.0251913 -1.52882e-22)
(1.06488 0.0222656 8.17524e-22)
(1.06397 0.0193558 -1.87324e-22)
(1.06316 0.0164517 4.33606e-22)
(1.06245 0.013542 8.32242e-22)
(1.06186 0.0106144 -1.78534e-23)
(1.0614 0.00764899 -2.59638e-22)
(1.06108 0.00464639 4.82073e-22)
(1.06094 0.00152815 -1.85253e-22)
(1.10416 0.163078 -1.41394e-20)
(1.1025 0.156538 -1.9666e-21)
(1.10149 0.150065 1.94766e-20)
(1.10057 0.143754 5.28165e-21)
(1.09961 0.137645 -1.74319e-20)
(1.09858 0.131708 -4.7692e-21)
(1.0975 0.125941 1.21595e-20)
(1.09636 0.120343 -5.05855e-21)
(1.09517 0.114911 7.14104e-21)
(1.09393 0.109644 -1.19846e-20)
(1.09265 0.104537 1.22551e-20)
(1.09133 0.099588 -3.7275e-21)
(1.08999 0.094792 -1.46755e-21)
(1.08861 0.090145 3.07346e-21)
(1.08722 0.0856422 -6.33252e-21)
(1.08581 0.0812786 3.91066e-21)
(1.08439 0.0770489 -2.4371e-21)
(1.08297 0.0729474 4.64673e-21)
(1.08155 0.068968 -4.15653e-21)
(1.08014 0.0651047 1.8114e-22)
(1.07873 0.0613511 2.1974e-21)
(1.07734 0.0577008 -1.57733e-21)
(1.07597 0.0541474 4.58896e-22)
(1.07461 0.0506844 5.23966e-22)
(1.07328 0.0473051 -1.93706e-23)
(1.07198 0.0440031 -7.89593e-23)
(1.07071 0.0407715 4.19073e-23)
(1.06948 0.0376038 -1.94599e-22)
(1.06829 0.0344931 -9.19411e-23)
(1.06714 0.0314324 1.36111e-23)
(1.06606 0.0284144 2.09236e-22)
(1.06503 0.0254312 -2.59679e-22)
(1.06408 0.0224745 -3.36037e-22)
(1.0632 0.0195349 -3.15103e-22)
(1.06241 0.0166021 -2.54649e-22)
(1.06172 0.0136645 4.01241e-22)
(1.06115 0.0107095 3.43543e-22)
(1.0607 0.00771735 2.54361e-22)
(1.06039 0.00468681 4.50792e-22)
(1.06026 0.00154196 -1.57889e-22)
(1.09805 0.165233 2.47738e-20)
(1.09679 0.158663 -2.0335e-20)
(1.09617 0.152129 2.80418e-20)
(1.09561 0.145756 -1.72929e-20)
(1.09498 0.139574 -9.38175e-22)
(1.09427 0.133562 -6.85274e-21)
(1.09348 0.127717 2.10416e-20)
(1.09261 0.122038 -1.02001e-21)
(1.09168 0.116525 -3.45049e-21)
(1.09068 0.111175 -5.8188e-21)
(1.08963 0.105986 6.66146e-22)
(1.08852 0.100955 6.81153e-21)
(1.08737 0.0960781 -6.36402e-21)
(1.08617 0.0913518 3.13602e-21)
(1.08495 0.0867716 -1.87626e-21)
(1.08369 0.0823329 2.75691e-21)
(1.08242 0.0780305 -5.93701e-21)
(1.08113 0.0738589 2.14024e-21)
(1.07983 0.0698125 3.55111e-22)
(1.07853 0.065885 9.29146e-22)
(1.07723 0.0620704 9.4141e-23)
(1.07593 0.0583623 -6.51366e-22)
(1.07464 0.0547541 7.61819e-22)
(1.07336 0.0512394 -3.87369e-22)
(1.0721 0.0478114 9.88814e-23)
(1.07086 0.0444636 -1.43602e-22)
(1.06965 0.041189 8.03056e-23)
(1.06847 0.0379808 8.35965e-23)
(1.06733 0.034832 -7.71579e-22)
(1.06623 0.0317354 3.20908e-22)
(1.06518 0.0286835 -2.30124e-23)
(1.06419 0.0256681 9.19181e-22)
(1.06327 0.0226807 -3.21138e-22)
(1.06242 0.0197118 -4.43056e-22)
(1.06166 0.0167507 4.54566e-22)
(1.06099 0.0137856 -2.2931e-22)
(1.06043 0.0108035 -1.41973e-21)
(1.06 0.00778498 -4.14869e-22)
(1.0597 0.0047268 -2.27826e-21)
(1.05957 0.0015559 -6.87598e-22)
(1.09184 0.167185 -2.58438e-20)
(1.09097 0.16061 2.14476e-20)
(1.09077 0.154031 -6.07782e-21)
(1.09056 0.147613 -4.55967e-21)
(1.09026 0.141375 9.46593e-21)
(1.08987 0.135301 -5.58471e-21)
(1.08937 0.12939 -2.32869e-21)
(1.08879 0.123643 -2.11596e-21)
(1.08812 0.118058 8.29598e-21)
(1.08737 0.112635 -3.1944e-21)
(1.08655 0.107373 9.10247e-23)
(1.08565 0.102267 4.82602e-21)
(1.0847 0.0973166 -7.49137e-21)
(1.08369 0.092517 5.17678e-21)
(1.08264 0.0878649 -9.94618e-22)
(1.08155 0.0833557 4.03858e-22)
(1.08042 0.0789848 -3.52518e-21)
(1.07926 0.0747469 2.05554e-21)
(1.07809 0.0706365 -1.87576e-21)
(1.0769 0.0666477 -1.0537e-21)
(1.0757 0.0627745 -1.0139e-22)
(1.0745 0.0590105 3.00076e-22)
(1.07329 0.0553494 3.24597e-22)
(1.0721 0.0517845 3.34885e-24)
(1.07091 0.0483092 1.81004e-22)
(1.06974 0.0449167 6.91851e-23)
(1.06859 0.0416 -9.21216e-23)
(1.06746 0.0383521 2.46612e-22)
(1.06637 0.035166 -8.57348e-23)
(1.06532 0.0320341 2.02534e-22)
(1.06431 0.0289488 -9.17219e-22)
(1.06335 0.0259018 1.09695e-21)
(1.06246 0.0228842 -2.41008e-22)
(1.06164 0.0198863 1.68638e-22)
(1.0609 0.0168974 -2.49633e-22)
(1.06025 0.0139052 -6.90983e-22)
(1.05971 0.0108964 5.84604e-22)
(1.05929 0.00785185 5.47425e-23)
(1.059 0.00476635 1.38941e-21)
(1.05888 0.00156999 7.44926e-22)
(1.08553 0.16893 -1.38766e-20)
(1.08507 0.162375 -1.30894e-20)
(1.08527 0.155769 2.04572e-20)
(1.08542 0.149323 -1.35183e-20)
(1.08546 0.143043 -6.17116e-21)
(1.08539 0.136922 2.08311e-20)
(1.0852 0.130958 -6.11294e-21)
(1.0849 0.125154 -8.88479e-21)
(1.0845 0.11951 4.66075e-21)
(1.08401 0.114024 2.89438e-21)
(1.08342 0.108696 -5.6155e-21)
(1.08274 0.103524 3.91433e-21)
(1.08199 0.0985063 1.13776e-21)
(1.08118 0.0936397 -2.16837e-21)
(1.0803 0.088921 1.13763e-21)
(1.07937 0.0843462 1.59219e-21)
(1.07839 0.079911 -5.28366e-22)
(1.07738 0.0756105 -2.45957e-21)
(1.07633 0.0714394 1.42939e-21)
(1.07525 0.0673921 1.15874e-22)
(1.07416 0.0634628 4.98553e-22)
(1.07306 0.0596452 -3.92286e-22)
(1.07194 0.0559329 3.07287e-22)
(1.07083 0.0523194 -2.75885e-22)
(1.06971 0.0487981 2.30061e-23)
(1.06861 0.0453621 3.40963e-22)
(1.06752 0.0420043 -6.47099e-22)
(1.06645 0.0387177 2.55789e-22)
(1.06541 0.0354949 3.08757e-22)
(1.0644 0.0323285 -7.14249e-23)
(1.06343 0.0292104 1.74805e-23)
(1.06251 0.0261322 8.14459e-22)
(1.06165 0.0230849 5.93196e-22)
(1.06086 0.0200586 -9.84157e-22)
(1.06014 0.0170421 2.74401e-22)
(1.05951 0.0140232 -1.14321e-22)
(1.05899 0.0109881 -1.08063e-21)
(1.05858 0.00791791 5.5412e-22)
(1.0583 0.00480544 -2.77699e-22)
(1.05819 0.00158419 -2.11618e-22)
(1.07913 0.170465 5.74143e-21)
(1.07909 0.163957 3.51308e-21)
(1.07969 0.157339 6.11063e-21)
(1.0802 0.150882 -2.18909e-20)
(1.08059 0.144577 -2.94814e-21)
(1.08084 0.138423 1.53169e-20)
(1.08096 0.13242 7.58993e-21)
(1.08095 0.126571 -7.31728e-21)
(1.08082 0.120877 7.72489e-21)
(1.08058 0.115338 -9.02606e-21)
(1.08024 0.109954 6.14991e-21)
(1.07979 0.104724 -2.11631e-21)
(1.07925 0.099646 -5.51716e-21)
(1.07862 0.0947187 2.61374e-21)
(1.07793 0.0899391 2.78814e-21)
(1.07716 0.0853036 -2.97145e-21)
(1.07634 0.0808084 -2.35396e-22)
(1.07546 0.0764491 1.28647e-21)
(1.07455 0.0722207 -7.09289e-22)
(1.07359 0.0681178 -5.08439e-22)
(1.07261 0.0641348 7.26775e-22)
(1.0716 0.0602657 1.91301e-22)
(1.07058 0.0565042 1.20063e-22)
(1.06955 0.0528438 9.89139e-23)
(1.06851 0.0492778 1.38923e-22)
(1.06747 0.0457994 -1.18384e-21)
(1.06645 0.0424016 -1.86896e-22)
(1.06543 0.0390771 3.2962e-22)
(1.06444 0.0358186 -5.9027e-22)
(1.06348 0.0326182 1.25029e-21)
(1.06255 0.029468 -8.55007e-22)
(1.06167 0.0263592 -6.05582e-22)
(1.06084 0.0232827 -1.55101e-22)
(1.06007 0.0202283 1.25457e-21)
(1.05938 0.0171848 5.04127e-24)
(1.05877 0.0141396 -1.77703e-22)
(1.05827 0.0110786 1.13151e-21)
(1.05787 0.00798312 -4.1272e-22)
(1.0576 0.00484405 -1.33205e-21)
(1.05749 0.00159851 3.20812e-22)
(1.07265 0.171787 8.16964e-21)
(1.07302 0.165351 -3.79231e-21)
(1.07403 0.158739 1.99591e-21)
(1.0749 0.152289 -9.56762e-21)
(1.07563 0.145974 1.43061e-20)
(1.07621 0.139802 -8.46982e-21)
(1.07665 0.133773 1.39906e-21)
(1.07694 0.127892 1.04195e-21)
(1.07709 0.122159 8.33093e-21)
(1.07711 0.116577 -6.52197e-21)
(1.077 0.111145 4.08313e-21)
(1.07678 0.105865 -3.51701e-21)
(1.07646 0.100735 1.36752e-21)
(1.07603 0.0957531 -7.79816e-22)
(1.07552 0.0909182 -2.01072e-21)
(1.07492 0.0862271 1.34409e-21)
(1.07426 0.0816764 1.78767e-22)
(1.07353 0.0772621 -1.58867e-23)
(1.07275 0.0729797 1.096e-21)
(1.07191 0.0688242 -7.24407e-22)
(1.07104 0.0647901 5.40613e-22)
(1.07014 0.0608717 -2.11467e-22)
(1.06921 0.0570629 -2.5895e-22)
(1.06826 0.0533572 1.29748e-22)
(1.0673 0.049748 5.48771e-22)
(1.06633 0.0462286 2.88526e-22)
(1.06537 0.0427918 -1.13853e-21)
(1.06441 0.0394304 7.27346e-23)
(1.06347 0.0361368 1.06261e-21)
(1.06255 0.0329032 4.72645e-22)
(1.06167 0.0297214 6.33455e-22)
(1.06082 0.0265826 7.12441e-22)
(1.06002 0.0234774 -5.08202e-22)
(1.05928 0.0203955 -4.73687e-22)
(1.05862 0.0173253 -3.22638e-23)
(1.05803 0.0142543 -3.94853e-22)
(1.05754 0.0111678 1.11671e-21)
(1.05716 0.00804743 1.47076e-21)
(1.0569 0.00488218 1.86241e-21)
(1.05679 0.00161292 5.77452e-22)
(1.0661 0.172894 -7.31795e-21)
(1.06689 0.166557 2.53126e-21)
(1.06829 0.159968 -4.8191e-21)
(1.06953 0.153541 4.30756e-21)
(1.07061 0.147232 8.77144e-21)
(1.07152 0.141057 8.75439e-22)
(1.07227 0.135016 -5.16405e-21)
(1.07286 0.129114 3.54012e-22)
(1.07329 0.123354 -6.24357e-21)
(1.07358 0.117739 8.18799e-22)
(1.07372 0.11227 2.08384e-21)
(1.07374 0.106947 3.68456e-22)
(1.07363 0.101771 2.07249e-22)
(1.07341 0.0967419 5.08237e-22)
(1.07308 0.0918574 -9.06455e-22)
(1.07266 0.0871157 9.01019e-22)
(1.07216 0.082514 -1.15305e-21)
(1.07157 0.0780487 -4.02021e-22)
(1.07093 0.0737158 4.43692e-22)
(1.07022 0.0695107 -8.9777e-23)
(1.06946 0.0654282 1.05435e-22)
(1.06866 0.0614628 4.19184e-23)
(1.06783 0.0576086 -3.82009e-22)
(1.06697 0.0538593 4.49657e-22)
(1.06608 0.0502085 -2.04231e-22)
(1.06519 0.0466492 1.08256e-22)
(1.06429 0.0431745 6.67742e-22)
(1.06339 0.0397771 -1.08168e-21)
(1.0625 0.0364493 9.09059e-22)
(1.06163 0.0331833 -1.82364e-21)
(1.06078 0.0299706 8.22922e-22)
(1.05997 0.0268023 -1.64741e-21)
(1.05921 0.023669 1.23052e-21)
(1.0585 0.0205599 9.35652e-22)
(1.05785 0.0174637 2.06598e-23)
(1.05729 0.0143672 6.48531e-22)
(1.05681 0.0112556 -4.42167e-22)
(1.05644 0.0081108 -2.32063e-21)
(1.05619 0.00491979 -3.46964e-22)
(1.05609 0.0016274 -2.12172e-21)
(1.05948 0.173784 3.4172e-22)
(1.06069 0.16757 -3.75936e-22)
(1.06249 0.161022 6.17841e-22)
(1.0641 0.154635 -8.09492e-22)
(1.06552 0.148349 -1.41282e-22)
(1.06677 0.142186 -5.69425e-22)
(1.06783 0.136146 4.9005e-21)
(1.06872 0.130237 -3.34282e-21)
(1.06944 0.124462 -2.21555e-21)
(1.07 0.118823 1.39586e-21)
(1.0704 0.113325 -2.1435e-21)
(1.07065 0.107968 2.6601e-21)
(1.07076 0.102754 2.97882e-21)
(1.07075 0.0976839 -2.79304e-21)
(1.07061 0.0927557 -4.71025e-22)
(1.07037 0.0879687 1.02845e-21)
(1.07003 0.0833205 8.04517e-23)
(1.0696 0.0788083 1.5241e-22)
(1.06909 0.0744285 8.81864e-23)
(1.06851 0.0701769 -1.6054e-22)
(1.06787 0.0660486 1.58538e-22)
(1.06718 0.0620386 -1.44965e-22)
(1.06644 0.058141 -5.71856e-22)
(1.06567 0.0543499 1.66902e-22)
(1.06486 0.0506589 1.05998e-21)
(1.06404 0.0470611 -1.16495e-21)
(1.0632 0.0435496 -1.08082e-21)
(1.06236 0.0401172 1.1238e-22)
(1.06153 0.036756 1.21849e-21)
(1.0607 0.0334582 -7.99244e-22)
(1.0599 0.0302153 -1.41041e-21)
(1.05912 0.0270182 4.41518e-22)
(1.05839 0.0238572 -2.84937e-22)
(1.05771 0.0207217 -1.20548e-22)
(1.05709 0.0175997 -2.06186e-21)
(1.05654 0.0144782 -1.28814e-21)
(1.05608 0.0113421 1.60494e-21)
(1.05573 0.00817316 -6.93542e-22)
(1.05548 0.00495688 -1.54448e-21)
(1.05538 0.00164191 5.10315e-22)
(1.05281 0.174458 2.31379e-21)
(1.05444 0.16839 -4.49725e-21)
(1.05663 0.161901 1.91789e-22)
(1.05859 0.155571 1.30907e-21)
(1.06037 0.149325 -2.12685e-22)
(1.06195 0.143188 1.2094e-22)
(1.06333 0.137164 -1.36577e-22)
(1.06453 0.131259 9.56558e-22)
(1.06554 0.125479 -2.79734e-22)
(1.06637 0.119827 8.40754e-24)
(1.06703 0.114309 -1.58409e-21)
(1.06752 0.108927 4.32069e-22)
(1.06786 0.103683 -2.49447e-22)
(1.06806 0.0985779 2.04712e-22)
(1.06812 0.0936122 5.41096e-22)
(1.06806 0.0887852 -7.30666e-23)
(1.06788 0.0840953 -1.74998e-23)
(1.06761 0.0795404 5.9449e-23)
(1.06724 0.0751173 -3.52283e-22)
(1.06679 0.0708222 3.87887e-22)
(1.06627 0.066651 -4.4602e-22)
(1.06568 0.0625987 5.16015e-22)
(1.06504 0.0586599 8.0377e-22)
(1.06436 0.0548287 -4.38043e-22)
(1.06364 0.0510989 1.84645e-23)
(1.06289 0.047464 -9.46043e-23)
(1.06212 0.0439169 4.41756e-22)
(1.06134 0.0404504 -1.77623e-21)
(1.06055 0.0370568 3.66493e-21)
(1.05977 0.033728 1.29561e-21)
(1.05901 0.0304555 -2.40628e-21)
(1.05828 0.0272302 -5.01117e-23)
(1.05757 0.0240421 -5.27843e-22)
(1.05692 0.0208805 3.04658e-22)
(1.05632 0.0177334 1.68301e-21)
(1.0558 0.0145874 2.6362e-21)
(1.05535 0.0114271 -1.26896e-21)
(1.05501 0.00823447 9.19297e-22)
(1.05477 0.00499341 9.71789e-22)
(1.05467 0.00165643 -5.98015e-22)
(1.0461 0.174915 -5.61472e-22)
(1.04814 0.169014 -8.94856e-21)
(1.05071 0.162606 5.67472e-21)
(1.05303 0.15635 -5.18081e-21)
(1.05515 0.150158 2.34347e-21)
(1.05707 0.144063 -3.16357e-21)
(1.05878 0.138065 2.92043e-22)
(1.06029 0.132177 6.65072e-22)
(1.06159 0.126403 1.06352e-21)
(1.0627 0.120749 -1.84667e-21)
(1.06362 0.115221 7.39071e-22)
(1.06436 0.109822 -2.58694e-22)
(1.06493 0.104556 -1.42207e-23)
(1.06534 0.0994233 7.77116e-22)
(1.0656 0.0944263 -6.95762e-22)
(1.06572 0.0895648 -1.13159e-21)
(1.06572 0.0848381 7.65674e-22)
(1.0656 0.0802445 8.60788e-22)
(1.06537 0.0757817 -7.20668e-22)
(1.06506 0.0714465 9.62066e-22)
(1.06466 0.0672351 -1.84298e-21)
(1.06418 0.0631429 1.03587e-21)
(1.06364 0.0591648 -8.60736e-23)
(1.06305 0.0552953 -1.24238e-21)
(1.06241 0.0515284 9.03917e-22)
(1.06173 0.0478576 -7.97631e-22)
(1.06103 0.0442761 6.86746e-22)
(1.06031 0.0407765 3.74858e-21)
(1.05958 0.0373513 -2.72567e-21)
(1.05885 0.0339923 -1.62147e-21)
(1.05813 0.030691 3.95854e-21)
(1.05743 0.027438 -8.05994e-22)
(1.05676 0.0242235 -1.11055e-21)
(1.05613 0.0210363 -3.56993e-23)
(1.05556 0.0178645 -2.0182e-21)
(1.05505 0.0146945 -1.84953e-21)
(1.05462 0.0115105 -3.18636e-22)
(1.05429 0.00829468 5.45915e-22)
(1.05406 0.00502937 7.09969e-22)
(1.05396 0.00167089 1.54787e-21)
(1.03936 0.175161 -1.87552e-20)
(1.04181 0.169444 -3.12774e-21)
(1.04474 0.163138 1.4908e-20)
(1.04742 0.156968 -1.97891e-21)
(1.0499 0.150845 -1.25202e-20)
(1.05215 0.144802 7.02752e-21)
(1.05419 0.138847 2.04025e-22)
(1.05601 0.132988 -2.02905e-21)
(1.05761 0.127233 2.41785e-21)
(1.059 0.121589 -3.61575e-21)
(1.06018 0.116061 2.07664e-21)
(1.06116 0.110654 -3.2242e-22)
(1.06196 0.105373 -1.2045e-21)
(1.06259 0.10022 5.74545e-23)
(1.06305 0.0951979 1.78864e-21)
(1.06336 0.0903073 2.19408e-21)
(1.06353 0.0855484 -3.60872e-21)
(1.06357 0.0809204 -1.42153e-21)
(1.06349 0.0764216 4.23487e-21)
(1.06331 0.0720494 -1.38845e-21)
(1.06303 0.0678004 -4.29297e-22)
(1.06267 0.0636707 8.08594e-22)
(1.06223 0.0596555 -8.62685e-22)
(1.06173 0.0557496 9.71248e-22)
(1.06117 0.0519471 -2.54329e-21)
(1.06057 0.0482419 1.92694e-21)
(1.05994 0.044627 -3.06677e-22)
(1.05928 0.0410954 -1.49642e-21)
(1.0586 0.0376395 1.01498e-21)
(1.05792 0.0342511 -1.56813e-21)
(1.05724 0.0309216 1.65953e-21)
(1.05658 0.0276417 4.84924e-22)
(1.05594 0.0244012 8.59285e-23)
(1.05534 0.0211891 9.7803e-22)
(1.05479 0.0179931 5.27531e-22)
(1.0543 0.0147995 2.51623e-22)
(1.05389 0.0115924 6.99407e-22)
(1.05357 0.00835372 1.45379e-21)
(1.05335 0.00506473 -1.71302e-22)
(1.05325 0.00168527 -2.25287e-23)
(1.03258 0.175204 -4.79094e-21)
(1.03545 0.169675 -1.48553e-20)
(1.03875 0.163491 -4.30578e-21)
(1.04179 0.15742 1.98745e-20)
(1.04461 0.151381 -2.67265e-21)
(1.0472 0.145409 -3.16605e-22)
(1.04955 0.139511 -5.60819e-21)
(1.05167 0.133696 1.84106e-24)
(1.05356 0.127972 -4.72953e-21)
(1.05523 0.122348 -1.84043e-21)
(1.05667 0.116829 4.62928e-21)
(1.05791 0.111423 1.07335e-21)
(1.05895 0.106134 -2.18697e-21)
(1.05979 0.100968 -9.29162e-22)
(1.06046 0.095926 -1.14217e-21)
(1.06096 0.0910115 -1.3153e-21)
(1.06131 0.0862252 5.41235e-21)
(1.06151 0.081567 -3.91539e-21)
(1.06159 0.0770359 1.68918e-21)
(1.06155 0.0726299 2.44336e-21)
(1.06139 0.0683464 -2.02358e-21)
(1.06115 0.0641817 -2.03787e-21)
(1.06081 0.0601316 1.53281e-21)
(1.06041 0.0561911 8.54047e-22)
(1.05994 0.0523547 -1.3092e-21)
(1.05941 0.0486164 5.35449e-22)
(1.05885 0.0449695 -1.45586e-21)
(1.05825 0.0414069 1.46003e-21)
(1.05763 0.0379212 -1.60991e-21)
(1.05699 0.0345042 7.08002e-22)
(1.05636 0.0311473 -1.65737e-22)
(1.05573 0.027841 -3.16424e-21)
(1.05513 0.0245752 7.28435e-22)
(1.05455 0.0213387 -3.04343e-22)
(1.05403 0.018119 -1.47274e-21)
(1.05356 0.0149023 2.62653e-21)
(1.05316 0.0116726 2.64019e-22)
(1.05285 0.00841155 -2.14689e-21)
(1.05264 0.00509946 7.09644e-22)
(1.05254 0.0016995 3.42134e-22)
(1.02581 0.175055 -7.84328e-21)
(1.02911 0.169701 -6.468e-21)
(1.03274 0.163664 2.28682e-20)
(1.03611 0.157714 -2.04374e-20)
(1.03925 0.151779 2.63316e-20)
(1.04214 0.145894 -2.11991e-20)
(1.0448 0.140065 4.40151e-21)
(1.04723 0.134304 5.32955e-21)
(1.04942 0.128621 -1.38903e-22)
(1.05137 0.123024 -2.1029e-21)
(1.05309 0.117523 9.3577e-21)
(1.05459 0.112125 -5.61553e-21)
(1.05588 0.106836 -4.7852e-21)
(1.05695 0.101663 -8.89296e-22)
(1.05784 0.0966079 5.15383e-21)
(1.05854 0.0916753 -2.56712e-21)
(1.05907 0.0868667 3.04925e-21)
(1.05944 0.0821828 -6.5093e-21)
(1.05967 0.0776234 4.93863e-21)
(1.05977 0.0731873 3.65379e-21)
(1.05975 0.0688723 -9.06676e-22)
(1.05962 0.0646753 -2.8999e-21)
(1.05939 0.0605925 9.96974e-23)
(1.05908 0.0566195 2.13331e-21)
(1.0587 0.0527509 -3.4555e-21)
(1.05825 0.0489809 2.28114e-21)
(1.05775 0.0453032 -2.99281e-22)
(1.05722 0.0417108 1.80527e-21)
(1.05665 0.0381963 3.9634e-22)
(1.05607 0.0347515 -3.38753e-22)
(1.05547 0.0313679 1.57332e-21)
(1.05488 0.0280359 1.57904e-21)
(1.05431 0.0247454 -2.02624e-21)
(1.05377 0.021485 -5.03569e-22)
(1.05326 0.0182422 1.90447e-22)
(1.05281 0.0150029 -2.1051e-22)
(1.05243 0.011751 7.50515e-22)
(1.05213 0.0084681 1.28672e-21)
(1.05192 0.00513353 -1.91096e-21)
(1.05183 0.00171352 -3.81871e-22)
(1.01902 0.174735 -2.83136e-20)
(1.02273 0.169537 1.5381e-20)
(1.02664 0.163681 -1.44421e-21)
(1.03031 0.157873 1.94463e-20)
(1.03377 0.152053 -2.68186e-20)
(1.03699 0.146258 2.36453e-20)
(1.03999 0.140504 -1.91855e-20)
(1.04274 0.134804 2.10915e-20)
(1.04525 0.129169 -1.81164e-20)
(1.0475 0.123609 2.84963e-21)
(1.04951 0.118135 6.21463e-21)
(1.05127 0.112755 4.47326e-21)
(1.05281 0.107475 -9.0308e-21)
(1.05411 0.102302 1.57505e-21)
(1.05521 0.0972414 -2.36326e-21)
(1.05611 0.0922971 -4.18854e-22)
(1.05682 0.0874717 5.79055e-21)
(1.05737 0.0827671 1.46797e-21)
(1.05775 0.0781837 -5.25029e-21)
(1.05799 0.0737211 -1.88191e-21)
(1.0581 0.0693778 -1.01747e-21)
(1.05808 0.0651512 1.21735e-21)
(1.05796 0.0610382 1.84899e-21)
(1.05775 0.0570346 -2.91143e-21)
(1.05745 0.0531355 2.80428e-21)
(1.05709 0.0493354 -2.82116e-22)
(1.05666 0.0456281 2.10625e-21)
(1.05618 0.0420069 -2.37202e-21)
(1.05567 0.0384645 -9.93889e-22)
(1.05514 0.0349928 1.70499e-22)
(1.05459 0.0315832 3.06123e-22)
(1.05404 0.0282262 6.16365e-22)
(1.0535 0.0249115 9.89959e-22)
(1.05298 0.0216278 -3.87655e-22)
(1.0525 0.0183625 -3.03528e-23)
(1.05207 0.0151011 -1.54896e-21)
(1.0517 0.0118276 -1.30493e-21)
(1.05141 0.00852329 9.89303e-22)
(1.05121 0.00516688 -1.33811e-22)
(1.05112 0.00172725 -1.13665e-21)
(1.01217 0.174304 -1.6695e-20)
(1.01626 0.169219 -1.1371e-20)
(1.02049 0.163552 -8.0839e-21)
(1.02453 0.157884 3.824e-20)
(1.02836 0.152175 -1.70261e-20)
(1.03196 0.146475 8.49631e-21)
(1.03531 0.140806 -1.71386e-20)
(1.0384 0.13518 3.07456e-21)
(1.04121 0.129609 -9.97981e-21)
(1.04375 0.124101 1.08343e-20)
(1.04602 0.118666 2.7039e-21)
(1.04804 0.113314 1.24103e-21)
(1.0498 0.108053 -1.66755e-22)
(1.05133 0.102889 -1.02126e-20)
(1.05263 0.0978297 7.09213e-21)
(1.05372 0.0928798 4.83388e-21)
(1.05461 0.088043 -7.77133e-21)
(1.05531 0.0833221 7.44781e-21)
(1.05585 0.0787187 -9.31459e-21)
(1.05622 0.0742329 1.18567e-20)
(1.05645 0.0698641 -5.93754e-21)
(1.05656 0.0656104 -1.41848e-21)
(1.05654 0.0614692 -5.32474e-22)
(1.05642 0.0574367 -4.61766e-22)
(1.05621 0.0535086 1.34199e-21)
(1.05592 0.0496797 2.06061e-22)
(1.05557 0.0459441 -8.16719e-22)
(1.05516 0.0422951 -5.70804e-24)
(1.0547 0.0387257 -2.12909e-21)
(1.05422 0.0352279 5.96128e-22)
(1.05371 0.031793 -2.88311e-21)
(1.0532 0.0284116 1.84919e-22)
(1.05269 0.0250735 7.99368e-22)
(1.0522 0.0217671 1.48539e-22)
(1.05174 0.0184797 5.43107e-22)
(1.05133 0.0151969 2.83044e-21)
(1.05098 0.0119022 -9.40816e-22)
(1.05069 0.00857704 -1.83561e-21)
(1.0505 0.00519948 1.34655e-22)
(1.05041 0.00174062 1.78603e-21)
(1.00533 0.173816 -9.19944e-20)
(1.00993 0.168726 5.77435e-20)
(1.01458 0.163201 -1.45787e-20)
(1.01904 0.157682 2.52527e-20)
(1.02324 0.152111 -1.71435e-20)
(1.02716 0.146535 1.89742e-20)
(1.03081 0.140977 -1.81858e-20)
(1.03417 0.135449 -4.95735e-21)
(1.03725 0.129958 2.43386e-22)
(1.04005 0.124516 -1.6582e-21)
(1.04257 0.119131 -5.78263e-21)
(1.04483 0.113817 7.9248e-21)
(1.04682 0.108581 -3.07488e-21)
(1.04855 0.103433 1.74729e-21)
(1.05005 0.0983804 7.68389e-21)
(1.05133 0.0934295 -2.25265e-21)
(1.05239 0.0885854 -1.6798e-20)
(1.05326 0.0838518 1.25623e-20)
(1.05394 0.0792312 -4.59353e-21)
(1.05446 0.0747248 -1.46758e-21)
(1.05482 0.0703327 2.94264e-21)
(1.05504 0.0660539 -1.96136e-21)
(1.05513 0.0618862 1.54456e-21)
(1.05511 0.0578264 -2.0656e-21)
(1.05499 0.0538707 -4.13242e-22)
(1.05478 0.0500142 4.26917e-21)
(1.05449 0.0462512 1.13385e-21)
(1.05414 0.0425755 -4.46239e-21)
(1.05374 0.03898 2.36382e-21)
(1.0533 0.0354568 2.59251e-22)
(1.05284 0.0319973 -5.24746e-22)
(1.05236 0.0285923 8.18399e-22)
(1.05189 0.0252313 -2.58475e-21)
(1.05142 0.0219027 1.85837e-21)
(1.05099 0.0185938 -2.17569e-23)
(1.05059 0.0152901 -5.50607e-22)
(1.05025 0.0119749 -1.44055e-21)
(1.04998 0.00862934 1.6728e-21)
(1.04979 0.00523131 -2.36518e-22)
(1.0497 0.00175355 9.51885e-23)
(1.00386 0.168024 8.94534e-21)
(1.00878 0.162618 3.41374e-20)
(1.01344 0.157302 -2.20618e-20)
(1.01784 0.15192 5.26046e-20)
(1.02198 0.146496 -1.07082e-20)
(1.02588 0.141064 1.59611e-20)
(1.02951 0.13564 -3.31655e-20)
(1.03288 0.130236 4.11817e-21)
(1.03596 0.124864 6.61146e-23)
(1.03877 0.119536 1.91892e-20)
(1.0413 0.114264 -2.05898e-20)
(1.04356 0.109059 3.38811e-21)
(1.04555 0.103932 -2.87086e-21)
(1.04729 0.0988907 6.94375e-21)
(1.04879 0.0939434 -7.4262e-21)
(1.05006 0.0890959 3.05275e-21)
(1.05111 0.0843533 1.07241e-21)
(1.05197 0.0797189 -4.25145e-21)
(1.05265 0.0751949 -3.44649e-21)
(1.05315 0.0707822 1.03125e-20)
(1.0535 0.0664806 -2.29203e-21)
(1.05371 0.0622884 -4.66064e-22)
(1.0538 0.0582032 -2.42268e-22)
(1.05377 0.0542215 -1.80177e-21)
(1.05364 0.0503388 1.30525e-21)
(1.05342 0.0465497 -1.2815e-21)
(1.05314 0.0428483 9.44157e-22)
(1.05279 0.0392275 2.91138e-21)
(1.0524 0.0356798 -2.99899e-21)
(1.05198 0.0321966 2.54054e-21)
(1.05154 0.0287685 2.18702e-21)
(1.05109 0.0253852 -1.17442e-21)
(1.05066 0.022035 6.08549e-24)
(1.05024 0.0187052 1.17938e-22)
(1.04986 0.015381 6.00602e-22)
(1.04953 0.0120457 -5.03294e-22)
(1.04927 0.0086803 8.13428e-23)
(1.04908 0.00526244 4.73594e-22)
(1.04899 0.00176599 -1.33418e-21)
(1.00198 0.162049 2.38116e-20)
(1.00667 0.156899 -2.04058e-20)
(1.01125 0.151679 -9.82686e-21)
(1.01568 0.146381 -6.8426e-21)
(1.01992 0.141052 8.43893e-21)
(1.02393 0.135721 1.47275e-20)
(1.02768 0.130402 -3.66485e-20)
(1.03116 0.125104 4.15798e-20)
(1.03434 0.119838 -2.74452e-20)
(1.03723 0.114618 2.50033e-21)
(1.03983 0.109453 -8.92855e-21)
(1.04215 0.104355 1.81457e-21)
(1.04419 0.0993346 -7.3912e-22)
(1.04596 0.094399 1.37457e-20)
(1.04749 0.0895559 -9.16011e-21)
(1.04878 0.0848111 5.33234e-21)
(1.04985 0.0801691 4.00108e-21)
(1.05071 0.075633 -1.33475e-21)
(1.05139 0.0712046 -4.95985e-21)
(1.05189 0.0668844 9.24552e-21)
(1.05223 0.0626715 -4.69026e-21)
(1.05244 0.0585639 -2.27916e-21)
(1.05251 0.0545588 -9.52835e-22)
(1.05247 0.050652 3.07947e-21)
(1.05234 0.0468387 9.65788e-22)
(1.05212 0.043113 -8.62655e-22)
(1.05184 0.0394683 -3.57943e-21)
(1.0515 0.035897 -1.43625e-22)
(1.05112 0.0323909 1.73599e-21)
(1.05072 0.0289405 1.53179e-22)
(1.0503 0.0255355 -2.10481e-21)
(1.04989 0.0221643 1.45213e-21)
(1.04949 0.018814 9.08985e-22)
(1.04913 0.0154698 -2.11636e-22)
(1.04881 0.0121149 -1.14452e-22)
(1.04855 0.00873004 2.92756e-22)
(1.04837 0.00529292 2.26645e-22)
(1.04827 0.00177788 -5.07183e-23)
(0.994953 0.161676 -8.14877e-20)
(0.999965 0.156461 3.97924e-20)
(1.00491 0.151312 7.79178e-21)
(1.00972 0.146101 2.47796e-20)
(1.01434 0.140862 1.22693e-20)
(1.01872 0.135625 -1.13003e-20)
(1.02282 0.130398 -1.00739e-20)
(1.02663 0.125187 1.29054e-20)
(1.03014 0.119998 -2.61295e-20)
(1.03334 0.114843 -3.25056e-21)
(1.03623 0.109732 -7.12979e-21)
(1.03882 0.104678 1.24668e-20)
(1.04111 0.0996897 1.35455e-20)
(1.04313 0.0947773 -1.64927e-20)
(1.04488 0.0899489 5.05728e-21)
(1.04639 0.0852115 -5.64337e-21)
(1.04765 0.0805704 6.76373e-21)
(1.04869 0.0760297 1.04315e-20)
(1.04953 0.0715921 -3.98017e-21)
(1.05018 0.0672588 -1.10114e-20)
(1.05066 0.0630299 5.56057e-21)
(1.05098 0.058904 -2.51517e-21)
(1.05116 0.0548788 5.10061e-21)
(1.05122 0.0509509 -4.51257e-22)
(1.05118 0.0471156 -9.62045e-22)
(1.05104 0.0433676 4.30618e-22)
(1.05082 0.0397005 -1.83475e-21)
(1.05054 0.0361071 2.75616e-21)
(1.05021 0.032579 -2.39035e-21)
(1.04986 0.0291072 1.945e-22)
(1.04948 0.0256813 1.62269e-21)
(1.0491 0.0222898 -9.93085e-22)
(1.04873 0.0189196 -8.52599e-22)
(1.04838 0.015556 1.83868e-22)
(1.04808 0.012182 2.75216e-22)
(1.04784 0.0087783 7.69898e-22)
(1.04766 0.00532253 -5.38385e-22)
(1.04756 0.00178901 6.40526e-23)
(0.987307 0.160956 0)
(0.98196 0.140477 0)
(0.974891 0.13262 0)
(0.972008 0.115751 0)
(0.968817 0.105665 0)
(0.968362 0.0919843 0)
(0.967731 0.0820328 0)
(0.968936 0.0708298 0)
(0.969952 0.0619938 0)
(0.972164 0.0529049 0)
(0.974135 0.0455244 0)
(0.976841 0.0383132 0)
(0.979244 0.0324408 0)
(0.98206 0.0269024 0)
(0.984518 0.0224598 0)
(0.987172 0.0183907 0)
(0.989431 0.0152283 0)
(0.991743 0.0124028 0)
(0.993631 0.0102965 0)
(0.995476 0.00841194 0)
(0.996875 0.00700407 0)
(0.998172 0.00560569 0)
(0.999012 0.00436182 0)
(0.999716 0.00283732 0)
(0.999958 0.00110762 0)
(0.993062 0.155353 0)
(0.987611 0.13707 0)
(0.980414 0.129947 0)
(0.977064 0.114162 0)
(0.973421 0.104809 0)
(0.972394 0.091601 0)
(0.971291 0.0821152 0)
(0.971985 0.0711324 0)
(0.972574 0.0625323 0)
(0.974373 0.0535247 0)
(0.975989 0.0462312 0)
(0.978377 0.0390187 0)
(0.980504 0.033148 0)
(0.983084 0.0275631 0)
(0.985338 0.0230793 0)
(0.987823 0.0189437 0)
(0.989936 0.0157227 0)
(0.99213 0.0128257 0)
(0.993916 0.0106567 0)
(0.995681 0.00870324 0)
(0.997013 0.00723595 0)
(0.998258 0.00577626 0)
(0.999058 0.00448008 0)
(0.999733 0.0029041 0)
(0.999959 0.00112991 0)
(0.998503 0.150311 0)
(0.992979 0.133673 0)
(0.985713 0.127113 0)
(0.98201 0.112413 0)
(0.977982 0.103691 0)
(0.976453 0.0910263 0)
(0.974911 0.0819874 0)
(0.975114 0.0712692 0)
(0.975292 0.0629194 0)
(0.976671 0.0540225 0)
(0.977937 0.0468362 0)
(0.979993 0.0396431 0)
(0.981841 0.0337913 0)
(0.984171 0.0281743 0)
(0.986214 0.0236613 0)
(0.988518 0.0194687 0)
(0.990478 0.0161965 0)
(0.992544 0.0132336 0)
(0.994224 0.0110063 0)
(0.9959 0.00898716 0)
(0.997162 0.00746283 0)
(0.998349 0.00594347 0)
(0.999106 0.00459633 0)
(0.99975 0.00296969 0)
(0.99996 0.00115171 0)
(1.00364 0.145322 0)
(0.998092 0.1301 0)
(0.990815 0.124086 0)
(0.986827 0.110441 0)
(0.982475 0.102299 0)
(0.980508 0.0902397 0)
(0.978553 0.0816391 0)
(0.978294 0.071236 0)
(0.978073 0.0631523 0)
(0.979039 0.0543997 0)
(0.979958 0.0473412 0)
(0.981675 0.04019 0)
(0.983242 0.034374 0)
(0.985311 0.0287395 0)
(0.987139 0.0242092 0)
(0.98925 0.0199684 0)
(0.991054 0.0166525 0)
(0.992981 0.0136287 0)
(0.994551 0.011347 0)
(0.996132 0.00926468 0)
(0.99732 0.00768525 0)
(0.998444 0.00610735 0)
(0.999159 0.00471028 0)
(0.999766 0.00303372 0)
(0.999962 0.00117291 0)
(1.0085 0.140302 0)
(1.00294 0.126351 0)
(0.995708 0.120889 0)
(0.991485 0.108258 0)
(0.986872 0.100666 0)
(0.98452 0.0892515 0)
(0.982188 0.0810816 0)
(0.981499 0.0710396 0)
(0.980893 0.0632333 0)
(0.981456 0.0546588 0)
(0.982033 0.0477455 0)
(0.98341 0.0406589 0)
(0.984695 0.0348946 0)
(0.986496 0.0292574 0)
(0.988107 0.0247213 0)
(0.990016 0.0204415 0)
(0.991659 0.017089 0)
(0.99344 0.0140096 0)
(0.994897 0.0116777 0)
(0.996375 0.00953489 0)
(0.997488 0.00790245 0)
(0.998544 0.00626731 0)
(0.999214 0.0048215 0)
(0.999783 0.00309587 0)
(0.999965 0.00119341 0)
(1.01307 0.135273 0)
(1.0075 0.12247 0)
(1.00037 0.117551 0)
(0.995957 0.105878 0)
(0.991149 0.0988189 0)
(0.988457 0.088067 0)
(0.985789 0.080322 0)
(0.984701 0.0706788 0)
(0.98373 0.0631586 0)
(0.983906 0.054795 0)
(0.984147 0.0480421 0)
(0.985188 0.0410441 0)
(0.986192 0.0353462 0)
(0.987721 0.0297227 0)
(0.989111 0.0251922 0)
(0.990812 0.0208837 0)
(0.992291 0.0175024 0)
(0.993919 0.0143733 0)
(0.995259 0.0119959 0)
(0.996629 0.00979588 0)
(0.997664 0.00811299 0)
(0.998647 0.00642231 0)
(0.999272 0.00492929 0)
(0.9998 0.00315573 0)
(0.999968 0.00121308 0)
(1.01736 0.130245 0)
(1.01179 0.11849 0)
(1.0048 0.114091 0)
(1.00023 0.103316 0)
(0.995284 0.0967778 0)
(0.992291 0.0866892 0)
(0.989332 0.0793666 0)
(0.987877 0.0701506 0)
(0.986566 0.0629246 0)
(0.986372 0.0548027 0)
(0.986289 0.0482241 0)
(0.986999 0.0413393 0)
(0.987725 0.0357223 0)
(0.98898 0.0301298 0)
(0.990148 0.0256166 0)
(0.991637 0.0212908 0)
(0.992948 0.0178887 0)
(0.994417 0.0147169 0)
(0.995638 0.0122989 0)
(0.996893 0.0100457 0)
(0.997849 0.00831529 0)
(0.998755 0.00657124 0)
(0.999333 0.00503286 0)
(0.999817 0.00321284 0)
(0.999971 0.00123177 0)
(1.02135 0.125214 0)
(1.0158 0.114431 0)
(1.00897 0.110522 0)
(1.00428 0.100589 0)
(0.999256 0.0945591 0)
(0.996002 0.085124 0)
(0.992798 0.0782233 0)
(0.991006 0.069454 0)
(0.989384 0.0625306 0)
(0.98884 0.0546778 0)
(0.988446 0.0482867 0)
(0.988833 0.0415395 0)
(0.989285 0.0360171 0)
(0.990269 0.0304738 0)
(0.991214 0.0259894 0)
(0.992487 0.0216587 0)
(0.993628 0.0182442 0)
(0.994934 0.0150375 0)
(0.996032 0.0125843 0)
(0.997169 0.0102824 0)
(0.998042 0.00850773 0)
(0.998868 0.00671292 0)
(0.999398 0.00513134 0)
(0.999835 0.00326672 0)
(0.999975 0.00124932 0)
(1.02504 0.120184 0)
(1.01953 0.110311 0)
(1.01288 0.106858 0)
(1.00811 0.0977163 0)
(1.00305 0.092178 0)
(0.999572 0.0833805 0)
(0.996169 0.0769011 0)
(0.994072 0.0685902 0)
(0.99217 0.0619778 0)
(0.991296 0.0544172 0)
(0.990608 0.0482264 0)
(0.990684 0.0416399 0)
(0.990868 0.0362254 0)
(0.991582 0.03075 0)
(0.992306 0.026306 0)
(0.993361 0.0219836 0)
(0.994329 0.0185651 0)
(0.995468 0.015332 0)
(0.99644 0.0128494 0)
(0.997455 0.010504 0)
(0.998242 0.0086886 0)
(0.998985 0.00684617 0)
(0.999464 0.00522383 0)
(0.999854 0.00331685 0)
(0.999979 0.00126554 0)
(1.02843 0.115164 0)
(1.02297 0.106145 0)
(1.01652 0.10311 0)
(1.01171 0.0947157 0)
(1.00665 0.0896492 0)
(1.00299 0.0814703 0)
(0.999428 0.0754094 0)
(0.99706 0.0675624 0)
(0.994909 0.0612686 0)
(0.993728 0.0540188 0)
(0.992764 0.0480406 0)
(0.992541 0.0416363 0)
(0.992466 0.0363428 0)
(0.992915 0.030954 0)
(0.993418 0.0265617 0)
(0.994256 0.0222615 0)
(0.99505 0.0188477 0)
(0.99602 0.0155976 0)
(0.996862 0.0130914 0)
(0.997752 0.0107084 0)
(0.99845 0.00885607 0)
(0.999106 0.00696969 0)
(0.999533 0.00530932 0)
(0.999873 0.00336268 0)
(0.999983 0.00128021 0)
(1.03151 0.110166 0)
(1.02613 0.101948 0)
(1.0199 0.0992944 0)
(1.01508 0.091605 0)
(1.01004 0.0869871 0)
(1.00625 0.0794059 0)
(1.00256 0.0737577 0)
(0.999957 0.0663753 0)
(0.997589 0.0604064 0)
(0.996124 0.0534819 0)
(0.994906 0.047728 0)
(0.994396 0.0415252 0)
(0.994072 0.0363655 0)
(0.994263 0.0310814 0)
(0.994549 0.026752 0)
(0.995169 0.0224884 0)
(0.995788 0.019088 0)
(0.996586 0.015831 0)
(0.997296 0.0133073 0)
(0.998059 0.0108934 0)
(0.998665 0.00900821 0)
(0.999233 0.00708216 0)
(0.999605 0.00538674 0)
(0.999894 0.00340367 0)
(0.999987 0.0012931 0)
(1.0343 0.105201 0)
(1.02902 0.097735 0)
(1.02301 0.0954251 0)
(1.01821 0.0884009 0)
(1.01323 0.0842061 0)
(1.00934 0.0772005 0)
(1.00556 0.0719562 0)
(1.00275 0.0650354 0)
(1.0002 0.0593953 0)
(0.998474 0.0528069 0)
(0.997021 0.0472878 0)
(0.996242 0.0413036 0)
(0.99568 0.0362901 0)
(0.99562 0.031128 0)
(0.995692 0.0268729 0)
(0.996098 0.0226604 0)
(0.99654 0.0192822 0)
(0.997167 0.0160291 0)
(0.997742 0.0134942 0)
(0.998375 0.0110567 0)
(0.998886 0.00914297 0)
(0.999364 0.00718214 0)
(0.999678 0.00545496 0)
(0.999916 0.00343921 0)
(0.999991 0.00130396 0)
(1.0368 0.100282 0)
(1.03164 0.0935182 0)
(1.02586 0.0915171 0)
(1.02111 0.0851192 0)
(1.01621 0.0813208 0)
(1.01225 0.0748676 0)
(1.00841 0.0700153 0)
(1.00544 0.0635501 0)
(1.00272 0.0582402 0)
(1.00077 0.0519953 0)
(0.999101 0.0467204 0)
(0.998069 0.0409693 0)
(0.997283 0.0361138 0)
(0.996981 0.0310901 0)
(0.996844 0.0269205 0)
(0.997038 0.0227735 0)
(0.997305 0.0194267 0)
(0.99776 0.0161886 0)
(0.998198 0.0136492 0)
(0.9987 0.0111958 0)
(0.999112 0.00925826 0)
(0.999499 0.00726816 0)
(0.999753 0.00551276 0)
(0.999939 0.00346868 0)
(0.999994 0.00131251 0)
(1.03902 0.09542 0)
(1.03399 0.0893102 0)
(1.02846 0.0875848 0)
(1.02377 0.0817747 0)
(1.01898 0.0783455 0)
(1.01498 0.0724204 0)
(1.01111 0.0679459 0)
(1.008 0.0619277 0)
(1.00515 0.0569469 0)
(1.00299 0.0510498 0)
(1.00114 0.0460266 0)
(0.99987 0.0405209 0)
(0.998872 0.0358346 0)
(0.998338 0.0309643 0)
(0.997999 0.0268914 0)
(0.997987 0.022824 0)
(0.99808 0.0195179 0)
(0.998363 0.0163061 0)
(0.998662 0.0137691 0)
(0.999033 0.0113084 0)
(0.999344 0.0093519 0)
(0.999638 0.00733865 0)
(0.999829 0.00555891 0)
(0.999963 0.00349145 0)
(0.999997 0.00131848 0)
(1.04098 0.0906254 0)
(1.03609 0.0851221 0)
(1.0308 0.0836417 0)
(1.02621 0.0783811 0)
(1.02153 0.0752944 0)
(1.01752 0.0698718 0)
(1.01365 0.0657593 0)
(1.01043 0.060177 0)
(1.00748 0.0555217 0)
(1.00514 0.0499741 0)
(1.00312 0.0452082 0)
(1.00164 0.0399578 0)
(1.00044 0.0354511 0)
(0.999687 0.0307476 0)
(0.999153 0.0267824 0)
(0.99894 0.0228081 0)
(0.99886 0.0195522 0)
(0.998974 0.0163784 0)
(0.999134 0.0138509 0)
(0.999372 0.0113919 0)
(0.99958 0.00942168 0)
(0.999781 0.00739198 0)
(0.999907 0.0055921 0)
(0.999988 0.00350682 0)
(1 0.00132156 0)
(1.04268 0.0859071 0)
(1.03795 0.0809641 0)
(1.03291 0.0797004 0)
(1.02842 0.0749515 0)
(1.02388 0.0721811 0)
(1.01989 0.0672345 0)
(1.01603 0.0634668 0)
(1.01273 0.0583072 0)
(1.00969 0.0539717 0)
(1.00721 0.0487726 0)
(1.00503 0.0442678 0)
(1.00336 0.0392803 0)
(1.00198 0.0349623 0)
(1.00102 0.0304377 0)
(1.0003 0.0265909 0)
(0.999892 0.0227226 0)
(0.999644 0.0195265 0)
(0.99959 0.0164021 0)
(0.999611 0.0138919 0)
(0.999717 0.0114437 0)
(0.99982 0.0094654 0)
(0.999927 0.00742647 0)
(0.999986 0.00561103 0)
(1.00001 0.00351408 0)
(1 0.00132146 0)
(1.04414 0.0812724 0)
(1.03959 0.0768452 0)
(1.03478 0.0757722 0)
(1.03042 0.0714977 0)
(1.02601 0.0690185 0)
(1.02206 0.0645206 0)
(1.01824 0.0610798 0)
(1.01489 0.0563277 0)
(1.01179 0.0523044 0)
(1.00919 0.0474504 0)
(1.00688 0.0432084 0)
(1.00503 0.0384895 0)
(1.00348 0.0343679 0)
(1.00233 0.0300327 0)
(1.00143 0.0263145 0)
(1.00084 0.0225643 0)
(1.00043 0.0194378 0)
(1.00021 0.016374 0)
(1.00009 0.0138889 0)
(1.00007 0.011461 0)
(1.00006 0.00948084 0)
(1.00008 0.00744034 0)
(1.00007 0.00561435 0)
(1.00004 0.00351249 0)
(1 0.00131787 0)
(1.04538 0.0767273 0)
(1.041 0.0727729 0)
(1.03643 0.0718668 0)
(1.03221 0.0680307 0)
(1.02795 0.0658183 0)
(1.02405 0.0617416 0)
(1.02028 0.0586093 0)
(1.01691 0.0542482 0)
(1.01377 0.0505278 0)
(1.01106 0.0460133 0)
(1.00864 0.0420341 0)
(1.00664 0.037587 0)
(1.00494 0.0336684 0)
(1.00362 0.0295315 0)
(1.00255 0.0259515 0)
(1.00178 0.0223304 0)
(1.0012 0.0192832 0)
(1.00083 0.016291 0)
(1.00057 0.0138394 0)
(1.00042 0.0114414 0)
(1.00031 0.00946582 0)
(1.00023 0.0074318 0)
(1.00015 0.00560074 0)
(1.00007 0.00350126 0)
(1.00001 0.00131049 0)
(1.0464 0.0722762 0)
(1.04221 0.0687538 0)
(1.03787 0.067993 0)
(1.03379 0.0645603 0)
(1.02968 0.0625917 0)
(1.02586 0.0589085 0)
(1.02215 0.056066 0)
(1.01878 0.0520779 0)
(1.01562 0.0486499 0)
(1.01283 0.0444674 0)
(1.01032 0.0407491 0)
(1.00819 0.0365753 0)
(1.00636 0.0328648 0)
(1.00486 0.0289335 0)
(1.00364 0.0255004 0)
(1.0027 0.0220185 0)
(1.00197 0.0190603 0)
(1.00144 0.0161502 0)
(1.00105 0.0137407 0)
(1.00077 0.011382 0)
(1.00055 0.00941822 0)
(1.00038 0.00739898 0)
(1.00023 0.0055689 0)
(1.0001 0.00347958 0)
(1.00001 0.00129904 0)
(1.04724 0.0679219 0)
(1.04322 0.064793 0)
(1.03911 0.064158 0)
(1.03518 0.0610952 0)
(1.03123 0.0593484 0)
(1.0275 0.0560314 0)
(1.02386 0.0534602 0)
(1.0205 0.0498261 0)
(1.01734 0.046679 0)
(1.01449 0.0428192 0)
(1.01191 0.0393585 0)
(1.00967 0.0354574 0)
(1.00771 0.0319584 0)
(1.00607 0.0282385 0)
(1.00471 0.0249603 0)
(1.00361 0.0216266 0)
(1.00273 0.0187669 0)
(1.00205 0.0159487 0)
(1.00153 0.0135904 0)
(1.00112 0.0112804 0)
(1.0008 0.00933599 0)
(1.00053 0.00734005 0)
(1.00031 0.00551756 0)
(1.00013 0.00344662 0)
(1.00001 0.00128322 0)
(1.04789 0.063666 0)
(1.04406 0.0608942 0)
(1.04016 0.0603674 0)
(1.03638 0.0576427 0)
(1.03259 0.0560972 0)
(1.02896 0.0531197 0)
(1.02541 0.0508014 0)
(1.02208 0.0475018 0)
(1.01892 0.0446232 0)
(1.01604 0.0410754 0)
(1.01341 0.0378675 0)
(1.01107 0.0342367 0)
(1.009 0.0309515 0)
(1.00723 0.0274472 0)
(1.00573 0.0243307 0)
(1.00449 0.0211533 0)
(1.00347 0.0184011 0)
(1.00265 0.0156841 0)
(1.002 0.0133861 0)
(1.00147 0.0111341 0)
(1.00104 0.00921715 0)
(1.00068 0.00725313 0)
(1.00039 0.00544548 0)
(1.00015 0.00340151 0)
(1.00001 0.00126279 0)
(1.04838 0.0595084 0)
(1.04473 0.05706 0)
(1.04104 0.0566258 0)
(1.03742 0.054209 0)
(1.03378 0.0528456 0)
(1.03025 0.0501816 0)
(1.02679 0.0480982 0)
(1.02351 0.0451135 0)
(1.02038 0.0424904 0)
(1.01748 0.0392426 0)
(1.0148 0.0362815 0)
(1.01238 0.0329173 0)
(1.01023 0.0298466 0)
(1.00834 0.0265605 0)
(1.00672 0.0236117 0)
(1.00534 0.0205974 0)
(1.00419 0.0179612 0)
(1.00324 0.0153543 0)
(1.00246 0.0131257 0)
(1.00181 0.0109406 0)
(1.00128 0.00905981 0)
(1.00083 0.00713642 0)
(1.00047 0.0053515 0)
(1.00018 0.00334338 0)
(1.00001 0.00123749 0)
(1.04872 0.0554481 0)
(1.04525 0.0532916 0)
(1.04176 0.0529362 0)
(1.03829 0.0507992 0)
(1.0348 0.0495998 0)
(1.03138 0.0472245 0)
(1.02803 0.0453587 0)
(1.02479 0.0426689 0)
(1.0217 0.0402881 0)
(1.01879 0.0373275 0)
(1.01609 0.0346062 0)
(1.01362 0.0315032 0)
(1.01139 0.0286466 0)
(1.0094 0.0255801 0)
(1.00767 0.0228036 0)
(1.00616 0.0199584 0)
(1.00489 0.0174462 0)
(1.00381 0.0149575 0)
(1.00291 0.0128074 0)
(1.00215 0.010698 0)
(1.00152 0.00886222 0)
(1.00098 0.0069882 0)
(1.00055 0.0052345 0)
(1.00021 0.00327137 0)
(1.00001 0.00120712 0)
(1.04893 0.0514825 0)
(1.04564 0.0495892 0)
(1.04233 0.0493001 0)
(1.03901 0.0474167 0)
(1.03567 0.046365 0)
(1.03237 0.0442545 0)
(1.02911 0.0425895 0)
(1.02594 0.0401754 0)
(1.02289 0.0380233 0)
(1.01999 0.0353365 0)
(1.01728 0.0328471 0)
(1.01476 0.0299988 0)
(1.01247 0.0273547 0)
(1.01039 0.0245077 0)
(1.00856 0.0219074 0)
(1.00695 0.0192359 0)
(1.00556 0.0168551 0)
(1.00436 0.014492 0)
(1.00335 0.0124294 0)
(1.00247 0.0104043 0)
(1.00175 0.00862271 0)
(1.00112 0.00680685 0)
(1.00062 0.00509342 0)
(1.00024 0.00318463 0)
(1.00001 0.00117147 0)
(1.04902 0.047608 0)
(1.04589 0.0459514 0)
(1.04276 0.045718 0)
(1.03959 0.044064 0)
(1.0364 0.0431446 0)
(1.03321 0.0412768 0)
(1.03005 0.0397968 0)
(1.02696 0.0376392 0)
(1.02396 0.0357025 0)
(1.02108 0.0332757 0)
(1.01836 0.0310096 0)
(1.01581 0.0284087 0)
(1.01347 0.0259744 0)
(1.01132 0.0233457 0)
(1.00941 0.0209243 0)
(1.00769 0.0184304 0)
(1.0062 0.0161875 0)
(1.00489 0.0139568 0)
(1.00377 0.0119905 0)
(1.00279 0.0100578 0)
(1.00197 0.00833981 0)
(1.00127 0.00659089 0)
(1.0007 0.00492729 0)
(1.00026 0.00308238 0)
(1.00001 0.00113036 0)
(1.04901 0.04382 0)
(1.04604 0.042376 0)
(1.04308 0.0421889 0)
(1.04004 0.0407421 0)
(1.03699 0.0399413 0)
(1.03392 0.0382952 0)
(1.03086 0.036985 0)
(1.02784 0.0350657 0)
(1.0249 0.0333313 0)
(1.02205 0.0311506 0)
(1.01934 0.0290989 0)
(1.01677 0.0267371 0)
(1.01439 0.0245091 0)
(1.01219 0.0220965 0)
(1.0102 0.0198558 0)
(1.00839 0.0175422 0)
(1.0068 0.0154432 0)
(1.00539 0.0133512 0)
(1.00417 0.0114893 0)
(1.00309 0.00965709 0)
(1.00218 0.00801217 0)
(1.0014 0.00633902 0)
(1.00077 0.00473519 0)
(1.00029 0.00296389 0)
(1.00001 0.00108364 0)
(1.04891 0.0401126 0)
(1.0461 0.0388594 0)
(1.04328 0.0387107 0)
(1.04039 0.0374508 0)
(1.03747 0.0367559 0)
(1.0345 0.0353122 0)
(1.03155 0.0341579 0)
(1.02861 0.0324595 0)
(1.02573 0.0309145 0)
(1.02292 0.0289661 0)
(1.02022 0.0271197 0)
(1.01765 0.0249883 0)
(1.01524 0.0229623 0)
(1.01298 0.0207628 0)
(1.01093 0.0187037 0)
(1.00904 0.0165723 0)
(1.00737 0.0146223 0)
(1.00586 0.0126746 0)
(1.00455 0.0109252 0)
(1.00338 0.00920111 0)
(1.00239 0.00763867 0)
(1.00153 0.00605014 0)
(1.00084 0.00451633 0)
(1.00031 0.00282851 0)
(1.00001 0.00103116 0)
(1.04874 0.036479 0)
(1.04607 0.0353972 0)
(1.0434 0.0352798 0)
(1.04063 0.0341884 0)
(1.03783 0.0335883 0)
(1.03498 0.032329 0)
(1.03212 0.0313176 0)
(1.02926 0.0298237 0)
(1.02645 0.028456 0)
(1.02367 0.0267265 0)
(1.021 0.0250761 0)
(1.01843 0.0231662 0)
(1.016 0.0213375 0)
(1.01371 0.0193473 0)
(1.0116 0.0174699 0)
(1.00965 0.015522 0)
(1.00789 0.0137253 0)
(1.00631 0.0119269 0)
(1.0049 0.0102975 0)
(1.00366 0.00868904 0)
(1.00258 0.00721839 0)
(1.00166 0.00572334 0)
(1.00091 0.00426998 0)
(1.00034 0.0026757 0)
(1.00001 0.000972806 0)
(1.04851 0.0329115 0)
(1.04598 0.0319833 0)
(1.04343 0.0318915 0)
(1.04078 0.030952 0)
(1.0381 0.0304368 0)
(1.03535 0.0293456 0)
(1.03259 0.0284653 0)
(1.02981 0.0271605 0)
(1.02706 0.0259586 0)
(1.02433 0.0244351 0)
(1.02169 0.0229716 0)
(1.01912 0.0212741 0)
(1.01668 0.0196376 0)
(1.01436 0.0178525 0)
(1.01221 0.0161564 0)
(1.0102 0.0143925 0)
(1.00838 0.0127531 0)
(1.00672 0.0111085 0)
(1.00524 0.00960611 0)
(1.00391 0.00812036 0)
(1.00276 0.00675067 0)
(1.00177 0.00535794 0)
(1.00097 0.00399558 0)
(1.00036 0.00250504 0)
(1.00001 0.00090847 0)
(1.04824 0.0294009 0)
(1.04583 0.028611 0)
(1.0434 0.0285398 0)
(1.04087 0.0277375 0)
(1.03829 0.0272981 0)
(1.03564 0.0263604 0)
(1.03297 0.0256004 0)
(1.03026 0.0244706 0)
(1.02757 0.0234238 0)
(1.0249 0.0220941 0)
(1.02228 0.0208088 0)
(1.01973 0.019315 0)
(1.01729 0.0178654 0)
(1.01495 0.0162809 0)
(1.01276 0.0147651 0)
(1.0107 0.0131854 0)
(1.00882 0.0117065 0)
(1.00709 0.0102197 0)
(1.00554 0.008851 0)
(1.00415 0.0074949 0)
(1.00293 0.0062351 0)
(1.00188 0.00495352 0)
(1.00102 0.0036927 0)
(1.00038 0.00231622 0)
(1.00001 0.000838072 0)
(1.04794 0.0259373 0)
(1.04565 0.0252718 0)
(1.04332 0.0252171 0)
(1.04089 0.0245389 0)
(1.03841 0.0241678 0)
(1.03585 0.0233703 0)
(1.03326 0.022721 0)
(1.03063 0.0217535 0)
(1.028 0.0208519 0)
(1.02537 0.0197049 0)
(1.02279 0.0185894 0)
(1.02026 0.0172909 0)
(1.01781 0.0160231 0)
(1.01546 0.0146347 0)
(1.01324 0.0132981 0)
(1.01115 0.0119022 0)
(1.00922 0.0105868 0)
(1.00743 0.00926136 0)
(1.00582 0.00803258 0)
(1.00436 0.00681276 0)
(1.00309 0.00567157 0)
(1.00198 0.00450987 0)
(1.00108 0.00336108 0)
(1.0004 0.00210907 0)
(1.00001 0.000761557 0)
(1.04763 0.0225092 0)
(1.04544 0.0219561 0)
(1.0432 0.0219144 0)
(1.04086 0.0213489 0)
(1.03847 0.0210394 0)
(1.036 0.0203707 0)
(1.03348 0.0198236 0)
(1.03092 0.019007 0)
(1.02835 0.0182419 0)
(1.02577 0.0172673 0)
(1.02322 0.0163142 0)
(1.02071 0.0152032 0)
(1.01827 0.0141123 0)
(1.01591 0.0129156 0)
(1.01367 0.0117569 0)
(1.01155 0.0105446 0)
(1.00957 0.00939504 0)
(1.00774 0.00823447 0)
(1.00607 0.00715151 0)
(1.00456 0.00607439 0)
(1.00323 0.00506027 0)
(1.00207 0.00402709 0)
(1.00112 0.00300068 0)
(1.00042 0.00188357 0)
(1.00001 0.000678904 0)
(1.04732 0.0191034 0)
(1.04522 0.0186524 0)
(1.04306 0.0186211 0)
(1.04081 0.0181585 0)
(1.03849 0.017905 0)
(1.03609 0.017355 0)
(1.03365 0.0169029 0)
(1.03115 0.0162274 0)
(1.02863 0.0155912 0)
(1.02609 0.0147799 0)
(1.02357 0.0139827 0)
(1.02108 0.0130521 0)
(1.01865 0.0121338 0)
(1.01629 0.0111249 0)
(1.01404 0.010143 0)
(1.01189 0.00911389 0)
(1.00988 0.00813272 0)
(1.008 0.00714025 0)
(1.00629 0.00620875 0)
(1.00473 0.00528057 0)
(1.00335 0.00440171 0)
(1.00215 0.00350555 0)
(1.00117 0.00261166 0)
(1.00043 0.00163983 0)
(1.00001 0.000590135 0)
(1.04702 0.0157052 0)
(1.045 0.0153476 0)
(1.04292 0.0153246 0)
(1.04073 0.0149566 0)
(1.03848 0.0147546 0)
(1.03615 0.0143149 0)
(1.03376 0.0139519 0)
(1.03132 0.0134089 0)
(1.02884 0.0128953 0)
(1.02635 0.0122399 0)
(1.02386 0.0115928 0)
(1.02139 0.0108369 0)
(1.01897 0.0100876 0)
(1.01661 0.00926333 0)
(1.01434 0.00845747 0)
(1.01218 0.00761156 0)
(1.01014 0.00680122 0)
(1.00823 0.00598013 0)
(1.00647 0.00520555 0)
(1.00487 0.00443242 0)
(1.00345 0.00369676 0)
(1.00222 0.00294595 0)
(1.0012 0.00219447 0)
(1.00044 0.00137816 0)
(1.00001 0.000495317 0)
(1.04676 0.0122975 0)
(1.0448 0.0120264 0)
(1.04277 0.01201 0)
(1.04065 0.0117299 0)
(1.03845 0.0115759 0)
(1.03617 0.0112398 0)
(1.03384 0.0109611 0)
(1.03144 0.0105442 0)
(1.02901 0.0101481 0)
(1.02655 0.00964246 0)
(1.02408 0.00914136 0)
(1.02163 0.00855552 0)
(1.01922 0.00797263 0)
(1.01687 0.00733081 0)
(1.01459 0.00670088 0)
(1.01241 0.00603879 0)
(1.01035 0.00540198 0)
(1.00841 0.00475573 0)
(1.00663 0.00414349 0)
(1.00499 0.00353145 0)
(1.00354 0.00294669 0)
(1.00228 0.00234935 0)
(1.00123 0.00174982 0)
(1.00045 0.00109902 0)
(1.00001 0.000394577 0)
(1.04654 0.00886079 0)
(1.04464 0.00867069 0)
(1.04265 0.00865987 0)
(1.04057 0.00846283 0)
(1.03842 0.00835412 0)
(1.03618 0.0081166 0)
(1.03388 0.00791893 0)
(1.03152 0.00762316 0)
(1.02912 0.00734124 0)
(1.02669 0.00698126 0)
(1.02425 0.0066234 0)
(1.02182 0.00620478 0)
(1.01941 0.00578702 0)
(1.01706 0.00532665 0)
(1.01478 0.00487344 0)
(1.01259 0.00439656 0)
(1.01051 0.00393643 0)
(1.00855 0.00346888 0)
(1.00674 0.00302445 0)
(1.00509 0.00257957 0)
(1.00361 0.00215315 0)
(1.00232 0.00171718 0)
(1.00126 0.00127871 0)
(1.00046 0.000803081 0)
(1.00001 0.000288117 0)
(1.04638 0.00537271 0)
(1.04451 0.00525989 0)
(1.04256 0.00525387 0)
(1.04051 0.00513639 0)
(1.03839 0.00507151 0)
(1.03618 0.00492945 0)
(1.03391 0.00481098 0)
(1.03157 0.0046336 0)
(1.0292 0.00446419 0)
(1.02678 0.00424775 0)
(1.02436 0.00403217 0)
(1.02194 0.00377981 0)
(1.01954 0.0035275 0)
(1.01719 0.0032492 0)
(1.01491 0.0029747 0)
(1.01271 0.00268555 0)
(1.01062 0.00240598 0)
(1.00865 0.00212156 0)
(1.00683 0.00185063 0)
(1.00515 0.00157909 0)
(1.00366 0.00131825 0)
(1.00235 0.00105134 0)
(1.00127 0.000782655 0)
(1.00047 0.000491384 0)
(1.00001 0.000176272 0)
(1.0463 0.00180675 0)
(1.04445 0.00176869 0)
(1.04251 0.00176719 0)
(1.04048 0.00172776 0)
(1.03837 0.00170634 0)
(1.03618 0.00165878 0)
(1.03392 0.00161932 0)
(1.0316 0.00155995 0)
(1.02923 0.00150333 0)
(1.02683 0.00143084 0)
(1.02442 0.00135865 0)
(1.022 0.00127403 0)
(1.01961 0.0011894 0)
(1.01726 0.00109595 0)
(1.01498 0.00100372 0)
(1.01277 0.000906468 0)
(1.01068 0.000812361 0)
(1.0087 0.000716529 0)
(1.00687 0.000625168 0)
(1.00519 0.000533511 0)
(1.00368 0.000445388 0)
(1.00237 0.000355143 0)
(1.00128 0.000264304 0)
(1.00047 0.000165877 0)
(1.00001 5.95285e-05 0)
)
;

boundaryField
{
    inlet
    {
        type            uniformFixedValue;
        uniformValue    constant (1 0 0);
        value           uniform (1 0 0);
    }
    outlet
    {
        type            pressureInletOutletVelocity;
        value           nonuniform 0();
    }
    cylinder
    {
        type            fixedValue;
        value           nonuniform 0();
    }
    top
    {
        type            symmetryPlane;
    }
    bottom
    {
        type            symmetryPlane;
    }
    defaultFaces
    {
        type            empty;
    }
    procBoundary12to8
    {
        type            processor;
        value           nonuniform List<vector> 
55
(
(1.16948 0.220619 -4.55601e-20)
(1.16157 0.225766 -4.05378e-20)
(1.1534 0.230662 -5.12656e-20)
(1.14499 0.235293 -4.82307e-22)
(1.13634 0.239647 -3.55657e-20)
(1.12134 0.228934 -5.10405e-20)
(1.12134 0.228934 -5.10405e-20)
(1.11275 0.232346 8.41336e-20)
(1.10396 0.235456 -9.61436e-20)
(1.095 0.238253 2.15959e-20)
(1.08245 0.225586 -3.81132e-22)
(1.08245 0.225586 -3.81132e-22)
(1.07373 0.227482 3.73427e-21)
(1.06487 0.229056 1.43463e-20)
(1.05456 0.215493 4.79044e-21)
(1.05456 0.215493 4.79044e-21)
(1.04604 0.216266 -1.33244e-21)
(1.03744 0.216718 -1.41838e-20)
(1.02876 0.203465 -1.54052e-20)
(1.02876 0.203465 -1.54052e-20)
(1.02059 0.203208 1.18242e-20)
(1.01239 0.202612 -2.39417e-20)
(1.00653 0.188865 -4.02069e-20)
(1.00653 0.188865 -4.02069e-20)
(0.99908 0.187693 -1.28375e-19)
(0.998808 0.173276 1.17204e-20)
(0.998808 0.173276 1.17204e-20)
(0.99722 0.167409 -5.28079e-20)
(0.99722 0.167409 -5.28079e-20)
(0.990047 0.167385 4.68764e-20)
(0.981253 0.167862 0)
(0.975814 0.144106 0)
(0.969062 0.135149 0)
(0.966819 0.117323 0)
(0.964185 0.106371 0)
(0.964366 0.0922913 0)
(0.964261 0.0818494 0)
(0.965986 0.0704533 0)
(0.967452 0.0613853 0)
(0.970067 0.0522289 0)
(0.972397 0.0447702 0)
(0.975404 0.0375696 0)
(0.978078 0.0317031 0)
(0.981112 0.0262178 0)
(0.983767 0.021822 0)
(0.986574 0.0178237 0)
(0.988971 0.0147235 0)
(0.991388 0.0119722 0)
(0.993371 0.00993088 0)
(0.995287 0.00811702 0)
(0.996749 0.00677004 0)
(0.998092 0.00543421 0)
(0.998971 0.00424336 0)
(0.9997 0.0027704 0)
(0.999957 0.00108518 0)
)
;
    }
    procBoundary12to9
    {
        type            processor;
        value           uniform (1.16838 0.202791 -5.49574e-21);
    }
    procBoundary12to13
    {
        type            processor;
        value           nonuniform List<vector> 
46
(
(1.14913 0.151611 -2.09615e-20)
(1.16692 0.186167 6.47779e-20)
(1.15893 0.17521 -4.98736e-20)
(1.15126 0.164845 -1.48757e-20)
(1.15126 0.164845 -1.48757e-20)
(1.14348 0.142623 -5.66443e-21)
(1.13936 0.136959 3.05791e-21)
(1.1357 0.131405 8.54163e-21)
(1.13244 0.125984 5.88602e-21)
(1.12932 0.120718 -1.24164e-20)
(1.1263 0.115688 -4.82647e-21)
(1.12335 0.110817 8.14958e-21)
(1.12047 0.106096 1.88941e-21)
(1.11765 0.10152 -3.83553e-22)
(1.11489 0.0970847 -5.34556e-21)
(1.11219 0.0927881 1.84367e-21)
(1.10957 0.0886206 -6.52971e-21)
(1.10701 0.0845671 6.6587e-21)
(1.10451 0.0806284 3.48268e-21)
(1.10207 0.0768069 -6.27013e-22)
(1.09969 0.0730943 -1.63549e-21)
(1.09739 0.0694831 -2.76645e-21)
(1.09514 0.0659671 4.22698e-21)
(1.09297 0.0625406 -1.4013e-21)
(1.09086 0.0591977 1.09046e-21)
(1.08743 0.0567441 -9.46943e-22)
(1.08743 0.0567441 -9.46943e-22)
(1.08553 0.0534813 6.93598e-22)
(1.08368 0.0502908 9.29394e-23)
(1.0819 0.0471672 -2.5389e-22)
(1.08017 0.0441054 -4.12171e-22)
(1.07851 0.0411004 2.34454e-23)
(1.07691 0.0381456 -2.54895e-22)
(1.07538 0.0352357 -8.65065e-23)
(1.07391 0.0323671 1.00607e-23)
(1.07252 0.0295339 4.41072e-23)
(1.0712 0.0267302 1.74878e-23)
(1.06997 0.0239497 1.83176e-22)
(1.06883 0.0211857 -2.30294e-22)
(1.06779 0.0184303 1.84571e-22)
(1.06685 0.0156751 -8.673e-23)
(1.06604 0.0129095 1.07097e-22)
(1.06536 0.0101242 -3.00818e-22)
(1.06483 0.00729726 -5.67944e-22)
(1.06446 0.00443802 -3.68587e-22)
(1.06428 0.00146113 -1.26206e-22)
)
;
    }
}


// ************************************************************************* //
