/*--------------------------------*- C++ -*----------------------------------*\
  =========                 |
  \\      /  F ield         | OpenFOAM: The Open Source CFD Toolbox
   \\    /   O peration     | Website:  https://openfoam.org
    \\  /    A nd           | Version:  7
     \\/     M anipulation  |
\*---------------------------------------------------------------------------*/
FoamFile
{
    version     2.0;
    format      ascii;
    class       surfaceScalarField;
    location    "70";
    object      phi;
}
// * * * * * * * * * * * * * * * * * * * * * * * * * * * * * * * * * * * * * //

dimensions      [0 3 -1 0 0 0 0];

internalField   nonuniform List<scalar> 
3869
(
0.000162986
-0.00580641
-0.00604037
0.000172628
-0.00515431
0.00014536
-0.00534942
0.00011615
-0.00555619
8.49338e-05
-0.0057752
-0.00600708
0.000188677
-0.00461024
0.000163479
-0.00477179
0.000136322
-0.0049432
0.00010721
-0.0051252
7.60968e-05
-0.00531831
4.29111e-05
-0.005523
7.57645e-06
-0.00573986
-0.00596954
0.000185692
-0.00428824
0.000161446
-0.00443289
0.000134811
-0.00458361
0.000106071
-0.00474305
7.52978e-05
-0.00491242
4.24703e-05
-0.00509237
7.52553e-06
-0.00528336
-2.95989e-05
-0.00548588
-6.90042e-05
-0.00570046
-0.00592776
0.000184987
-0.00397545
0.00016428
-0.00412338
0.000139459
-0.00426342
0.000111707
-0.00440514
8.15945e-05
-0.0045535
4.93367e-05
-0.00471079
1.49649e-05
-0.00487805
-2.15503e-05
-0.00505586
-6.02834e-05
-0.00524463
-0.000101334
-0.00544483
-0.000144795
-0.005657
-0.00588178
0.000176298
-0.00358506
0.000165675
-0.00379286
0.000146772
-0.00395654
0.00012222
-0.00409883
9.38271e-05
-0.00423502
6.26176e-05
-0.00437393
2.90573e-05
-0.00451994
-6.70025e-06
-0.00467503
-4.46309e-05
-0.00484012
-8.48107e-05
-0.00501568
-0.000127319
-0.00520212
-0.000172259
-0.00539989
-0.00021974
-0.00560952
-0.000269878
-0.00583164
-0.0060669
0.00015202
-0.00331371
0.000147382
-0.00358042
0.000132046
-0.00377753
0.000109003
-0.0039335
8.07216e-05
-0.00407055
4.88299e-05
-0.00420313
1.42034e-05
-0.0043393
-2.27674e-05
-0.00448297
-6.19809e-05
-0.00463582
-0.000103465
-0.00479864
-0.000147285
-0.00497186
-0.000193536
-0.00515587
-0.000242331
-0.00535109
-0.000293794
-0.00555805
-0.000348054
-0.00577738
-0.00600973
0.000108357
-0.00249364
0.000125337
-0.00296539
0.000128386
-0.00331676
0.000118625
-0.00357066
9.87679e-05
-0.00375767
7.17319e-05
-0.00390647
3.98269e-05
-0.00403864
4.48356e-06
-0.00416779
-3.34984e-05
-0.00430132
-7.38505e-05
-0.00444261
-0.000116506
-0.00459316
-0.000161508
-0.00475363
-0.000208936
-0.00492443
-0.000258896
-0.00510591
-0.00031151
-0.00529848
-0.000366914
-0.00550265
-0.000425252
-0.00571904
-0.00594833
4.15017e-05
-0.00122259
7.2027e-05
-0.00192744
9.57492e-05
-0.00251736
0.000107153
-0.0029768
0.000104784
-0.00331439
9.00991e-05
-0.00355597
6.58965e-05
-0.00373347
3.49988e-05
-0.00387557
-4.87373e-07
-0.00400316
-3.91526e-05
-0.00412912
-8.04664e-05
-0.00426001
-0.000124172
-0.00439891
-0.000170238
-0.0045471
-0.000218727
-0.00470515
-0.000269731
-0.00487343
-0.000323364
-0.00505227
-0.000379757
-0.00524209
-0.000439059
-0.00544335
-0.000501428
-0.00565667
-0.00588275
1.27202e-05
-0.000450329
3.79801e-05
-0.00124785
6.43493e-05
-0.00195381
8.29402e-05
-0.00253595
8.8892e-05
-0.00298275
8.12861e-05
-0.00330678
6.18667e-05
-0.00353656
3.34805e-05
-0.00370508
-1.16426e-06
-0.00384092
-4.00429e-05
-0.00396428
-8.20724e-05
-0.00408709
-0.00012668
-0.0042154
-0.000173704
-0.00435188
-0.00022315
-0.00449765
-0.000275093
-0.0046532
-0.000329637
-0.00481888
-0.000386905
-0.00499501
-0.000447036
-0.00518196
-0.000510187
-0.0053802
-0.000576536
-0.00559033
-0.000646243
-0.00581305
-0.00604902
1.17724e-05
-0.000462101
3.43063e-05
-0.00127039
5.64787e-05
-0.00197598
6.99886e-05
-0.00254946
7.06219e-05
-0.00298338
5.79566e-05
-0.00329412
3.39816e-05
-0.00351258
1.5644e-06
-0.00367266
-3.66849e-05
-0.00380267
-7.89632e-05
-0.003922
-0.000124256
-0.0040418
-0.000172116
-0.00416754
-0.000222425
-0.00430158
-0.000275215
-0.00444486
-0.000330577
-0.00459784
-0.000388624
-0.00476083
-0.000449485
-0.00493415
-0.000513308
-0.00511813
-0.000580261
-0.00531324
-0.000650534
-0.00552005
-0.00072431
-0.00573927
-0.00597163
1.07694e-05
-0.000472871
3.05015e-05
-0.00129012
4.84553e-05
-0.00199394
5.69492e-05
-0.00255796
5.24032e-05
-0.00297884
3.48515e-05
-0.00327656
6.49321e-06
-0.00348422
-2.98131e-05
-0.00363636
-7.15879e-05
-0.0037609
-0.000117174
-0.00387642
-0.000165683
-0.00399329
-0.000216753
-0.00411647
-0.00027031
-0.00424802
-0.000326409
-0.00438876
-0.000385152
-0.0045391
-0.000446661
-0.00469933
-0.000511073
-0.00486973
-0.000578541
-0.00505066
-0.000649243
-0.00524254
-0.000723382
-0.00544591
-0.000801162
-0.00566149
-0.00589006
9.71759e-06
-0.000482588
2.65869e-05
-0.00130699
4.03175e-05
-0.00200767
4.38733e-05
-0.00256151
3.42887e-05
-0.00296925
1.20253e-05
-0.0032543
-2.05617e-05
-0.00345163
-6.06276e-05
-0.00359629
-0.000105829
-0.0037157
-0.000154655
-0.00382759
-0.000206331
-0.00394161
-0.000260571
-0.00406223
-0.000317339
-0.00419125
-0.000376707
-0.00432939
-0.00043879
-0.00447702
-0.000503719
-0.0046344
-0.000571636
-0.00480182
-0.000642701
-0.0049796
-0.000717097
-0.00516814
-0.00079504
-0.00536797
-0.000876756
-0.00557977
-0.00096242
-0.0058044
-0.00604236
8.62394e-06
-0.000491212
2.25829e-05
-0.00132095
3.21021e-05
-0.00201719
3.08112e-05
-0.00256022
1.63233e-05
-0.00295476
-1.04831e-05
-0.00322749
-4.71445e-05
-0.00341497
-9.08497e-05
-0.00355259
-0.000139388
-0.00366716
-0.000191389
-0.00377559
-0.000246185
-0.00388682
-0.000303552
-0.00400486
-0.000363489
-0.00413131
-0.000426086
-0.0042668
-0.000491467
-0.00441164
-0.00055977
-0.00456609
-0.000631144
-0.00473044
-0.000705754
-0.00490499
-0.000783789
-0.00509011
-0.000865473
-0.00528629
-0.000951051
-0.0054942
-0.00104074
-0.00571471
-0.00594848
7.49638e-06
-0.000498708
1.85082e-05
-0.00133196
2.38427e-05
-0.00202252
1.78085e-05
-0.00255419
-1.32026e-06
-0.00293563
-3.26285e-05
-0.00319619
-7.32299e-05
-0.00337437
-0.000120458
-0.00350536
-0.000172247
-0.00361537
-0.00022736
-0.00372048
-0.000285226
-0.00382895
-0.000345677
-0.00394441
-0.000408741
-0.00406825
-0.000474523
-0.00420101
-0.000543157
-0.004343
-0.000614787
-0.00449446
-0.000689568
-0.00465566
-0.000767671
-0.00482689
-0.000849287
-0.00500849
-0.000934647
-0.00520093
-0.00102401
-0.00540483
-0.00111763
-0.00562109
-0.00585046
6.34077e-06
-0.000505049
1.43812e-05
-0.00134
1.55699e-05
-0.00202371
4.92527e-06
-0.00254354
-1.897e-05
-0.00291174
-5.44097e-05
-0.00316075
-9.87898e-05
-0.00332999
-0.000149431
-0.00345472
-0.00020439
-0.00356041
-0.000262555
-0.00366231
-0.00032344
-0.00376807
-0.000386929
-0.00388092
-0.000453075
-0.0040021
-0.000521997
-0.00413209
-0.000593835
-0.00427116
-0.000668742
-0.00441956
-0.00074688
-0.00457752
-0.000828421
-0.00474535
-0.000913561
-0.00492335
-0.00100253
-0.00511196
-0.0010956
-0.00531176
-0.00119307
-0.00552362
-0.00129515
-0.00574837
-0.00598619
5.16147e-06
-0.000510211
1.02283e-05
-0.00134507
7.30369e-06
-0.00202078
-7.91363e-06
-0.00252833
-3.62286e-05
-0.00288342
-7.57674e-05
-0.00312121
-0.000123801
-0.00328196
-0.000177751
-0.00340077
-0.000235802
-0.00350236
-0.000296958
-0.00360116
-0.000360813
-0.00370421
-0.000427292
-0.00381444
-0.000496473
-0.00393292
-0.000568484
-0.00406008
-0.000643477
-0.00419617
-0.000721611
-0.00434142
-0.000803051
-0.00449608
-0.000887975
-0.00466042
-0.00097658
-0.00483475
-0.0010691
-0.00501944
-0.0011658
-0.00521506
-0.00126701
-0.00542241
-0.00137305
-0.00564233
-0.00587548
3.96097e-06
-0.000514172
6.0698e-06
-0.00134718
-7.07501e-07
-0.00201401
-2.05752e-05
-0.00250846
-5.3201e-05
-0.0028508
-9.66818e-05
-0.00307773
-0.000148245
-0.00323039
-0.000205404
-0.00334361
-0.000266472
-0.00344129
-0.000330558
-0.00353707
-0.000397329
-0.00363744
-0.000466749
-0.00374502
-0.000538914
-0.00386076
-0.000613966
-0.00398503
-0.000692061
-0.00411808
-0.000773366
-0.00426012
-0.000858053
-0.0044114
-0.000946304
-0.00457217
-0.00103832
-0.00474273
-0.00113432
-0.00492344
-0.00123457
-0.0051148
-0.00133943
-0.00531756
-0.00144932
-0.00553245
-0.00576064
2.73932e-06
-0.000516911
1.87261e-06
-0.00134631
-9.11742e-06
-0.00200302
-3.30816e-05
-0.0024845
-6.98528e-05
-0.00281403
-0.000117132
-0.00303045
-0.000172104
-0.00317542
-0.000232377
-0.00328334
-0.000296386
-0.00337728
-0.000363343
-0.00347011
-0.000432977
-0.00356781
-0.000505286
-0.00367271
-0.000580383
-0.00378566
-0.00065842
-0.00390699
-0.000739563
-0.00403693
-0.000823983
-0.0041757
-0.00091186
-0.00432352
-0.00100338
-0.00448065
-0.00109874
-0.00464737
-0.00119817
-0.00482401
-0.00130191
-0.00501106
-0.00141032
-0.00520914
-0.00152394
-0.00541883
-0.00164279
-0.00564179
-0.00588155
1.48215e-06
-0.000518393
-2.32295e-06
-0.0013425
-1.7209e-05
-0.00198813
-4.53731e-05
-0.00245633
-8.61592e-05
-0.00277324
-0.000137099
-0.00297951
-0.000195363
-0.00311716
-0.000258657
-0.00322004
-0.000325536
-0.0033104
-0.000395302
-0.00340035
-0.000467742
-0.00349537
-0.000542886
-0.00359757
-0.00062086
-0.00370769
-0.000701828
-0.00382603
-0.00078596
-0.0039528
-0.000873438
-0.00408822
-0.000964445
-0.00423251
-0.00105918
-0.00438592
-0.00115783
-0.00454872
-0.00126062
-0.00472122
-0.00136778
-0.0049039
-0.00147967
-0.00509725
-0.00159689
-0.00530161
-0.00171967
-0.00551901
-0.0057554
6.19279e-08
-0.000518455
-6.53785e-06
-0.0013359
-2.51961e-05
-0.00196947
-5.74307e-05
-0.0024241
-0.000102098
-0.00272857
-0.000156565
-0.00292504
-0.000218009
-0.00305571
-0.000284235
-0.00315382
-0.000353911
-0.00324073
-0.000426424
-0.00332783
-0.000501614
-0.00342018
-0.000579535
-0.00351965
-0.00066033
-0.00362689
-0.000744169
-0.00374219
-0.000831232
-0.00386574
-0.000921705
-0.00399775
-0.00101578
-0.00413843
-0.00111366
-0.00428804
-0.00121555
-0.00444683
-0.00132165
-0.00461512
-0.00143219
-0.00479336
-0.00154751
-0.00498193
-0.00166822
-0.00518091
-0.00179471
-0.00539251
-0.00562529
-0.00192482
-1.0899e-06
-0.000517365
-1.06743e-05
-0.00132632
-3.30617e-05
-0.00194709
-6.92379e-05
-0.00238792
-0.000117652
-0.00268016
-0.000175516
-0.00286718
-0.000240031
-0.0029912
-0.000309102
-0.00308475
-0.000381502
-0.00316833
-0.0004567
-0.00325264
-0.00053458
-0.0033423
-0.00061522
-0.00343901
-0.000698776
-0.00354334
-0.000785425
-0.00365554
-0.000875356
-0.00377581
-0.000968761
-0.00390434
-0.00106584
-0.00404135
-0.0011668
-0.00418708
-0.00127186
-0.00434177
-0.00138123
-0.00450575
-0.00149513
-0.00467945
-0.00161393
-0.00486314
-0.00173811
-0.00505673
-0.00186756
-0.00526306
-0.00549164
-0.0020012
-2.29989e-06
-0.000515065
-1.47575e-05
-0.00131386
-4.07889e-05
-0.00192105
-8.07795e-05
-0.00234793
-0.000132803
-0.00262814
-0.00019394
-0.00280604
-0.000261421
-0.00292372
-0.000333249
-0.00301292
-0.000408303
-0.00309327
-0.000486121
-0.00317482
-0.000566629
-0.00326179
-0.000649927
-0.00335571
-0.000736181
-0.00345708
-0.000825577
-0.00356614
-0.000918311
-0.00368307
-0.00101458
-0.00380807
-0.0011146
-0.00394134
-0.00121858
-0.0040831
-0.00132673
-0.00423362
-0.0014393
-0.00439319
-0.00155655
-0.0045622
-0.00167889
-0.0047408
-0.00180674
-0.00492888
-0.00194045
-0.00512935
-0.0053596
-0.0020725
-3.53615e-06
-0.000511529
-1.87864e-05
-0.00129861
-4.83633e-05
-0.00189148
-9.20405e-05
-0.00230425
-0.00014754
-0.00257264
-0.000211826
-0.00274176
-0.000282169
-0.00285338
-0.000356671
-0.00293841
-0.000434304
-0.00301564
-0.000514677
-0.00309445
-0.000597749
-0.00317872
-0.000683642
-0.00326982
-0.00077253
-0.00336819
-0.000864608
-0.00347406
-0.000960077
-0.0035876
-0.00105914
-0.003709
-0.00116203
-0.00383846
-0.00126894
-0.00397619
-0.00138013
-0.00412243
-0.00149581
-0.0042775
-0.00161633
-0.00444168
-0.0017421
-0.00461503
-0.00187297
-0.00479801
-0.00200794
-0.00499438
-0.00520539
-0.00216214
-4.76856e-06
-0.000506761
-2.27511e-05
-0.00128063
-5.57716e-05
-0.00185846
-0.000103007
-0.00225702
-0.000161849
-0.00251379
-0.000229165
-0.00267444
-0.000302269
-0.00278027
-0.000379359
-0.00286132
-0.0004595
-0.0029355
-0.000542359
-0.00301159
-0.000627932
-0.00309315
-0.000716353
-0.0031814
-0.000807809
-0.00327674
-0.000902499
-0.00337937
-0.00100063
-0.00348947
-0.00110243
-0.00360721
-0.0012081
-0.00373278
-0.00131788
-0.0038664
-0.00143201
-0.00400831
-0.00155074
-0.00415877
-0.00167439
-0.00431803
-0.00180322
-0.0044862
-0.00193706
-0.00466417
-0.00207732
-0.00485413
-0.00505269
-0.00223002
-5.98795e-06
-0.000500773
-2.66418e-05
-0.00125998
-6.30016e-05
-0.0018221
-0.000113667
-0.00220635
-0.000175722
-0.00245174
-0.00024595
-0.00260421
-0.000321714
-0.00270451
-0.000401309
-0.00278173
-0.000483884
-0.00285292
-0.000569161
-0.00292631
-0.000657165
-0.00300514
-0.000748048
-0.00309051
-0.000842001
-0.00318278
-0.000939235
-0.00328214
-0.00103996
-0.00338874
-0.0011444
-0.00350277
-0.00125279
-0.0036244
-0.00136536
-0.00375384
-0.00148235
-0.00389132
-0.00160404
-0.00403708
-0.00173073
-0.00419133
-0.00186265
-0.00435428
-0.002
-0.00452682
-0.00214433
-0.0047098
-0.0048997
-0.00229732
-7.18948e-06
-0.000493583
-3.04501e-05
-0.00123672
-7.00421e-05
-0.00178251
-0.000124009
-0.00215239
-0.000189147
-0.0023866
-0.000262172
-0.00253119
-0.000340499
-0.00262618
-0.000422515
-0.00269971
-0.000507449
-0.00276799
-0.000595074
-0.00283868
-0.00068544
-0.00291478
-0.000778714
-0.00299724
-0.000875095
-0.0030864
-0.000974797
-0.00318244
-0.00107804
-0.0032855
-0.00118506
-0.00339575
-0.00129608
-0.00351338
-0.00141135
-0.00363857
-0.00153111
-0.00377155
-0.00165566
-0.00391254
-0.00178528
-0.00406172
-0.0019202
-0.00421936
-0.00206081
-0.0043862
-0.00220825
-0.00456235
-0.00474501
-0.00236294
-8.36968e-06
-0.000485213
-3.4168e-05
-0.00121092
-7.6883e-05
-0.00173979
-0.000134023
-0.00209525
-0.000202119
-0.0023185
-0.000277826
-0.00245548
-0.000358619
-0.00254539
-0.000442973
-0.00261536
-0.00053019
-0.00268077
-0.00062009
-0.00274878
-0.000712748
-0.00282212
-0.00080834
-0.00290165
-0.000907075
-0.00298767
-0.00100917
-0.00308034
-0.00111486
-0.00317981
-0.00122437
-0.00328624
-0.00133794
-0.00339981
-0.00145582
-0.00352069
-0.00157828
-0.00364909
-0.00170559
-0.00378523
-0.00183803
-0.00392928
-0.00197587
-0.00408152
-0.00211956
-0.00424251
-0.00226983
-0.00441208
-0.00458806
-0.00242679
-9.52561e-06
-0.000475688
-3.77884e-05
-0.00118265
-8.35151e-05
-0.00169406
-0.0001437
-0.00203506
-0.000214628
-0.00224758
-0.000292907
-0.0023772
-0.000376069
-0.00246223
-0.000462677
-0.00252875
-0.000552101
-0.00259135
-0.000644202
-0.00265668
-0.000739078
-0.00272724
-0.000836915
-0.00280381
-0.000937929
-0.00288665
-0.00104234
-0.00297592
-0.00115039
-0.00307176
-0.00126232
-0.00317432
-0.00137836
-0.00328377
-0.00149877
-0.00340027
-0.00162382
-0.00352404
-0.00175379
-0.00365526
-0.00188896
-0.00379411
-0.00202962
-0.00394086
-0.00217619
-0.00409594
-0.00232919
-0.00425908
-0.0044286
-0.00248865
-1.06546e-05
-0.000465033
-4.13048e-05
-0.001152
-8.993e-05
-0.00164544
-0.000153033
-0.00197196
-0.000226669
-0.00217394
-0.000307409
-0.00229646
-0.000392846
-0.00237679
-0.000481624
-0.00243997
-0.000573176
-0.0024998
-0.000667405
-0.00256246
-0.000764424
-0.00263022
-0.00086443
-0.0027038
-0.000967645
-0.00278344
-0.0010743
-0.00286927
-0.00118463
-0.00296143
-0.00129888
-0.00306007
-0.0014173
-0.00316534
-0.00154016
-0.00327742
-0.00166771
-0.00339649
-0.00180024
-0.00352272
-0.00193804
-0.00365631
-0.00208141
-0.00379749
-0.00223072
-0.00394663
-0.00238639
-0.00410342
-0.00426654
-0.00254845
-1.1754e-05
-0.000453279
-4.47111e-05
-0.00111905
-9.61202e-05
-0.00159403
-0.000162014
-0.00190606
-0.000238236
-0.00209772
-0.000321329
-0.00221337
-0.000408946
-0.00228917
-0.000499809
-0.00234911
-0.000593412
-0.00240619
-0.00068969
-0.00246618
-0.000788775
-0.00253114
-0.000890873
-0.00260171
-0.00099621
-0.0026781
-0.00110502
-0.00276046
-0.00121755
-0.0028489
-0.00133405
-0.00294357
-0.00145477
-0.00304463
-0.00157997
-0.00315222
-0.00170993
-0.00326653
-0.00184493
-0.00338772
-0.00198526
-0.00351598
-0.00213122
-0.00365153
-0.00228317
-0.00379468
-0.00244144
-0.00394514
-0.00410185
-0.00260613
-1.28214e-05
-0.000440458
-4.80018e-05
-0.00108387
-0.000102079
-0.00153995
-0.000170637
-0.00183751
-0.000249325
-0.00201903
-0.000334664
-0.00212803
-0.000424366
-0.00219947
-0.000517229
-0.00225625
-0.000612802
-0.00231062
-0.000711051
-0.00236793
-0.000812124
-0.00243006
-0.000916234
-0.0024976
-0.00102361
-0.00257072
-0.0011345
-0.00264957
-0.00124915
-0.00273426
-0.0013678
-0.00282492
-0.00149072
-0.0029217
-0.00161818
-0.00302476
-0.00175046
-0.00313426
-0.00188783
-0.00325035
-0.00203059
-0.00337322
-0.00217904
-0.00350308
-0.00233351
-0.00364021
-0.00249433
-0.00378433
-0.00393456
-0.00266161
-1.38545e-05
-0.000426603
-5.11719e-05
-0.00104655
-0.0001078
-0.00148332
-0.000178897
-0.00176641
-0.000259931
-0.001938
-0.000347409
-0.00204055
-0.000439103
-0.00210778
-0.000533881
-0.00216147
-0.000631343
-0.00221316
-0.000731484
-0.00226779
-0.000834465
-0.00232708
-0.000940506
-0.00239156
-0.00104984
-0.00246138
-0.00116273
-0.00253669
-0.0012794
-0.00261758
-0.00140012
-0.00270419
-0.00152516
-0.00279666
-0.00165479
-0.00289514
-0.00178928
-0.00299977
-0.00192892
-0.00311071
-0.00207401
-0.00322813
-0.00222484
-0.00335224
-0.00238175
-0.00348331
-0.00254504
-0.00362104
-0.00376474
-0.00271486
-1.48513e-05
-0.000411752
-5.42167e-05
-0.00100718
-0.000113277
-0.00142426
-0.000186788
-0.0016929
-0.00027005
-0.00185473
-0.000359562
-0.00195104
-0.000453154
-0.00201418
-0.00054976
-0.00206486
-0.000649029
-0.00211389
-0.000750981
-0.00216584
-0.000855789
-0.00222228
-0.000963679
-0.00228367
-0.00107489
-0.00235017
-0.00118968
-0.0024219
-0.0013083
-0.00249896
-0.001431
-0.00258149
-0.00155807
-0.0026696
-0.00168976
-0.00276344
-0.00182637
-0.00286316
-0.00196818
-0.0029689
-0.0021155
-0.00308081
-0.00226862
-0.00319913
-0.00242786
-0.00332407
-0.00259353
-0.00345536
-0.00359245
-0.00276582
-1.58096e-05
-0.000395942
-5.71319e-05
-0.000965861
-0.000118506
-0.00136289
-0.000194306
-0.0016171
-0.00027968
-0.00176936
-0.00037112
-0.0018596
-0.000466517
-0.00191879
-0.000564865
-0.00196651
-0.000665858
-0.0020129
-0.000769537
-0.00206216
-0.000876089
-0.00211572
-0.000985744
-0.00217401
-0.00109875
-0.00223716
-0.00121536
-0.00230529
-0.00133583
-0.0023785
-0.00146042
-0.00245689
-0.00158942
-0.00254061
-0.00172309
-0.00262977
-0.00186172
-0.00272452
-0.00200561
-0.00282501
-0.00215505
-0.00293137
-0.00231034
-0.00304383
-0.00247182
-0.00316259
-0.00263979
-0.00328739
-0.00341779
-0.00281445
-1.67276e-05
-0.000379215
-5.99137e-05
-0.000922675
-0.000123483
-0.00129932
-0.000201446
-0.00153914
-0.000288816
-0.00168199
-0.000382081
-0.00176633
-0.000479189
-0.00182168
-0.000579192
-0.00186651
-0.000681824
-0.00191026
-0.000787148
-0.00195683
-0.000895359
-0.00200751
-0.00100669
-0.00206267
-0.0011214
-0.00212245
-0.00123974
-0.00218695
-0.00136198
-0.00225626
-0.00148837
-0.0023305
-0.0016192
-0.00240978
-0.00175475
-0.00249422
-0.00189531
-0.00258397
-0.00204117
-0.00267915
-0.00219263
-0.00277991
-0.00235001
-0.00288645
-0.00251362
-0.00299898
-0.00268378
-0.00311722
-0.00324085
-0.00286072
-1.76036e-05
-0.000361611
-6.25583e-05
-0.000877721
-0.000128202
-0.00123368
-0.000208207
-0.00145913
-0.000297457
-0.00159274
-0.000392444
-0.00167135
-0.000491168
-0.00172296
-0.000592739
-0.00176494
-0.000696925
-0.00180608
-0.000803808
-0.00184995
-0.000913594
-0.00189773
-0.00102652
-0.00194975
-0.00114285
-0.00200613
-0.00126283
-0.00206697
-0.00138674
-0.00213236
-0.00151484
-0.0022024
-0.00164741
-0.0022772
-0.00178474
-0.00235689
-0.00192712
-0.00244159
-0.00207485
-0.00253142
-0.00222823
-0.00262652
-0.00238758
-0.0027271
-0.00255322
-0.00283334
-0.00272548
-0.00294496
-0.00306174
-0.00290459
-1.84359e-05
-0.000343175
-6.50627e-05
-0.000831094
-0.00013266
-0.00116608
-0.000214583
-0.00137721
-0.000305599
-0.00150172
-0.000402205
-0.00157474
-0.000502452
-0.00162271
-0.000605502
-0.00166189
-0.000711156
-0.00170042
-0.000819513
-0.00174159
-0.000930786
-0.00178645
-0.00104522
-0.00183531
-0.00116307
-0.00188828
-0.00128461
-0.00194543
-0.00141009
-0.00200687
-0.00153981
-0.00207269
-0.00167402
-0.00214299
-0.00181304
-0.00221788
-0.00195714
-0.00229748
-0.00210664
-0.00238192
-0.00226184
-0.00247133
-0.00242305
-0.00256589
-0.00259062
-0.00266578
-0.00276486
-0.00277072
-0.00288057
-0.00294602
-1.9223e-05
-0.000323952
-6.74237e-05
-0.000782893
-0.000136854
-0.00109665
-0.000220573
-0.00129349
-0.000313241
-0.00140905
-0.000411364
-0.00147662
-0.00051304
-0.00152103
-0.00061748
-0.00155745
-0.000724514
-0.00159339
-0.000834258
-0.00163185
-0.00094693
-0.00167378
-0.00106278
-0.00171946
-0.00118207
-0.00176899
-0.00130507
-0.00182244
-0.00143204
-0.0018799
-0.00156327
-0.00194146
-0.00169903
-0.00200722
-0.00183963
-0.00207728
-0.00198536
-0.00215176
-0.00213652
-0.00223076
-0.00229343
-0.00231442
-0.0024564
-0.00240292
-0.00262578
-0.0024964
-0.00280189
-0.00259461
-0.00269747
-0.002985
-1.99635e-05
-0.000303989
-6.96386e-05
-0.000733218
-0.00014078
-0.00102551
-0.000226173
-0.0012081
-0.000320381
-0.00131485
-0.000419918
-0.00137708
-0.00052293
-0.00141802
-0.000628669
-0.00145171
-0.000736996
-0.00148506
-0.000848038
-0.00152081
-0.000962022
-0.0015598
-0.0010792
-0.00160228
-0.00119984
-0.00164835
-0.0013242
-0.00169807
-0.00145257
-0.00175153
-0.00158521
-0.00180881
-0.00172243
-0.00187
-0.00186451
-0.0019352
-0.00201176
-0.00200451
-0.00216448
-0.00207804
-0.00232299
-0.00215591
-0.00248761
-0.00223829
-0.00265869
-0.00232532
-0.00283655
-0.00241675
-0.00251253
-0.00302148
-2.06562e-05
-0.000283333
-7.17049e-05
-0.000682169
-0.000144437
-0.000952777
-0.000231382
-0.00112115
-0.000327018
-0.00121921
-0.000427867
-0.00127623
-0.000532119
-0.00131377
-0.000639069
-0.00134476
-0.000748599
-0.00137553
-0.000860851
-0.00140855
-0.000976056
-0.00144459
-0.00109447
-0.00148387
-0.00121636
-0.00152646
-0.001342
-0.00157244
-0.00147166
-0.00162187
-0.00160563
-0.00167484
-0.0017442
-0.00173144
-0.00188766
-0.00179174
-0.00203632
-0.00185585
-0.0021905
-0.00192387
-0.0023505
-0.00199591
-0.00251666
-0.00207213
-0.00268932
-0.00215266
-0.00286883
-0.00223724
-0.0023259
-0.00305546
-2.13e-05
-0.000262033
-7.36204e-05
-0.000629849
-0.000147821
-0.000878577
-0.000236197
-0.00103277
-0.000333149
-0.00112226
-0.000435209
-0.00117417
-0.000540608
-0.00120837
-0.000648676
-0.00123669
-0.00075932
-0.00126489
-0.000872692
-0.00129518
-0.000989028
-0.00132826
-0.00110859
-0.00136431
-0.00123164
-0.00140341
-0.00135846
-0.00144562
-0.00148932
-0.00149101
-0.00162452
-0.00153965
-0.00176433
-0.00159162
-0.00190908
-0.001647
-0.00205905
-0.00170588
-0.00221457
-0.00176835
-0.00237595
-0.00183452
-0.00254354
-0.00190454
-0.00271767
-0.00197852
-0.00289869
-0.00205622
-0.0021377
-0.0030869
-2.18937e-05
-0.000240139
-7.53831e-05
-0.000576359
-0.00015093
-0.00080303
-0.000240617
-0.000943087
-0.000338773
-0.0010241
-0.000441943
-0.001071
-0.000548394
-0.00110192
-0.000657489
-0.0011276
-0.000769157
-0.00115322
-0.000883559
-0.00118078
-0.00100093
-0.00121088
-0.00112155
-0.00124369
-0.00124567
-0.00127929
-0.00137357
-0.00131772
-0.00150553
-0.00135904
-0.00164185
-0.00140333
-0.00178282
-0.00145065
-0.00192874
-0.00150108
-0.00207992
-0.0015547
-0.00223667
-0.0016116
-0.00239933
-0.00167186
-0.00256823
-0.00173565
-0.00274371
-0.00180303
-0.00292613
-0.00187381
-0.00194804
-0.00311579
-2.24364e-05
-0.000217703
-7.69911e-05
-0.000521805
-0.000153762
-0.000726259
-0.000244639
-0.00085221
-0.00034389
-0.000924852
-0.000448067
-0.000966826
-0.000555475
-0.000994509
-0.000665507
-0.00101757
-0.000778107
-0.00104062
-0.000893447
-0.00106544
-0.00101177
-0.00109256
-0.00113334
-0.00112212
-0.00125843
-0.00115419
-0.00138732
-0.00118882
-0.0015203
-0.00122607
-0.00165764
-0.00126598
-0.00179966
-0.00130863
-0.00194665
-0.00135409
-0.00209892
-0.00140243
-0.0022568
-0.00145371
-0.00242062
-0.00150805
-0.00259071
-0.00156556
-0.00276744
-0.00162631
-0.00295113
-0.00169012
-0.00175706
-0.0031421
-2.29272e-05
-0.000194775
-7.84427e-05
-0.000466289
-0.000156316
-0.000648386
-0.000248263
-0.000760262
-0.000348497
-0.000824618
-0.000453582
-0.000861741
-0.000561852
-0.000886239
-0.000672727
-0.000906692
-0.000786168
-0.00092718
-0.000902354
-0.000949254
-0.00102153
-0.00097338
-0.00114397
-0.000999686
-0.00126994
-0.00102822
-0.00139972
-0.00105904
-0.0015336
-0.00109219
-0.00167187
-0.00112771
-0.00181483
-0.00116567
-0.00196279
-0.00120613
-0.00211605
-0.00124916
-0.00227495
-0.00129482
-0.00243982
-0.00134319
-0.00261099
-0.00139438
-0.00278882
-0.00144848
-0.00297366
-0.00150528
-0.00156489
-0.00316583
-2.33654e-05
-0.00017141
-7.97365e-05
-0.000409918
-0.00015859
-0.000569533
-0.000251488
-0.000667364
-0.000352595
-0.00072351
-0.000458486
-0.00075585
-0.000567523
-0.000777202
-0.000679149
-0.000795066
-0.000793339
-0.00081299
-0.000910278
-0.000832314
-0.00103022
-0.000853441
-0.00115342
-0.000876479
-0.00128017
-0.000901474
-0.00141075
-0.000928467
-0.00154544
-0.000957499
-0.00168453
-0.000988618
-0.00182834
-0.00102187
-0.00197715
-0.00105732
-0.0021313
-0.00109501
-0.00229111
-0.00113501
-0.0024569
-0.00117739
-0.00262904
-0.00122225
-0.00280786
-0.00126965
-0.00299372
-0.00131942
-0.00137166
-0.00318695
-2.37502e-05
-0.00014766
-8.08713e-05
-0.000352797
-0.000160582
-0.000489822
-0.000254311
-0.000573635
-0.000356182
-0.000621639
-0.000462779
-0.000649254
-0.000572487
-0.000667494
-0.00068477
-0.000682782
-0.000799617
-0.000698144
-0.000917216
-0.000714715
-0.00103782
-0.000732835
-0.0011617
-0.000752597
-0.00128914
-0.000774039
-0.00142041
-0.000797195
-0.00155581
-0.000822102
-0.00169563
-0.0008488
-0.00184017
-0.000877332
-0.00198974
-0.000907745
-0.00214466
-0.000940087
-0.00230526
-0.00097441
-0.00247187
-0.00101078
-0.00264485
-0.00104928
-0.00282455
-0.00108995
-0.0030113
-0.00113266
-0.0011775
-0.00320547
-2.40812e-05
-0.000123579
-8.1846e-05
-0.000295032
-0.000162292
-0.000409376
-0.000256733
-0.000479194
-0.000359258
-0.000519114
-0.000466459
-0.000542053
-0.000576742
-0.000557211
-0.00068959
-0.000569934
-0.000805
-0.000582734
-0.000923167
-0.000596548
-0.00104435
-0.000611657
-0.00116881
-0.000628135
-0.00129683
-0.000646015
-0.0014287
-0.000665325
-0.00156471
-0.000686097
-0.00170514
-0.000708363
-0.00185032
-0.000732159
-0.00200054
-0.000757524
-0.00215612
-0.000784499
-0.00231741
-0.000813128
-0.00248472
-0.000843463
-0.00265842
-0.000875578
-0.00283886
-0.000909507
-0.00302639
-0.00094513
-0.000982543
-0.00322135
-2.43577e-05
-9.92209e-05
-8.26596e-05
-0.00023673
-0.000163718
-0.000328317
-0.000258752
-0.00038416
-0.000361822
-0.000416044
-0.000469527
-0.000434349
-0.00058029
-0.000446448
-0.000693609
-0.000456615
-0.000809489
-0.000466854
-0.000928128
-0.000477908
-0.00104978
-0.00049
-0.00117473
-0.000503189
-0.00130324
-0.000517501
-0.00143561
-0.000532958
-0.00157212
-0.000549584
-0.00171308
-0.000567408
-0.00185878
-0.000586457
-0.00200954
-0.000606762
-0.00216569
-0.000628357
-0.00232754
-0.000651277
-0.00249544
-0.000675563
-0.00266974
-0.000701275
-0.00285081
-0.00072844
-0.00303898
-0.000756959
-0.000786917
-0.0032346
-2.45795e-05
-7.46415e-05
-8.33114e-05
-0.000177998
-0.00016486
-0.000246768
-0.000260368
-0.000288652
-0.000363874
-0.000312539
-0.000471981
-0.000326242
-0.000583128
-0.0003353
-0.000696824
-0.00034292
-0.00081308
-0.000350598
-0.000932099
-0.00035889
-0.00105414
-0.000367962
-0.00117947
-0.000377856
-0.00130838
-0.000388594
-0.00144114
-0.00040019
-0.00157806
-0.000412666
-0.00171943
-0.000426039
-0.00186556
-0.000440332
-0.00201675
-0.000455568
-0.00217334
-0.000471772
-0.00233565
-0.00048897
-0.00250401
-0.000507194
-0.0026788
-0.000526489
-0.00286037
-0.000546874
-0.00304905
-0.000568274
-0.000590757
-0.00324521
-2.4746e-05
-4.98954e-05
-8.38007e-05
-0.000118944
-0.000165717
-0.000164852
-0.000261581
-0.000192788
-0.000365413
-0.000208707
-0.000473822
-0.000217832
-0.000585257
-0.000223865
-0.000699236
-0.000228941
-0.000815774
-0.000234059
-0.000935077
-0.000239587
-0.0010574
-0.000245636
-0.00118303
-0.000252233
-0.00131223
-0.000259392
-0.0014453
-0.000267124
-0.00158252
-0.000275442
-0.0017242
-0.000284358
-0.00187064
-0.000293889
-0.00202216
-0.000304048
-0.00217908
-0.000314852
-0.00234173
-0.00032632
-0.00251045
-0.000338473
-0.0026856
-0.000351339
-0.00286754
-0.000364933
-0.00305661
-0.000379203
-0.000394197
-0.00325317
-2.48572e-05
-8.41271e-05
-0.000166289
-0.000262389
-0.000366439
-0.000475049
-0.000586677
-0.000112237
-0.000700843
-0.000114775
-0.00081757
-0.000117332
-0.000937063
-0.000120095
-0.00105958
-0.000123118
-0.0011854
-0.000126415
-0.0013148
-0.000129993
-0.00144806
-0.000133857
-0.00158549
-0.000138014
-0.00172738
-0.000142471
-0.00187403
-0.000147234
-0.00202577
-0.000152311
-0.00218291
-0.000157711
-0.00234579
-0.000163443
-0.00251474
-0.000169517
-0.00269014
-0.000175948
-0.00287233
-0.000182742
-0.00306165
-0.000189875
-0.00019737
-0.00325848
-0.000587386
-0.000701647
-0.000818468
-0.000938055
-0.00106067
-0.00118658
-0.00131608
-0.00144945
-0.00158697
-0.00172897
-0.00187573
-0.00202757
-0.00218482
-0.00234782
-0.00251689
-0.0026924
-0.00287472
-0.00306417
-0.00326114
-0.00436256
-0.00199689
-0.00436687
-0.00455622
-0.00206376
-0.00437562
-0.00455989
-0.00432556
0.00170697
-0.00175703
-0.00430421
0.0015733
-0.00159464
-0.00429895
0.00155622
-0.00156148
-0.00429553
0.00144766
-0.00145108
-0.00430062
0.00139339
-0.0013883
-0.00430788
0.00129656
-0.00128929
-0.00431984
0.00122731
-0.00121536
-0.0043333
0.00113584
-0.00112238
-0.00434915
0.0010617
-0.00104585
-0.00436561
0.000975223
-0.000958761
-0.00438297
0.000901591
-0.000884232
-0.00440016
0.000820896
-0.000803706
-0.00441727
0.000750748
-0.000733642
-0.00443363
0.000676464
-0.000660102
-0.00444928
0.000611276
-0.00059562
-0.00446382
0.000543541
-0.000529007
-0.00447727
0.000483749
-0.0004703
-0.00448938
0.000422045
-0.000409936
-0.0045002
0.000367021
-0.000356192
-0.00450957
0.000310078
-0.00030071
-0.00451753
0.000258263
-0.000250305
-0.00452391
0.000203608
-0.000197223
-0.00452872
0.000151579
-0.000146775
-0.00453174
9.39549e-05
-9.09361e-05
3.40411e-05
-3.29329e-05
-0.00451876
-0.00449567
-0.00448284
-0.00447643
-0.00447786
-0.00448242
-0.00449197
-0.00450345
-0.00451771
-0.00453287
-0.00454925
-0.00456566
-0.00458221
-0.00459816
-0.00461355
-0.0046279
-0.00464125
-0.00465331
-0.00466413
-0.00467351
-0.00468149
-0.0046879
-0.00469273
-0.00469576
-0.00331837
5.77134e-05
-0.00336872
5.08176e-05
-0.00341595
4.76878e-05
-0.00345774
4.22387e-05
-0.00349599
3.86959e-05
-0.00352958
3.40179e-05
-0.00355964
3.048e-05
-0.00358553
2.63135e-05
-0.00360804
2.29215e-05
-0.00362677
1.91334e-05
-0.00364229
1.5922e-05
-0.00365432
1.24213e-05
-0.0036633
9.37837e-06
-0.00366901
6.09722e-06
-0.00367182
3.19088e-06
-0.00367157
1.48106e-07
-0.00366847
-2.69851e-06
-0.00366227
-5.82579e-06
-0.00365327
-8.62766e-06
-0.00364125
-1.16701e-05
-0.00362639
-1.45418e-05
-0.00360844
-1.76693e-05
-0.00358749
-2.07383e-05
-0.00356322
-2.41327e-05
-2.7635e-05
-0.00331573
0.000114962
-0.0033661
0.000101188
-0.00341336
9.49513e-05
-0.0034552
8.40717e-05
-0.00349351
7.70052e-05
-0.00352715
6.76659e-05
-0.00355728
6.0606e-05
-0.00358325
5.22872e-05
-0.00360585
4.55162e-05
-0.00362467
3.79512e-05
-0.00364028
3.15386e-05
-0.00365241
2.45464e-05
-0.0036615
1.84689e-05
-0.00366732
1.19157e-05
-0.00367024
6.11312e-06
-0.00367012
2.66085e-08
-0.00366715
-5.67083e-06
-0.00366108
-1.18954e-05
-0.00365222
-1.74844e-05
-0.00364035
-2.35379e-05
-0.00362565
-2.92423e-05
-0.00360788
-3.54433e-05
-0.0035871
-4.15122e-05
-0.00356302
-4.82166e-05
-5.51209e-05
-0.00331044
0.000172233
-0.00336086
0.000151603
-0.00340819
0.000142283
-0.00345011
0.000125994
-0.00348853
0.000115423
-0.0035223
0.000101439
-0.00355257
9.08725e-05
-0.0035787
7.84151e-05
-0.00360146
6.82778e-05
-0.00362046
5.69476e-05
-0.00363626
4.73452e-05
-0.00364859
3.68723e-05
-0.00365789
2.77714e-05
-0.00366393
1.79571e-05
-0.00366709
9.27043e-06
-0.0036672
1.40696e-07
-0.00366449
-8.38293e-06
-0.0036587
-1.7687e-05
-0.00365013
-2.60544e-05
-0.00363857
-3.51015e-05
-0.00362419
-4.36233e-05
-0.00360675
-5.28795e-05
-0.00358633
-6.19302e-05
-0.00356262
-7.19245e-05
-8.22106e-05
-0.00330252
0.000229537
-0.003353
0.000202082
-0.00340043
0.000189718
-0.00344249
0.00016805
-0.00348107
0.000154003
-0.00351503
0.000135401
-0.00354551
0.00012135
-0.00357187
0.000104774
-0.00359488
9.12898e-05
-0.00361414
7.62116e-05
-0.00363023
6.34366e-05
-0.00364286
4.94994e-05
-0.00365248
3.73917e-05
-0.00365886
2.43323e-05
-0.00366237
1.27815e-05
-0.00366283
6.06702e-07
-0.00366051
-1.07042e-05
-0.00365514
-2.30618e-05
-0.003647
-3.41945e-05
-0.00363589
-4.62092e-05
-0.00362199
-5.75253e-05
-0.00360506
-6.98091e-05
-0.00358517
-8.18145e-05
-0.00356203
-9.50685e-05
-0.000108706
-0.00329195
0.000286886
-0.00334252
0.000252649
-0.00339009
0.000237291
-0.00343233
0.000210285
-0.00347112
0.000192801
-0.00350534
0.000169613
-0.0035361
0.000152109
-0.00356276
0.000131442
-0.00358611
0.000114636
-0.00360573
9.58326e-05
-0.0036222
7.99078e-05
-0.00363523
6.25279e-05
-0.00364527
4.74354e-05
-0.00365209
3.11529e-05
-0.00365607
1.67592e-05
-0.00365702
1.55113e-06
-0.00365521
-1.25085e-05
-0.00365039
-2.78824e-05
-0.00364282
-4.17615e-05
-0.00363232
-5.67096e-05
-0.00361906
-7.0789e-05
-0.0036028
-8.60641e-05
-0.00358363
-0.000100988
-0.00356124
-0.000117461
-0.000134411
-0.00327875
0.000344288
-0.00332943
0.000303325
-0.00337717
0.000285036
-0.00341963
0.000252745
-0.0034587
0.00023187
-0.00349323
0.000204139
-0.00352434
0.00018322
-0.00355139
0.000158495
-0.00357516
0.000138399
-0.00359522
0.0001159
-0.00361217
9.68534e-05
-0.0036257
7.6058e-05
-0.00363627
5.80078e-05
-0.00364365
3.85294e-05
-0.00364821
2.13198e-05
-0.00364975
3.09372e-06
-0.00364859
-1.36659e-05
-0.00364446
-3.20127e-05
-0.00363761
-4.86124e-05
-0.00362787
-6.6452e-05
-0.0036154
-8.32559e-05
-0.00359999
-0.000101477
-0.00358171
-0.000119274
-0.00356025
-0.000138916
-0.000159127
-0.00326293
0.000401753
-0.00331374
0.00035413
-0.00336169
0.000332986
-0.00340441
0.000295473
-0.00344381
0.000271267
-0.00347871
0.000239043
-0.00351025
0.000214753
-0.00353776
0.000186012
-0.00356203
0.000162664
-0.00358263
0.000136502
-0.00360015
0.000114368
-0.00361428
9.01894e-05
-0.00362548
6.92138e-05
-0.00363353
4.65725e-05
-0.00363878
2.65784e-05
-0.00364105
5.35739e-06
-0.00364066
-1.40493e-05
-0.00363736
-3.53172e-05
-0.00363137
-5.46044e-05
-0.00362253
-7.52861e-05
-0.00361102
-9.47675e-05
-0.00359662
-0.00011588
-0.0035794
-0.000136496
-0.00355907
-0.000159248
-0.000182659
-0.00324449
0.000459288
-0.00329545
0.000405087
-0.00334364
0.000381177
-0.00338668
0.000338515
-0.00342646
0.000311044
-0.0034618
0.000274386
-0.00349383
0.00024678
-0.00352188
0.000214068
-0.00354673
0.000187512
-0.00356796
0.000157728
-0.00358614
0.000132546
-0.00360097
0.000105022
-0.00361291
8.1158e-05
-0.00362173
5.53925e-05
-0.0036278
3.26503e-05
-0.00363091
8.46453e-06
-0.00363143
-1.35321e-05
-0.00362908
-3.76616e-05
-0.00362409
-5.95954e-05
-0.00361632
-8.30624e-05
-0.00360592
-0.000105166
-0.00359269
-0.000129107
-0.00357671
-0.000152479
-0.00355769
-0.000178269
-0.000204812
-0.00322344
0.000516899
-0.00327457
0.000456214
-0.00332303
0.000429642
-0.00336644
0.000381917
-0.00340665
0.000351257
-0.0034425
0.000310233
-0.00347509
0.000279371
-0.00350376
0.000242742
-0.00352928
0.000213029
-0.00355122
0.000179667
-0.00357015
0.000151481
-0.00358578
0.000120655
-0.00359857
9.39447e-05
-0.00360828
6.50994e-05
-0.00361528
3.96506e-05
-0.00361935
1.2538e-05
-0.00362089
-1.19888e-05
-0.00361964
-3.89137e-05
-0.0036158
-6.34432e-05
-0.00360923
-8.96323e-05
-0.0036001
-0.000114296
-0.00358821
-0.000140992
-0.00357364
-0.000167048
-0.00355611
-0.000195798
-0.00022539
-0.0031998
0.000574594
-0.00325112
0.000507534
-0.00329989
0.000478415
-0.00334369
0.000425723
-0.0033844
0.000391962
-0.00342081
0.000346647
-0.00345404
0.000312596
-0.00348341
0.00027211
-0.00350967
0.000239296
-0.00353241
0.000202408
-0.0035522
0.000171267
-0.00356873
0.000137187
-0.00358247
0.000107678
-0.00359317
7.58028e-05
-0.00360121
4.7694e-05
-0.00360638
1.77007e-05
-0.00360907
-9.29599e-06
-0.00360904
-3.89412e-05
-0.00360648
-6.60059e-05
-0.00360126
-9.48479e-05
-0.00359356
-0.000122
-0.00358318
-0.000151372
-0.0035702
-0.000180031
-0.00355435
-0.000211649
-0.000244202
-0.00317357
0.000632374
-0.0032251
0.000559064
-0.00327421
0.000527529
-0.00331847
0.000469978
-0.00335972
0.000433212
-0.00339676
0.000383691
-0.00343069
0.000346528
-0.00346083
0.00030225
-0.00348793
0.000266397
-0.00351157
0.000226039
-0.0035323
0.000191998
-0.00354983
0.000154718
-0.00356461
0.00012246
-0.00357642
8.76119e-05
-0.00358562
5.68958e-05
-0.00359201
2.40864e-05
-0.00359596
-5.33963e-06
-0.00359729
-3.76159e-05
-0.00359615
-6.7144e-05
-0.00359244
-9.85623e-05
-0.00358631
-0.000128124
-0.0035776
-0.000160082
-0.00356638
-0.000191253
-0.00355239
-0.000225641
-0.000261054
-0.00314477
0.000690244
-0.00319653
0.000610826
-0.00324602
0.000577017
-0.00329077
0.000514728
-0.00333262
0.000475063
-0.00337036
0.000421427
-0.00340507
0.000381235
-0.00343605
0.000333239
-0.00346407
0.000294415
-0.00348868
0.000250649
-0.00351045
0.000213765
-0.00352908
0.000173346
-0.00354501
0.000138395
-0.00355804
0.000100636
-0.00356852
6.73758e-05
-0.00357621
3.17798e-05
-0.00358161
5.62257e-08
-0.00358438
-3.48432e-05
-0.00358482
-6.67061e-05
-0.00358275
-0.000100629
-0.00357836
-0.000132513
-0.00357148
-0.00016696
-0.00356219
-0.000200545
-0.00355024
-0.000237594
-0.000275757
-0.00311342
0.000748204
-0.00316543
0.000662836
-0.00321533
0.000626912
-0.00326061
0.000560018
-0.00330312
0.00051757
-0.00334161
0.00045992
-0.00337717
0.000416791
-0.00340908
0.000365153
-0.0034381
0.000323432
-0.00346378
0.000276326
-0.00348668
0.000236663
-0.0035065
0.000193169
-0.00352369
0.000155584
-0.00353804
0.000114985
-0.0035499
7.9234e-05
-0.00355912
4.10058e-05
-0.0035659
6.83279e-06
-0.00357034
-3.03989e-05
-0.00357249
-6.45604e-05
-0.00357221
-0.000100905
-0.00356971
-0.000135017
-0.00356482
-0.000171846
-0.00355763
-0.000207737
-0.0035479
-0.000247327
-0.000288121
-0.00307954
0.000806255
-0.00313181
0.000715115
-0.00318215
0.000677247
-0.00322802
0.00060589
-0.00327124
0.000560788
-0.00331055
0.000499232
-0.00334702
0.000453264
-0.00337994
0.000398071
-0.00341004
0.000353531
-0.00343687
0.000303158
-0.00346099
0.000260782
-0.00348211
0.000214285
-0.00350065
0.000174129
-0.00351643
0.000130763
-0.00352978
9.25884e-05
-0.00354057
5.17869e-05
-0.00354903
1.52979e-05
-0.00355518
-2.42503e-05
-0.00355917
-6.05705e-05
-0.00356083
-9.92439e-05
-0.00356036
-0.000135483
-0.00355763
-0.000174579
-0.00355271
-0.00021266
-0.00354537
-0.000254664
-0.000297958
-0.00304314
0.000864396
-0.0030957
0.000767678
-0.00314651
0.000728053
-0.00319301
0.000652389
-0.00323699
0.000604772
-0.00327718
0.000539424
-0.00331464
0.000490726
-0.00334864
0.000432067
-0.0033799
0.000384793
-0.00340798
0.000331233
-0.00343341
0.000286214
-0.00345592
0.000236791
-0.00347592
0.00019413
-0.00349323
0.000148078
-0.00350819
0.000107548
-0.00352066
6.42571e-05
-0.00353089
2.55267e-05
-0.00353892
-1.62245e-05
-0.00354487
-5.46158e-05
-0.00354861
-9.55018e-05
-0.00355033
-0.000133762
-0.00354991
-0.000175002
-0.00354742
-0.000215148
-0.00354266
-0.000259428
-0.000305084
-0.00300425
0.000922624
-0.00305712
0.000820542
-0.00310842
0.000779361
-0.00315559
0.000699558
-0.0032004
0.000649575
-0.00324153
0.000580561
-0.00328005
0.000529246
-0.00331521
0.000467221
-0.00334771
0.0004173
-0.00337712
0.000360639
-0.00340396
0.00031305
-0.00342795
0.000260783
-0.0034495
0.000215687
-0.00346846
0.000167033
-0.00348514
0.000124224
-0.00349942
7.85398e-05
-0.00351154
3.76458e-05
-0.00352156
-6.2023e-06
-0.0035296
-4.6575e-05
-0.00353557
-8.95339e-05
-0.00353962
-0.000129706
-0.00354167
-0.000172959
-0.00354178
-0.000215035
-0.00353976
-0.000261445
-0.000309313
-0.0029629
0.000980936
-0.00301608
0.000873724
-0.00306792
0.000831203
-0.0031158
0.000747437
-0.00316148
0.000695252
-0.00320362
0.000622702
-0.00324327
0.000568893
-0.00327966
0.000503608
-0.00331349
0.000451132
-0.00334431
0.000391463
-0.00337264
0.00034138
-0.00339822
0.000286357
-0.00342143
0.000238899
-0.00344213
0.000187734
-0.00346063
0.000142725
-0.00347684
9.47472e-05
-0.00349099
5.17954e-05
-0.0035031
5.90705e-06
-0.00351337
-3.63026e-05
-0.00352171
-8.11982e-05
-0.00352824
-0.000123169
-0.00353291
-0.000168294
-0.00353578
-0.00021216
-0.00353669
-0.000260542
-0.000310464
-0.00291911
0.00103933
-0.00297263
0.000927235
-0.00302503
0.000883608
-0.00307366
0.000796067
-0.00312027
0.000741856
-0.00316347
0.000665911
-0.00320432
0.000609737
-0.00324201
0.000541304
-0.00327725
0.000486368
-0.00330958
0.000423792
-0.00333949
0.000371293
-0.00336675
0.000313609
-0.00339171
0.000263864
-0.00341426
0.000210284
-0.00343469
0.000163159
-0.00345294
0.000112989
-0.00346925
6.81046e-05
-0.00348356
2.02193e-05
-0.0034962
-2.36613e-05
-0.00350703
-7.03646e-05
-0.0035162
-0.000114004
-0.00352364
-0.000160855
-0.00352944
-0.00020636
-0.00353343
-0.00025655
-0.000308358
-0.00287293
0.0010978
-0.00292678
0.000981089
-0.00297978
0.000936607
-0.0030292
0.000845485
-0.00307678
0.00078944
-0.00312112
0.000710247
-0.00316322
0.000651844
-0.00320231
0.000580388
-0.00323903
0.000523089
-0.00327295
0.000457713
-0.00330453
0.000402878
-0.00333356
0.000342632
-0.00336037
0.00029068
-0.00338487
0.000234784
-0.00340734
0.000185631
-0.00342773
0.000133378
-0.00344629
8.66601e-05
-0.00346298
3.691e-05
-0.0034781
-8.53916e-06
-0.00349156
-5.69096e-05
-0.0035035
-0.000102065
-0.00351386
-0.000150492
-0.00352274
-0.000197476
-0.00352999
-0.0002493
-0.000302817
-0.00282437
0.00115635
-0.00287857
0.00103529
-0.0029322
0.000990229
-0.00298244
0.000895728
-0.00303105
0.000838053
-0.00307658
0.000755773
-0.00312001
0.00069528
-0.00316056
0.000620935
-0.00319884
0.000561371
-0.00323444
0.000493312
-0.00326778
0.000436222
-0.00329867
0.00037352
-0.00332743
0.000319442
-0.00335399
0.000261337
-0.0033786
0.000210247
-0.00340125
0.000156025
-0.00342217
0.000107577
-0.00344136
5.61072e-05
-0.00345907
9.16951e-06
-0.00347529
-4.06887e-05
-0.00349015
-8.72081e-05
-0.00350359
-0.000137057
-0.00351571
-0.000185352
-0.00352638
-0.000238628
-0.000293666
-0.00277349
0.00121498
-0.00282805
0.00108985
-0.00288232
0.0010445
-0.00293342
0.000946831
-0.00298311
0.000887743
-0.00302989
0.00080255
-0.00307472
0.000740108
-0.0031168
0.000663022
-0.00315673
0.000601291
-0.00319409
0.000530673
-0.00322928
0.000471412
-0.00326212
0.000406365
-0.00329292
0.000350245
-0.00332163
0.00029004
-0.00334849
0.000237109
-0.0033735
0.000181038
-0.0033969
0.000130971
-0.00341872
7.79331e-05
-0.00343915
2.95939e-05
-0.00345827
-2.15649e-05
-0.00347617
-6.93102e-05
-0.00349282
-0.000120402
-0.00350834
-0.000169833
-0.0035226
-0.000224368
-0.000280733
-0.00272033
0.0012737
-0.00277524
0.00114476
-0.00283019
0.00109945
-0.00288219
0.000998827
-0.002933
0.000938553
-0.00298109
0.000850639
-0.00302737
0.000786391
-0.00307107
0.000706723
-0.00311271
0.000642926
-0.00315191
0.000569879
-0.00318904
0.000508534
-0.00322393
0.000441257
-0.00325687
0.000383183
-0.00328782
0.000320991
-0.00331703
0.000266318
-0.00334451
0.000208522
-0.00337049
0.000156953
-0.00339505
0.000102486
-0.00341832
5.28718e-05
-0.00344049
5.99777e-07
-0.00346155
-4.82516e-05
-0.00348158
-0.000100373
-0.00350064
-0.000150767
-0.00351865
-0.000206361
-0.000263848
-0.00266495
0.00133252
-0.00272021
0.00120002
-0.00277586
0.00115511
-0.00282878
0.00105175
-0.00288075
0.000990522
-0.00293022
0.000900102
-0.00297801
0.000834187
-0.0030234
0.000752114
-0.00306683
0.000686349
-0.00310796
0.000611013
-0.0031471
0.000547671
-0.00318412
0.000478283
-0.00321929
0.000418347
-0.00325258
0.000354286
-0.00328424
0.000297975
-0.0033143
0.000238582
-0.00334298
0.000185635
-0.00337037
0.000129871
-0.00339669
7.91961e-05
-0.0034219
2.58085e-05
-0.00344632
-2.38267e-05
-0.00346985
-7.68418e-05
-0.00349262
-0.000128005
-0.00351453
-0.000184449
-0.000242843
-0.00260742
0.00139149
-0.00266301
0.0012556
-0.00271938
0.00121148
-0.00277326
0.00110563
-0.00282642
0.00104368
-0.00287732
0.000951001
-0.00292668
0.000883554
-0.00297384
0.000799267
-0.00301912
0.000731634
-0.00306226
0.000654153
-0.0031035
0.000588905
-0.00314274
0.00051753
-0.00318022
0.000455828
-0.00321596
0.000390017
-0.00325016
0.000332176
-0.00328289
0.000271317
-0.00331438
0.00021712
-0.00334471
0.000160207
-0.00337413
0.000108608
-0.00340264
5.43209e-05
-0.00343049
4.02509e-06
-0.00345766
-4.96689e-05
-0.00348427
-0.000101396
-0.00351025
-0.000158475
-0.000217555
-0.00254783
0.00145067
-0.00260372
0.00131149
-0.0026608
0.00126856
-0.00271568
0.00116051
-0.00277006
0.00109806
-0.00282245
0.0010034
-0.00287344
0.000934547
-0.00292243
0.00084825
-0.00296964
0.000778852
-0.00301487
0.000699375
-0.00305828
0.000632317
-0.00309983
0.000559081
-0.00313971
0.00049571
-0.00317797
0.000428274
-0.00321481
0.000369016
-0.00325032
0.000306827
-0.00328471
0.000251512
-0.00331811
0.000193603
-0.00335072
0.00014122
-0.00338266
8.62592e-05
-0.00341405
3.54151e-05
-0.00344502
-1.86979e-05
-0.00347561
-7.07987e-05
-0.0035058
-0.000128288
-0.000187822
-0.00248629
0.00151018
-0.00254245
0.00136765
-0.00260022
0.00132633
-0.00265614
0.00121643
-0.00271175
0.00115366
-0.00276569
0.00105734
-0.00281836
0.000987217
-0.00286924
0.000899127
-0.00291846
0.000828069
-0.00296583
0.00074675
-0.0030115
0.00067798
-0.00305543
0.000603012
-0.00309779
0.000538076
-0.00313866
0.000469143
-0.00317823
0.000408584
-0.00321661
0.000345204
-0.003254
0.00028891
-0.00329057
0.000230165
-0.0033265
0.000177158
-0.00336195
0.000121701
-0.00339705
7.05224e-05
-0.00343192
1.61679e-05
-0.00346665
-3.60681e-05
-0.0035012
-9.37388e-05
-0.000153486
-0.00242293
0.00157016
-0.00247932
0.00142405
-0.00253772
0.00138472
-0.00259473
0.00127344
-0.00265157
0.00121051
-0.00270712
0.00111289
-0.00276151
0.00104161
-0.00281434
0.000951955
-0.00286562
0.000879348
-0.00291521
0.000796343
-0.0029632
0.000725965
-0.00300958
0.000649396
-0.00305451
0.000583002
-0.00309807
0.000512703
-0.00314045
0.000450964
-0.00318179
0.000386541
-0.00322229
0.000329409
-0.00326211
0.000269992
-0.00330149
0.00021653
-0.00334055
0.00016076
-0.00337949
0.000109462
-0.00341838
5.50653e-05
-0.00345738
2.9326e-06
-0.00349644
-5.46826e-05
-0.000114392
-0.0023579
0.00163074
-0.00241456
0.00148071
-0.00247344
0.0014436
-0.00253154
0.00133153
-0.0025896
0.00126857
-0.00264677
0.00117006
-0.00270293
0.00109777
-0.00275775
0.00100678
-0.00281115
0.000932745
-0.00286302
0.000848217
-0.0029134
0.00077634
-0.00296231
0.000698307
-0.00300988
0.000630567
-0.00305621
0.000559039
-0.00310149
0.000496245
-0.00314588
0.000430927
-0.00318958
0.000373106
-0.00323277
0.000313188
-0.00327569
0.000259442
-0.00331848
0.000203556
-0.00336136
0.000152338
-0.00340443
9.814e-05
-0.00344781
4.63142e-05
-0.00349153
-1.09676e-05
-7.03871e-05
-0.00229213
0.00169285
-0.00234899
0.00153756
-0.00240802
0.00150264
-0.00246711
0.00139063
-0.00252635
0.00132781
-0.00258512
0.00122883
-0.00264304
0.00115569
-0.00269986
0.0010636
-0.00275539
0.000988277
-0.00280956
0.000902391
-0.00286236
0.000829136
-0.00291383
0.000749783
-0.00296408
0.000680815
-0.00301324
0.000608202
-0.00306148
0.000544486
-0.00310899
0.000478431
-0.00315596
0.000420076
-0.0032026
0.000359835
-0.00324915
0.000305986
-0.00329578
0.00025019
-0.0033427
0.000199261
-0.00339006
0.000145497
-0.00343797
9.42265e-05
-0.00348647
3.753e-05
-2.1324e-05
-0.00222632
-0.0022834
-0.00234225
-0.0024027
-0.00246319
-0.00252365
-0.00258332
-0.0026421
-0.00269967
-0.00275604
-0.00281114
-0.00286506
-0.00291789
-0.00296979
-0.00302092
-0.0030715
-0.00312172
-0.00317183
-0.00322203
-0.00327255
-0.0033236
-0.00337532
-0.00342787
-0.00348128
)
;

boundaryField
{
    inlet
    {
        type            calculated;
        value           nonuniform List<scalar> 
32
(
-0.00453285
-0.00469687
-0.00353553
-0.00353553
-0.00353553
-0.00353553
-0.00353553
-0.00353553
-0.00353553
-0.00353553
-0.00353553
-0.00353553
-0.00353553
-0.00353553
-0.00353553
-0.00353553
-0.00353553
-0.00353553
-0.00353553
-0.00353553
-0.00353553
-0.00353553
-0.00353553
-0.00353553
-0.00353553
-0.00353553
-0.00353553
-0.00353553
-0.00353553
-0.00353553
-0.00353553
-0.00353553
)
;
    }
    outlet
    {
        type            calculated;
        value           nonuniform 0();
    }
    cylinder
    {
        type            calculated;
        value           uniform 0;
    }
    top
    {
        type            symmetryPlane;
        value           nonuniform 0();
    }
    bottom
    {
        type            symmetryPlane;
        value           nonuniform 0();
    }
    defaultFaces
    {
        type            empty;
        value           nonuniform 0();
    }
    procBoundary8to4
    {
        type            processor;
        value           nonuniform List<scalar> 
51
(
-2.50382e-05
-5.9674e-05
-8.26902e-05
-9.66874e-05
-0.000104657
-0.000109222
0.000475662
-5.14111e-07
-5.13469e-07
-5.11289e-07
-5.08337e-07
-5.04812e-07
-5.00754e-07
-4.96175e-07
-4.91089e-07
-4.85511e-07
-4.79462e-07
-4.72964e-07
-4.66047e-07
-4.58741e-07
-4.51083e-07
-4.43119e-07
-4.3492e-07
-4.26523e-07
-4.17783e-07
-4.08523e-07
-4.76334e-07
-4.68307e-07
-4.58601e-07
-4.50018e-07
-4.40713e-07
-4.3227e-07
-4.24038e-07
-4.16663e-07
-4.10195e-07
-4.04586e-07
-4.00312e-07
-3.96515e-07
-3.93695e-07
-3.90439e-07
-3.83003e-07
-3.93164e-07
-4.01283e-07
-3.82763e-07
-3.72545e-07
-3.49923e-07
-3.18552e-07
-2.73773e-07
-2.13599e-07
-1.39382e-07
-4.91284e-08
)
;
    }
    procBoundary8to9
    {
        type            processor;
        value           nonuniform List<scalar> 
29
(
0.0058335
0.00606938
0.00517969
0.00537669
-0.00019007
0.0055854
0.00463337
0.00479699
-0.000198007
0.00497035
0.0043094
-0.000211801
0.00445714
0.00399005
-0.000206858
0.00414409
0.00358437
-0.000199586
0.00380349
-0.000175605
0.00330506
0.00246475
-0.000143372
0.00294841
0.0011947
-7.94698e-05
0.00189692
-1.36067e-05
0.000437609
)
;
    }
    procBoundary8to12
    {
        type            processor;
        value           nonuniform List<scalar> 
55
(
0.000133983
5.16423e-05
-2.99664e-05
-0.000110785
-0.000190773
0.0061198
-0.000322772
-0.000405223
-0.000486652
-0.000567008
0.00612218
-0.000719401
-0.000801702
-0.000882725
0.00613201
-0.00105207
-0.00113462
-0.00121566
0.00609266
-0.00140163
-0.00148375
-0.00156416
0.00600358
-0.00176482
-0.00184582
0.0043608
-0.00192306
0.00455047
-0.00199114
-0.00206009
0.00166584
0.00155021
0.00154339
0.00144124
0.00139483
0.00130111
0.00123686
0.00114732
0.00107596
0.000990386
0.000917966
0.000837309
0.000767302
0.000692411
0.000626664
0.000557891
0.000497102
0.000434101
0.000377843
0.000319454
0.000266247
0.000210015
0.000156409
9.69864e-05
3.51505e-05
)
;
    }
}


// ************************************************************************* //
