/*--------------------------------*- C++ -*----------------------------------*\
  =========                 |
  \\      /  F ield         | OpenFOAM: The Open Source CFD Toolbox
   \\    /   O peration     | Website:  https://openfoam.org
    \\  /    A nd           | Version:  7
     \\/     M anipulation  |
\*---------------------------------------------------------------------------*/
FoamFile
{
    version     2.0;
    format      ascii;
    class       surfaceScalarField;
    location    "80";
    object      phi;
}
// * * * * * * * * * * * * * * * * * * * * * * * * * * * * * * * * * * * * * //

dimensions      [0 3 -1 0 0 0 0];

internalField   nonuniform List<scalar> 
3886
(
0.00571634
-0.00276179
0.00562915
-0.00286177
0.00553748
-0.00285836
0.00544576
-0.00276909
0.00535717
-0.0026028
0.00527367
-0.00237108
0.00519672
-0.00207821
0.00512803
-0.00172817
0.00506996
-0.00132151
0.00502221
-0.000854459
0.00497965
-0.000352953
0.00493228
0.000171487
0.00487344
0.000658109
0.00480486
0.00113002
0.00473965
0.00153595
0.00469689
0.00193449
0.00469308
0.00223703
0.00473899
0.00243611
0.00483112
0.00243718
0.00495953
0.00216363
0.00510293
0.00171836
0.00524056
0.000976116
0.00535604
0.000321958
0.00543546
-0.000530378
0.00548265
-0.00101407
0.00549199
-0.00166191
0.00548176
-0.00180114
0.00544825
-0.00214328
-0.00198808
0.00562126
-0.00232339
0.00552618
-0.00215577
0.00543916
-0.00194776
0.00536135
-0.00170094
0.00529384
-0.00141679
0.00523764
-0.00109701
0.00519374
-0.000743838
0.0051627
-0.000360705
0.00514374
4.64577e-05
0.0051344
0.000467368
0.00513086
0.000886497
0.00513059
0.00128626
0.00513518
0.00165037
0.00515119
0.00196447
0.00518834
0.00221342
0.0052557
0.00237658
0.00535788
0.00242556
0.00549255
0.00232708
0.00564955
0.0020535
0.00581199
0.00159884
0.00596004
0.000990463
0.0060763
0.000287707
0.00615015
-0.000436334
0.00617867
-0.00111241
0.0061658
-0.00169176
0.00611934
-0.00214731
0.00604845
-0.00247359
0.0059619
-0.00267524
0.00586699
-0.00276687
0.00576938
-0.00276075
0.00567313
-0.00267284
0.00558126
-0.00251093
0.0054956
-0.00228543
0.00541762
-0.00200022
0.0053487
-0.00165925
0.00529138
-0.0012642
0.00524642
-0.000809498
0.00521088
-0.000317413
0.00517627
0.000206096
0.0051353
0.000699087
0.00508691
0.0011784
0.00504044
0.00158242
0.00501278
0.00196215
0.00501885
0.00223096
0.00507022
0.00238474
0.00516287
0.00234454
0.00528758
0.00203891
0.00542298
0.00158296
0.00554908
0.00085002
0.00565128
0.00021976
0.0057164
-0.000595498
0.00575054
-0.00104822
0.00574783
-0.0016592
0.00572809
-0.0017814
0.00568642
-0.00210161
-0.00194316
0.00586427
-0.00222089
0.00576897
-0.00206047
0.00568222
-0.00186102
0.00560527
-0.00162399
0.00553932
-0.00135083
0.00548553
-0.00104323
0.00544511
-0.000703409
0.00541905
-0.000334647
0.00540762
5.78835e-05
0.0054097
0.000465285
0.00542258
0.000873623
0.00544352
0.00126532
0.00547215
0.00162174
0.0055119
0.00192472
0.00556925
0.00215607
0.00565088
0.00229496
0.0057602
0.00231625
0.00589454
0.00219273
0.00604399
0.00190405
0.00619257
0.00145026
0.00632218
0.000860849
0.00641767
0.000192219
0.00647061
-0.000489275
0.00647979
-0.0011216
0.00645009
-0.00166205
0.00638963
-0.00208685
0.00630748
-0.00239144
0.00621206
-0.00257982
0.00611026
-0.00266507
0.00600737
-0.00265787
0.00590713
-0.00257259
0.00581236
-0.00241616
0.00572483
-0.0021979
0.00564601
-0.0019214
0.00557707
-0.00159031
0.00552056
-0.00120768
0.00547795
-0.000766888
0.00544829
-0.000287752
0.00542503
0.000229356
0.00540105
0.00072307
0.00537328
0.00120616
0.00534727
0.00160844
0.00533712
0.00197229
0.00535531
0.00221277
0.00541347
0.00232658
0.00550692
0.00225109
0.00562716
0.00191867
0.00575337
0.00145676
0.00586656
0.000736826
0.00595435
0.00013197
0.00600443
-0.000645576
0.00602509
-0.00106888
0.00601026
-0.00164437
0.00598101
-0.00175215
0.00593134
-0.00205194
-0.00189309
0.00611359
-0.0021183
0.00601852
-0.00196539
0.00593236
-0.00177486
0.00585647
-0.0015481
0.00579213
-0.0012865
0.00574067
-0.000991765
0.00570342
-0.000666163
0.00568173
-0.000312951
0.0056765
6.31062e-05
0.00568775
0.000454041
0.00571393
0.000847441
0.00575272
0.00122653
0.00580267
0.0015718
0.00586465
0.00186273
0.00594199
0.00207874
0.00603853
0.00219842
0.00615584
0.00219894
0.00629046
0.00205811
0.00643265
0.00176187
0.00656758
0.00131533
0.00667922
0.000749207
0.00675478
0.000116658
0.00678806
-0.000522559
0.00677942
-0.00111295
0.00673449
-0.00161713
0.00666161
-0.00201397
0.00656961
-0.00229943
0.00646653
-0.00247674
0.00635882
-0.00255736
0.00625146
-0.0025505
0.00614783
-0.00246896
0.00605063
-0.00231897
0.00596153
-0.0021088
0.0058821
-0.00184197
0.00581334
-0.00152155
0.00575773
-0.00115208
0.00571717
-0.000726319
0.00569233
-0.000262914
0.00567877
0.000242909
0.00567024
0.000731604
0.00566254
0.00121387
0.00565767
0.0016133
0.00566669
0.00196327
0.00569886
0.0021806
0.00576506
0.00226038
0.00585977
0.00215639
0.00597508
0.00180337
0.00609129
0.00134054
0.00619067
0.000637442
0.00626342
5.92216e-05
0.00629817
-0.000680324
0.00630528
-0.00107599
0.0062786
-0.00161769
0.00624008
-0.00171363
0.00618278
-0.00199463
-0.00183808
0.00636965
-0.00201614
0.0062752
-0.00187095
0.00618995
-0.00168961
0.00611528
-0.00147343
0.00605261
-0.00122383
0.00600337
-0.000942524
0.00596904
-0.000631833
0.00595112
-0.000295034
0.00595099
6.32323e-05
0.00596941
0.000435623
0.0060059
0.000810952
0.00605883
0.0011736
0.00612634
0.00150429
0.00620756
0.00178151
0.00630302
0.00198327
0.00641373
0.00208771
0.00653903
0.00207363
0.0066743
0.00192284
0.00680983
0.00162634
0.00693205
0.00119312
0.00702703
0.000654233
0.00708454
5.91448e-05
0.00710023
-0.000538249
0.00707598
-0.0010887
0.00701801
-0.00155916
0.00693467
-0.00193064
0.00683452
-0.00219928
0.00672518
-0.00236739
0.00661268
-0.00244487
0.0065017
-0.00243951
0.00639536
-0.00236263
0.00629625
-0.00221986
0.00620594
-0.00201849
0.00612612
-0.00176215
0.00605772
-0.00145315
0.00600314
-0.0010975
0.00596443
-0.00068761
0.0059435
-0.000241982
0.00593795
0.000248458
0.00594282
0.000726736
0.00595367
0.00120302
0.00596954
0.00159743
0.00599838
0.00193443
0.00604575
0.00213323
0.00612098
0.00218515
0.00621748
0.00205989
0.00632773
0.00169311
0.00643363
0.00123464
0.0065189
0.000552175
0.00657651
1.60829e-06
0.00659619
-0.000700001
0.00659014
-0.00106995
0.00655221
-0.00157976
0.00650493
-0.00166636
0.00644052
-0.00193022
-0.00177846
0.0066329
-0.00191491
0.00653947
-0.00177752
0.00645539
-0.00160552
0.00638212
-0.00140016
0.00632115
-0.00116286
0.00627402
-0.000895393
0.00624231
-0.000600122
0.00622766
-0.000280381
0.00623167
5.92252e-05
0.00625557
0.000411716
0.00629969
0.000766837
0.0063631
0.00111018
0.00644402
0.00142337
0.00654048
0.00168506
0.00665091
0.00187284
0.00677374
0.00196487
0.00690607
0.0019413
0.00704192
0.00178699
0.00717151
0.00149675
0.00728244
0.00108219
0.00736286
0.000573818
0.00740477
1.72332e-05
0.00740567
-0.000539152
0.00736857
-0.0010516
0.0073001
-0.00149068
0.00720855
-0.00183908
0.0071021
-0.00209284
0.00698802
-0.0022533
0.00687193
-0.00232878
0.00675825
-0.00232584
0.00664992
-0.00225429
0.00654942
-0.00211936
0.00645829
-0.00192735
0.00637831
-0.00168217
0.00631044
-0.00138528
0.006257
-0.00104405
0.00622006
-0.000650669
0.00620229
-0.000224219
0.00620313
0.000247622
0.00621908
0.000710788
0.00624622
0.00117587
0.00628135
0.0015623
0.00632955
0.00188623
0.00639249
0.00207029
0.00647726
0.00210038
0.00657606
0.00196109
0.00668144
0.00158773
0.00677723
0.00113885
0.0068487
0.000480707
0.00689171
-4.13979e-05
0.00689712
-0.000705413
0.00687875
-0.00105157
0.00683049
-0.0015315
0.00677521
-0.00161107
0.00670442
-0.00185944
-0.00171467
0.00690387
-0.00181504
0.00681181
-0.00168547
0.00672915
-0.00152286
0.00665743
-0.00132844
0.0065982
-0.00110363
0.00655307
-0.000850261
0.0065237
-0.000570748
0.0065118
-0.000268488
0.0065191
5.19303e-05
0.00654708
0.000383735
0.00659654
0.000717375
0.00666716
0.00103957
0.00675739
0.00133314
0.00686474
0.00157771
0.00698619
0.00175139
0.00711815
0.00183292
0.00725569
0.00180376
0.00739156
0.00165112
0.0075158
0.0013725
0.0076171
0.000980889
0.0076854
0.00050552
0.00771467
-1.204e-05
0.00770391
-0.000528397
0.00765699
-0.00100468
0.00758075
-0.00141444
0.00748333
-0.00174166
0.00737253
-0.00198204
0.00725524
-0.00213602
0.00713678
-0.00221031
0.00702135
-0.00221041
0.00691174
-0.00214469
0.00681042
-0.00201804
0.00671885
-0.00183578
0.00663897
-0.0016023
0.00657178
-0.00131809
0.00651956
-0.000991825
0.00648434
-0.000615453
0.00646919
-0.000209063
0.00647497
0.000241836
0.00649963
0.000686126
0.00654032
0.00113519
0.0065923
0.00151032
0.00665827
0.00182026
0.0067362
0.00199236
0.00683044
0.00200614
0.00693188
0.00185965
0.00703281
0.0014868
0.00711917
0.00105249
0.00717778
0.000422104
0.0072073
-7.09241e-05
0.00719978
-0.000697892
0.00717033
-0.00102212
0.00711298
-0.00147415
0.00705067
-0.00154876
0.00697438
-0.00178315
-0.00164724
0.00718311
-0.00171692
0.00709273
-0.00159509
0.00701173
-0.00144186
0.00694168
-0.0012584
0.00688422
-0.00104616
0.00684097
-0.000807018
0.00681367
-0.000543445
0.00680405
-0.000258867
0.00681388
4.20969e-05
0.00684474
0.000352878
0.00689766
0.000664449
0.00697271
0.000964521
0.0070686
0.00123726
0.00718265
0.00146365
0.00731099
0.00162305
0.00744857
0.00169534
0.00758895
0.00166337
0.00772381
0.00151627
0.00784309
0.00125323
0.00793634
0.000887642
0.00799504
0.000446813
0.00801469
-3.1691e-05
0.00799547
-0.000509173
0.00794176
-0.000950975
0.00786047
-0.00133315
0.00775946
-0.00164065
0.0076462
-0.00186878
0.00752723
-0.00201704
0.00740757
-0.00209066
0.00729132
-0.00209416
0.00718114
-0.00203451
0.00707952
-0.00191642
0.00698793
-0.00174419
0.0069084
-0.00152276
0.00684203
-0.00125172
0.00679108
-0.000940881
0.00675757
-0.000581939
0.0067446
-0.000196094
0.00675415
0.00023229
0.0067853
0.000654968
0.00683655
0.00108394
0.00690237
0.00144449
0.00698361
0.00173902
0.007075
0.00190097
0.00717796
0.00190318
0.00728208
0.00175554
0.00737912
0.00138976
0.0074571
0.000974501
0.0075043
0.000374909
0.00752199
-8.86115e-05
0.0075033
-0.000679202
0.00746436
-0.000983182
0.0073994
-0.00140919
0.0073312
-0.00148056
0.00725039
-0.00170233
-0.00157677
0.00747121
-0.00162086
0.00738277
-0.00150664
0.00730361
-0.0013627
0.00723536
-0.00119015
0.00717967
-0.000990473
0.00713822
-0.000765563
0.00711273
-0.000517954
0.00710495
-0.000251091
0.00711664
3.0408e-05
0.00714935
0.000320164
0.0072042
0.000609598
0.00728142
0.000887307
0.00737991
0.00113876
0.00749699
0.00134657
0.00762835
0.0014917
0.00776807
0.00155561
0.00790872
0.00152272
0.00804127
0.00138372
0.00815566
0.00113883
0.00824222
0.000801088
0.00829361
0.000395419
0.00830645
-4.45317e-05
0.00828171
-0.000484428
0.00822402
-0.000893289
0.00814016
-0.00124929
0.00803771
-0.00153819
0.00792373
-0.0017548
0.00780447
-0.00189778
0.00768474
-0.00197093
0.00756853
-0.00197794
0.00745848
-0.00192446
0.00735709
-0.00181502
0.00726587
-0.00165297
0.00718693
-0.00144383
0.00712151
-0.0011863
0.00707188
-0.000891244
0.00704002
-0.000550081
0.00702893
-0.000185
0.00704128
0.000219938
0.007077
0.000619245
0.0071359
0.00102504
0.00721225
0.00136815
0.00730559
0.00164568
0.00740815
0.00179842
0.00751843
0.0017929
0.00762492
0.00164904
0.00771862
0.00129605
0.00778952
0.000903603
0.00782712
0.000337309
0.00783498
-9.64667e-05
0.00780719
-0.000651413
0.0077606
-0.000936595
0.00768965
-0.00133825
0.00761682
-0.00140773
0.00753255
-0.00161806
-0.0015039
0.00776872
-0.00152715
0.00768244
-0.00142037
0.00760529
-0.00128555
0.00753894
-0.0011238
0.00748503
-0.00093657
0.00744527
-0.0007258
0.00742137
-0.00049405
0.00741505
-0.00024477
0.00742799
1.746e-05
0.0074617
0.000286457
0.00751723
0.000554068
0.00759484
0.000809702
0.00769352
0.00104008
0.00781063
0.00122945
0.00794171
0.00136062
0.00808046
0.00141687
0.00821892
0.00138426
0.00834779
0.00125486
0.00845716
0.00102946
0.00853803
0.000720217
0.00858399
0.000349458
0.00859239
-5.29323e-05
0.00856464
-0.000456673
0.00850538
-0.00083403
0.00842112
-0.00116503
0.00831906
-0.00143613
0.00820589
-0.00164164
0.0080876
-0.00177949
0.00796881
-0.00185215
0.00785345
-0.00186258
0.00774415
-0.00181516
0.00764348
-0.00171435
0.00755301
-0.0015625
0.00747492
-0.00136574
0.00741058
-0.00112197
0.00736226
-0.000842924
0.007332
-0.000519817
0.00732252
-0.000175527
0.00733694
0.000205526
0.00737564
0.000580546
0.00743957
0.000961108
0.00752316
0.00128455
0.00762515
0.00154369
0.00773603
0.00168754
0.00785173
0.0016772
0.00795993
0.00154084
0.00805075
0.00120524
0.00811591
0.00083844
0.0081459
0.000307325
0.0081461
-9.66739e-05
0.00811143
-0.000616736
0.00805914
-0.000884303
0.00798389
-0.001263
0.00790774
-0.00133158
0.00782109
-0.00153142
-0.0014293
0.00807616
-0.001436
0.00799224
-0.00133644
0.00791724
-0.00121056
0.00785286
-0.00105942
0.00780075
-0.000884463
0.0077626
-0.000687644
0.00774008
-0.000471533
0.00773487
-0.000239559
0.00774856
3.76681e-06
0.00778254
0.000252482
0.00783774
0.000498864
0.00791436
0.000733085
0.00801139
0.000943046
0.00812625
0.0011146
0.00825446
0.00123241
0.00838969
0.00128164
0.00852389
0.00125006
0.0086478
0.00113095
0.00875188
0.000925374
0.00882776
0.000644342
0.00886967
0.000307548
0.00887546
-5.87304e-05
0.00884667
-0.000427879
0.00878775
-0.000775113
0.00870483
-0.00108211
0.00860467
-0.00133597
0.0084936
-0.00153057
0.00837734
-0.00166322
0.00826037
-0.00173518
0.00814656
-0.00174878
0.0080386
-0.0017072
0.0079391
-0.00161485
0.00784973
-0.00147313
0.00777272
-0.00128873
0.0077096
-0.00105885
0.0076626
-0.00079592
0.00763384
-0.000491058
0.00762575
-0.000167439
0.00764164
0.000189639
0.00768206
0.000540119
0.0077488
0.000894367
0.00783666
0.0011967
0.00794388
0.00143647
0.00806005
0.00157136
0.00817896
0.00155829
0.0082879
0.0014319
0.0083761
0.00111703
0.00843678
0.00077776
0.00846109
0.000283012
0.00845582
-9.14025e-05
0.00841644
-0.000577356
0.00836037
-0.000828232
0.00828248
-0.00118511
0.0082043
-0.0012534
0.00811634
-0.00144346
-0.00135367
0.00839405
-0.0013476
0.00831263
-0.00125501
0.00823991
-0.00113783
0.00817756
-0.000997068
0.00812725
-0.00083415
0.00809062
-0.000651014
0.00806931
-0.000450224
0.00806491
-0.000235162
0.00807892
-1.02367e-05
0.00811256
0.000218839
0.00816664
0.000444781
0.00824122
0.000658503
0.00833526
0.000849012
0.00844618
0.00100368
0.00856965
0.00110894
0.00869947
0.00115182
0.00882779
0.00112173
0.00894571
0.00101304
0.00904418
0.000826895
0.00911544
0.000573089
0.00915427
0.000268716
0.00915874
-6.31994e-05
0.00913033
-0.000399466
0.00907315
-0.00071794
0.00899286
-0.00100182
0.00889577
-0.00123887
0.0087878
-0.00142261
0.00867443
-0.00154986
0.00856002
-0.00162076
0.00844839
-0.00163715
0.00834228
-0.00160109
0.00824435
-0.00151692
0.00815641
-0.00138519
0.00808071
-0.00121303
0.00801893
-0.000997065
0.00797324
-0.00075023
0.00794588
-0.000463694
0.00793896
-0.000160526
0.00795584
0.000172761
0.00799704
0.000498921
0.0080648
0.000826601
0.00815439
0.00110712
0.00826376
0.0013271
0.00838228
0.00145285
0.00850212
0.00143844
0.00861063
0.0013234
0.00869629
0.00103138
0.00875352
0.000720525
0.00877391
0.000262628
0.00876514
-8.26389e-05
0.00872307
-0.000535284
0.00866501
-0.000770169
0.00858602
-0.00110612
0.008507
-0.00117438
0.00841872
-0.00135518
-0.00127762
0.00872284
-0.00126207
0.00864405
-0.00117622
0.00857368
-0.00106747
0.00851342
-0.000936806
0.0084649
-0.000785625
0.00842972
-0.000615836
0.00840946
-0.000429969
0.00840562
-0.000231325
0.00841957
-2.41861e-05
0.0084524
0.000186014
0.00850474
0.000392442
0.00857651
0.000586734
0.00866658
0.000758939
0.00877243
0.000897829
0.00888987
0.000991498
0.00901297
0.00102872
0.0091343
0.0010004
0.00924547
0.000901873
0.00933807
0.000734295
0.00940493
0.000506231
0.0094412
0.000232441
0.00944517
-6.71689e-05
0.00941805
-0.000372345
0.00936355
-0.000663443
0.00928679
-0.000925062
0.00919358
-0.00114566
0.00908947
-0.0013185
0.00897967
-0.00144005
0.00886841
-0.0015095
0.00875947
-0.00152822
0.00865565
-0.00149727
0.00855967
-0.00142094
0.00847346
-0.00129898
0.00839927
-0.00113885
0.00833894
-0.000936733
0.00829456
-0.000705855
0.00826848
-0.00043761
0.00826253
-0.000154576
0.00827999
0.000155302
0.00832123
0.000457678
0.00838866
0.000759176
0.00847796
0.00101782
0.0085869
0.00121815
0.00870515
0.0013346
0.0088238
0.00131979
0.00893065
0.00121655
0.00901364
0.000948387
0.0090682
0.000665971
0.00908608
0.000244743
0.0090755
-7.20635e-05
0.00903247
-0.000492253
0.00897398
-0.000711675
0.00889524
-0.00102738
0.00881647
-0.00109561
0.00872877
-0.00126748
-0.00120178
0.00906296
-0.00117953
0.00898688
-0.00110013
0.00891895
-0.000999536
0.0088608
-0.000878662
0.00881405
-0.000738873
0.00878025
-0.000582034
0.0087609
-0.000410621
0.00875741
-0.000227833
0.008771
-3.77746e-05
0.00880262
0.000154395
0.00885274
0.000342324
0.00892113
0.000518344
0.00900658
0.000673481
0.00910661
0.000797799
0.00921721
0.000880898
0.00933281
0.000913117
0.00944647
0.000886744
0.00955042
0.000797922
0.00963694
0.00064777
0.00969946
0.000443717
0.00973351
0.000198386
0.00973739
-7.10466e-05
0.00971207
-0.000347023
0.00966078
-0.000612151
0.00958808
-0.000852369
0.00949929
-0.00105686
0.00939955
-0.00121876
0.00929381
-0.00133431
0.00918616
-0.00140185
0.00908034
-0.0014224
0.0089792
-0.00139612
0.00888548
-0.00132722
0.00880125
-0.00121474
0.00872876
-0.00106636
0.00866999
-0.000877958
0.00862694
-0.000662803
0.00860202
-0.000412691
0.00859683
-0.000149388
0.00861451
0.000137621
0.00865524
0.000416949
0.00872131
0.000693107
0.00880881
0.000930314
0.00891532
0.00111165
0.00903115
0.00121877
0.0091468
0.00120414
0.00925082
0.00111252
0.00933089
0.000868316
0.00938325
0.000613615
0.00939971
0.000228288
0.00938863
-6.09889e-05
0.00934603
-0.000449649
0.00928838
-0.000654031
0.00921103
-0.000950026
0.00913342
-0.001018
0.00904707
-0.00118113
-0.00112666
0.0094148
-0.00110004
0.0093415
-0.00102683
0.00927604
-0.000934078
0.00922003
-0.000822652
0.00917503
-0.00069387
0.00914253
-0.000549537
0.00912396
-0.000392053
0.00912062
-0.000224491
0.0091336
-5.07523e-05
0.0091637
0.000124296
0.00921123
0.000294789
0.00927585
0.000453731
0.00935626
0.000593065
0.00945003
0.00070403
0.00955335
0.000777576
0.00966103
0.000805438
0.00976668
0.0007811
0.00986319
0.000701408
0.00994354
0.000567418
0.0100017
0.000385519
0.0100337
0.00016645
0.0100376
-7.49917e-05
0.0100143
-0.000323694
0.00996643
-0.000564288
0.00989806
-0.000783999
0.00981397
-0.000972771
0.00971892
-0.00112372
0.00961758
-0.00123296
0.00951389
-0.00129816
0.00941152
-0.00132004
0.00931337
-0.00129797
0.00922219
-0.00123604
0.00914017
-0.00113273
0.00906956
-0.00099575
0.00901243
-0.000820832
0.00897071
-0.00062108
0.00894685
-0.000388832
0.00894224
-0.000144775
0.00895982
0.000120036
0.0089996
0.000377174
0.00906358
0.00062913
0.00914819
0.000845696
0.00925081
0.00100903
0.00936259
0.001107
0.0094738
0.00109292
0.00957401
0.00101231
0.00965086
0.000791471
0.00970125
0.000563226
0.009717
0.000212538
0.00970636
-5.03497e-05
0.00966522
-0.000408507
0.0096094
-0.000598219
0.00953432
-0.00087494
0.00945862
-0.000942306
0.00937426
-0.00109677
-0.00105274
0.00977873
-0.00102365
0.00970825
-0.000956355
0.00964529
-0.00087112
0.00959141
-0.000768775
0.00954812
-0.00065058
0.00951686
-0.00051827
0.00949895
-0.000374142
0.00949558
-0.000221128
0.00950774
-6.29053e-05
0.00953607
9.59657e-05
0.00958075
0.000250106
0.00964131
0.000393168
0.00971643
0.000517948
0.00980371
0.000616747
0.00989957
0.000681717
0.00999919
0.000705817
0.0100967
0.000683553
0.0101858
0.000612369
0.01026
0.000493237
0.0103139
0.000331611
0.0103437
0.00013666
0.0103477
-7.90003e-05
0.0103263
-0.000302338
0.0102819
-0.000519859
0.0102179
-0.000719997
0.0101386
-0.000893488
0.0100484
-0.00103353
0.00995166
-0.00113622
0.00985218
-0.00119868
0.00975353
-0.00122139
0.00965862
-0.00120306
0.00957022
-0.00114763
0.00949061
-0.00105312
0.00942202
-0.000927155
0.00936662
-0.000765434
0.00932623
-0.000580696
0.00930334
-0.000365933
0.00929912
-0.000140564
0.00931634
0.000102824
0.00935481
0.000338704
0.00941617
0.00056777
0.00949715
0.00076471
0.0095949
0.000911277
0.00970149
0.00100041
0.00980725
0.000987162
0.00990286
0.000916701
0.00997616
0.000718167
0.0100246
0.000514742
0.0100401
0.000197074
0.0100305
-4.07425e-05
0.00999152
-0.000369527
0.00993824
-0.000544934
0.00986608
-0.000802782
0.00979287
-0.000869092
0.00971101
-0.00101491
-0.000980417
0.0101551
-0.000950377
0.0100875
-0.000888711
0.010027
-0.000810663
0.00997524
-0.000717014
0.00993362
-0.000608958
0.0099035
-0.00048815
0.00988613
-0.000356771
0.00988259
-0.000217592
0.00989374
-7.40518e-05
0.0099201
6.9603e-05
0.00996173
0.000208476
0.0100181
0.000336831
0.0100878
0.000448263
0.0101685
0.000536026
0.0102569
0.000593333
0.0103485
0.000614202
0.010438
0.000594013
0.0105197
0.0005307
0.0105878
0.00042515
0.0106374
0.000281986
0.010665
0.000109052
0.0106689
-8.29489e-05
0.0106494
-0.000282807
0.0106083
-0.00047872
0.0105485
-0.000660268
0.010474
-0.000818979
0.0103887
-0.00094823
0.0102967
-0.00104418
0.0102016
-0.00110357
0.0101069
-0.00112664
0.0100154
-0.00111161
0.00992997
-0.0010622
0.00985294
-0.000976092
0.00978649
-0.000860706
0.00973288
-0.000711828
0.00969384
-0.000541657
0.00967182
-0.000343905
0.00966786
-0.000136604
0.00968445
8.62253e-05
0.00972133
0.000301828
0.0097797
0.000509398
0.00985657
0.000687846
0.00994885
0.000818992
0.0100495
0.000899742
0.0101492
0.000887498
0.0102396
0.000826245
0.0103091
0.000648668
0.0103557
0.000468208
0.010371
0.000181724
0.0103628
-3.24906e-05
0.0103264
-0.000333123
0.0102761
-0.000494622
0.0102073
-0.000733998
0.010137
-0.00079878
0.010058
-0.000935946
-0.000909998
0.0105443
-0.000880205
0.0104794
-0.00082389
0.0104215
-0.00075269
0.0103718
-0.000667332
0.0103318
-0.000568945
0.0103027
-0.000459091
0.0102858
-0.000339826
0.0102819
-0.000213744
0.0102919
-8.40421e-05
0.0103162
4.53706e-05
0.0103546
0.000170041
0.0104066
0.00028483
0.0104708
0.000384059
0.010545
0.000461841
0.010626
0.000512321
0.0107098
0.000530427
0.0107915
0.000512279
0.010866
0.000456208
0.0109281
0.000363005
0.0109735
0.000236633
0.0109989
8.3681e-05
0.0110026
-8.6672e-05
0.0109847
-0.000264885
0.0109466
-0.000440646
0.0108909
-0.00060462
0.0108211
-0.000749119
0.0107406
-0.00086778
0.0106533
-0.000956891
0.0105627
-0.00101292
0.010472
-0.00103594
0.0103841
-0.00102377
0.0103018
-0.000979892
0.0102275
-0.000901779
0.0101633
-0.000796512
0.0101116
-0.000660064
0.0100739
-0.000503962
0.0100526
-0.000322664
0.0100488
-0.000132761
0.0100646
7.04443e-05
0.0100996
0.000266775
0.0101548
0.000454269
0.0102272
0.00061541
0.0103137
0.000732494
0.010408
0.000805384
0.0105013
0.000794279
0.0105862
0.000741279
0.0106517
0.000583161
0.0106962
0.000423757
0.0107115
0.000166438
0.0107047
-2.569e-05
0.010671
-0.000299488
0.0106239
-0.000447519
0.0105588
-0.000668856
0.0104917
-0.000731649
0.0104159
-0.000860138
-0.000841737
0.0109466
-0.000813102
0.0108846
-0.000761859
0.010829
-0.000697158
0.0107814
-0.000619677
0.0107429
-0.000530472
0.0107148
-0.000431004
0.0106982
-0.000323196
0.0106939
-0.000209458
0.0107026
-9.2737e-05
0.0107246
2.3394e-05
0.0107597
0.000134902
0.0108073
0.000237215
0.0108661
0.000325321
0.0109338
0.000394096
0.0110076
0.000438506
0.0110838
0.000454251
0.011158
0.000438083
0.0112256
0.000388639
0.0112819
0.000306645
0.0113231
0.000195468
0.0113461
6.06232e-05
0.0113495
-8.99993e-05
0.0113329
-0.000248324
0.0112976
-0.00040537
0.0112458
-0.00055281
0.0111804
-0.000683721
0.0111047
-0.000792068
0.0110221
-0.000874306
0.010936
-0.000926761
0.0108494
-0.000949363
0.0107653
-0.000939658
0.0106862
-0.000900842
0.0106147
-0.000830288
0.0105529
-0.000734657
0.010503
-0.000610178
0.0104666
-0.000467603
0.0104461
-0.000302138
0.0104423
-0.000128911
0.0104571
5.56466e-05
0.0104901
0.000233731
0.0105418
0.000402551
0.0106097
0.000547574
0.0106903
0.000651906
0.0107781
0.000717499
0.0108648
0.000707615
0.0109441
0.000661962
0.0110055
0.000521761
0.0110478
0.000381501
0.0110629
0.0001513
0.0110575
-2.0307e-05
0.0110267
-0.000268648
0.0109829
-0.000403705
0.0109215
-0.000607484
0.0108577
-0.000667864
0.0107853
-0.000787674
-0.000775824
0.0113624
-0.000749007
0.0113031
-0.000702559
0.01125
-0.000644007
0.0112043
-0.000573977
0.0111673
-0.000493453
0.0111401
-0.000403793
0.0111236
-0.000306772
0.0111188
-0.000204617
0.0111261
-0.000100029
0.0111457
3.7758e-06
0.0111775
0.000103119
0.0112207
0.000193998
0.011274
0.000271989
0.0113355
0.00033265
0.0114023
0.000371666
0.0114712
0.000385394
0.0115381
0.000371117
0.0115991
0.000327718
0.0116498
0.000255882
0.0116869
0.000158385
0.0117076
3.99304e-05
0.0117104
-9.27623e-05
0.0116949
-0.000232876
0.0116622
-0.000372607
0.0116139
-0.000504568
0.0115528
-0.000622564
0.0114816
-0.000720938
0.0114037
-0.000796349
0.011322
-0.000845088
0.0112396
-0.000866954
0.0111593
-0.000859339
0.0110836
-0.000825137
0.011015
-0.000761699
0.0109555
-0.000675206
0.0109075
-0.000562189
0.0108725
-0.000432568
0.0108526
-0.000282255
0.0108487
-0.00012495
0.0108623
4.19703e-05
0.0108932
0.000202841
0.0109414
0.000354346
0.0110046
0.000484416
0.0110793
0.000577217
0.0111607
0.000636081
0.0112408
0.000627456
0.0113145
0.000588319
0.0113717
0.000464505
0.0114117
0.000341562
0.0114266
0.00013642
0.0114225
-1.62096e-05
0.0113943
-0.000240516
0.0113538
-0.000363145
0.0112962
-0.000549898
0.0112358
-0.000607497
0.0111668
-0.000718657
-0.000712395
0.0117922
-0.000687836
0.0117355
-0.000645909
0.0116847
-0.000593154
0.0116409
-0.000530148
0.0116052
-0.000457797
0.0115788
-0.000377354
0.0115624
-0.000290452
0.0115569
-0.000199114
0.0115627
-0.00010582
0.0115799
-1.34133e-05
0.0116083
7.47231e-05
0.0116472
0.000155152
0.0116952
0.000223963
0.0117505
0.00027733
0.0118106
0.00031155
0.0118725
0.00032355
0.0119325
0.000311058
0.0119871
0.000273168
0.0120325
0.000210456
0.0120656
0.000125298
0.0120839
2.16497e-05
0.0120859
-9.48226e-05
0.0120714
-0.000218305
0.0120408
-0.000342076
0.0119959
-0.000459611
0.0119387
-0.000565402
0.011872
-0.000654205
0.0117985
-0.000722903
0.0117213
-0.000767841
0.011643
-0.000788714
0.0115665
-0.000782851
0.0114942
-0.000752832
0.0114286
-0.000696061
0.0113716
-0.000618198
0.0113255
-0.000516101
0.0112918
-0.00039883
0.0112725
-0.000262948
0.0112683
-0.000120783
0.0112807
2.95247e-05
0.0113094
0.000174213
0.011354
0.000309703
0.0114125
0.000425943
0.0114814
0.000508328
0.0115564
0.000561014
0.0116303
0.000553647
0.0116983
0.000520261
0.0117514
0.000411375
0.011789
0.000304027
0.0118035
0.000121937
0.0118005
-1.32225e-05
0.0117749
-0.000214936
0.0117375
-0.000325724
0.0116836
-0.000496039
0.0116267
-0.00055055
0.0115611
-0.00065313
-0.000651539
0.0122363
-0.000629481
0.0121822
-0.000591806
0.0121335
-0.000544498
0.0120914
-0.000488086
0.012057
-0.000423398
0.0120313
-0.000351583
0.012015
-0.000274126
0.0120087
-0.000192864
0.0120129
-0.000110018
0.0120276
-2.81485e-05
0.0120526
4.97264e-05
0.0120872
0.000120623
0.01213
0.00018112
0.0121794
0.000227926
0.0122331
0.00025789
0.0122882
0.000268402
0.0123417
0.000257575
0.0123902
0.000224667
0.0124305
0.000170165
0.0124597
9.60862e-05
0.0124756
5.77018e-06
0.0124768
-9.60424e-05
0.0124629
-0.00020439
0.0124343
-0.000313505
0.0123924
-0.000417656
0.0123389
-0.000511977
0.0122764
-0.000591657
0.0122073
-0.000653816
0.0121344
-0.000694928
0.0120603
-0.000714603
0.0119876
-0.000710185
0.0119187
-0.000683946
0.0118561
-0.000633392
0.0118015
-0.000563647
0.0117573
-0.000471905
0.0117248
-0.000366357
0.011706
-0.000244155
0.0117016
-0.000116322
0.0117127
1.83917e-05
0.011739
0.000147921
0.0117801
0.000268628
0.0118339
0.000372111
0.0118972
0.000445086
0.0119661
0.000492113
0.0120337
0.000485964
0.0120964
0.000457645
0.0121454
0.000362296
0.0121805
0.000268948
0.0121945
0.00010799
0.0121924
-1.11543e-05
0.0121692
-0.00019171
0.0121347
-0.000291279
0.0120845
-0.000445789
0.0120309
-0.000496971
0.0119688
-0.000591084
-0.000593304
0.0126951
-0.000573813
0.0126434
-0.000540126
0.0125969
-0.000497919
0.0125565
-0.000447675
0.0125232
-0.000390145
0.012498
-0.000326369
0.0124816
-0.0002577
0.0124745
-0.000185771
0.012477
-0.000112576
0.0124893
-4.04015e-05
0.0125109
2.81054e-05
0.0125412
9.03246e-05
0.012579
0.000143303
0.0126227
0.000184225
0.0126702
0.000210395
0.012719
0.000219624
0.0127662
0.000210333
0.012809
0.000181906
0.0128444
0.000134774
0.0128699
7.05989e-05
0.0128833
-7.6837e-06
0.0128836
-9.63317e-05
0.0128702
-0.000190935
0.0128433
-0.000286637
0.0128041
-0.000378425
0.0127541
-0.000462024
0.0126955
-0.000533064
0.0126306
-0.00058891
0.0125619
-0.000626221
0.0124918
-0.000644543
0.012423
-0.0006413
0.0123575
-0.000618462
0.0122978
-0.000573682
0.0122457
-0.000511544
0.0122033
-0.000429571
0.0121721
-0.000335107
0.0121537
-0.000225809
0.0121489
-0.000111499
0.0121587
8.63602e-06
0.0121826
0.000124009
0.0122201
0.000231093
0.0122694
0.000322833
0.0123272
0.000387298
0.0123901
0.000429146
0.012452
0.00042414
0.0125093
0.000400282
0.0125545
0.000317158
0.0125871
0.00023635
0.0126004
9.46986e-05
0.012599
-9.81097e-06
0.0125779
-0.000170624
0.0125463
-0.000259614
0.0124995
-0.000398993
0.0124492
-0.000446664
0.0123905
-0.000532471
-0.000537703
0.0131692
-0.00052068
0.0131198
-0.000490724
0.0130752
-0.000453281
0.0130363
-0.000408785
0.0130041
-0.000357916
0.0129793
-0.000301606
0.0129627
-0.000241069
0.0129547
-0.00017777
0.0129556
-0.000113458
0.0129653
-5.01616e-05
0.0129836
9.81254e-06
0.0130098
6.41408e-05
0.0130428
0.000110339
0.013081
0.000145977
0.0131226
0.000168769
0.0131654
0.000176879
0.0132067
0.000168991
0.013244
0.000144581
0.0132748
0.000104035
0.0132967
4.87338e-05
0.0133078
-1.88053e-05
0.013307
-9.55803e-05
0.0132938
-0.000177756
0.0132684
-0.000261229
0.0132317
-0.000341644
0.0131849
-0.00041527
0.01313
-0.000478179
0.0130691
-0.000527981
0.0130044
-0.000561559
0.0129383
-0.00057842
0.0128731
-0.000576115
0.012811
-0.000556329
0.0127542
-0.000516887
0.0127045
-0.000461852
0.012664
-0.00038905
0.0126339
-0.000305026
0.0126159
-0.000207858
0.0126107
-0.000106246
0.012619
2.97776e-07
0.0126406
0.00010249
0.0126746
0.000197039
0.0127195
0.000277986
0.012772
0.000334743
0.0128293
0.000371852
0.0128856
0.00036789
0.0129379
0.000347939
0.0129792
0.000275832
0.0130094
0.000206214
0.0130219
8.21955e-05
0.0130211
-9.02179e-06
0.0130019
-0.000151454
0.0129728
-0.000230519
0.0129293
-0.00035547
0.0128821
-0.0003995
0.0128268
-0.000477202
-0.000484716
0.0136591
-0.000469911
0.0136118
-0.000443438
0.013569
-0.00041043
0.0135315
-0.000371276
0.0135001
-0.000326584
0.0134757
-0.000277183
0.0134588
-0.00022415
0.0134498
-0.000168792
0.013449
-0.000112639
0.0134563
-5.74569e-05
0.0134713
-5.21291e-06
0.0134935
4.1935e-05
0.0135218
8.20257e-05
0.0135549
0.000112924
0.013591
0.000132699
0.013628
0.000139832
0.0136638
0.000133194
0.013696
0.000112386
0.0137223
7.77232e-05
0.0137407
3.03095e-05
0.0137495
-2.76185e-05
0.0137477
-9.37317e-05
0.0137346
-0.000164697
0.0137105
-0.000237054
0.0136759
-0.000307048
0.013632
-0.000371442
0.0135806
-0.000426742
0.0135234
-0.000470799
0.0134626
-0.000500752
0.0134003
-0.000516083
0.0133387
-0.000514511
0.0132798
-0.000497456
0.0132258
-0.000462934
0.0131785
-0.000414506
0.0131397
-0.000350281
0.0131108
-0.000276054
0.0130931
-0.000190236
0.0130874
-0.000100513
0.0130943
-6.5995e-06
0.0131134
8.3349e-05
0.0131441
0.000166377
0.0131847
0.000237419
0.0132322
0.000287177
0.0132841
0.000319943
0.0133351
0.000316911
0.0133827
0.000300369
0.0134204
0.000238157
0.0134481
0.000178533
0.0134597
7.053e-05
0.0134593
-8.60466e-06
0.0134418
-0.000133984
0.0134151
-0.000203772
0.0133746
-0.000315017
0.0133305
-0.000355326
0.0132784
-0.000425162
-0.000434292
0.0141653
-0.000421317
0.01412
-0.00039809
0.0140787
-0.000369201
0.0140425
-0.000334997
0.0140119
-0.000296014
0.0139877
-0.000252989
0.0139704
-0.000206862
0.0139604
-0.000158785
0.0139579
-0.0001101
0.0139627
-6.23108e-05
0.0139746
-1.71237e-05
0.013993
2.35746e-05
0.0140169
5.81503e-05
0.014045
8.47863e-05
0.0140758
0.000101872
0.0141075
0.000108125
0.0141381
0.000102615
0.0141655
8.49997e-05
0.0141877
5.556e-05
0.0142028
1.51977e-05
0.0142093
-3.41913e-05
0.0142064
-9.07422e-05
0.0141933
-0.000151616
0.0141701
-0.000213899
0.0141375
-0.000274378
0.0140963
-0.000330263
0.014048
-0.000378479
0.0139943
-0.000417113
0.0139371
-0.000443576
0.0138784
-0.000457348
0.0138202
-0.000456333
0.0137645
-0.000441718
0.0137133
-0.000411712
0.0136682
-0.000369414
0.0136311
-0.000313184
0.0136031
-0.000248108
0.0135858
-0.000172892
0.0135795
-9.42503e-05
0.013585
-1.20708e-05
0.0136018
6.65533e-05
0.0136292
0.000138992
0.0136657
0.00020095
0.0137085
0.000244336
0.0137553
0.000273115
0.0138013
0.000270887
0.0138444
0.000257299
0.0138786
0.000203976
0.0139039
0.000153227
0.0139147
5.97791e-05
0.0139145
-8.41227e-06
0.0138985
-0.000118002
0.0138739
-0.000179148
0.0138363
-0.000277416
0.0137949
-0.000313963
0.0137459
-0.0003762
-0.000386348
0.0146884
-0.000374691
0.0146448
-0.000354484
0.014605
-0.000329415
0.0145698
-0.000299787
0.0145399
-0.000266072
0.0145158
-0.000228912
0.0144981
-0.00018913
0.014487
-0.000147716
0.0144827
-0.000105842
0.0144852
-6.47995e-05
0.0144941
-2.60176e-05
0.0145088
8.88027e-06
0.0145285
3.84648e-05
0.014552
6.12784e-05
0.0145779
7.59501e-05
0.0146047
8.14096e-05
0.0146304
7.68876e-05
0.0146533
6.21144e-05
0.0146715
3.72889e-05
0.0146835
3.23406e-06
0.0146879
-3.85955e-05
0.0146837
-8.65878e-05
0.0146705
-0.000138393
0.0146482
-0.000191568
0.0146172
-0.000243383
0.0145784
-0.000291454
0.014533
-0.000333104
0.0144826
-0.000366649
0.0144288
-0.00038978
0.0143734
-0.000401991
0.0143185
-0.000401386
0.0142657
-0.000388952
0.0142171
-0.000363083
0.0141741
-0.000326455
0.0141386
-0.000277658
0.0141116
-0.000221107
0.0140944
-0.00015576
0.0140876
-8.74305e-05
0.0140917
-1.61245e-05
0.0141062
5.20348e-05
0.0141304
0.000114742
0.014163
0.000168369
0.0142014
0.000205938
0.0142435
0.000231044
0.0142849
0.000229492
0.0143237
0.000218452
0.0143546
0.00017309
0.0143776
0.000130219
0.0143874
4.99853e-05
0.0143873
-8.31503e-06
0.0143726
-0.000103306
0.0143499
-0.000156421
0.0143149
-0.000242437
0.0142762
-0.000275213
0.0142301
-0.000330139
-0.00034077
0.0152291
-0.000329808
0.015187
-0.00031241
0.0151485
-0.000290878
0.0151142
-0.000265477
0.0150847
-0.000236616
0.0150606
-0.000204847
0.0150424
-0.00017088
0.0150302
-0.000135562
0.0150243
-9.9896e-05
0.0150245
-6.49843e-05
0.0150305
-3.20501e-05
0.0150417
-2.33288e-06
0.0150575
2.27102e-05
0.0150767
4.20901e-05
0.015098
5.45867e-05
0.0151201
5.93238e-05
0.0151413
5.56688e-05
0.01516
4.3399e-05
0.0151747
2.26468e-05
0.0151837
-5.78283e-06
0.015186
-4.09106e-05
0.0151807
-8.12545e-05
0.0151672
-0.00012492
0.0151455
-0.000169875
0.015116
-0.000213818
0.0150792
-0.000254734
0.0150365
-0.00029032
0.0149889
-0.000319113
0.0149382
-0.000339084
0.014886
-0.000349756
0.014834
-0.000349443
0.014784
-0.000338953
0.0147378
-0.000316872
0.0146969
-0.000285482
0.0146628
-0.000243577
0.0146366
-0.000194961
0.0146196
-0.000138776
0.0146123
-8.00349e-05
0.0146149
-1.87916e-05
0.0146273
3.97003e-05
0.0146485
9.34598e-05
0.0146775
0.000139438
0.0147117
0.000171679
0.0147494
0.000193389
0.0147865
0.000192385
0.0148214
0.000183526
0.0148492
0.000145288
0.01487
0.000109409
0.0148788
4.11689e-05
0.0148787
-8.20135e-06
0.0148651
-8.97027e-05
0.0148441
-0.000135367
0.0148115
-0.000209836
0.0147751
-0.000238856
0.0147317
-0.000286771
-0.000297414
0.015788
-0.000286429
0.0157472
-0.000271643
0.0157097
-0.000253389
0.0156761
-0.000231891
0.015647
-0.0002075
0.0156228
-0.000180686
0.015604
-0.000152048
0.0155908
-0.000122308
0.0155832
-9.23026e-05
0.0155811
-6.29686e-05
0.0155844
-3.53164e-05
0.0155925
-1.03848e-05
0.0156045
1.06479e-05
0.0156197
2.69049e-05
0.0156369
3.74259e-05
0.0156547
4.14961e-05
0.0156718
3.85853e-05
0.0156867
2.85188e-05
0.0156979
1.13978e-05
0.0157042
-1.20897e-05
0.0157045
-4.12254e-05
0.015698
-7.47447e-05
0.0156842
-0.000111108
0.015663
-0.000148646
0.0156346
-0.000185445
0.0155997
-0.000219819
0.0155592
-0.000249817
0.0155143
-0.000274187
0.0154664
-0.000291177
0.015417
-0.00030035
0.0153677
-0.000300234
0.0153203
-0.000291482
0.0152763
-0.000272868
0.0152371
-0.000246315
0.0152043
-0.0002108
0.0151789
-0.000169558
0.015162
-0.000121886
0.015154
-7.20446e-05
0.0151554
-2.01229e-05
0.0151656
2.94346e-05
0.0151841
7.49523e-05
0.0152097
0.000113891
0.0152401
0.000141233
0.0152737
0.000159782
0.0153069
0.000159208
0.0153382
0.000152199
0.0153632
0.000120346
0.0153819
9.06614e-05
0.0153898
3.33315e-05
0.0153896
-7.98039e-06
0.0153769
-7.701e-05
0.0153573
-0.00011576
0.0153268
-0.000179354
0.0152926
-0.000204653
0.0152517
-0.000245856
-0.0002561
0.0163658
-0.000244293
0.0163261
-0.000231944
0.0162894
-0.000216731
0.0162564
-0.000198845
0.0162275
-0.000178578
0.0162031
-0.000156323
0.0161836
-0.000132581
0.0161693
-0.000107948
0.0161601
-8.31208e-05
0.016156
-5.88681e-05
0.0161567
-3.60242e-05
0.0161618
-1.54523e-05
0.0161705
1.95566e-06
0.016182
1.53685e-05
0.0161953
2.41007e-05
0.0162093
2.75391e-05
0.0162226
2.52609e-05
0.016234
1.7134e-05
0.0162421
3.24609e-06
0.0162459
-1.58832e-05
0.0162444
-3.96642e-05
0.0162367
-6.70775e-05
0.0162225
-9.68796e-05
0.0162015
-0.000127718
0.0161741
-0.000158026
0.0161407
-0.000186419
0.0161022
-0.00021127
0.0160595
-0.000231531
0.0160141
-0.000245718
0.0159672
-0.000253443
0.0159204
-0.00025345
0.0158751
-0.000246259
0.0158331
-0.000230825
0.0157955
-0.000208743
0.0157639
-0.00017916
0.0157391
-0.000144774
0.0157222
-0.000105021
0.0157137
-6.3463e-05
0.0157137
-2.01798e-05
0.0157221
2.10948e-05
0.015738
5.89971e-05
0.0157605
9.14356e-05
0.0157875
0.000114246
0.0158174
0.000129836
0.015847
0.000129577
0.0158751
0.000124132
0.0158974
9.80083e-05
0.0159143
7.38293e-05
0.0159212
2.6438e-05
0.0159208
-7.57667e-06
0.0159088
-6.5055e-05
0.0158904
-9.73783e-05
0.0158618
-0.000150723
0.0158295
-0.000172345
0.0157907
-0.000207122
-0.000216611
0.0169633
-0.000203124
0.0169244
-0.000193054
0.0168884
-0.000180675
0.0168557
-0.000166143
0.0168268
-0.000149696
0.0168021
-0.000131655
0.016782
-0.000112426
0.0167665
-9.24936e-05
0.0167558
-7.24196e-05
0.0167498
-5.28234e-05
0.0167481
-3.438e-05
0.0167504
-1.77763e-05
0.0167561
-3.71192e-06
0.0167644
7.13359e-06
0.0167742
1.421e-05
0.0167847
1.70489e-05
0.0167947
1.5306e-05
0.0168029
8.88584e-06
0.0168083
-2.12076e-06
0.0168098
-1.73793e-05
0.0168065
-3.63624e-05
0.0167977
-5.82883e-05
0.016783
-8.21706e-05
0.0167622
-0.000106936
0.0167355
-0.000131329
0.0167033
-0.000154237
0.0166664
-0.000174339
0.0166257
-0.000190778
0.0165823
-0.00020233
0.0165375
-0.000208666
0.0164928
-0.000208738
0.0164495
-0.000202957
0.0164091
-0.000190454
0.0163729
-0.000172522
0.0163422
-0.000148463
0.0163179
-0.000120475
0.016301
-8.81142e-05
0.0162918
-5.42828e-05
0.0162907
-1.9056e-05
0.0162973
1.45187e-05
0.0163109
4.53442e-05
0.0163306
7.17418e-05
0.0163545
9.03337e-05
0.0163812
0.000103127
0.0164077
0.000103088
0.0164329
9.89433e-05
0.0164529
7.79989e-05
0.016468
5.873e-05
0.016474
2.04365e-05
0.0164734
-6.93887e-06
0.016462
-5.36737e-05
0.0164446
-8.0001e-05
0.0164175
-0.000123655
0.0163868
-0.000141648
0.01635
-0.000170264
-0.000178692
0.0175814
-0.000162618
0.017543
-0.000154697
0.0175073
-0.000144977
0.0174748
-0.000133581
0.0174458
-0.000120697
0.0174207
-0.000106577
0.0173998
-9.154e-05
0.0173833
-7.59641e-05
0.0173711
-6.0288e-05
0.0173633
-4.49942e-05
0.0173595
-3.0606e-05
0.0173594
-1.76573e-05
0.0173624
-6.68883e-06
0.0173677
1.80041e-06
0.0173746
7.33504e-06
0.0173821
9.59563e-06
0.0173891
8.30832e-06
0.0173945
3.39706e-06
0.0173975
-5.04661e-06
0.0173969
-1.68136e-05
0.017392
-3.14714e-05
0.0173822
-4.8429e-05
0.0173669
-6.69301e-05
0.0173461
-8.61499e-05
0.0173199
-0.000105116
0.0172886
-0.000122966
0.017253
-0.000138661
0.0172137
-0.000151529
0.017172
-0.000160599
0.0171289
-0.000165602
0.0170859
-0.000165699
0.0170441
-0.000161205
0.0170051
-0.000151424
0.0169699
-0.000137369
0.01694
-0.000118486
0.016916
-9.65089e-05
0.016899
-7.1089e-05
0.0168892
-4.45136e-05
0.016887
-1.68529e-05
0.016892
9.5118e-06
0.0169037
3.3707e-05
0.0169209
5.44458e-05
0.0169422
6.90704e-05
0.0169661
7.91985e-05
0.0169899
7.92876e-05
0.0170126
7.62335e-05
0.0170306
5.9998e-05
0.0170442
4.51375e-05
0.0170494
1.5259e-05
0.0170485
-6.04144e-06
0.0170376
-4.27089e-05
0.017021
-6.34043e-05
0.0169951
-9.78434e-05
0.0169658
-0.000112251
0.0169304
-0.000134931
-0.000142041
0.0182208
-0.000122446
0.0181827
-0.000116571
0.0181471
-0.000109371
0.0181144
-0.000100939
0.0180852
-9.14144e-05
0.0180596
-8.09845e-05
0.0180379
-6.98844e-05
0.0180203
-5.83933e-05
0.0180069
-4.68345e-05
0.0179975
-3.55625e-05
0.0179918
-2.49614e-05
0.0179896
-1.54223e-05
0.0179902
-7.33911e-06
0.0179931
-1.07695e-06
0.0179974
3.02192e-06
0.0180023
4.71576e-06
0.0180068
3.81626e-06
0.0180099
2.5399e-07
0.0180108
-5.87778e-06
0.0180084
-1.44613e-05
0.0180021
-2.51671e-05
0.0179912
-3.75692e-05
0.0179754
-5.11182e-05
0.0179545
-6.52148e-05
0.0179285
-7.9146e-05
0.0178978
-9.22791e-05
0.017863
-0.000103847
0.0178248
-0.00011335
0.0177843
-0.000120062
0.0177425
-0.000123782
0.0177007
-0.000123876
0.01766
-0.000120574
0.017622
-0.00011335
0.0175875
-0.000102956
0.017558
-8.89744e-05
0.0175342
-7.26977e-05
0.017517
-5.38653e-05
0.0175067
-3.41724e-05
0.0175035
-1.3686e-05
0.0175072
5.84444e-06
0.0175171
2.37621e-05
0.0175324
3.91328e-05
0.0175515
4.99852e-05
0.0175732
5.75417e-05
0.0175948
5.76818e-05
0.0176155
5.55464e-05
0.0176318
4.36464e-05
0.0176441
3.28014e-05
0.0176486
1.07893e-05
0.0176474
-4.87375e-06
0.0176367
-3.20087e-05
0.0176207
-4.73599e-05
0.0175958
-7.29568e-05
0.0175674
-8.38092e-05
0.0175332
-0.000100729
-0.000106304
0.0188825
-8.2241e-05
0.0188443
-7.834e-05
0.0188085
-7.3565e-05
0.0187755
-6.79778e-05
0.0187458
-6.16712e-05
0.0187195
-5.47688e-05
0.0186971
-4.74265e-05
0.0186785
-3.98291e-05
0.0186639
-3.21898e-05
0.018653
-2.47425e-05
0.0186458
-1.77399e-05
0.0186418
-1.14392e-05
0.0186406
-6.09946e-06
0.0186415
-1.95965e-06
0.0186437
7.61889e-07
0.0186466
1.89383e-06
0.0186491
1.32131e-06
0.0186503
-9.89301e-07
0.0186494
-5.00782e-06
0.0186456
-1.06302e-05
0.0186381
-1.76532e-05
0.0186263
-2.57983e-05
0.0186099
-3.47052e-05
0.0185887
-4.3983e-05
0.0185627
-5.31615e-05
0.0185322
-6.18256e-05
0.0184979
-6.94655e-05
0.0184603
-7.57524e-05
0.0184204
-8.01989e-05
0.0183793
-8.26717e-05
0.0183382
-8.27433e-05
0.0182981
-8.05662e-05
0.0182606
-7.57856e-05
0.0182265
-6.89005e-05
0.0181972
-5.96321e-05
0.0181733
-4.88394e-05
0.0181558
-3.63469e-05
0.0181449
-2.32865e-05
0.0181409
-9.69865e-06
0.0181435
3.2529e-06
0.0181522
1.51341e-05
0.018166
2.5335e-05
0.0181834
3.25409e-05
0.0182034
3.75824e-05
0.0182233
3.77125e-05
0.0182425
3.63608e-05
0.0182576
2.85334e-05
0.018269
2.14196e-05
0.0182729
6.88517e-06
0.0182715
-3.45116e-06
0.0182609
-2.14236e-05
0.0182452
-3.16283e-05
0.0182208
-4.86308e-05
0.018193
-5.59358e-05
0.0181594
-6.72001e-05
-7.10658e-05
0.0195673
-4.15858e-05
0.0195286
-3.96278e-05
0.0194923
-3.72329e-05
0.0194587
-3.44322e-05
0.0194283
-3.12723e-05
0.0194014
-2.78151e-05
0.0193781
-2.41388e-05
0.0193586
-2.03358e-05
0.0193429
-1.65129e-05
0.019331
-1.27868e-05
0.0193225
-9.28372e-06
0.0193172
-6.1319e-06
0.0193146
-3.46037e-06
0.019314
-1.38822e-06
0.0193148
-2.30556e-08
0.0193161
5.48135e-07
0.0193172
2.69196e-07
0.019317
-8.74938e-07
0.0193149
-2.87375e-06
0.01931
-5.67188e-06
0.0193015
-9.16937e-06
0.0192889
-1.3229e-05
0.0192719
-1.76706e-05
0.0192502
-2.23011e-05
0.0192239
-2.68843e-05
0.0191933
-3.1215e-05
0.0191589
-3.50354e-05
0.0191213
-3.81834e-05
0.0190815
-4.04105e-05
0.0190405
-4.16528e-05
0.0189994
-4.16903e-05
0.0189595
-4.06031e-05
0.0189219
-3.82075e-05
0.0188878
-3.47578e-05
0.0188582
-3.011e-05
0.0188341
-2.46982e-05
0.0188162
-1.84324e-05
0.0188048
-1.18815e-05
0.0188001
-5.06615e-06
0.018802
1.42884e-06
0.0188097
7.38602e-06
0.0188225
1.25049e-05
0.018839
1.6121e-05
0.0188579
1.86598e-05
0.0188769
1.87361e-05
0.0188951
1.80792e-05
0.0189095
1.41748e-05
0.0189203
1.06289e-05
0.0189238
3.36562e-06
0.0189222
-1.81172e-06
0.0189116
-1.08011e-05
0.0188959
-1.59505e-05
0.0188717
-2.44521e-05
0.018844
-2.8194e-05
0.0188106
-3.38045e-05
-3.58407e-05
0.0202761
0.0202365
0.0201993
0.0201649
0.0201336
0.0201058
0.0200816
0.0200613
0.0200448
0.020032
0.0200227
0.0200166
0.0200131
0.0200117
0.0200117
0.0200123
0.0200125
0.0200116
0.0200088
0.0200031
0.0199939
0.0199807
0.019963
0.0199407
0.0199138
0.0198826
0.0198476
0.0198094
0.019769
0.0197273
0.0196857
0.0196451
0.0196068
0.0195721
0.019542
0.0195173
0.0194988
0.019487
0.0194819
0.0194833
0.0194907
0.0195032
0.0195193
0.019538
0.0195567
0.0195748
0.019589
0.0195996
0.019603
0.0196012
0.0195904
0.0195744
0.01955
0.0195218
0.019488
)
;

boundaryField
{
    inlet
    {
        type            calculated;
        value           nonuniform 0();
    }
    outlet
    {
        type            calculated;
        value           nonuniform List<scalar> 
36
(
0.00540861
0.0056415
0.00588126
0.00612776
0.00638091
0.00664063
0.00690695
0.00717991
0.00745968
0.0077465
0.0080407
0.00834268
0.00865292
0.00897195
0.00930034
0.00963868
0.00998757
0.0103476
0.0107193
0.0111034
0.0115003
0.0119106
0.0123349
0.0127739
0.013228
0.013698
0.0141845
0.0146884
0.0152103
0.0157513
0.0163121
0.0168938
0.0174974
0.0181242
0.0187753
0.0194521
)
;
    }
    cylinder
    {
        type            calculated;
        value           nonuniform 0();
    }
    top
    {
        type            symmetryPlane;
        value           uniform 0;
    }
    bottom
    {
        type            symmetryPlane;
        value           nonuniform 0();
    }
    defaultFaces
    {
        type            empty;
        value           nonuniform 0();
    }
    procBoundary15to11
    {
        type            processor;
        value           nonuniform List<scalar> 
57
(
0.00283851
0.00294897
0.00295002
0.00286082
0.00269139
0.00245458
0.00215515
0.00179686
0.00137958
0.000902212
0.000395517
-0.000124125
-0.000599269
-0.00106144
-0.00147073
-0.00189173
-0.00223322
-0.00248202
-0.00252931
-0.00229205
-0.00186176
-0.00111375
-0.000437438
0.000450955
0.000966888
0.00165257
0.00181136
0.00217679
0.00202773
0.00242524
0.00225085
0.00203478
0.00177875
0.00148431
0.0011532
0.000787737
0.000391751
-2.75033e-05
-0.000458027
-0.000882953
-0.001286
-0.00165496
-0.00198049
-0.00225057
-0.00244394
-0.00252774
-0.00246175
-0.00221051
-0.00176128
-0.00113851
-0.000403972
0.000362484
0.00108389
0.00170463
0.00219377
-0.00579307
0.00254448
)
;
    }
    procBoundary15to14
    {
        type            processor;
        value           nonuniform List<scalar> 
35
(
-0.00572311
-0.00596676
-0.00621619
-0.00647181
-0.00673413
-0.00700374
-0.00728124
-0.00756727
-0.00786243
-0.00816731
-0.00848246
-0.00880837
-0.0091455
-0.00949429
-0.00985512
-0.0102284
-0.0106144
-0.0110137
-0.0114265
-0.0118534
-0.0122946
-0.0127508
-0.0132224
-0.0137099
-0.0142139
-0.0147351
-0.015274
-0.0158313
-0.0164079
-0.0170045
-0.0176219
-0.018261
-0.0189227
-0.019608
-0.0203177
)
;
    }
}


// ************************************************************************* //
