/*--------------------------------*- C++ -*----------------------------------*\
  =========                 |
  \\      /  F ield         | OpenFOAM: The Open Source CFD Toolbox
   \\    /   O peration     | Website:  https://openfoam.org
    \\  /    A nd           | Version:  7
     \\/     M anipulation  |
\*---------------------------------------------------------------------------*/
FoamFile
{
    version     2.0;
    format      ascii;
    class       surfaceScalarField;
    location    "165";
    object      phi;
}
// * * * * * * * * * * * * * * * * * * * * * * * * * * * * * * * * * * * * * //

dimensions      [0 3 -1 0 0 0 0];

internalField   nonuniform List<scalar> 
3883
(
-0.007588
1.94227e-05
3.58128e-05
-0.00670175
-1.93231e-06
-0.00697149
-4.16552e-05
-0.00725339
-0.00754559
-8.40705e-05
-1.38419e-05
-0.00640667
-5.38179e-05
-0.00666178
-9.58987e-05
-0.00692941
-0.000140385
-0.0072089
-0.00749887
-0.000187103
-9.84402e-05
-0.00636464
-0.000142698
-0.00661752
-0.000189216
-0.00688289
-0.000238178
-0.00715994
-0.0074475
-0.00028955
-0.000182258
-0.00631848
-0.000230784
-0.00656899
-0.000281702
-0.00683197
-0.000335142
-0.0071065
-0.00739145
-0.000391192
-0.000265247
-0.0062682
-0.000318022
-0.00651622
-0.00037331
-0.00677668
-0.000431227
-0.00704858
-0.00733075
-0.000491924
-0.000347361
-0.000404361
-0.00645922
-0.000463999
-0.00671704
-0.000526378
-0.0069862
-0.00726545
-0.000591676
-0.000489755
-0.00639802
-0.000553718
-0.00665308
-0.000620534
-0.00691939
-0.0071956
-0.000690391
-0.000574155
-0.00633264
-0.000642418
-0.00658482
-0.000713642
-0.00684816
-0.00712122
-0.000788012
-0.000657512
-0.00626313
-0.000730047
-0.00651228
-0.000805647
-0.00677256
-0.00704239
-0.000884484
-0.000739779
-0.000816556
-0.00643551
-0.000896497
-0.00669262
-0.00695913
-0.000979752
-0.000901891
-0.00635452
-0.000986141
-0.00660837
-0.00687151
-0.00107376
-0.000986002
-0.00626936
-0.00107453
-0.00651985
-0.00677957
-0.00116646
-0.00106883
-0.0011616
-0.00642708
-0.00668338
-0.0012578
-0.00124731
-0.00633011
-0.00658297
-0.00134772
-0.00133161
-0.00622896
-0.00647842
-0.00143616
-0.00141443
-0.00636977
-0.00152308
-0.00625706
-0.00160844
-0.00614036
-0.00169214
-0.00177402
-4.92976e-07
-0.00460133
-1.71634e-05
-0.00475889
-3.37257e-05
-0.00492169
-4.95819e-05
-0.00509174
-6.46763e-05
-0.00526805
-7.90223e-05
-0.00545044
-9.24295e-05
-0.00563903
-0.000105385
-0.00583417
-0.000117351
-0.00603563
-0.000128469
-0.00624377
-0.000138706
-0.00645884
-0.000148044
-0.00668105
-0.000156457
-0.00691062
-0.000163909
-0.00714781
-0.000170467
-0.00739291
-0.000176038
-0.00764612
-0.000180608
-0.00790773
-0.000184168
-0.00817806
-0.000186705
-0.00845744
-0.0087462
-0.000101104
-0.0045843
-0.000118246
-0.00474175
-0.000133988
-0.00490595
-0.000148819
-0.00507691
-0.000162774
-0.0052541
-0.000175838
-0.00543737
-0.000187989
-0.00562688
-0.000199389
-0.00582277
-0.000209845
-0.00602517
-0.00021935
-0.00623426
-0.000227898
-0.00645029
-0.00023547
-0.00667348
-0.00024204
-0.00690405
-0.000247592
-0.00714226
-0.000252131
-0.00738837
-0.000255618
-0.00764264
-0.000258027
-0.00790532
-0.000259345
-0.00817675
-0.000259557
-0.00845723
-0.000258651
-0.00874711
-0.000256613
-0.00904675
-0.000253433
-0.00935653
-0.000249102
-0.00967686
-0.00024362
-0.0100082
-0.000236977
-0.0103509
-0.000229168
-0.0107056
-0.000220192
-0.0110728
-0.00021005
-0.011453
-0.000198745
-0.0118468
-0.000186279
-0.0122549
-0.000172659
-0.012678
-0.000157892
-0.0131168
-0.000141987
-0.0135722
-0.000124953
-0.014045
-0.000106804
-0.0145362
-8.75549e-05
-0.0150468
-6.72238e-05
-0.015578
-4.58354e-05
-0.0161309
-2.34204e-05
-0.0167069
-0.0173077
-0.000203459
-0.00456794
-0.000219274
-0.00472593
-0.000233982
-0.00489124
-0.000247653
-0.00506324
-0.000260376
-0.00524138
-0.000272149
-0.0054256
-0.000282981
-0.00561605
-0.00029288
-0.00581287
-0.000301802
-0.00601625
-0.000309707
-0.00622636
-0.000316581
-0.00644342
-0.000322402
-0.00666766
-0.000327146
-0.0068993
-0.0003308
-0.00713861
-0.00033335
-0.00738582
-0.000334772
-0.00764122
-0.000335037
-0.00790506
-0.00033413
-0.00817765
-0.000332034
-0.00845932
-0.000328734
-0.00875041
-0.000324216
-0.00905127
-0.000318467
-0.00936228
-0.000311477
-0.00968385
-0.000303239
-0.0100164
-0.000293744
-0.0103604
-0.000282984
-0.0107164
-0.000270956
-0.0110848
-0.000257655
-0.0114663
-0.000243082
-0.0118614
-0.000227237
-0.0122707
-0.000210121
-0.0126951
-0.000191738
-0.0131352
-0.000172091
-0.0135919
-0.000151186
-0.0140659
-0.000129032
-0.0145584
-0.000105639
-0.0150702
-8.10187e-05
-0.0156026
-5.51908e-05
-0.0161567
-2.81791e-05
-0.0167339
-0.0173359
-0.000305072
-0.00455242
-0.000319724
-0.00471128
-0.000333294
-0.00487767
-0.000345805
-0.00505073
-0.000357305
-0.00522988
-0.000367798
-0.00541511
-0.00037728
-0.00560657
-0.000385736
-0.00580441
-0.000393143
-0.00600884
-0.000399466
-0.00622003
-0.000404683
-0.0064382
-0.000408773
-0.00666357
-0.000411712
-0.00689636
-0.000413484
-0.00713684
-0.000414069
-0.00738524
-0.000413444
-0.00764184
-0.000411585
-0.00790692
-0.000408472
-0.00818077
-0.000404086
-0.00846371
-0.000398411
-0.00875609
-0.000391431
-0.00905825
-0.00038313
-0.00937058
-0.000373497
-0.00969348
-0.000362521
-0.0100274
-0.000350192
-0.0103728
-0.000336499
-0.0107301
-0.000321434
-0.0110999
-0.000304993
-0.0114827
-0.000287171
-0.0118792
-0.000267965
-0.0122899
-0.000247371
-0.0127157
-0.00022539
-0.0131572
-0.000202022
-0.0136152
-0.000177268
-0.0140907
-0.000151131
-0.0145845
-0.000123616
-0.0150977
-9.47314e-05
-0.0156315
-6.44898e-05
-0.016187
-3.29086e-05
-0.0167655
-0.0173688
-0.000405783
-0.00453783
-0.000419375
-0.00469769
-0.000431828
-0.00486522
-0.000443186
-0.00503937
-0.000453479
-0.00521958
-0.000462704
-0.00540588
-0.000470847
-0.00559842
-0.000477887
-0.00579738
-0.000483801
-0.00600293
-0.000488562
-0.00621527
-0.000492145
-0.00643462
-0.000494525
-0.00666119
-0.00049568
-0.00689521
-0.000495589
-0.00713693
-0.00049423
-0.0073866
-0.000491582
-0.00764449
-0.000487619
-0.00791088
-0.00048232
-0.00818606
-0.000475665
-0.00847037
-0.000467634
-0.00876412
-0.000458211
-0.00906767
-0.000447378
-0.00938141
-0.000435121
-0.00970574
-0.000421427
-0.0100411
-0.000406282
-0.0103879
-0.000389675
-0.0107467
-0.000371594
-0.011118
-0.000352032
-0.0115023
-0.000330981
-0.0119002
-0.000308433
-0.0123125
-0.000284383
-0.0127397
-0.000258827
-0.0131827
-0.00023176
-0.0136423
-0.00020318
-0.0141193
-0.000173085
-0.0146146
-0.000141475
-0.0151293
-0.000108352
-0.0156646
-7.37256e-05
-0.0162216
-3.76055e-05
-0.0168016
-0.0174064
-0.000505582
-0.00452417
-0.000518143
-0.00468513
-0.000529501
-0.00485386
-0.000539723
-0.00502915
-0.000548827
-0.00521048
-0.0005568
-0.00539791
-0.000563621
-0.0055916
-0.000569268
-0.00579173
-0.000573715
-0.00599848
-0.000576937
-0.00621205
-0.000578908
-0.00643265
-0.000579601
-0.00666049
-0.000578994
-0.00689581
-0.000577062
-0.00713886
-0.000573784
-0.00738988
-0.000569134
-0.00764914
-0.000563089
-0.00791692
-0.000555626
-0.00819353
-0.000546723
-0.00847927
-0.000536358
-0.00877448
-0.000524513
-0.00907952
-0.000511168
-0.00939476
-0.000496308
-0.0097206
-0.000479916
-0.0100575
-0.000461977
-0.0104058
-0.000442476
-0.0107662
-0.000421401
-0.011139
-0.000398739
-0.0115249
-0.000374481
-0.0119245
-0.000348615
-0.0123384
-0.000321132
-0.0127672
-0.000292025
-0.0132118
-0.000261284
-0.013673
-0.000228904
-0.0141516
-0.000194878
-0.0146486
-0.000159201
-0.015165
-0.000121872
-0.0157019
-8.28918e-05
-0.0162606
-4.22664e-05
-0.0168423
-0.0174487
-0.000604407
-0.00451144
-0.000615956
-0.00467358
-0.000626246
-0.00484357
-0.000635353
-0.00502004
-0.000643286
-0.00520255
-0.000650025
-0.00539117
-0.000655546
-0.00558608
-0.000659822
-0.00578745
-0.000662827
-0.00599548
-0.000664534
-0.00621034
-0.000664916
-0.00643227
-0.000663946
-0.00666146
-0.0006616
-0.00689816
-0.000657852
-0.00714261
-0.000652677
-0.00739505
-0.00064605
-0.00765577
-0.000637947
-0.00792503
-0.000628343
-0.00820313
-0.000617213
-0.0084904
-0.000604537
-0.00878716
-0.000590293
-0.00909376
-0.000574459
-0.00941059
-0.000557018
-0.00973804
-0.00053795
-0.0100765
-0.000517239
-0.0104266
-0.000494868
-0.0107886
-0.000470821
-0.0111631
-0.000445083
-0.0115507
-0.000417642
-0.0119519
-0.000388482
-0.0123675
-0.000357592
-0.0127981
-0.00032496
-0.0132445
-0.000290574
-0.0137074
-0.000254422
-0.0141878
-0.000216495
-0.0146866
-0.000176784
-0.0152047
-0.00013528
-0.0157434
-9.19818e-05
-0.0163039
-4.6888e-05
-0.0168873
-0.0174956
-0.000702204
-0.00449963
-0.000712756
-0.00466303
-0.000721999
-0.00483433
-0.000730012
-0.00501203
-0.000736795
-0.00519576
-0.000742322
-0.00538564
-0.000746563
-0.00558184
-0.000749492
-0.00578452
-0.000751079
-0.00599389
-0.000751296
-0.00621013
-0.000750114
-0.00643345
-0.000747507
-0.00666407
-0.000743446
-0.00690222
-0.000737906
-0.00714815
-0.00073086
-0.0074021
-0.000722281
-0.00766434
-0.000712144
-0.00793516
-0.000700422
-0.00821485
-0.000687092
-0.00850373
-0.000672128
-0.00880212
-0.000655507
-0.00911038
-0.000637208
-0.00942889
-0.000617209
-0.00975804
-0.00059549
-0.0100983
-0.000572032
-0.01045
-0.000546815
-0.0108138
-0.000519821
-0.0111901
-0.000491033
-0.0115795
-0.000460434
-0.0119825
-0.000428008
-0.0123999
-0.000393739
-0.0128324
-0.000357611
-0.0132806
-0.000319609
-0.0137454
-0.000279717
-0.0142277
-0.000237922
-0.0147283
-0.00019421
-0.0152484
-0.000148568
-0.0157891
-0.000100989
-0.0163515
-5.14671e-05
-0.0169369
-0.017547
-0.000798916
-0.00448872
-0.000808486
-0.00465346
-0.000816702
-0.00482611
-0.000823643
-0.00500509
-0.000829295
-0.00519011
-0.00083363
-0.00538131
-0.000836616
-0.00557885
-0.000838221
-0.00578292
-0.000838415
-0.00599369
-0.000837167
-0.00621138
-0.000834449
-0.00643617
-0.000830229
-0.00666829
-0.00082448
-0.00690797
-0.000817174
-0.00715545
-0.000808282
-0.00741099
-0.000797777
-0.00767485
-0.000785631
-0.00794731
-0.000771818
-0.00822867
-0.000756311
-0.00851924
-0.000739085
-0.00881935
-0.000720114
-0.00912935
-0.000699374
-0.00944963
-0.000676843
-0.00978057
-0.000652499
-0.0101226
-0.000626319
-0.0104762
-0.000598282
-0.0108418
-0.000568368
-0.01122
-0.000536557
-0.0116113
-0.00050283
-0.0120163
-0.000467166
-0.0124356
-0.000429547
-0.01287
-0.000389955
-0.0133202
-0.000348369
-0.013787
-0.000304771
-0.0142713
-0.000259143
-0.014774
-0.000211467
-0.0152961
-0.000161725
-0.0158388
-0.000109908
-0.0164033
-5.60002e-05
-0.0169908
-0.017603
-0.000894488
-0.00447872
-0.000903089
-0.00464486
-0.000910297
-0.00481891
-0.000916184
-0.0049992
-0.000920728
-0.00518557
-0.000923894
-0.00537814
-0.000925647
-0.0055771
-0.000925954
-0.00578261
-0.000924781
-0.00599487
-0.000922096
-0.00621406
-0.000917866
-0.0064404
-0.000912061
-0.00667409
-0.00090465
-0.00691538
-0.000895604
-0.0071645
-0.000884894
-0.0074217
-0.000872489
-0.00768725
-0.000858362
-0.00796144
-0.000842484
-0.00824455
-0.000824827
-0.00853689
-0.000805365
-0.00883881
-0.00078407
-0.00915065
-0.000760917
-0.00947278
-0.000735881
-0.00980561
-0.000708938
-0.0101496
-0.000680064
-0.0105051
-0.000649236
-0.0108726
-0.00061643
-0.0112528
-0.000581626
-0.0116461
-0.000544799
-0.0120531
-0.000505929
-0.0124745
-0.000464993
-0.0129109
-0.000421969
-0.0133632
-0.000376835
-0.0138321
-0.000329567
-0.0143185
-0.000280144
-0.0148234
-0.000228543
-0.0153477
-0.000174744
-0.0158926
-0.000118731
-0.0164593
-6.04845e-05
-0.017049
-0.0176635
-0.000988864
-0.00446961
-0.000996508
-0.00463721
-0.00100273
-0.00481269
-0.00100758
-0.00499435
-0.00101104
-0.00518211
-0.00101306
-0.00537612
-0.0010136
-0.00557655
-0.00101264
-0.00578358
-0.00101012
-0.00599738
-0.00100603
-0.00621816
-0.00100031
-0.00644611
-0.000992949
-0.00668146
-0.000983904
-0.00692443
-0.000973147
-0.00717526
-0.000960645
-0.0074342
-0.000946369
-0.00770153
-0.000930289
-0.00797752
-0.000912374
-0.00826246
-0.000892596
-0.00855667
-0.000870925
-0.00886048
-0.000847334
-0.00917424
-0.000821796
-0.00949832
-0.000794284
-0.00983312
-0.000764771
-0.0101791
-0.000733232
-0.0105366
-0.000699642
-0.0109062
-0.000663976
-0.0112885
-0.000626208
-0.0116838
-0.000586315
-0.012093
-0.000544272
-0.0125165
-0.000500053
-0.0129552
-0.000453633
-0.0134096
-0.000404986
-0.0138808
-0.000354087
-0.0143694
-0.00030091
-0.0148766
-0.000245427
-0.0154032
-0.000187615
-0.0159504
-0.000127453
-0.0165195
-6.49165e-05
-0.0171116
-0.0177284
-0.00108199
-0.00446138
-0.00108869
-0.00463051
-0.00109394
-0.00480744
-0.00109777
-0.00499051
-0.00110016
-0.00517972
-0.00110106
-0.00537522
-0.00110043
-0.00557719
-0.00109821
-0.00578579
-0.00109438
-0.00600121
-0.0010889
-0.00622364
-0.00108173
-0.00645328
-0.00107284
-0.00669035
-0.00106219
-0.00693508
-0.00104975
-0.0071877
-0.00103549
-0.00744847
-0.00101937
-0.00771765
-0.00100137
-0.00799552
-0.000981444
-0.00828238
-0.000959573
-0.00857854
-0.000935724
-0.00888433
-0.000909867
-0.0092001
-0.000881972
-0.00952621
-0.000852013
-0.00986308
-0.000819961
-0.0102111
-0.000785788
-0.0105708
-0.000749468
-0.0109425
-0.000710973
-0.0113269
-0.000670276
-0.0117245
-0.00062735
-0.0121359
-0.000582168
-0.0125617
-0.000534702
-0.0130026
-0.000484925
-0.0134594
-0.000432806
-0.0139329
-0.000378316
-0.0144239
-0.000321427
-0.0149335
-0.000262108
-0.0154625
-0.000200329
-0.0160122
-0.000136067
-0.0165837
-6.92935e-05
-0.0171783
-0.0177977
-0.00117381
-0.00445403
-0.00117958
-0.00462475
-0.00118387
-0.00480315
-0.00118671
-0.00498767
-0.00118806
-0.00517838
-0.00118785
-0.00537543
-0.00118606
-0.00557899
-0.00118262
-0.00578923
-0.00117751
-0.00600633
-0.00117067
-0.00623048
-0.00116207
-0.00646188
-0.00115168
-0.00670074
-0.00113946
-0.0069473
-0.00112537
-0.00720179
-0.00110938
-0.00746446
-0.00109145
-0.00773558
-0.00107155
-0.00801542
-0.00104965
-0.00830428
-0.00102572
-0.00860247
-0.00099972
-0.00891033
-0.000971627
-0.00922819
-0.000941408
-0.00955643
-0.000909033
-0.00989546
-0.000874473
-0.0102457
-0.000837699
-0.0106076
-0.000798681
-0.0109816
-0.000757391
-0.0113682
-0.000713799
-0.0117681
-0.000667876
-0.0121818
-0.000619593
-0.01261
-0.000568919
-0.0130533
-0.000515823
-0.0135125
-0.000460273
-0.0139885
-0.000402237
-0.014482
-0.000341681
-0.014994
-0.000278572
-0.0155256
-0.000212878
-0.0160779
-0.000144569
-0.016652
-7.36122e-05
-0.0172493
-0.0178713
-0.00126427
-0.00444756
-0.00126911
-0.0046199
-0.00127247
-0.00479979
-0.00127433
-0.0049858
-0.00127465
-0.00517806
-0.00127337
-0.00537671
-0.00127044
-0.00558192
-0.00126581
-0.00579385
-0.00125944
-0.0060127
-0.00125128
-0.00623863
-0.00124129
-0.00647186
-0.00122944
-0.0067126
-0.00121567
-0.00696106
-0.00119996
-0.0072175
-0.00118227
-0.00748215
-0.00116256
-0.00775529
-0.0011408
-0.00803718
-0.00111695
-0.00832813
-0.00109099
-0.00862844
-0.00106287
-0.00893844
-0.00103258
-0.00925849
-0.00100006
-0.00958895
-0.000965307
-0.00993021
-0.000928272
-0.0102827
-0.00088893
-0.0106469
-0.000847249
-0.0110232
-0.000803199
-0.0114123
-0.000756749
-0.0118146
-0.000707867
-0.0122307
-0.000656522
-0.0126613
-0.00060268
-0.0131071
-0.000546308
-0.0135689
-0.000487371
-0.0140474
-0.000425833
-0.0145435
-0.000361659
-0.0150582
-0.00029481
-0.0155925
-0.000225252
-0.0161475
-0.000152951
-0.0167243
-7.787e-05
-0.0173244
-0.0179492
-0.00135332
-0.00444195
-0.00135725
-0.00461598
-0.00135968
-0.00479737
-0.00136057
-0.0049849
-0.00135989
-0.00517875
-0.00135756
-0.00537904
-0.00135353
-0.00558595
-0.00134774
-0.00579964
-0.00134015
-0.00602029
-0.0013307
-0.00624808
-0.00131935
-0.00648321
-0.00130606
-0.00672589
-0.00129078
-0.00697634
-0.00127348
-0.0072348
-0.00125412
-0.00750151
-0.00123266
-0.00777674
-0.00120906
-0.00806077
-0.0011833
-0.00835389
-0.00115534
-0.0086564
-0.00112514
-0.00896864
-0.00109267
-0.00929096
-0.0010579
-0.00962372
-0.0010208
-0.00996732
-0.000981322
-0.0103222
-0.000939448
-0.0106888
-0.000895141
-0.0110676
-0.000848368
-0.0114591
-0.000799098
-0.0118638
-0.000747297
-0.0122825
-0.00069293
-0.0127157
-0.000635963
-0.0131641
-0.000576359
-0.0136285
-0.000514081
-0.0141097
-0.000449089
-0.0146085
-0.000381346
-0.0151259
-0.000310811
-0.015663
-0.000237444
-0.0162208
-0.000161208
-0.0168006
-8.20637e-05
-0.0174035
-0.0180313
-0.00144091
-0.0044372
-0.00144392
-0.00461297
-0.00144543
-0.00479585
-0.0014454
-0.00498494
-0.00144374
-0.0051804
-0.0014404
-0.00538238
-0.00143531
-0.00559104
-0.00142839
-0.00580655
-0.0014196
-0.00602908
-0.00140888
-0.0062588
-0.00139619
-0.0064959
-0.00138149
-0.0067406
-0.00136472
-0.00699311
-0.00134586
-0.00725366
-0.00132486
-0.00752251
-0.00130169
-0.00779992
-0.0012763
-0.00808616
-0.00124866
-0.00838153
-0.00121873
-0.00868633
-0.00118648
-0.00900089
-0.00115188
-0.00932556
-0.00111488
-0.00966071
-0.00107547
-0.0100067
-0.00103359
-0.0103641
-0.000989219
-0.0107331
-0.000942323
-0.0111145
-0.000892868
-0.0115085
-0.000840818
-0.0119159
-0.000786139
-0.0123372
-0.000728794
-0.012773
-0.000668746
-0.0132242
-0.000605956
-0.0136913
-0.000540384
-0.0141752
-0.00047199
-0.0146769
-0.000400731
-0.0151972
-0.000326563
-0.0157372
-0.000249444
-0.0162979
-0.000169335
-0.0168807
-8.61906e-05
-0.0174867
-0.0181175
-0.00152698
-0.0044333
-0.00152909
-0.00461086
-0.00152973
-0.00479521
-0.00152879
-0.00498588
-0.00152619
-0.005183
-0.00152184
-0.00538673
-0.00151568
-0.00559721
-0.00150764
-0.0058146
-0.00149766
-0.00603906
-0.0014857
-0.00627076
-0.0014717
-0.0065099
-0.00145562
-0.00675668
-0.00143741
-0.00701132
-0.00141703
-0.00727405
-0.00139443
-0.00754511
-0.00136958
-0.00782477
-0.00134243
-0.00811331
-0.00131295
-0.00841101
-0.0012811
-0.00871818
-0.00124685
-0.00903514
-0.00121015
-0.00936226
-0.00117097
-0.00969989
-0.00112927
-0.0100484
-0.00108503
-0.0104083
-0.00103821
-0.01078
-0.000988766
-0.0111639
-0.000936669
-0.0115606
-0.000881882
-0.0119707
-0.000824368
-0.0123947
-0.000764089
-0.0128333
-0.000701006
-0.0132872
-0.000635079
-0.0137572
-0.000566264
-0.0142441
-0.000494519
-0.0147486
-0.000419799
-0.0152719
-0.000342056
-0.0158149
-0.000261247
-0.0163787
-0.000177326
-0.0169646
-9.02479e-05
-0.0175737
-0.0182077
-0.00161151
-0.00443022
-0.00161275
-0.00460962
-0.0016125
-0.00479546
-0.00161063
-0.00498774
-0.00160705
-0.00518658
-0.00160168
-0.0053921
-0.00159446
-0.00560443
-0.00158532
-0.00582373
-0.0015742
-0.00605017
-0.00156105
-0.00628391
-0.0015458
-0.00652515
-0.00152839
-0.00677408
-0.00150879
-0.00703092
-0.00148694
-0.0072959
-0.00146279
-0.00756926
-0.00143631
-0.00785126
-0.00140745
-0.00814217
-0.00137617
-0.00844228
-0.00134243
-0.00875191
-0.00130621
-0.00907137
-0.00126745
-0.00940102
-0.00122612
-0.00974121
-0.0011822
-0.0100924
-0.00113563
-0.0104549
-0.00108639
-0.0108292
-0.00103444
-0.0112158
-0.000979744
-0.0116153
-0.000922263
-0.0120282
-0.000861959
-0.012455
-0.000798793
-0.0128965
-0.000732724
-0.0133533
-0.000663709
-0.0138262
-0.000591704
-0.0143161
-0.000516663
-0.0148237
-0.000438538
-0.01535
-0.00035728
-0.0158962
-0.000272842
-0.0164632
-0.000185176
-0.0170523
-9.4233e-05
-0.0176647
-0.0183019
-0.0016944
-0.00442796
-0.00169472
-0.0046093
-0.00169352
-0.00479667
-0.00169068
-0.00499058
-0.00168614
-0.00519113
-0.00167982
-0.00539842
-0.00167163
-0.00561262
-0.00166149
-0.00583387
-0.00164932
-0.00606234
-0.00163504
-0.00629819
-0.00161859
-0.0065416
-0.00159992
-0.00679276
-0.00157896
-0.00705188
-0.00155567
-0.00731919
-0.00153
-0.00759492
-0.00150192
-0.00787934
-0.00147137
-0.00817272
-0.00143832
-0.00847533
-0.00140274
-0.0087875
-0.00136457
-0.00910954
-0.00132378
-0.0094418
-0.00128035
-0.00978465
-0.00123422
-0.0101385
-0.00118536
-0.0105037
-0.00113375
-0.0108808
-0.00107933
-0.0112703
-0.00102207
-0.0116726
-0.00096194
-0.0120883
-0.000898891
-0.0125181
-0.000832885
-0.0129625
-0.000763879
-0.0134223
-0.000691829
-0.0138983
-0.000616687
-0.0143912
-0.000538406
-0.014902
-0.000456936
-0.0154315
-0.000372225
-0.0159809
-0.000284223
-0.0165512
-0.00019288
-0.0171436
-9.81434e-05
-0.0177594
-0.0184001
-0.00177544
-0.00442654
-0.00177485
-0.00460989
-0.00177277
-0.00479874
-0.00176914
-0.00499421
-0.00176384
-0.00519643
-0.00175673
-0.00540553
-0.00174768
-0.00562166
-0.0017366
-0.00584495
-0.0017234
-0.00607555
-0.001708
-0.00631359
-0.00169035
-0.00655925
-0.00167039
-0.00681272
-0.00164807
-0.0070742
-0.00162334
-0.00734392
-0.00159616
-0.00762211
-0.00156648
-0.00790902
-0.00153425
-0.00820494
-0.00149945
-0.00851014
-0.00146202
-0.00882493
-0.00142193
-0.00914963
-0.00137914
-0.00948459
-0.00133362
-0.00983018
-0.00128532
-0.0101868
-0.00123421
-0.0105548
-0.00118025
-0.0109348
-0.0011234
-0.0113271
-0.00106363
-0.0117323
-0.00100089
-0.012151
-0.000935144
-0.0125838
-0.000866347
-0.0130313
-0.000794454
-0.0134942
-0.000719421
-0.0139733
-0.000641198
-0.0144694
-0.000559736
-0.0149834
-0.000474981
-0.0155163
-0.000386881
-0.016069
-0.000295382
-0.0166427
-0.000200432
-0.0172386
-0.000101977
-0.0178579
-0.0185021
-0.00185476
-0.00442591
-0.00185355
-0.0046111
-0.00185093
-0.00480137
-0.00184671
-0.00499843
-0.0018407
-0.00520244
-0.00183275
-0.00541348
-0.00182275
-0.00563166
-0.00181063
-0.00585708
-0.00179631
-0.00608986
-0.00177974
-0.00633016
-0.00176085
-0.00657814
-0.00173959
-0.00683398
-0.0017159
-0.00709789
-0.00168973
-0.00737008
-0.00166104
-0.0076508
-0.00162978
-0.00794029
-0.00159591
-0.00823882
-0.00155937
-0.00854667
-0.00152014
-0.00886416
-0.00147817
-0.0091916
-0.00143342
-0.00952934
-0.00138585
-0.00987774
-0.00133543
-0.0102372
-0.00128211
-0.0106082
-0.00122585
-0.010991
-0.00116663
-0.0113863
-0.00110438
-0.0117946
-0.00103909
-0.0122163
-0.00097069
-0.0126522
-0.000899153
-0.0131028
-0.000824428
-0.0135689
-0.000746468
-0.0140513
-0.000665222
-0.0145507
-0.000580638
-0.015068
-0.000492662
-0.0156042
-0.000401239
-0.0161604
-0.000306312
-0.0167376
-0.000207828
-0.017337
-0.00010573
-0.01796
-0.0186078
-0.00193272
-0.00193104
-0.00461277
-0.00192765
-0.00480476
-0.00192242
-0.00500366
-0.00191531
-0.00520955
-0.00190624
-0.00542255
-0.00189514
-0.00564276
-0.00188194
-0.00587029
-0.00186654
-0.00610526
-0.00184887
-0.00634783
-0.00182884
-0.00659816
-0.0018064
-0.00685642
-0.00178147
-0.00712281
-0.00175401
-0.00739755
-0.00172394
-0.00768086
-0.00169123
-0.007973
-0.00165583
-0.00827422
-0.00161769
-0.00858482
-0.00157676
-0.00890509
-0.00153301
-0.00923535
-0.00148639
-0.00957596
-0.00143687
-0.00992727
-0.0013844
-0.0102897
-0.00132894
-0.0106636
-0.00127046
-0.0110495
-0.00120892
-0.0114479
-0.00114427
-0.0118592
-0.00107647
-0.0122841
-0.00100549
-0.0127232
-0.000931269
-0.013177
-0.000853771
-0.0136464
-0.000772944
-0.0141321
-0.000688737
-0.0146349
-0.000601096
-0.0151556
-0.000509965
-0.0156954
-0.000415287
-0.0162551
-0.000317005
-0.0168359
-0.000215062
-0.017439
-0.000109401
-0.0180656
-0.0187172
-0.00200498
-0.00199986
-0.00480987
-0.00199314
-0.00501039
-0.00198483
-0.00521786
-0.0019748
-0.00543258
-0.00196289
-0.00565467
-0.00194892
-0.00588425
-0.00193277
-0.00612141
-0.00191431
-0.00636629
-0.00189345
-0.00661902
-0.00187011
-0.00687977
-0.0018442
-0.00714872
-0.00181567
-0.00742608
-0.00178445
-0.00771208
-0.00175049
-0.00800696
-0.00171373
-0.00831097
-0.00167414
-0.00862441
-0.00163167
-0.00894756
-0.00158627
-0.00928075
-0.0015379
-0.00962432
-0.00148653
-0.00997864
-0.00143211
-0.0103441
-0.00137461
-0.0107211
-0.00131398
-0.0111101
-0.0012502
-0.0115117
-0.00118322
-0.0119262
-0.00111299
-0.0123543
-0.00103949
-0.0127967
-0.000962656
-0.0132539
-0.000882451
-0.0137266
-0.000798823
-0.0142157
-0.000711721
-0.014722
-0.000621091
-0.0152463
-0.000526875
-0.0157896
-0.000429015
-0.0163529
-0.000327453
-0.0169375
-0.000222128
-0.0175443
-0.000112987
-0.0181748
-0.0188302
-0.00206876
-0.00481599
-0.00206139
-0.00501776
-0.00205259
-0.00522666
-0.00204211
-0.00544305
-0.00202971
-0.00566708
-0.00201517
-0.00589879
-0.00199835
-0.00613823
-0.00197914
-0.0063855
-0.00195743
-0.00664073
-0.00193314
-0.00690405
-0.00190621
-0.00717566
-0.00187655
-0.00745574
-0.00184412
-0.00774451
-0.00180885
-0.00804222
-0.00177071
-0.00834912
-0.00172963
-0.00866548
-0.00168558
-0.00899161
-0.00163851
-0.00932782
-0.00158839
-0.00967445
-0.00153516
-0.0100319
-0.00147881
-0.0104005
-0.00141928
-0.0107806
-0.00135654
-0.0111729
-0.00129055
-0.0115777
-0.00122128
-0.0119955
-0.00114867
-0.012427
-0.0010727
-0.0128727
-0.000993308
-0.0133333
-0.000910455
-0.0138095
-0.00082409
-0.0143021
-0.00073416
-0.0148119
-0.00064061
-0.0153398
-0.000543381
-0.0158868
-0.000442414
-0.0164539
-0.000337648
-0.0170422
-0.000229024
-0.0176529
-0.000116485
-0.0182873
-0.0189467
-0.00213664
-0.00482092
-0.00212948
-0.00502492
-0.00212024
-0.00523591
-0.00210888
-0.00545441
-0.00209529
-0.00568066
-0.00207939
-0.00591469
-0.0020611
-0.00615653
-0.00204035
-0.00640625
-0.0020171
-0.00666399
-0.00199126
-0.00692989
-0.00196277
-0.00720415
-0.00193156
-0.00748694
-0.00189759
-0.00777849
-0.00186078
-0.00807902
-0.0018211
-0.0083888
-0.00177848
-0.00870811
-0.00173287
-0.00903722
-0.00168422
-0.00937647
-0.00163249
-0.00972618
-0.00157763
-0.0100867
-0.00151959
-0.0104585
-0.00145833
-0.0108419
-0.0013938
-0.0112374
-0.00132595
-0.0116455
-0.00125474
-0.0120667
-0.00118013
-0.0125016
-0.00110206
-0.0129507
-0.00102048
-0.0134148
-0.000935356
-0.0138946
-0.000846618
-0.0143908
-0.000754217
-0.0149043
-0.000658095
-0.015436
-0.000558194
-0.0159867
-0.000454455
-0.0165577
-0.000346819
-0.0171499
-0.000235226
-0.0177645
-0.000119628
-0.0184029
-0.0190663
-0.00477679
0.00149145
-0.00474957
0.00139141
-0.00472804
0.00139599
-0.00471478
0.00130303
-0.00470898
0.00127128
-0.00470709
0.00118474
-0.00471063
0.00113444
-0.0047164
0.00105259
-0.00472551
0.000994086
-0.00473572
0.000916454
-0.00474765
0.000855374
-0.00475981
0.000781761
-0.00477254
0.000720485
-0.00478489
0.000650017
-0.00479706
0.000588727
-0.00480848
0.000519876
-0.00481928
0.000457781
-0.00482911
0.000389334
-0.0048381
0.000326408
-0.00484602
0.000259466
-0.00485291
0.000199247
-0.00485858
0.000139471
-0.00486296
8.98899e-05
-0.00486578
4.5729e-05
1.36782e-05
-0.00498073
0.00144726
-0.0049518
0.00136249
-0.00492703
0.00137121
-0.00491121
0.00128722
-0.0049019
0.00126196
-0.00489744
0.00118028
-0.0048983
0.0011353
-0.00490193
0.00105621
-0.00490909
0.00100125
-0.00491769
0.000925059
-0.00492827
0.000865949
-0.00493932
0.000792814
-0.00495116
0.000732327
-0.0049628
0.000661657
-0.00497443
0.000600358
-0.00498543
0.00053087
-0.00499592
0.000468271
-0.00500553
0.000398945
-0.00501437
0.000335246
-0.00502219
0.000267286
-0.00502903
0.000206091
-0.00503467
0.000145114
-0.00503906
9.42728e-05
-0.00504188
4.85536e-05
1.47306e-05
-0.00519229
0.00140364
-0.00516094
0.00133114
-0.00513359
0.00134386
-0.00511532
0.00126895
-0.00510271
0.00124934
-0.00509572
0.0011733
-0.0050938
0.00113338
-0.00509522
0.00105762
-0.00510027
0.00100631
-0.00510715
0.000931936
-0.00511622
0.000875014
-0.00512603
0.000802624
-0.00513684
0.000743145
-0.00514765
0.000672464
-0.00515863
0.000611334
-0.0051691
0.000541344
-0.0051792
0.000478373
-0.00518852
0.00040826
-0.00519715
0.000343878
-0.00520483
0.000274961
-0.00521158
0.000212848
-0.00521717
0.000150705
-0.00522154
9.86389e-05
-0.00522436
5.13728e-05
1.57861e-05
-0.00541101
0.00136025
-0.00537754
0.00129766
-0.00534797
0.00131429
-0.00532724
0.00124822
-0.00531157
0.00123367
-0.00530204
0.00116377
-0.00529731
0.00112865
-0.00529645
0.00105676
-0.00529926
0.00100912
-0.0053043
0.000936976
-0.0053117
0.000882418
-0.00532015
0.000811067
-0.00532981
0.000752804
-0.00533967
0.000682323
-0.00534988
0.000621545
-0.00535974
0.000551204
-0.00536937
0.000488003
-0.00537831
0.000417208
-0.00538668
0.000352247
-0.00539416
0.000282441
-0.0054008
0.000219482
-0.00540631
0.000156216
-0.00541064
0.00010297
-0.00541344
5.41752e-05
1.68414e-05
-0.00563699
0.00131657
-0.00560177
0.00126245
-0.00557028
0.00128279
-0.0055471
0.00122504
-0.00552861
0.00121518
-0.00551653
0.00115169
-0.00550899
0.00112111
-0.0055058
0.00105356
-0.00550626
0.00100958
-0.00550936
0.000940079
-0.00551496
0.00088802
-0.00552193
0.00081803
-0.00553029
0.000761169
-0.00553909
0.000691125
-0.00554843
0.000630879
-0.00555758
0.000560356
-0.00556665
0.000497078
-0.00557516
0.000425718
-0.00558321
0.000360292
-0.00559045
0.000289677
-0.00559692
0.000225956
-0.00560232
0.000161618
-0.0056066
0.000107246
-0.00560937
5.69484e-05
1.78924e-05
-0.00587048
0.00127235
-0.0058338
0.00122577
-0.00580057
0.00124957
-0.00577507
0.00119954
-0.00575397
0.00119408
-0.00573934
0.00113706
-0.00572904
0.00111082
-0.00572346
0.00104798
-0.00572149
0.00100761
-0.00572257
0.000941158
-0.00572625
0.000891696
-0.00573162
0.000823406
-0.00573856
0.000768111
-0.0057462
0.000698765
-0.00575455
0.000639225
-0.0057629
0.00056871
-0.00577133
0.000505507
-0.00577933
0.000433718
-0.00578699
0.000367949
-0.00579393
0.00029662
-0.0058002
0.000232228
-0.00580547
0.00016688
-0.00580966
0.000111445
-0.0058124
5.96789e-05
1.89349e-05
-0.00611173
0.00122756
-0.00607378
0.00118782
-0.00603897
0.00121477
-0.00601129
0.00117185
-0.00598776
0.00117055
-0.00597062
0.00111992
-0.00595764
0.00109785
-0.00594963
0.00103996
-0.00594519
0.00100317
-0.00594416
0.000940131
-0.00594581
0.000893338
-0.0059495
0.000827094
-0.00595489
0.000773507
-0.00596127
0.00070514
-0.00596851
0.000646468
-0.00597598
0.000576174
-0.00598367
0.0005132
-0.00599109
0.000441136
-0.00599829
0.000375151
-0.00600488
0.000303217
-0.00601091
0.000238254
-0.006016
0.000171969
-0.0060201
0.000115543
-0.00602277
6.2352e-05
1.99638e-05
-0.00636092
0.00118223
-0.00632188
0.00114878
-0.00628561
0.0011785
-0.00625592
0.00114216
-0.00623014
0.00114477
-0.00621055
0.00110032
-0.00619499
0.00108228
-0.00618452
0.0010295
-0.0061776
0.000996252
-0.00617439
0.000936926
-0.00617392
0.000892864
-0.00617583
0.000829
-0.00617956
0.000777246
-0.00618458
0.000710151
-0.00619061
0.000652499
-0.00619709
0.000582657
-0.00620395
0.000520061
-0.00621071
0.000447896
-0.00621739
0.000381827
-0.00622358
0.000309412
-0.00622931
0.000243984
-0.00623419
0.000176849
-0.00623816
0.000119512
-0.00624076
6.49524e-05
2.09732e-05
-0.00661822
0.00113647
-0.00657825
0.00110881
-0.00654065
0.0011409
-0.00650914
0.00111066
-0.00648126
0.00111689
-0.00645932
0.00107837
-0.00644127
0.00106423
-0.00642836
0.00101659
-0.00641896
0.000986855
-0.00641352
0.000931484
-0.00641086
0.000890206
-0.00641089
0.000829033
-0.00641287
0.000779224
-0.00641642
0.000713699
-0.00642113
0.000657207
-0.00642654
0.000588068
-0.00643247
0.000525995
-0.0064385
0.000453922
-0.00644457
0.000387902
-0.00645031
0.000315147
-0.00645569
0.000249366
-0.00646033
0.000181485
-0.00646414
0.000123323
-0.00646665
6.74636e-05
2.19567e-05
-0.0068838
0.00109037
-0.00684305
0.00106806
-0.00680426
0.00110212
-0.00677112
0.00107751
-0.00674129
0.00108707
-0.00671712
0.0010542
-0.00669669
0.0010438
-0.00668136
0.00100126
-0.00666951
0.000975009
-0.00666179
0.000923762
-0.00665691
0.00088532
-0.00665498
0.00082711
-0.00665511
0.000779352
-0.0066571
0.000715688
-0.00666038
0.000660491
-0.00666463
0.000592313
-0.00666954
0.000530906
-0.00667475
0.000459133
-0.00668014
0.000393295
-0.00668536
0.000320363
-0.00669034
0.000254346
-0.00669469
0.000185836
-0.00669831
0.000126945
-0.00670072
6.98681e-05
2.2907e-05
-0.00715784
0.00104407
-0.00711647
0.00102668
-0.00707664
0.00106229
-0.00704204
0.0010429
-0.00701042
0.00105545
-0.00698416
0.00102794
-0.00696146
0.0010211
-0.00694377
0.000983576
-0.00692952
0.000960753
-0.00691949
0.000913735
-0.00691234
0.000878175
-0.00690839
0.000823156
-0.00690659
0.000777551
-0.00690693
0.000716023
-0.00690869
0.000662251
-0.00691167
0.000595297
-0.00691546
0.000534696
-0.00691977
0.000463448
-0.00692441
0.000397928
-0.00692904
0.000324995
-0.00693356
0.000258864
-0.00693758
0.000189861
-0.00694098
0.000130341
-0.00694326
7.21473e-05
2.38162e-05
-0.00744056
0.000997683
-0.00739869
0.000984813
-0.00735799
0.00102159
-0.0073221
0.00100701
-0.00728885
0.00102221
-0.00726066
0.000999742
-0.0072358
0.000996243
-0.00721583
0.000963601
-0.00719922
0.000944142
-0.00718688
0.000901397
-0.00717746
0.000868756
-0.00717142
0.000817111
-0.00716762
0.000773757
-0.00716621
0.000714613
-0.00716636
0.000662397
-0.00716799
0.000596926
-0.00717056
0.000537271
-0.00717389
0.000466782
-0.00717768
0.000401717
-0.00718167
0.000328978
-0.00718566
0.000262858
-0.00718932
0.000193515
-0.00719245
0.000133476
-0.00719458
7.42817e-05
2.46756e-05
-0.00773215
0.00095135
-0.00768994
0.000942597
-0.00764852
0.000980172
-0.00761151
0.000970004
-0.0075768
0.000987501
-0.00754682
0.000969759
-0.00751994
0.00096937
-0.00749777
0.000941432
-0.00747887
0.000925242
-0.00746424
0.000886763
-0.00745255
0.000857062
-0.00744436
0.000808924
-0.00743852
0.000767914
-0.00743528
0.000711376
-0.00743373
0.000660843
-0.00743391
0.000597106
-0.00743517
0.000538539
-0.00743744
0.000469048
-0.0074403
0.00040458
-0.00744357
0.000332241
-0.00744697
0.000266266
-0.00745021
0.000196753
-0.00745304
0.000136311
-0.00745501
7.62505e-05
2.54759e-05
-0.00803287
0.000905194
-0.00799043
0.000900163
-0.00794846
0.000938194
-0.00791049
0.000932042
-0.00787449
0.000951495
-0.00784287
0.000938146
-0.00781412
0.000940612
-0.00778986
0.000917172
-0.00776874
0.000904129
-0.00775185
0.000869864
-0.00773789
0.000843104
-0.00772753
0.000798562
-0.00771959
0.000759982
-0.00771445
0.000706235
-0.00771112
0.000657515
-0.00770976
0.000595745
-0.00770964
0.000538412
-0.00771075
0.000470158
-0.0077126
0.000406434
-0.00771507
0.000334713
-0.00771783
0.000269021
-0.0077206
0.000199523
-0.00772309
0.000138805
-0.00772487
7.80315e-05
2.62072e-05
-0.00834295
0.000859334
-0.00830042
0.00085764
-0.00825804
0.000895813
-0.00821928
0.000893283
-0.00818215
0.00091436
-0.00814906
0.000905061
-0.00811856
0.000910114
-0.00809233
0.000890938
-0.0080691
0.000880894
-0.00804998
0.00085075
-0.00803379
0.000826909
-0.00802123
0.000786007
-0.00801118
0.000749929
-0.00800407
0.000699125
-0.0079989
0.000652344
-0.00799591
0.000592755
-0.0079943
0.000536806
-0.00799417
0.000470024
-0.00799493
0.000407197
-0.00799654
0.000336319
-0.00799857
0.000271058
-0.00800083
0.000201776
-0.00800294
0.000140915
-0.00800451
7.96014e-05
2.68592e-05
-0.00866266
0.000813885
-0.00862017
0.000815149
-0.00857753
0.000853178
-0.00853813
0.00085388
-0.00850003
0.000876262
-0.00846563
0.000870659
-0.00843354
0.000878025
-0.00840545
0.000862852
-0.0083802
0.000855638
-0.00835893
0.000829484
-0.00834054
0.000808515
-0.00832579
0.000771257
-0.00831359
0.000737736
-0.00830446
0.000689992
-0.00829739
0.000645272
-0.00829269
0.000588055
-0.00828952
0.000533641
-0.00828806
0.000468558
-0.00828765
0.000406789
-0.00828831
0.000336984
-0.00828957
0.00027231
-0.00829125
0.000203457
-0.00829293
0.000142599
-0.00829427
8.09356e-05
2.74213e-05
-0.00899229
0.000768949
-0.00894994
0.000772807
-0.00890719
0.000810429
-0.00886729
0.00081398
-0.00882839
0.000837361
-0.00879283
0.000835096
-0.0087593
0.000844496
-0.00872949
0.000833046
-0.00870233
0.000828469
-0.00867899
0.000806144
-0.00865844
0.000787972
-0.00864151
0.000754325
-0.00862717
0.000723398
-0.00861598
0.000678795
-0.00860695
0.000636248
-0.00860047
0.000581569
-0.00859567
0.000528846
-0.00859279
0.000465675
-0.00859113
0.000405132
-0.00859078
0.00033663
-0.00859118
0.000272711
-0.00859223
0.00020451
-0.00859344
0.000143814
-0.00859452
8.20082e-05
2.78827e-05
-0.00933214
0.000724624
-0.00929005
0.000730719
-0.00924732
0.000767697
-0.00920706
0.000773723
-0.00916752
0.000797814
-0.00913094
0.000798524
-0.00909613
0.000809679
-0.00906473
0.000801654
-0.00903577
0.000799507
-0.00901045
0.000780816
-0.00898782
0.000765345
-0.00896873
0.000735239
-0.00895225
0.00070692
-0.00893896
0.000665504
-0.00892795
0.000625233
-0.00891961
0.000573232
-0.00891312
0.000522351
-0.00890873
0.000461292
-0.00890575
0.000402152
-0.0089043
0.000335181
-0.00890379
0.000272196
-0.00890416
0.000204877
-0.00890486
0.000144515
-0.00890564
8.27917e-05
2.82325e-05
-0.00968255
0.000680992
-0.00964081
0.000688984
-0.00959822
0.000725105
-0.00955774
0.000733241
-0.00951769
0.000757769
-0.00948026
0.000761091
-0.00944431
0.000773726
-0.00941146
0.000768812
-0.00938083
0.000768876
-0.00935362
0.0007536
-0.00932898
0.000740706
-0.00930778
0.00071404
-0.00928918
0.000688319
-0.00927378
0.000650106
-0.00926074
0.000612196
-0.0092505
0.000562985
-0.00924224
0.000514098
-0.00923629
0.000455334
-0.00923191
0.000397778
-0.00922929
0.000332561
-0.0092278
0.000270701
-0.00922742
0.0002045
-0.00922756
0.000144659
-0.00922803
8.32578e-05
2.846e-05
-0.0100439
0.00063813
-0.0100026
0.000647691
-0.00996023
0.000682762
-0.00991964
0.000692657
-0.00987924
0.000717364
-0.00984109
0.000722942
-0.00980415
0.000736784
-0.00976999
0.000734658
-0.00973782
0.000736703
-0.00970882
0.000724599
-0.00968225
0.000714142
-0.009659
0.000690782
-0.0096383
0.000667625
-0.00962079
0.000632599
-0.00960572
0.000597117
-0.00959351
0.000550784
-0.00958345
0.000504033
-0.00957584
0.00044773
-0.00957001
0.000391943
-0.00956614
0.000328695
-0.00956361
0.000268162
-0.00956243
0.000203321
-0.00956197
0.000144203
-0.00956209
8.33769e-05
2.85548e-05
-0.0104165
0.000596098
-0.0103757
0.000606916
-0.0103337
0.000640768
-0.0102931
0.000652084
-0.0102525
0.000676729
-0.0102138
0.000684211
-0.010176
0.000698996
-0.0101406
0.000699329
-0.0101071
0.000703118
-0.0100764
0.000693926
-0.010048
0.000685742
-0.0100227
0.00066553
-0.00999998
0.000644878
-0.00998038
0.000612994
-0.00996324
0.000579987
-0.00994906
0.000536594
-0.00993713
0.00049211
-0.00992782
0.000438416
-0.00992046
0.000384585
-0.00991528
0.000323515
-0.00991164
0.00026452
-0.0099096
0.00020128
-0.0099085
0.000143106
-0.00990824
8.31188e-05
2.85071e-05
-0.0108008
0.000554949
-0.0107606
0.000566727
-0.010719
0.000599209
-0.0106785
0.000611625
-0.0106378
0.000635983
-0.0105986
0.000645027
-0.0105601
0.000660495
-0.0105237
0.000662959
-0.0104889
0.000668249
-0.0104566
0.000661693
-0.0104265
0.000655604
-0.0103993
0.000638358
-0.0103746
0.000620128
-0.0103529
0.000591315
-0.0103337
0.000560806
-0.0103175
0.000520392
-0.0103037
0.000478292
-0.0102926
0.000427339
-0.0102837
0.000375646
-0.0102771
0.000316954
-0.0102723
0.000259718
-0.0102694
0.000198322
-0.0102676
0.000141328
-0.0102669
8.24531e-05
2.83073e-05
-0.0111972
0.00051472
-0.0111576
0.000527179
-0.0111166
0.000558159
-0.0110763
0.000571369
-0.0110356
0.000595231
-0.0109961
0.000605507
-0.010957
0.000621409
-0.0109197
0.000625675
-0.0108837
0.000632221
-0.01085
0.000628017
-0.0108182
0.00062383
-0.0107892
0.000609345
-0.0107625
0.000593435
-0.0107388
0.000567595
-0.0107176
0.000539587
-0.0106993
0.000502165
-0.0106836
0.000462552
-0.0106707
0.000414452
-0.0106601
0.000365077
-0.0106521
0.000308953
-0.0106461
0.000253702
-0.0106422
0.000194392
-0.0106397
0.000138829
-0.0106386
8.13492e-05
2.79468e-05
-0.0116062
0.000475438
-0.0115674
0.000488315
-0.0115269
0.000517677
-0.0114869
0.000531393
-0.0114462
0.000554565
-0.0114065
0.000565757
-0.0113669
0.000581853
-0.0113288
0.000587599
-0.0112918
0.000595156
-0.0112568
0.000593011
-0.0112235
0.000590523
-0.0111927
0.000578578
-0.0111641
0.000564864
-0.0111384
0.000541878
-0.0111152
0.00051635
-0.0110949
0.000481913
-0.0110772
0.00044487
-0.0110625
0.00039972
-0.0110503
0.000352833
-0.0110408
0.000299458
-0.0110335
0.000246421
-0.0110285
0.00018944
-0.0110253
0.000135574
-0.0110237
7.97779e-05
2.74174e-05
-0.0120284
0.000437114
-0.0119902
0.000450163
-0.0119503
0.000477806
-0.0119107
0.000491759
-0.0118702
0.000514063
-0.0118303
0.000525868
-0.0117904
0.000541928
-0.0117516
0.000548839
-0.0117136
0.000557164
-0.0116774
0.000556785
-0.0116427
0.000555782
-0.0116102
0.000546146
-0.0115799
0.000534485
-0.0115522
0.000514215
-0.011527
0.000491125
-0.0115047
0.000459644
-0.0114851
0.000425235
-0.0114685
0.000383117
-0.0114545
0.000338878
-0.0114435
0.000288424
-0.0114349
0.000237831
-0.0114289
0.00018342
-0.0114248
0.000131527
-0.0114228
7.77111e-05
2.67117e-05
-0.0124642
0.000399745
-0.0124268
0.000412738
-0.0123875
0.000438577
-0.0123483
0.000452512
-0.012308
0.000473785
-0.0122681
0.000485918
-0.0122279
0.000501724
-0.0121885
0.000509496
-0.0121497
0.000518349
-0.0121124
0.000519443
-0.0120763
0.000519706
-0.0120423
0.000512136
-0.0120102
0.000502373
-0.0119806
0.000484662
-0.0119534
0.000463948
-0.0119292
0.000435377
-0.0119076
0.000403648
-0.0118891
0.000364625
-0.0118734
0.000323181
-0.0118608
0.000275812
-0.0118508
0.000227892
-0.0118437
0.000176291
-0.0118388
0.000126659
-0.0118363
7.51231e-05
2.5823e-05
-0.0129143
0.000363314
-0.0128776
0.00037604
-0.012839
0.000399998
-0.0128002
0.000413682
-0.0127602
0.000433774
-0.0127202
0.000445966
-0.0126798
0.000461312
-0.01264
0.000469652
-0.0126004
0.000478799
-0.0125621
0.000481079
-0.0125247
0.000482386
-0.0124892
0.000476634
-0.0124555
0.0004686
-0.0124241
0.00045328
-0.012395
0.000434861
-0.0123688
0.000409135
-0.0123452
0.000380114
-0.0123248
0.000344237
-0.0123074
0.000305724
-0.0122932
0.000261593
-0.0122818
0.00021657
-0.0122736
0.000168018
-0.0122678
0.000120939
-0.0122647
7.19912e-05
2.47453e-05
-0.0133793
0.000327786
-0.0133433
0.00034005
-0.0133054
0.000362065
-0.013267
0.000375281
-0.0132273
0.000394053
-0.0131874
0.000406054
-0.0131468
0.000420745
-0.0131065
0.000429375
-0.0130663
0.000438591
-0.013027
0.000441774
-0.0129885
0.000443903
-0.0129516
0.000439721
-0.0129162
0.000433238
-0.0128831
0.000420129
-0.0128521
0.000403911
-0.012824
0.000380952
-0.0127985
0.00035465
-0.0127762
0.000321953
-0.012757
0.000286493
-0.0127411
0.000245747
-0.0127284
0.00020384
-0.012719
0.000158574
-0.0127124
0.000114346
-0.0127087
6.82962e-05
2.34734e-05
-0.0138599
0.000293112
-0.0138246
0.000304735
-0.0137873
0.000324751
-0.0137493
0.000337298
-0.0137099
0.000354627
-0.0136701
0.000366202
-0.0136294
0.000380055
-0.0135887
0.000388713
-0.0135479
0.00039778
-0.0135077
0.000401595
-0.0134681
0.000404326
-0.0134299
0.000401466
-0.013393
0.000396352
-0.0133581
0.00038527
-0.0133254
0.000371145
-0.0132953
0.000350863
-0.0132679
0.000327276
-0.0132437
0.000297784
-0.0132227
0.000265485
-0.0132052
0.00022826
-0.0131911
0.000189684
-0.0131804
0.000147939
-0.013173
0.000106859
-0.0131687
6.40232e-05
2.20031e-05
-0.0143569
0.000259221
-0.0143222
0.000270039
-0.0142855
0.000288007
-0.0142479
0.000299704
-0.0142088
0.000315474
-0.014169
0.000326407
-0.0141282
0.000339253
-0.0140871
0.000347692
-0.0140458
0.000356402
-0.0140048
0.000360591
-0.0139641
0.000363708
-0.0139246
0.000361929
-0.0138862
0.000357999
-0.0138497
0.000348757
-0.0138152
0.00033661
-0.0137832
0.000318907
-0.013754
0.000298018
-0.0137279
0.000271745
-0.0137052
0.000242704
-0.013686
0.000209131
-0.0136704
0.000174091
-0.0136586
0.0001361
-0.0136502
9.84657e-05
-0.0136453
5.91618e-05
2.03313e-05
-0.0148711
0.000226023
-0.014837
0.000235888
-0.0148007
0.000251765
-0.0147635
0.000262444
-0.0147245
0.00027655
-0.0146848
0.000286642
-0.0146438
0.000298322
-0.0146025
0.000306313
-0.0145605
0.000314471
-0.0145187
0.000318788
-0.0144771
0.000322086
-0.0144363
0.000321155
-0.0143966
0.000318225
-0.0143584
0.000310639
-0.0143222
0.000300348
-0.0142884
0.000285124
-0.0142573
0.000266908
-0.0142294
0.000243861
-0.0142049
0.000218165
-0.0141841
0.000188367
-0.0141671
0.000157061
-0.014154
0.000123053
-0.0141447
8.91601e-05
-0.0141393
5.3707e-05
1.84564e-05
-0.0154033
0.000193407
-0.0153696
0.000202183
-0.0153338
0.000215928
-0.0152968
0.000225438
-0.015258
0.000237782
-0.0152182
0.000246852
-0.0151771
0.000257219
-0.0151354
0.00026455
-0.0150929
0.000271973
-0.0150503
0.000276189
-0.0150076
0.00027947
-0.0149657
0.000279167
-0.0149245
0.000277061
-0.0148848
0.000270951
-0.0148469
0.000262397
-0.0148113
0.00024955
-0.0147784
0.000233976
-0.0147487
0.000214159
-0.0147224
0.000191888
-0.0147
0.000165984
-0.0146815
0.000138605
-0.0146673
0.000108805
-0.0146571
7.89437e-05
-0.014651
4.76597e-05
1.63785e-05
-0.0159545
0.000161235
-0.0159212
0.000168799
-0.0158856
0.000180374
-0.0158487
0.000188575
-0.01581
0.000199067
-0.0157701
0.000206949
-0.0157288
0.000215867
-0.0156866
0.000222345
-0.0156435
0.000228862
-0.0156
0.000232768
-0.0155564
0.000235849
-0.0155132
0.000235969
-0.0154707
0.00023452
-0.0154295
0.000229719
-0.0153898
0.000222786
-0.0153525
0.00021222
-0.0153178
0.000199258
-0.0152863
0.000182674
-0.0152583
0.000163903
-0.0152343
0.000142007
-0.0152145
0.000118742
-0.015199
9.33725e-05
-0.0151879
6.78275e-05
-0.0151813
4.10273e-05
1.40999e-05
-0.0165258
0.000129343
-0.0164925
0.000135582
-0.0164571
0.000144946
-0.0164203
0.000151714
-0.0163815
0.000160268
-0.0163413
0.000166812
-0.0162996
0.000174156
-0.0162569
0.000179606
-0.0162131
0.000185063
-0.0161688
0.000188468
-0.0161241
0.000191182
-0.0160797
0.000191539
-0.0160357
0.000190594
-0.015993
0.000186951
-0.0159517
0.000181532
-0.0159127
0.000173163
-0.0158762
0.000162785
-0.015843
0.000149443
-0.0158133
0.000134247
-0.0157878
0.000116476
-0.0157665
9.75054e-05
-0.01575
7.67838e-05
-0.015738
5.58329e-05
-0.0157308
3.38249e-05
1.16254e-05
-0.017118
9.75322e-05
-0.0170848
0.000102344
-0.0170493
0.000109452
-0.0170123
0.000114673
-0.0169732
0.000121209
-0.0169327
0.00012628
-0.0168905
0.000131936
-0.0168471
0.000136202
-0.0168025
0.000140459
-0.0167572
0.000143195
-0.0167114
0.000145394
-0.0166657
0.000145826
-0.0166203
0.000145251
-0.016576
0.000142636
-0.0165331
0.000138642
-0.0164924
0.0001324
-0.0164542
0.000124591
-0.0164192
0.000114509
-0.016388
0.000102967
-0.0163609
8.94381e-05
-0.0163384
7.49416e-05
-0.0163207
5.90819e-05
-0.0163078
4.29935e-05
-0.0163001
2.60762e-05
8.96293e-06
-0.0177326
6.55639e-05
-0.0176991
6.88548e-05
-0.0176633
7.36602e-05
-0.0176258
7.72316e-05
-0.0175863
8.16696e-05
-0.0175452
8.51487e-05
-0.0175022
8.9011e-05
-0.017458
9.19585e-05
-0.0174124
9.48931e-05
-0.0173661
9.68187e-05
-0.017319
9.83743e-05
-0.017272
9.87493e-05
-0.0172251
9.84334e-05
-0.0171792
9.67438e-05
-0.0171347
9.41077e-05
-0.0170923
8.99483e-05
-0.0170524
8.47086e-05
-0.0170158
7.79203e-05
-0.0169829
7.0119e-05
-0.0169545
6.09575e-05
-0.0169306
5.11124e-05
-0.0169119
4.0326e-05
-0.0168982
2.93575e-05
-0.01689
1.78152e-05
6.12383e-06
-0.0183705
3.31372e-05
-0.0183365
3.48492e-05
-0.0183001
3.72942e-05
-0.018262
3.91183e-05
-0.0182217
4.13789e-05
-0.0181797
4.31597e-05
-0.0181358
4.51342e-05
-0.0180905
4.66501e-05
-0.0180438
4.81594e-05
-0.0179961
4.91609e-05
-0.0179477
4.99747e-05
-0.0178992
5.01915e-05
-0.0178508
5.00568e-05
-0.0178033
4.92244e-05
-0.0177571
4.79088e-05
-0.017713
4.58163e-05
-0.0176714
4.31709e-05
-0.0176332
3.97322e-05
-0.0175989
3.57737e-05
-0.017569
3.11136e-05
-0.017544
2.60989e-05
-0.0175243
2.05944e-05
-0.0175099
1.49909e-05
-0.0175012
9.08752e-06
3.12433e-06
-0.0190331
-0.0189983
-0.018961
-0.0189219
-0.0188805
-0.0188373
-0.0187922
-0.0187456
-0.0186974
-0.0186482
-0.0185983
-0.0185481
-0.018498
-0.0184488
-0.0184009
-0.0183551
-0.0183119
-0.0182722
-0.0182364
-0.0182053
-0.0181792
-0.0181586
-0.0181436
-0.0181345
)
;

boundaryField
{
    inlet
    {
        type            calculated;
        value           nonuniform List<scalar> 
38
(
-0.00486683
-0.00504293
-0.00522541
-0.0054145
-0.00561042
-0.00581344
-0.0060238
-0.00624177
-0.00646763
-0.00670167
-0.00694417
-0.00719544
-0.00745581
-0.0077256
-0.00800516
-0.00829483
-0.00859498
-0.00890599
-0.00922826
-0.00956218
-0.00990819
-0.0102667
-0.0106382
-0.0110232
-0.0114221
-0.0118354
-0.0122636
-0.0127074
-0.0131672
-0.0136437
-0.0141374
-0.0146489
-0.015179
-0.0157283
-0.0162974
-0.0168871
-0.0174982
-0.0181314
)
;
    }
    outlet
    {
        type            calculated;
        value           nonuniform 0();
    }
    cylinder
    {
        type            calculated;
        value           nonuniform 0();
    }
    top
    {
        type            symmetryPlane;
        value           uniform 0;
    }
    bottom
    {
        type            symmetryPlane;
        value           nonuniform 0();
    }
    defaultFaces
    {
        type            empty;
        value           nonuniform 0();
    }
    procBoundary12to8
    {
        type            processor;
        value           nonuniform List<scalar> 
55
(
-2.40326e-05
5.6414e-05
0.000136095
0.000214967
0.000292988
-0.00621382
0.000428554
0.000508782
0.000587999
0.000666162
-0.00618951
0.000820906
0.000900846
0.00097955
-0.00618008
0.00115034
0.00123046
0.00130914
-0.00612368
0.00149572
0.00157544
0.00165352
-0.00601986
0.00185413
0.00193279
-0.00442597
0.00200823
-0.00461602
0.00207488
0.00214157
-0.00153558
-0.00141863
-0.00141751
-0.00131629
-0.00127707
-0.00118663
-0.0011309
-0.00104682
-0.000984974
-0.000906242
-0.00084345
-0.0007696
-0.000707757
-0.000637665
-0.000576553
-0.000508457
-0.000446986
-0.000379498
-0.000317422
-0.000251547
-0.000192354
-0.000133804
-8.55078e-05
-4.29102e-05
-1.26319e-05
)
;
    }
    procBoundary12to9
    {
        type            processor;
        value           nonuniform List<scalar> 2(-7.1507e-05 0.00644454);
    }
    procBoundary12to13
    {
        type            processor;
        value           nonuniform List<scalar> 
46
(
0.00762623
0.00673745
0.00700923
-5.76457e-05
0.00729311
0.00462125
0.00477556
0.00493826
0.0051076
0.00528315
0.00546478
0.00565244
0.00584713
0.00604759
0.00625489
0.00646908
0.00669038
0.00691903
0.00715527
0.00739947
0.0076517
0.0079123
0.00818162
0.00845998
0.00874771
-0.000188208
0.00904471
0.00935335
0.00967253
0.0100027
0.0103443
0.0106978
0.0110638
0.0114428
0.0118355
0.0122424
0.0126644
0.0131021
0.0135563
0.014028
0.0145181
0.0150276
0.0155576
0.0161095
0.0166845
0.0172843
)
;
    }
}


// ************************************************************************* //
