/*--------------------------------*- C++ -*----------------------------------*\
  =========                 |
  \\      /  F ield         | OpenFOAM: The Open Source CFD Toolbox
   \\    /   O peration     | Website:  https://openfoam.org
    \\  /    A nd           | Version:  7
     \\/     M anipulation  |
\*---------------------------------------------------------------------------*/
FoamFile
{
    version     2.0;
    format      ascii;
    class       volVectorField;
    location    "125";
    object      U;
}
// * * * * * * * * * * * * * * * * * * * * * * * * * * * * * * * * * * * * * //

dimensions      [0 1 -1 0 0 0 0];

internalField   nonuniform List<vector> 
1987
(
(0.0167069 -0.678134 -3.76136e-21)
(0.0286521 -0.673389 2.99041e-21)
(0.0483494 -0.649554 -2.80897e-22)
(0.0787945 -0.603374 -2.05291e-21)
(1.34556 0.0623042 0)
(1.35041 0.0912067 0)
(1.35093 0.121844 0)
(1.34655 0.153245 0)
(1.33705 0.184352 0)
(1.32257 0.214139 0)
(1.30357 0.241696 0)
(1.28067 0.266291 0)
(1.2546 0.287395 0)
(1.22611 0.304683 0)
(1.19592 0.318025 0)
(1.16467 0.327461 0)
(1.13295 0.333161 0)
(1.10122 0.335387 0)
(1.06983 0.334449 0)
(1.03904 0.33067 0)
(1.00897 0.324347 0)
(0.979688 0.31574 0)
(0.95117 0.305045 0)
(0.923363 0.29237 0)
(0.896179 0.277752 0)
(0.869511 0.261183 0)
(0.843338 0.242538 0)
(0.817696 0.221581 0)
(0.79219 0.198383 0)
(0.765691 0.173639 0)
(0.73738 0.147894 0)
(0.708657 0.120077 0)
(0.683704 0.0872458 0)
(0.667911 0.0465545 0)
(0.664997 -0.00328889 0)
(0.674901 -0.0594364 0)
(0.695313 -0.117101 0)
(0.723361 -0.171839 0)
(0.755882 -0.220528 0)
(0.79017 -0.262104 0)
(0.824102 -0.297745 0)
(0.856376 -0.330391 0)
(0.886847 -0.363218 0)
(0.916612 -0.397177 0)
(0.947646 -0.428661 0)
(0.982086 -0.44935 0)
(1.0202 -0.449739 0)
(1.05836 -0.422811 0)
(1.09315 -0.362766 0)
(1.12532 -0.265326 0)
(1.15335 -0.135809 0)
(1.17223 0.00807165 0)
(1.17932 0.143209 0)
(1.17327 0.24871 0)
(1.15438 0.31701 0)
(1.12615 0.351522 0)
(1.09303 0.3613 0)
(1.05858 0.356021 0)
(1.02459 0.343215 0)
(0.991867 0.327052 0)
(1.34112 0.0666261 0)
(1.34394 0.0936228 0)
(1.3429 0.122086 0)
(1.33757 0.151158 0)
(1.32776 0.179916 0)
(1.31356 0.207458 0)
(1.29528 0.232967 0)
(1.27342 0.255773 0)
(1.24858 0.275379 0)
(1.22141 0.291476 0)
(1.19257 0.303934 0)
(1.16269 0.312775 0)
(1.1323 0.318142 0)
(1.10184 0.320257 0)
(1.07167 0.319384 0)
(1.042 0.315799 0)
(1.013 0.309753 0)
(0.984712 0.301466 0)
(0.957154 0.291105 0)
(0.930292 0.278758 0)
(0.904079 0.264445 0)
(0.878436 0.248164 0)
(0.853323 0.229833 0)
(0.828834 0.209187 0)
(0.804887 0.186071 0)
(0.780665 0.160977 0)
(0.754995 0.134788 0)
(0.728103 0.107411 0)
(0.70306 0.0768049 0)
(0.684838 0.0398163 0)
(0.677839 -0.00479006 0)
(0.683814 -0.0552221 0)
(0.70136 -0.108598 0)
(0.727387 -0.16052 0)
(0.758602 -0.20771 0)
(0.792085 -0.248844 0)
(0.825588 -0.284761 0)
(0.857802 -0.317968 0)
(0.888619 -0.351164 0)
(0.919174 -0.384905 0)
(0.951571 -0.415424 0)
(0.987928 -0.434864 0)
(1.02775 -0.434892 0)
(1.06711 -0.409037 0)
(1.10361 -0.350687 0)
(1.13708 -0.254875 0)
(1.16537 -0.125952 0)
(1.18517 0.0165146 0)
(1.19283 0.146903 0)
(1.18594 0.247575 0)
(1.16552 0.311315 0)
(1.13559 0.34249 0)
(1.10103 0.350535 0)
(1.06557 0.344774 0)
(1.031 0.332164 0)
(0.99794 0.316517 0)
(1.3331 0.0692246 0)
(1.33443 0.0943121 0)
(1.33228 0.120582 0)
(1.3263 0.1473 0)
(1.31635 0.173684 0)
(1.30249 0.198962 0)
(1.28497 0.222437 0)
(1.2642 0.243521 0)
(1.24068 0.261772 0)
(1.21499 0.276898 0)
(1.18771 0.288751 0)
(1.15938 0.297317 0)
(1.13049 0.30268 0)
(1.10145 0.304999 0)
(1.07259 0.304479 0)
(1.04412 0.301337 0)
(1.01621 0.29578 0)
(0.988933 0.287989 0)
(0.962329 0.278107 0)
(0.936391 0.266214 0)
(0.911113 0.252318 0)
(0.88646 0.236414 0)
(0.862388 0.218457 0)
(0.838986 0.198208 0)
(0.816386 0.175353 0)
(0.794198 0.1501 0)
(0.771317 0.123405 0)
(0.747114 0.0959531 0)
(0.723205 0.0667961 0)
(0.703665 0.0335375 0)
(0.69332 -0.00604321 0)
(0.695161 -0.0517955 0)
(0.708944 -0.10099 0)
(0.732154 -0.149954 0)
(0.761505 -0.195518 0)
(0.793864 -0.236155 0)
(0.82679 -0.272358 0)
(0.858878 -0.306171 0)
(0.88999 -0.339771 0)
(0.92131 -0.373228 0)
(0.955102 -0.402592 0)
(0.993229 -0.420619 0)
(1.03441 -0.420109 0)
(1.07496 -0.394737 0)
(1.113 -0.337123 0)
(1.14776 -0.242215 0)
(1.17748 -0.116099 0)
(1.19864 0.0219573 0)
(1.2064 0.147672 0)
(1.19826 0.242989 0)
(1.17599 0.302531 0)
(1.14433 0.331364 0)
(1.10843 0.338681 0)
(1.07206 0.333142 0)
(1.03698 0.321114 0)
(1.00364 0.306159 0)
(1.32284 0.0705065 0)
(1.32308 0.0936847 0)
(1.32018 0.117858 0)
(1.31385 0.142401 0)
(1.30398 0.166645 0)
(1.29062 0.189926 0)
(1.27396 0.21163 0)
(1.25436 0.231232 0)
(1.23223 0.24832 0)
(1.20808 0.262606 0)
(1.18239 0.273927 0)
(1.15565 0.282232 0)
(1.12831 0.287565 0)
(1.10072 0.290039 0)
(1.0732 0.28981 0)
(1.04596 0.287052 0)
(1.01918 0.281937 0)
(0.992944 0.274615 0)
(0.96732 0.265208 0)
(0.942325 0.253786 0)
(0.917981 0.240353 0)
(0.894299 0.224893 0)
(0.871256 0.20738 0)
(0.848913 0.187629 0)
(0.827497 0.165269 0)
(0.80701 0.140239 0)
(0.786679 0.113326 0)
(0.765454 0.0856608 0)
(0.743658 0.0573207 0)
(0.724124 0.0266669 0)
(0.711356 -0.00864109 0)
(0.709129 -0.0493497 0)
(0.718564 -0.0939422 0)
(0.73815 -0.139518 0)
(0.764924 -0.18312 0)
(0.795667 -0.223046 0)
(0.827738 -0.259389 0)
(0.859556 -0.29368 0)
(0.890893 -0.327527 0)
(0.923004 -0.360481 0)
(0.958204 -0.38852 0)
(0.997838 -0.405204 0)
(1.04009 -0.404299 0)
(1.08178 -0.379434 0)
(1.12128 -0.322825 0)
(1.15779 -0.229816 0)
(1.18949 -0.106893 0)
(1.21185 0.0269134 0)
(1.2193 0.147251 0)
(1.20962 0.237241 0)
(1.18547 0.292806 0)
(1.15223 0.319466 0)
(1.1152 0.326164 0)
(1.07812 0.32095 0)
(1.04267 0.309606 0)
(1.00918 0.295414 0)
(0.859825 -0.28047 0)
(0.891303 -0.314281 0)
(0.924256 -0.346442 0)
(0.960815 -0.373015 0)
(1.00168 -0.38846 0)
(1.04482 -0.387319 0)
(1.08758 -0.363135 0)
(1.1286 -0.307827 0)
(1.1672 -0.216731 0)
(1.20107 -0.0966727 0)
(1.22445 0.0323594 0)
(1.23122 0.146605 0)
(1.21979 0.230803 0)
(1.1938 0.282194 0)
(1.15916 0.306699 0)
(1.12124 0.312897 0)
(1.08366 0.30815 0)
(1.04803 0.29761 0)
(1.01455 0.284255 0)
(-0.00495091 -0.669982 3.766e-21)
(0.0178733 -0.661953 -3.00987e-21)
(0.049469 -0.633377 2.83363e-22)
(0.0914888 -0.582057 2.15405e-21)
(0.143266 -0.508181 -3.70509e-21)
(0.202233 -0.414526 3.22973e-21)
(0.265058 -0.305345 -1.28736e-22)
(0.32862 -0.185291 -1.07781e-21)
(0.390611 -0.0585941 2.52259e-21)
(0.449681 0.07087 -3.58694e-21)
(0.505321 0.198814 8.61404e-22)
(0.557255 0.319524 5.70374e-22)
(0.604727 0.425998 1.25693e-21)
(0.646321 0.511629 5.20858e-22)
(0.680484 0.57252 -3.39086e-21)
(0.706232 0.608784 -3.49008e-22)
(0.723522 0.624132 1.46686e-21)
(0.733149 0.624302 -5.32043e-22)
(0.736365 0.615288 5.61758e-22)
(0.734528 0.602058 3.38268e-22)
(0.728781 0.588218 -1.21826e-22)
(0.719604 0.576702 -1.18408e-21)
(0.706508 0.570328 -1.33064e-22)
(0.688601 0.570614 9.82368e-22)
(0.666075 0.574873 7.54075e-22)
(0.641557 0.574121 4.68935e-22)
(0.619971 0.554677 -1.00806e-21)
(0.606591 0.50371 5.0967e-22)
(0.604669 0.415283 7.86733e-22)
(0.614618 0.292665 -1.92334e-21)
(0.634947 0.146343 -1.18033e-21)
(0.663405 -0.00931813 2.58506e-21)
(0.697306 -0.15892 -6.13991e-22)
(0.733479 -0.288522 -1.92682e-21)
(0.76845 -0.388849 9.65058e-22)
(0.799124 -0.457189 -2.77115e-22)
(0.823551 -0.496894 7.60461e-22)
(0.841122 -0.514949 -2.67709e-22)
(0.852215 -0.519169 4.3461e-22)
(0.857754 -0.516072 -4.01183e-22)
(0.858857 -0.510088 8.19973e-23)
(0.856366 -0.504361 -4.9222e-23)
(0.850263 -0.502077 2.57153e-22)
(0.839654 -0.506023 -1.06593e-22)
(0.823733 -0.51554 1.83404e-22)
(0.803111 -0.523439 1.42839e-22)
(0.780252 -0.516691 -4.24246e-22)
(0.758515 -0.481666 5.5289e-22)
(0.740851 -0.410335 -1.09068e-22)
(0.729359 -0.303362 4.69051e-23)
(0.72549 -0.169468 -2.26356e-22)
(0.730028 -0.0230035 9.17609e-23)
(0.742632 0.119272 -3.84122e-22)
(0.76162 0.242306 -1.56365e-22)
(0.784104 0.336523 4.42909e-22)
(0.806596 0.399832 2.96401e-22)
(0.826147 0.4363 -1.89107e-22)
(0.841135 0.45296 7.69415e-23)
(0.850999 0.45753 -1.94812e-22)
(0.855243 0.457694 2.89962e-22)
(-0.0158089 -0.656676 7.42035e-21)
(0.0178407 -0.645099 -2.85446e-21)
(0.060584 -0.612143 -3.6905e-21)
(0.112847 -0.556608 -2.51906e-21)
(0.17307 -0.479554 1.12347e-20)
(0.238361 -0.384212 -3.64094e-21)
(0.305493 -0.274829 -9.94594e-22)
(0.371593 -0.15574 1.27389e-22)
(0.434628 -0.0307352 -3.15256e-21)
(0.493588 0.096793 3.26539e-22)
(0.548278 0.22278 1.24811e-21)
(0.598564 0.341436 5.83491e-21)
(0.643646 0.445452 -5.12375e-21)
(0.682047 0.528001 -2.96716e-21)
(0.712304 0.585273 4.1502e-21)
(0.733705 0.617737 -2.03385e-21)
(0.746568 0.629514 1.29881e-21)
(0.752015 0.626628 -2.7861e-21)
(0.751504 0.615177 2.15463e-21)
(0.746445 0.600079 -7.4305e-22)
(0.737957 0.584739 -1.79947e-22)
(0.726517 0.571737 2.55904e-22)
(0.711626 0.563599 -1.18357e-21)
(0.692213 0.561976 -1.30259e-22)
(0.66804 0.564908 2.09019e-21)
(0.641228 0.564383 -1.96784e-21)
(0.616466 0.547261 1.32499e-22)
(0.599277 0.50037 1.4439e-21)
(0.593502 0.416766 4.1098e-22)
(0.600115 0.298727 -3.03819e-21)
(0.617951 0.156165 4.07081e-21)
(0.644894 0.00321529 -2.38626e-21)
(0.678243 -0.144909 5.02176e-22)
(0.714769 -0.274393 -7.43383e-22)
(0.750922 -0.375908 2.29975e-21)
(0.783446 -0.446398 -3.59118e-21)
(0.810152 -0.488698 7.5118e-22)
(0.830158 -0.509332 6.10958e-22)
(0.843632 -0.515821 -4.51639e-22)
(0.851396 -0.514558 1.32002e-22)
(0.854554 -0.510008 -1.91652e-22)
(0.853941 -0.505524 -1.34555e-22)
(0.849531 -0.504574 9.54991e-22)
(0.840475 -0.510067 8.19405e-22)
(0.82611 -0.521117 1.69857e-22)
(0.807199 -0.530083 -1.87391e-21)
(0.78622 -0.523579 1.90855e-21)
(0.766365 -0.487925 -2.85112e-21)
(0.750361 -0.415247 5.30203e-22)
(0.740137 -0.306381 -1.4162e-22)
(0.737038 -0.170212 9.28977e-22)
(0.741795 -0.0213307 -1.50277e-21)
(0.754071 0.123125 1.59208e-21)
(0.772263 0.247692 -1.38502e-21)
(0.793624 0.342498 8.83598e-22)
(0.81478 0.405442 3.03532e-23)
(0.832855 0.440876 -3.73412e-22)
(0.846285 0.456197 5.23724e-22)
(0.854602 0.459295 -1.925e-23)
(0.857418 0.457817 -1.33719e-22)
(-0.0155261 -0.638366 3.59664e-21)
(0.0283228 -0.623308 6.33399e-21)
(0.0809956 -0.586599 -7.42974e-21)
(0.141923 -0.527877 1.51921e-20)
(0.208976 -0.448839 -8.98881e-21)
(0.279153 -0.352946 1.01727e-20)
(0.349378 -0.244332 -1.13512e-20)
(0.417025 -0.126996 5.44439e-21)
(0.480351 -0.0042626 -7.64994e-21)
(0.538704 0.120923 1.56821e-20)
(0.592163 0.244715 -1.71812e-21)
(0.640635 0.36117 -1.68301e-20)
(0.683188 0.462627 4.44279e-21)
(0.718242 0.542053 -6.32774e-21)
(0.744437 0.595761 1.6078e-21)
(0.761372 0.624587 2.57801e-21)
(0.76975 0.633047 7.80869e-21)
(0.771023 0.627404 -5.22912e-21)
(0.766843 0.613805 1.01501e-21)
(0.758658 0.597083 3.45537e-22)
(0.747535 0.580445 1.38252e-22)
(0.733922 0.566135 4.06576e-22)
(0.717328 0.556356 -3.61808e-21)
(0.696554 0.552826 5.62421e-21)
(0.670967 0.554278 -1.97448e-21)
(0.642152 0.553756 -1.44483e-21)
(0.614464 0.538834 -2.4213e-21)
(0.593597 0.496136 8.99914e-22)
(0.583969 0.417713 -2.73984e-21)
(0.587159 0.304726 1.01581e-20)
(0.602363 0.166374 -9.50786e-21)
(0.627624 0.0164504 2.96802e-21)
(0.660249 -0.129941 -2.66227e-21)
(0.69695 -0.259188 1.8041e-21)
(0.734108 -0.361855 5.15858e-21)
(0.76832 -0.434521 1.41988e-21)
(0.797168 -0.479496 -2.42556e-21)
(0.819512 -0.502818 -8.88057e-22)
(0.835312 -0.511689 1.20503e-21)
(0.845285 -0.512356 -1.22633e-21)
(0.850507 -0.509313 -9.51851e-22)
(0.851799 -0.506122 4.24994e-22)
(0.849125 -0.506528 2.68419e-21)
(0.841698 -0.513549 -1.47048e-21)
(0.828997 -0.526103 2.05843e-21)
(0.811918 -0.536153 -2.54827e-21)
(0.792926 -0.530022 1.30829e-21)
(0.775038 -0.493985 2.77464e-21)
(0.760762 -0.420274 -5.46819e-21)
(0.751858 -0.309823 -1.16234e-21)
(0.749549 -0.171647 -1.47283e-21)
(0.754504 -0.0205476 5.86649e-21)
(0.766389 0.126073 -3.50551e-21)
(0.783693 0.252226 5.42853e-22)
(0.803821 0.347731 3.76234e-21)
(0.823537 0.410431 -3.26317e-21)
(0.840054 0.444933 -1.8786e-21)
(0.851869 0.458993 2.82126e-21)
(0.858603 0.460683 7.87329e-22)
(0.859982 0.457617 8.06538e-22)
(0.0486753 -0.597268 -3.10197e-21)
(0.109754 -0.557583 -4.81045e-21)
(0.177666 -0.496717 2.10257e-20)
(0.249965 -0.416793 -2.58044e-21)
(0.323655 -0.321341 3.12022e-21)
(0.395834 -0.214331 -4.01201e-20)
(0.464125 -0.0994063 5.18986e-20)
(0.527113 0.0205951 -2.24626e-21)
(0.584495 0.143142 -8.49299e-21)
(0.636554 0.264569 -4.93609e-21)
(0.683134 0.378704 2.53767e-21)
(0.723075 0.477509 5.4061e-21)
(0.75467 0.553775 2.05453e-21)
(0.77669 0.603984 -1.35267e-20)
(0.789083 0.629358 9.67872e-21)
(0.792961 0.634777 -1.12036e-20)
(0.790105 0.62669 5.39292e-21)
(0.782344 0.61124 2.76823e-21)
(0.77115 0.593142 -1.21441e-21)
(0.757511 0.575405 -8.82491e-21)
(0.741828 0.559962 4.48186e-21)
(0.723625 0.548683 -5.49416e-22)
(0.701627 0.543277 4.97285e-21)
(0.674856 0.543116 -1.38014e-21)
(0.644346 0.542346 1.24734e-21)
(0.614026 0.52943 2.75985e-21)
(0.589651 0.490961 -4.31037e-21)
(0.576192 0.418021 -1.75431e-21)
(0.575875 0.310537 1.30985e-21)
(0.588312 0.176841 -2.20634e-21)
(0.611703 0.0303277 -5.83883e-21)
(0.643401 -0.114103 7.40675e-21)
(0.680088 -0.242977 -7.22992e-21)
(0.718055 -0.346737 9.69263e-21)
(0.753774 -0.421586 -4.97416e-21)
(0.784613 -0.469295 5.61661e-23)
(0.809187 -0.495401 -4.59369e-22)
(0.827249 -0.506759 9.06832e-22)
(0.839407 -0.509446 2.19371e-21)
(0.846696 -0.50798 -4.80843e-21)
(0.849912 -0.506127 3.03599e-21)
(0.849014 -0.507898 -8.69471e-22)
(0.843286 -0.51642 1.45628e-21)
(0.832347 -0.530441 2.0261e-21)
(0.81721 -0.5416 -3.28917e-21)
(0.800303 -0.535981 3.6254e-21)
(0.784461 -0.49982 -8.80567e-22)
(0.771983 -0.425401 -4.14111e-21)
(0.764456 -0.313693 4.3728e-21)
(0.762976 -0.173782 -7.42544e-21)
(0.768104 -0.0206189 4.08635e-22)
(0.779541 0.128079 2.95526e-21)
(0.795886 0.255862 -7.68597e-23)
(0.814684 0.352184 4.66362e-21)
(0.832863 0.414776 -2.23397e-21)
(0.847744 0.44846 -1.09311e-21)
(0.85789 0.461345 1.72017e-21)
(0.863009 0.461704 -2.3221e-21)
(0.862942 0.457111 2.27023e-21)
(0.077947 -0.567788 -7.23673e-21)
(0.145756 -0.525966 -1.84882e-20)
(0.21898 -0.463948 -5.01258e-21)
(0.295013 -0.384105 -1.11747e-20)
(0.370935 -0.289945 4.82807e-20)
(0.444023 -0.185237 -2.53942e-20)
(0.512167 -0.0732461 8.68948e-21)
(0.574315 0.0436714 -2.1538e-21)
(0.630492 0.163394 -3.66317e-22)
(0.681087 0.282344 -2.4489e-20)
(0.725763 0.394053 5.50181e-20)
(0.763051 0.490106 -3.92367e-20)
(0.791106 0.563174 -2.59683e-21)
(0.808871 0.609963 2.51284e-20)
(0.816688 0.632088 -1.26525e-20)
(0.816096 0.634757 -9.37817e-21)
(0.809192 0.624552 8.70033e-21)
(0.797967 0.607555 -3.77761e-22)
(0.783897 0.588328 1.62676e-21)
(0.767878 0.569688 7.27319e-21)
(0.750237 0.553287 2.27586e-21)
(0.730517 0.540659 -6.27063e-21)
(0.70742 0.533442 -2.65826e-21)
(0.679688 0.531557 -5.28639e-21)
(0.647801 0.530277 7.14394e-21)
(0.615179 0.519106 1.55775e-21)
(0.587514 0.484812 4.50203e-21)
(0.570273 0.417586 5.08172e-21)
(0.566374 0.316025 -1.56914e-20)
(0.575886 0.187439 1.53969e-20)
(0.59722 0.04472 -1.11935e-20)
(0.627789 -0.0974989 -1.7766e-21)
(0.66424 -0.225838 -1.21055e-21)
(0.702803 -0.330608 8.76656e-21)
(0.739833 -0.407623 -3.58176e-21)
(0.772502 -0.458108 -2.22376e-21)
(0.799184 -0.487079 -2.30292e-21)
(0.819435 -0.501017 8.12721e-21)
(0.833745 -0.505809 -5.46589e-21)
(0.843096 -0.505986 4.73545e-21)
(0.848249 -0.505512 -4.69059e-21)
(0.849161 -0.508648 6.53573e-21)
(0.845193 -0.518631 -7.86016e-21)
(0.836106 -0.53408 4.12166e-21)
(0.823006 -0.546375 -4.03648e-21)
(0.80827 -0.541418 5.41764e-21)
(0.794551 -0.505401 2.6883e-21)
(0.78394 -0.430609 5.75865e-21)
(0.777852 -0.317987 -1.85042e-20)
(0.777227 -0.176615 6.07621e-21)
(0.782537 -0.0215468 4.26029e-21)
(0.793497 0.129105 -3.506e-21)
(0.808812 0.258561 2.93759e-21)
(0.826193 0.355824 -2.77055e-21)
(0.842748 0.418455 1.37886e-21)
(0.855923 0.451446 -9.14846e-23)
(0.864351 0.463254 -8.51188e-23)
(0.867826 0.462363 7.51817e-22)
(0.866303 0.456316 -4.19897e-22)
(0.114986 -0.53573 -8.55429e-21)
(0.187826 -0.4926 2.35943e-20)
(0.26476 -0.430321 -2.44182e-20)
(0.343124 -0.351391 4.25286e-21)
(0.420103 -0.259232 2.11076e-20)
(0.493167 -0.157387 -2.84618e-20)
(0.560508 -0.0486818 4.85019e-20)
(0.621455 0.0648993 -6.60003e-20)
(0.676312 0.181688 2.21716e-20)
(0.725464 0.298082 3.62027e-20)
(0.768268 0.407258 -2.90574e-20)
(0.80288 0.500447 1.50334e-20)
(0.827332 0.570275 -6.05784e-21)
(0.840795 0.613732 7.25842e-21)
(0.844041 0.632828 -1.02573e-20)
(0.839047 0.633054 -1.02023e-20)
(0.828215 0.621063 4.77078e-21)
(0.813668 0.602825 -3.26584e-21)
(0.79687 0.582715 2.54492e-21)
(0.778616 0.563361 9.58919e-23)
(0.759141 0.546171 -2.8863e-21)
(0.737999 0.53236 4.46116e-21)
(0.713917 0.523425 -6.18834e-21)
(0.685427 0.519743 6.18215e-21)
(0.652483 0.517686 -1.44196e-21)
(0.61792 0.507939 -2.1819e-21)
(0.58723 0.477669 7.01235e-21)
(0.566292 0.416306 -2.46771e-21)
(0.558741 0.321045 1.37205e-21)
(0.565182 0.198019 1.06079e-21)
(0.584253 0.0594502 6.79368e-21)
(0.613469 -0.080245 -9.55733e-21)
(0.649458 -0.207859 -3.55803e-21)
(0.688388 -0.313529 -2.78086e-21)
(0.72652 -0.39267 7.91558e-21)
(0.760842 -0.445952 -7.1596e-21)
(0.789503 -0.477853 1.97341e-21)
(0.811859 -0.494452 5.89026e-21)
(0.828281 -0.501429 -3.25559e-21)
(0.839681 -0.503312 -3.67068e-21)
(0.846775 -0.504251 1.23086e-21)
(0.849525 -0.508746 6.13925e-22)
(0.847372 -0.520142 5.62086e-21)
(0.840212 -0.536972 -1.83312e-21)
(0.829232 -0.550434 -3.47932e-21)
(0.816741 -0.546293 2.61887e-21)
(0.805214 -0.510695 -2.85383e-21)
(0.796538 -0.435873 3.84353e-21)
(0.79195 -0.322692 3.33664e-22)
(0.792217 -0.180162 -1.16967e-21)
(0.797727 -0.0234443 -4.10525e-22)
(0.808194 0.12911 -1.17301e-21)
(0.822428 0.260283 -5.93732e-22)
(0.838325 0.358617 -4.07176e-21)
(0.85318 0.421443 1.04376e-20)
(0.864583 0.453881 -6.04737e-21)
(0.871249 0.464718 5.01455e-21)
(0.873052 0.462666 -2.78226e-21)
(0.870066 0.455247 6.27904e-22)
(0.158528 -0.501945 4.92426e-21)
(0.234768 -0.458274 -6.49813e-21)
(0.313928 -0.396508 -3.19842e-20)
(0.393347 -0.319185 -3.2548e-21)
(0.470338 -0.229605 4.62063e-20)
(0.542565 -0.131042 -9.839e-21)
(0.608604 -0.0258816 -1.92041e-22)
(0.668144 0.084249 -3.3189e-20)
(0.721664 0.198075 1.29032e-21)
(0.769453 0.311857 1.42939e-21)
(0.810433 0.418379 5.00182e-20)
(0.842346 0.508572 -6.85471e-21)
(0.863144 0.575114 -1.1245e-20)
(0.87228 0.615338 -1.24455e-20)
(0.870998 0.63164 -1.29492e-20)
(0.861713 0.629742 8.13313e-21)
(0.847105 0.616301 4.76947e-21)
(0.829402 0.597126 -5.1219e-21)
(0.81004 0.576376 1.26113e-20)
(0.789702 0.556491 -4.51637e-21)
(0.768521 0.538675 2.45244e-21)
(0.746055 0.52385 -5.0028e-21)
(0.721087 0.513323 4.53251e-21)
(0.692021 0.50781 6.30148e-22)
(0.658332 0.504724 1.84445e-21)
(0.622211 0.496033 1.64998e-21)
(0.588812 0.469537 -1.99113e-21)
(0.564307 0.414086 4.71e-21)
(0.553052 0.32545 -7.53867e-21)
(0.556269 0.208421 -8.38569e-21)
(0.572867 0.0744218 5.21203e-21)
(0.600493 -0.062457 4.0583e-21)
(0.635783 -0.189136 -5.33593e-21)
(0.674841 -0.295567 1.35006e-22)
(0.713854 -0.376769 7.27291e-21)
(0.749642 -0.432847 -1.34031e-21)
(0.780139 -0.467725 -4.4892e-21)
(0.804509 -0.487057 4.02011e-21)
(0.822993 -0.496291 -1.51323e-21)
(0.83642 -0.499941 1.48977e-21)
(0.845456 -0.502325 -7.51729e-21)
(0.850063 -0.508161 4.50197e-21)
(0.849768 -0.520915 -4.13819e-21)
(0.844598 -0.539078 -1.59572e-21)
(0.835804 -0.553734 2.97604e-21)
(0.825621 -0.550566 -8.37774e-21)
(0.816346 -0.515663 1.26587e-20)
(0.80967 -0.441162 -1.66553e-20)
(0.806643 -0.327786 1.30211e-20)
(0.807856 -0.184438 3.33189e-21)
(0.813586 -0.0262945 -3.65698e-21)
(0.823554 0.128069 5.32794e-21)
(0.836684 0.260995 -6.00505e-21)
(0.851047 0.360532 -5.5559e-21)
(0.864139 0.423721 1.06128e-21)
(0.873713 0.455753 1.50344e-22)
(0.878579 0.465736 9.92573e-21)
(0.878688 0.46262 -5.41445e-21)
(0.874229 0.453919 -7.38327e-22)
(0.207272 -0.467226 -3.58302e-20)
(0.285405 -0.423689 9.19621e-20)
(0.365454 -0.363089 -5.04478e-20)
(0.444802 -0.287939 -3.11055e-21)
(0.520907 -0.201384 7.23964e-20)
(0.591651 -0.106387 -7.89529e-20)
(0.656034 -0.00496334 5.26153e-20)
(0.714075 0.101757 -3.5576e-20)
(0.76634 0.212648 -4.46095e-21)
(0.81288 0.32376 7.61379e-20)
(0.852075 0.427483 -8.60093e-20)
(0.88125 0.51453 -1.02118e-20)
(0.898341 0.577739 2.64036e-20)
(0.903151 0.61484 -1.46454e-20)
(0.897422 0.628599 2.07112e-20)
(0.883995 0.624904 -4.18318e-21)
(0.865794 0.610349 7.13153e-21)
(0.845122 0.590535 4.89481e-21)
(0.82337 0.569382 -2.22244e-20)
(0.801106 0.549144 7.68873e-21)
(0.778354 0.530855 -6.06491e-22)
(0.754662 0.515187 4.11355e-21)
(0.728896 0.503221 1.47024e-20)
(0.69941 0.495889 -2.32943e-20)
(0.665265 0.49155 8.5865e-21)
(0.627985 0.483514 4.41084e-22)
(0.592242 0.460444 1.20366e-20)
(0.56435 0.410843 -9.66231e-21)
(0.549362 0.329089 5.01207e-21)
(0.549197 0.218476 -8.43447e-21)
(0.563111 0.0894569 7.66599e-22)
(0.588913 -0.0442726 -1.98892e-21)
(0.623253 -0.169772 1.41652e-20)
(0.662186 -0.276797 -1.11425e-20)
(0.701849 -0.359966 4.98374e-21)
(0.738907 -0.418818 6.77696e-22)
(0.771089 -0.456702 1.82278e-21)
(0.797372 -0.478827 -7.63303e-21)
(0.817858 -0.490384 5.35571e-21)
(0.833285 -0.495858 -5.25553e-21)
(0.844253 -0.499714 4.86755e-22)
(0.850727 -0.506872 4.19872e-21)
(0.852324 -0.52092 -1.68182e-21)
(0.849193 -0.540362 8.05045e-22)
(0.842634 -0.556239 5.43319e-21)
(0.834807 -0.554197 -8.57499e-21)
(0.827837 -0.520265 -2.42506e-21)
(0.823224 -0.446438 4.61861e-21)
(0.821819 -0.333241 -2.239e-21)
(0.824026 -0.189431 1.00146e-20)
(0.830013 -0.0301039 6.27439e-22)
(0.839503 0.12596 -1.53259e-21)
(0.851521 0.260669 -2.86437e-21)
(0.864321 0.36154 -6.47492e-21)
(0.875601 0.425266 3.45274e-21)
(0.8833 0.457054 7.5725e-22)
(0.886332 0.466305 -2.79589e-22)
(0.884727 0.46223 1.74863e-21)
(0.878788 0.452344 -1.23773e-21)
(0.259918 -0.43228 -1.55707e-20)
(0.338603 -0.389446 -2.07317e-21)
(0.418373 -0.33055 -9.33431e-22)
(0.496689 -0.25802 9.55474e-21)
(0.571173 -0.174803 -4.62446e-21)
(0.63997 -0.0835474 6.00734e-20)
(0.702491 0.0141295 -1.00632e-19)
(0.759056 0.117528 7.45039e-20)
(0.810223 0.225525 7.7904e-21)
(0.855625 0.333891 -1.21708e-20)
(0.893036 0.434635 -1.75104e-20)
(0.919404 0.518368 -3.39534e-20)
(0.932732 0.578202 1.17018e-20)
(0.933241 0.612309 1.27589e-20)
(0.923183 0.623792 -3.12652e-20)
(0.905797 0.618632 1.40717e-20)
(0.884218 0.603295 1.79433e-20)
(0.860785 0.583131 -1.83753e-20)
(0.836824 0.561803 -2.45109e-22)
(0.812795 0.541382 1.02769e-20)
(0.788607 0.522766 -4.73174e-21)
(0.76379 0.506419 1.55412e-20)
(0.737305 0.493188 -1.57286e-20)
(0.707524 0.484099 8.38178e-21)
(0.673184 0.478325 8.80496e-21)
(0.635143 0.47053 -8.59043e-21)
(0.597462 0.450453 8.60723e-21)
(0.566426 0.406518 -1.50767e-22)
(0.547714 0.331813 -2.12533e-20)
(0.544022 0.228 1.27562e-20)
(0.55503 0.104378 -2.91352e-21)
(0.578759 -0.0258341 1.44954e-20)
(0.611895 -0.149881 -1.49973e-20)
(0.650446 -0.2573 -1.08226e-20)
(0.69052 -0.342317 1.63207e-20)
(0.72864 -0.403894 -6.68169e-21)
(0.762347 -0.444795 -2.52547e-21)
(0.790433 -0.469758 1.44867e-20)
(0.812855 -0.483699 -8.51689e-21)
(0.830242 -0.491053 -4.94407e-21)
(0.843125 -0.496405 3.0854e-21)
(0.851471 -0.504859 3.42642e-21)
(0.854982 -0.520134 -5.49801e-21)
(0.853921 -0.540797 -1.88485e-22)
(0.849632 -0.557916 5.47553e-21)
(0.844196 -0.557149 -5.13237e-21)
(0.839572 -0.524458 7.89497e-22)
(0.837074 -0.45166 -3.90172e-21)
(0.837356 -0.339025 5.21541e-21)
(0.840617 -0.1951 8.46541e-21)
(0.846901 -0.0349336 -1.60192e-20)
(0.855943 0.122766 1.01259e-21)
(0.866871 0.259282 9.11159e-21)
(0.8781 0.361617 2.19035e-21)
(0.887538 0.42606 -5.82982e-21)
(0.893324 0.457774 -2.32706e-21)
(0.894497 0.466426 1.66064e-21)
(0.891164 0.4615 2.37112e-21)
(0.883737 0.450534 -2.76666e-21)
(0.315203 -0.39771 3.85467e-20)
(0.393287 -0.356051 -6.61253e-20)
(0.471795 -0.299281 7.93138e-20)
(0.548297 -0.2297 -1.82443e-20)
(0.620611 -0.150012 -8.0846e-20)
(0.687173 -0.0625317 6.57432e-20)
(0.747784 0.031512 6.77718e-20)
(0.803016 0.131691 7.07235e-21)
(0.853264 0.236837 -1.03271e-19)
(0.897603 0.342344 -6.67595e-21)
(0.933173 0.439895 6.77968e-21)
(0.956623 0.520137 -1.86285e-20)
(0.966132 0.576567 8.08855e-20)
(0.96239 0.607827 -4.38068e-20)
(0.948157 0.617314 -6.82894e-21)
(0.927035 0.611024 2.88474e-20)
(0.902317 0.595228 -1.42894e-20)
(0.876345 0.57499 3.31601e-21)
(0.850366 0.553705 3.97865e-21)
(0.824731 0.533265 -4.10848e-21)
(0.799244 0.514457 6.17438e-21)
(0.773405 0.497591 -4.51465e-21)
(0.746269 0.48328 -7.84145e-21)
(0.71629 0.472544 1.12699e-20)
(0.681978 0.465208 2.07436e-21)
(0.643558 0.45725 -7.86633e-21)
(0.604384 0.439658 -6.5784e-21)
(0.570512 0.401079 8.82991e-21)
(0.548135 0.333483 1.06399e-21)
(0.54078 0.236807 -1.73545e-20)
(0.548657 0.119017 1.94269e-20)
(0.570063 -0.00733513 -1.93194e-20)
(0.601733 -0.129581 2.63058e-20)
(0.639638 -0.237163 -1.90792e-20)
(0.679876 -0.32388 1.17089e-20)
(0.718845 -0.38811 -7.92911e-21)
(0.753908 -0.432018 7.29219e-22)
(0.783677 -0.459851 -1.61116e-21)
(0.807959 -0.476231 1.17637e-20)
(0.82726 -0.485515 -3.60485e-21)
(0.842034 -0.492388 -4.29102e-21)
(0.852246 -0.50211 8.22743e-23)
(0.85768 -0.518542 -3.49515e-21)
(0.858706 -0.540361 1.09933e-20)
(0.856705 -0.558739 4.06369e-21)
(0.853678 -0.559386 -5.98015e-22)
(0.851431 -0.528198 -1.2382e-20)
(0.851095 -0.456778 1.77941e-20)
(0.853121 -0.345098 -1.36839e-20)
(0.857515 -0.20142 -1.8282e-20)
(0.864141 -0.0406487 4.56817e-20)
(0.872767 0.118497 -2.32209e-20)
(0.882659 0.256819 3.4259e-21)
(0.892334 0.360744 5.76136e-21)
(0.899916 0.426085 -4.4194e-21)
(0.903764 0.457902 -2.99843e-21)
(0.903059 0.466097 -1.11217e-22)
(0.897986 0.460434 3.73734e-21)
(0.889068 0.448499 -2.86482e-21)
(0.371914 -0.364009 -7.82184e-20)
(0.448453 -0.323902 2.80015e-20)
(0.524916 -0.269577 1.30389e-20)
(0.599019 -0.203161 9.14937e-21)
(0.668807 -0.127074 -8.07584e-20)
(0.733035 -0.0432286 6.41901e-20)
(0.79186 0.0473026 -6.09187e-20)
(0.845978 0.144395 7.65763e-20)
(0.895469 0.246705 2.1987e-20)
(0.938748 0.349195 2.59105e-20)
(0.972344 0.443312 -2.41837e-20)
(0.992729 0.519886 -8.79431e-21)
(0.998361 0.572903 9.13809e-21)
(0.990448 0.60149 -1.14142e-20)
(0.972233 0.609272 -1.71652e-20)
(0.947629 0.602185 -2.36272e-20)
(0.920035 0.586242 2.61445e-20)
(0.89176 0.566191 -2.27267e-20)
(0.863957 0.545154 1.80518e-20)
(0.836874 0.524848 7.34361e-21)
(0.810222 0.505976 -6.29455e-21)
(0.783463 0.488738 4.35225e-21)
(0.755742 0.473538 -3.42555e-21)
(0.725635 0.461305 -1.9052e-21)
(0.691529 0.452346 1.28014e-21)
(0.653085 0.443854 -4.1609e-21)
(0.61288 0.42819 1.12254e-20)
(0.576551 0.394532 -5.53738e-21)
(0.550633 0.333977 1.09869e-20)
(0.539507 0.244718 -9.68722e-21)
(0.544043 0.133177 -4.16987e-21)
(0.562846 0.0109153 -1.34376e-20)
(0.592773 -0.10901 1.52094e-20)
(0.629775 -0.216484 -1.18278e-20)
(0.669927 -0.304721 3.77527e-22)
(0.709523 -0.371504 4.37202e-21)
(0.745764 -0.418389 5.13189e-21)
(0.77709 -0.449112 -1.12451e-21)
(0.803147 -0.467976 2.34204e-21)
(0.824307 -0.479241 4.33165e-21)
(0.840939 -0.487657 -5.22336e-21)
(0.853002 -0.498619 4.74338e-21)
(0.860357 -0.516134 -7.002e-21)
(0.863472 -0.539043 3.18945e-21)
(0.863758 -0.558685 7.10018e-21)
(0.863145 -0.560873 -1.8876e-20)
(0.863293 -0.53144 1.38827e-20)
(0.865156 -0.461743 6.54319e-22)
(0.86898 -0.351407 -2.23667e-20)
(0.874561 -0.20836 2.49193e-20)
(0.881603 -0.0471929 -1.24041e-20)
(0.889897 0.113156 -5.08205e-21)
(0.898805 0.253271 9.17108e-21)
(0.906964 0.358903 1.71702e-20)
(0.912697 0.425326 -8.43773e-21)
(0.914594 0.457432 -1.84582e-20)
(0.911999 0.465317 1.29206e-20)
(0.905183 0.459036 -8.15926e-21)
(0.894768 0.446246 2.55452e-21)
(0.428921 -0.331554 -2.89352e-20)
(0.503192 -0.29329 7.08329e-20)
(0.577046 -0.241629 -3.64064e-20)
(0.648374 -0.17849 -1.22042e-20)
(0.715464 -0.105961 6.99102e-21)
(0.777475 -0.0255148 -6.50206e-21)
(0.834794 0.0616228 1.07753e-20)
(0.88804 0.155781 4.12768e-20)
(0.936873 0.255229 1.71222e-21)
(0.978994 0.354496 -9.30145e-20)
(1.0104 0.444917 1.60443e-20)
(1.02754 0.517661 6.42717e-20)
(1.02925 0.567292 -5.58087e-20)
(1.01727 0.593403 2.20913e-20)
(0.995312 0.599783 1.69952e-20)
(0.96751 0.592225 -9.55432e-21)
(0.937323 0.57643 -8.44398e-21)
(0.90699 0.556809 -1.24582e-20)
(0.877559 0.536209 2.04232e-21)
(0.849184 0.516182 7.31632e-21)
(0.821497 0.497366 -5.15879e-23)
(0.793921 0.479892 -1.40834e-21)
(0.765673 0.463991 4.83819e-22)
(0.735486 0.450443 -2.79518e-21)
(0.701718 0.439869 3.85432e-21)
(0.663562 0.430526 -5.03339e-23)
(0.622793 0.416211 1.93205e-21)
(0.584447 0.386926 4.51472e-21)
(0.555195 0.333203 -1.19642e-20)
(0.540229 0.251552 4.05989e-21)
(0.541264 0.146673 1.71789e-21)
(0.557135 0.0290723 -1.45037e-20)
(0.584977 -0.0882642 1.67952e-20)
(0.620866 -0.195362 5.44184e-21)
(0.660679 -0.284912 -5.05036e-21)
(0.700675 -0.354122 -3.77319e-21)
(0.737912 -0.403931 1.8032e-21)
(0.770658 -0.437548 5.14146e-21)
(0.798395 -0.458935 -1.12399e-20)
(0.821352 -0.472229 6.4899e-21)
(0.839803 -0.482211 3.20826e-21)
(0.853693 -0.494385 -2.63221e-21)
(0.862954 -0.51291 -1.20994e-20)
(0.868143 -0.536837 2.03931e-20)
(0.870701 -0.55774 -1.65066e-20)
(0.872489 -0.561582 3.3139e-21)
(0.875038 -0.53414 -3.90323e-21)
(0.879126 -0.4665 5.27088e-21)
(0.884797 -0.357901 1.12878e-20)
(0.89162 -0.21587 -2.70922e-20)
(0.899163 -0.0546704 5.04884e-21)
(0.90722 0.106742 2.97269e-20)
(0.915222 0.248636 -1.00214e-20)
(0.921928 0.356085 -1.99464e-20)
(0.92584 0.423771 8.2431e-21)
(0.925785 0.456354 -9.79296e-21)
(0.921298 0.464084 1.55329e-20)
(0.912738 0.457308 -8.76022e-21)
(0.900825 0.443783 -2.94136e-21)
(0.485232 -0.300607 -5.4714e-20)
(0.556746 -0.264389 6.51911e-20)
(0.627657 -0.215519 -2.03002e-20)
(0.696062 -0.155678 -3.58914e-20)
(0.760475 -0.0865683 1.18373e-20)
(0.820581 -0.00916783 2.64337e-20)
(0.876768 0.0746048 1.70559e-20)
(0.929337 0.165977 -2.06086e-20)
(0.977509 0.262474 -2.83777e-20)
(1.01825 0.358265 2.05613e-20)
(1.04718 0.444727 -1.38233e-21)
(1.06086 0.513513 3.55684e-20)
(1.05862 0.559822 -1.23612e-20)
(1.04275 0.583684 -1.72009e-20)
(1.01731 0.58897 -4.80733e-21)
(0.986621 0.581257 1.38929e-20)
(0.954138 0.565887 -2.14018e-20)
(0.921998 0.546916 1.4994e-20)
(0.891137 0.526926 -3.56943e-22)
(0.86162 0.507315 -1.25097e-20)
(0.83302 0.488666 1.02777e-20)
(0.804726 0.47108 -6.11389e-21)
(0.776014 0.454657 2.21222e-21)
(0.745775 0.439998 -1.05485e-21)
(0.712431 0.427882 9.75562e-21)
(0.67482 0.417446 -6.75753e-21)
(0.63394 0.403911 9.75136e-21)
(0.594068 0.378355 -9.12801e-21)
(0.561776 0.331106 -1.52481e-21)
(0.542962 0.257145 -8.63126e-22)
(0.54025 0.159322 1.22775e-20)
(0.552947 0.0470625 1.50431e-21)
(0.578455 -0.0674958 -1.7946e-20)
(0.612928 -0.173912 4.01656e-21)
(0.65214 -0.264532 6.46592e-21)
(0.692303 -0.336014 -1.21426e-20)
(0.730345 -0.388672 8.81276e-21)
(0.764367 -0.42517 -2.82106e-21)
(0.793682 -0.449112 -1.69613e-21)
(0.818366 -0.464478 4.55977e-21)
(0.838587 -0.476051 2.08112e-21)
(0.854273 -0.489413 -6.77123e-21)
(0.865414 -0.508877 4.92733e-21)
(0.872649 -0.533747 -7.58372e-21)
(0.877446 -0.555897 8.80059e-21)
(0.881608 -0.561488 3.086e-21)
(0.886547 -0.536255 -7.85384e-21)
(0.892877 -0.470994 -1.79508e-21)
(0.900436 -0.364519 2.6385e-21)
(0.908566 -0.223903 1.86509e-20)
(0.916693 -0.0630298 7.19985e-21)
(0.924609 0.0992835 -1.94986e-20)
(0.931817 0.24292 -2.05418e-20)
(0.937158 0.352284 1.5026e-20)
(0.939297 0.421408 1.12522e-20)
(0.937305 0.454661 -2.0102e-20)
(0.93093 0.462399 9.58771e-21)
(0.920633 0.455254 7.40739e-21)
(0.907225 0.441113 -7.95485e-21)
(0.608591 -0.237262 -2.83742e-20)
(0.676463 -0.191222 -2.59774e-20)
(0.742018 -0.134615 4.59692e-21)
(0.80391 -0.0687645 3.31494e-20)
(0.8626 0.00522221 -1.32027e-20)
(0.918091 0.0863443 -4.73402e-20)
(0.970014 0.175077 1.16446e-19)
(1.01738 0.268463 -1.0008e-19)
(1.0564 0.360491 1.37956e-20)
(1.08249 0.442747 1.38798e-20)
(1.09251 0.507496 1.68907e-21)
(1.08634 0.550596 -3.29368e-20)
(1.06676 0.572462 4.39876e-20)
(1.03815 0.576964 1.284e-20)
(1.00492 0.569397 -2.06556e-20)
(0.970445 0.554705 -1.27989e-20)
(0.936752 0.536583 2.90864e-20)
(0.904653 0.517358 -9.05292e-21)
(0.874141 0.498288 -6.47383e-21)
(0.844744 0.479911 -9.64912e-21)
(0.815829 0.462327 4.78042e-21)
(0.786712 0.445547 4.16438e-21)
(0.75644 0.42999 6.88799e-21)
(0.723561 0.416462 -9.9274e-21)
(0.686692 0.404779 -1.68123e-22)
(0.646114 0.391497 1.71647e-21)
(0.605243 0.368964 3.60614e-21)
(0.570299 0.327679 1.61523e-21)
(0.54771 0.26135 -1.18777e-20)
(0.541055 0.170908 3.88584e-21)
(0.550312 0.064353 1.16056e-20)
(0.573216 -0.0468949 1.02016e-22)
(0.605977 -0.152254 -1.93101e-21)
(0.644318 -0.243667 3.03216e-22)
(0.68441 -0.317237 3.33463e-21)
(0.72306 -0.372644 -7.41538e-21)
(0.758207 -0.411997 -2.75875e-21)
(0.788989 -0.438514 5.33007e-21)
(0.81532 -0.455995 -1.91358e-22)
(0.837257 -0.469182 -1.53737e-21)
(0.854697 -0.483712 -2.96699e-21)
(0.867682 -0.504049 3.48151e-21)
(0.876922 -0.529784 -5.58623e-21)
(0.88391 -0.553154 5.81916e-21)
(0.890403 -0.560572 -1.27313e-20)
(0.897708 -0.537745 8.47864e-21)
(0.906285 -0.475167 -9.45594e-21)
(0.915767 -0.371197 -9.04748e-21)
(0.925262 -0.232391 2.06249e-20)
(0.934061 -0.0722284 3.31782e-22)
(0.941952 0.0908013 -4.94275e-21)
(0.948494 0.236135 -2.09832e-20)
(0.952582 0.3475 2.69318e-21)
(0.953019 0.418233 1.31227e-20)
(0.94912 0.452349 1.06451e-20)
(0.94087 0.46026 2.18483e-21)
(0.928849 0.452877 -7.16036e-21)
(0.913952 0.438242 -3.45444e-21)
(0.658569 -0.211862 2.63124e-20)
(0.723511 -0.168614 -1.40585e-20)
(0.786495 -0.115107 -3.50882e-20)
(0.846472 -0.0524093 -7.47519e-20)
(0.903905 0.0182712 1.93105e-19)
(0.95871 0.0971642 -1.12498e-19)
(1.01016 0.183142 1.5622e-20)
(1.05642 0.273173 -3.99398e-20)
(1.09326 0.361136 3.76544e-20)
(1.11611 0.438981 8.05169e-20)
(1.1223 0.499674 -3.20967e-20)
(1.11226 0.539729 -2.57317e-20)
(1.08922 0.559874 -7.73087e-21)
(1.05779 0.563902 -8.44306e-21)
(1.02236 0.556761 -6.00603e-21)
(0.986215 0.542975 2.88605e-20)
(0.95122 0.525878 -2.19204e-20)
(0.918075 0.507554 3.74198e-21)
(0.886707 0.489137 -8.31379e-21)
(0.856621 0.471133 1.81322e-20)
(0.827175 0.453653 -1.02874e-20)
(0.797713 0.436665 -3.21115e-21)
(0.76742 0.420423 6.66884e-22)
(0.735015 0.405659 4.89023e-21)
(0.699017 0.392661 -8.01251e-22)
(0.6591 0.379179 1.80757e-21)
(0.617765 0.358939 -7.43892e-22)
(0.580647 0.322973 -9.08615e-22)
(0.55446 0.26405 2.05601e-21)
(0.543738 0.181223 -3.1894e-21)
(0.549271 0.0807673 4.74776e-21)
(0.569263 -0.0266405 -1.27541e-21)
(0.600023 -0.130522 1.16164e-21)
(0.637222 -0.222413 -2.55315e-21)
(0.677002 -0.297854 1.70095e-21)
(0.716056 -0.355888 3.25485e-21)
(0.752168 -0.398047 -1.49481e-22)
(0.784298 -0.427151 -7.72078e-21)
(0.812189 -0.446784 -1.33108e-21)
(0.835779 -0.461615 -3.83792e-22)
(0.854927 -0.477298 6.25927e-21)
(0.86971 -0.498444 -2.55143e-21)
(0.8809 -0.524966 3.02101e-21)
(0.890017 -0.54952 -6.11148e-22)
(0.898783 -0.55882 -8.7337e-21)
(0.908415 -0.538574 4.04544e-21)
(0.91923 -0.478964 1.02528e-20)
(0.930661 -0.377868 -2.05117e-20)
(0.941594 -0.241269 3.73529e-23)
(0.951146 -0.082149 5.31162e-21)
(0.959122 0.0813511 2.54317e-20)
(0.965155 0.228303 -2.21772e-20)
(0.968125 0.34174 5.19071e-21)
(0.966953 0.414241 -1.82308e-21)
(0.961192 0.449412 8.88925e-21)
(0.951089 0.457669 -4.21316e-21)
(0.937364 0.450179 8.87359e-21)
(0.920987 0.435172 -7.98504e-21)
(0.706988 -0.188063 4.83651e-20)
(0.769234 -0.147504 6.96485e-20)
(0.830003 -0.0969025 -1.03713e-19)
(0.888451 -0.0370559 -5.09547e-20)
(0.944928 0.0309577 2.51508e-19)
(0.999124 0.107146 -1.14764e-19)
(1.04984 0.190155 -1.13491e-19)
(1.09449 0.27653 1.2954e-19)
(1.12859 0.360141 -1.09377e-19)
(1.14782 0.433433 7.84015e-20)
(1.15004 0.490127 3.7526e-20)
(1.13626 0.527352 -5.11198e-20)
(1.11008 0.546071 -2.43844e-20)
(1.07619 0.549923 6.06751e-20)
(1.03894 0.543465 -1.01142e-20)
(1.00143 0.530785 -2.03428e-20)
(0.965377 0.514863 -9.92673e-21)
(0.931369 0.497559 2.58088e-20)
(0.899279 0.479895 -4.76103e-21)
(0.868606 0.462356 6.052e-21)
(0.838712 0.445077 -5.73334e-22)
(0.808966 0.428014 7.95614e-21)
(0.778662 0.411288 -6.25324e-21)
(0.746712 0.395497 1.86251e-21)
(0.711651 0.381204 -5.40454e-22)
(0.672681 0.36716 2.0937e-22)
(0.6314 0.348496 -3.58106e-21)
(0.592657 0.317096 -1.55887e-21)
(0.563169 0.265186 6.46503e-21)
(0.548334 0.190072 -6.51724e-21)
(0.54988 0.0961553 5.28933e-21)
(0.566631 -0.00700259 -1.14722e-21)
(0.595086 -0.10886 3.97839e-22)
(0.630865 -0.200872 5.24897e-23)
(0.670086 -0.277939 -5.17139e-22)
(0.709335 -0.338446 -8.3703e-22)
(0.746244 -0.383348 4.47184e-21)
(0.779594 -0.415038 -6.85239e-21)
(0.808951 -0.436857 2.65424e-21)
(0.834125 -0.453361 -8.94999e-22)
(0.854926 -0.470189 2.7653e-23)
(0.871451 -0.492088 7.40781e-22)
(0.884527 -0.519319 -7.13139e-21)
(0.895699 -0.545008 8.55932e-21)
(0.906666 -0.556225 2.17584e-22)
(0.918572 -0.538708 3.81759e-21)
(0.931604 -0.482331 -1.62456e-20)
(0.944999 -0.384461 2.17061e-20)
(0.95742 -0.250468 -1.07824e-21)
(0.96782 -0.0926864 -9.41747e-21)
(0.976023 0.0709829 6.41274e-21)
(0.981705 0.219455 -3.1523e-20)
(0.983712 0.335017 2.73648e-20)
(0.981044 0.409433 -1.97047e-20)
(0.973482 0.445848 -6.30228e-21)
(0.961558 0.454625 1.48444e-21)
(0.946154 0.447163 1.00225e-20)
(0.928313 0.431905 3.75267e-21)
(0.754647 -0.165712 1.39577e-19)
(0.814429 -0.127691 1.59686e-20)
(0.873259 -0.0797695 -7.24904e-20)
(0.930453 -0.0224597 1.13071e-19)
(0.986097 0.0428459 -1.12669e-19)
(1.03949 0.116233 -3.61551e-20)
(1.08894 0.196018 -9.59845e-20)
(1.13133 0.27842 1.58545e-19)
(1.16211 0.357442 -1.5197e-19)
(1.17737 0.426126 2.52652e-20)
(1.17558 0.478954 8.00087e-20)
(1.15826 0.51361 4.3218e-20)
(1.12928 0.531208 -4.76529e-20)
(1.09333 0.535168 -3.98152e-20)
(1.05463 0.529624 7.08329e-20)
(1.01607 0.51822 -1.02332e-20)
(0.979201 0.503597 -1.39886e-20)
(0.944506 0.487411 -9.85403e-21)
(0.911821 0.47059 1.32225e-20)
(0.880655 0.453602 -1.43441e-21)
(0.850388 0.436612 5.15887e-21)
(0.820415 0.419591 -6.11981e-22)
(0.790115 0.402566 -1.91253e-20)
(0.758586 0.385973 2.97423e-21)
(0.724469 0.370482 8.23172e-22)
(0.686652 0.355624 7.26304e-21)
(0.645894 0.337873 -4.35311e-21)
(0.60612 0.310216 -1.07413e-21)
(0.573753 0.264757 2.53238e-21)
(0.554862 0.197301 -8.38304e-22)
(0.552231 0.110303 1.31481e-21)
(0.565374 0.0117702 -1.95771e-21)
(0.59117 -0.0874248 -1.13904e-21)
(0.625268 -0.179163 6.33827e-21)
(0.663675 -0.25757 -3.34726e-21)
(0.702901 -0.320372 5.60816e-22)
(0.740431 -0.36793 -1.52766e-21)
(0.774865 -0.402192 -2.85979e-21)
(0.805586 -0.426225 9.30956e-22)
(0.832269 -0.444434 5.96871e-21)
(0.854661 -0.462407 -1.54803e-21)
(0.872868 -0.485012 3.3995e-21)
(0.887755 -0.512875 -1.17477e-20)
(0.900895 -0.53964 7.68206e-21)
(0.913978 -0.552787 -5.89726e-21)
(0.928092 -0.538121 -8.54296e-21)
(0.943307 -0.485213 3.13965e-20)
(0.958673 -0.390903 -1.76461e-20)
(0.972623 -0.259907 6.65873e-21)
(0.983962 -0.103869 2.28819e-20)
(0.992539 0.059736 -2.07731e-20)
(0.998045 0.209627 -1.77404e-20)
(0.999264 0.32735 6.19624e-21)
(0.995233 0.403814 -4.43876e-21)
(0.985948 0.441655 1.93352e-20)
(0.972244 0.451128 2.08592e-21)
(0.955193 0.443834 -3.53926e-21)
(0.935909 0.428444 -2.9307e-21)
(0.802692 -0.144701 7.00367e-20)
(0.860089 -0.109042 -2.24428e-20)
(0.917026 -0.0635713 -5.00356e-20)
(0.973025 -0.00833872 -9.51266e-20)
(1.02769 0.0538191 1.63235e-19)
(1.07975 0.124287 8.29537e-20)
(1.12722 0.200563 -6.74367e-20)
(1.16659 0.278707 -8.36824e-20)
(1.19349 0.352989 -9.98177e-21)
(1.20453 0.417108 3.27802e-20)
(1.19878 0.466278 3.29219e-20)
(1.1782 0.498663 -2.43782e-20)
(1.14681 0.515449 -3.59872e-20)
(1.10923 0.519779 4.91639e-20)
(1.06945 0.515346 -4.08743e-20)
(1.03014 0.505358 6.70513e-20)
(0.992675 0.492135 -1.65734e-20)
(0.957457 0.477147 -3.22593e-21)
(0.924298 0.461246 7.79875e-21)
(0.892725 0.444889 -1.97272e-20)
(0.862155 0.428271 -1.09694e-20)
(0.832008 0.411395 1.09717e-20)
(0.801729 0.394235 8.25757e-21)
(0.770581 0.377066 -6.8851e-21)
(0.737372 0.360535 -1.003e-20)
(0.700826 0.344724 7.86481e-21)
(0.660989 0.327316 2.08084e-21)
(0.620788 0.302554 3.58529e-21)
(0.586075 0.262834 -1.41044e-20)
(0.563319 0.202809 1.61883e-20)
(0.556402 0.122998 -9.30938e-21)
(0.565568 0.0298458 -1.81854e-21)
(0.588304 -0.0663504 6.94954e-21)
(0.620455 -0.157411 -2.74338e-21)
(0.657786 -0.236838 1.15696e-21)
(0.696763 -0.301724 -3.45319e-21)
(0.734731 -0.35183 -1.25727e-22)
(0.770103 -0.388636 3.331e-22)
(0.802079 -0.414905 2.878e-21)
(0.830188 -0.43485 5.84791e-22)
(0.854104 -0.453976 5.46769e-22)
(0.873925 -0.47725 -5.8355e-21)
(0.890542 -0.505671 3.43163e-21)
(0.905556 -0.533444 -9.01196e-21)
(0.920657 -0.548513 5.97416e-21)
(0.936899 -0.536789 -3.97714e-21)
(0.954251 -0.487561 -1.43736e-22)
(0.971584 -0.397127 1.14977e-20)
(0.987103 -0.269505 9.33083e-22)
(0.999464 -0.115618 -1.13385e-20)
(1.00855 0.0476777 2.6428e-21)
(1.01408 0.198864 -9.26272e-22)
(1.0147 0.318764 6.03928e-21)
(1.00946 0.397394 -7.01686e-21)
(0.998546 0.436834 1.43843e-20)
(0.983114 0.447181 -9.80773e-21)
(0.964453 0.440194 -2.34026e-21)
(0.943753 0.424789 2.07753e-21)
(0.907111 -0.0915408 -4.53603e-20)
(0.961776 -0.0483435 1.31746e-19)
(1.01645 0.00393012 -7.67195e-20)
(1.06977 0.0635387 1.61645e-19)
(1.11958 0.131081 -1.3674e-19)
(1.1642 0.203588 -1.57038e-21)
(1.19983 0.277267 -8.15279e-20)
(1.22238 0.346764 3.72863e-20)
(1.22907 0.406459 5.95697e-20)
(1.21954 0.452247 -3.08e-20)
(1.19605 0.482684 -9.885e-21)
(1.16269 0.498957 1.53438e-20)
(1.1239 0.503894 -3.07375e-20)
(1.0834 0.500736 6.39869e-20)
(1.04362 0.492274 1.56743e-21)
(1.00578 0.480527 -3.77724e-20)
(0.970197 0.466801 3.25817e-20)
(0.936676 0.451884 -1.06369e-20)
(0.904779 0.436228 -2.89024e-21)
(0.873967 0.42006 -4.34431e-21)
(0.843695 0.403423 -3.26976e-21)
(0.813458 0.386269 9.55629e-21)
(0.782651 0.368737 6.30358e-21)
(0.750281 0.351369 -1.1937e-20)
(0.715045 0.334575 2.37709e-21)
(0.676433 0.317056 4.35063e-21)
(0.636384 0.294367 1.91506e-21)
(0.599943 0.259559 -1.09834e-20)
(0.573656 0.206551 9.48312e-21)
(0.562358 0.13408 -2.76846e-21)
(0.567291 0.0469353 -2.34207e-21)
(0.586647 -0.0458695 -1.75346e-22)
(0.616483 -0.135767 -2.76651e-21)
(0.652449 -0.215843 9.26637e-21)
(0.690939 -0.282571 -8.11848e-21)
(0.729149 -0.33509 3.73387e-21)
(0.765305 -0.374395 -3.56092e-21)
(0.798417 -0.402912 2.05039e-21)
(0.827864 -0.424628 5.0437e-22)
(0.853232 -0.444922 -3.35197e-21)
(0.874595 -0.468838 -8.40465e-23)
(0.892856 -0.497749 3.47463e-21)
(0.90964 -0.526455 3.35962e-21)
(0.926653 -0.543415 -7.62582e-21)
(0.944931 -0.534697 1.28315e-21)
(0.964362 -0.489327 -5.59239e-21)
(0.983646 -0.40306 1.76555e-21)
(1.00077 -0.279187 3.40528e-21)
(1.01423 -0.127789 6.07026e-21)
(1.02397 0.0348905 -1.01812e-20)
(1.02973 0.187219 2.02047e-20)
(1.02996 0.309291 -1.71664e-20)
(1.02367 0.390184 -2.49195e-21)
(1.01123 0.431388 -2.93478e-21)
(0.994134 0.442785 1.01571e-20)
(0.973907 0.436247 -1.22576e-21)
(0.951823 0.420942 -4.41235e-21)
(0.955967 -0.0753169 -3.07708e-20)
(1.00819 -0.0344604 -1.21584e-19)
(1.06057 0.014601 1.81019e-19)
(1.11139 0.0721135 -6.40428e-20)
(1.15836 0.136395 -6.65078e-21)
(1.19931 0.204906 -3.32553e-20)
(1.23056 0.274011 -2.06066e-20)
(1.24847 0.338793 7.00134e-20)
(1.25085 0.394299 -2.17468e-21)
(1.2378 0.437033 -5.37578e-20)
(1.21183 0.465858 4.48304e-20)
(1.17695 0.481899 -6.19091e-21)
(1.13737 0.487646 -4.75863e-20)
(1.09651 0.485893 3.74287e-20)
(1.05653 0.479034 7.10781e-21)
(1.01851 0.468816 -8.77134e-21)
(0.982702 0.4564 1.61019e-20)
(0.948925 0.442521 2.2493e-21)
(0.91678 0.427631 -9.52823e-21)
(0.885782 0.411986 9.9213e-21)
(0.855429 0.39567 2.05141e-23)
(0.825254 0.378642 2.74069e-21)
(0.794757 0.36094 -2.89588e-21)
(0.763139 0.342959 -1.67227e-21)
(0.729184 0.32525 -2.09638e-21)
(0.692 0.307299 1.13849e-21)
(0.652614 0.285934 5.53024e-22)
(0.615111 0.255141 -3.23794e-21)
(0.585774 0.208555 4.17143e-21)
(0.57018 0.143374 -1.01773e-21)
(0.570645 0.0625438 -5.52723e-21)
(0.586251 -0.0262065 4.75135e-22)
(0.613407 -0.114389 4.02957e-21)
(0.647703 -0.194702 -1.0192e-21)
(0.685451 -0.262991 -3.3514e-21)
(0.723696 -0.317762 3.09625e-21)
(0.760471 -0.359502 5.24184e-21)
(0.794594 -0.39027 -8.58552e-21)
(0.825282 -0.413787 -3.18862e-21)
(0.852026 -0.435272 1.38851e-20)
(0.874854 -0.459815 5.35315e-21)
(0.894669 -0.489155 -2.10869e-20)
(0.913115 -0.518712 1.58552e-20)
(0.931926 -0.537514 -7.13166e-21)
(0.952138 -0.531835 1.07047e-20)
(0.97358 -0.49047 1.0489e-20)
(0.994787 -0.408632 -6.74672e-22)
(1.01353 -0.288864 -1.86244e-20)
(1.02815 -0.140305 -3.49435e-21)
(1.03871 0.0214307 -1.45364e-20)
(1.04489 0.17475 2.56867e-20)
(1.04495 0.298966 2.12629e-21)
(1.0378 0.382202 -2.6273e-21)
(1.02396 0.425321 4.83362e-21)
(1.00527 0.43794 -1.12267e-20)
(0.983525 0.431998 1.0914e-20)
(0.960096 0.416905 -6.83151e-21)
(1.00634 -0.0605824 -3.71151e-20)
(1.05544 -0.0218529 -5.93927e-20)
(1.10468 0.0246852 1.14428e-19)
(1.15211 0.0792435 -1.09051e-19)
(1.19533 0.139993 1.19835e-19)
(1.23188 0.204373 -6.80959e-20)
(1.25831 0.268913 1.0512e-19)
(1.27149 0.32916 -1.2701e-19)
(1.26974 0.380788 7.65288e-20)
(1.25356 0.420825 -8.07772e-20)
(1.22559 0.448369 2.97953e-20)
(1.18966 0.464435 2.09411e-20)
(1.14971 0.471159 -3.72132e-20)
(1.1088 0.470905 -1.3803e-20)
(1.06888 0.465698 4.07172e-20)
(1.03085 0.457041 -2.75927e-20)
(0.994951 0.445968 -3.29582e-21)
(0.961015 0.43317 4.167e-20)
(0.928696 0.419103 -2.01172e-20)
(0.897564 0.404048 9.02741e-21)
(0.867167 0.388129 -9.6838e-21)
(0.837075 0.37133 4.44014e-21)
(0.806864 0.353625 -5.96038e-21)
(0.775908 0.335257 4.03263e-21)
(0.74315 0.316773 -2.54916e-21)
(0.707494 0.298206 3.98143e-21)
(0.669192 0.277528 -3.76314e-21)
(0.631289 0.249842 2.52294e-21)
(0.599508 0.208927 7.26891e-22)
(0.579858 0.150796 6.02682e-23)
(0.575724 0.0765512 -1.70885e-21)
(0.587231 -0.00766202 -1.07805e-21)
(0.611314 -0.0934586 1.50508e-21)
(0.643604 -0.173546 1.27538e-21)
(0.680336 -0.243075 -2.46081e-21)
(0.718393 -0.299905 1.72894e-21)
(0.75561 -0.343993 -3.81649e-21)
(0.790606 -0.377001 3.90275e-21)
(0.822433 -0.402348 -8.11338e-22)
(0.850471 -0.425054 -6.31207e-23)
(0.874687 -0.450219 -5.50562e-21)
(0.895963 -0.479936 1.13393e-20)
(0.915961 -0.510261 -7.18375e-21)
(0.936448 -0.530836 6.39398e-21)
(0.958482 -0.528199 3.68401e-21)
(0.981855 -0.490952 -1.06468e-20)
(1.00495 -0.413779 1.1717e-20)
(1.02531 -0.298449 -2.50536e-20)
(1.04117 -0.153123 2.7135e-20)
(1.05268 0.00725857 8.74341e-21)
(1.05951 0.161524 -1.22921e-21)
(1.05962 0.287832 -9.77001e-21)
(1.05179 0.373469 -1.07416e-20)
(1.03669 0.41864 9.85781e-21)
(1.01648 0.432651 -7.84777e-21)
(0.993277 0.42745 -1.02971e-20)
(0.968547 0.41268 9.39567e-21)
(0.943294 0.394015 -2.78906e-21)
(1.05707 -0.0476068 1.34648e-19)
(1.10237 -0.0107117 3.06023e-20)
(1.1477 0.0331197 -3.90795e-20)
(1.1909 0.0845909 -1.51222e-19)
(1.22961 0.141695 3.87262e-20)
(1.26126 0.201923 4.22635e-22)
(1.28268 0.262023 1.40598e-19)
(1.29124 0.318007 -8.95602e-20)
(1.28571 0.366117 -7.92122e-20)
(1.26688 0.40383 1.15686e-19)
(1.2374 0.430407 -6.26416e-20)
(1.2009 0.44672 6.09107e-20)
(1.16096 0.454548 2.8543e-20)
(1.12032 0.455851 -2.23188e-20)
(1.08066 0.452319 -2.7594e-20)
(1.0428 0.445236 2.53947e-20)
(1.00693 0.435525 -1.69314e-20)
(0.972922 0.423843 1.2462e-20)
(0.940495 0.410648 -9.45666e-21)
(0.909277 0.396244 -1.02648e-20)
(0.878871 0.380793 -1.13974e-21)
(0.848882 0.36431 1.25573e-20)
(0.818938 0.346742 -2.18266e-21)
(0.788559 0.328197 -3.28148e-21)
(0.756881 0.30913 2.14045e-21)
(0.72276 0.28989 8.58776e-22)
(0.685847 0.269402 -8.31856e-23)
(0.648164 0.243958 -1.63093e-21)
(0.614626 0.207853 1.19373e-21)
(0.591342 0.156328 -1.35515e-21)
(0.582637 0.0887632 -1.90574e-22)
(0.589703 0.00954137 5.06999e-22)
(0.610285 -0.0731709 1.35727e-21)
(0.640231 -0.152531 -1.29913e-21)
(0.675643 -0.222928 1.79625e-21)
(0.713267 -0.281587 -3.86981e-22)
(0.750734 -0.327912 -3.16291e-21)
(0.786455 -0.363133 -1.31829e-21)
(0.819312 -0.390334 -6.98288e-22)
(0.848556 -0.414295 -3.04945e-21)
(0.87408 -0.44009 1.48619e-20)
(0.896726 -0.470141 1.04106e-21)
(0.918164 -0.501148 5.55925e-21)
(0.940202 -0.523414 -8.8857e-21)
(0.96394 -0.523792 -1.61009e-22)
(0.989155 -0.49074 -1.21008e-21)
(1.01409 -0.418438 1.04523e-20)
(1.03607 -0.30786 -4.43141e-20)
(1.05324 -0.166145 4.16127e-20)
(1.06581 -0.00744926 -5.27724e-21)
(1.07347 0.147623 -1.08763e-20)
(1.0739 0.275933 2.83063e-21)
(1.06558 0.364009 3.52018e-21)
(1.04936 0.411356 1.1272e-22)
(1.02774 0.42692 7.16791e-21)
(1.00313 0.422608 -6.68057e-21)
(0.97715 0.408271 7.18607e-22)
(0.950838 0.389762 4.88912e-21)
(1.14741 -0.0017575 -1.88539e-20)
(1.18831 0.0394727 1.1075e-19)
(1.22663 0.0879481 6.88846e-21)
(1.26037 0.141413 -3.29459e-20)
(1.2869 0.197587 -1.3151e-20)
(1.30339 0.253471 1.46109e-20)
(1.30763 0.305528 3.06251e-20)
(1.29879 0.350507 -1.489e-19)
(1.27785 0.386259 5.35383e-20)
(1.24738 0.412156 -1.79352e-20)
(1.21077 0.428897 1.0123e-19)
(1.17121 0.43792 -6.36052e-20)
(1.13109 0.440808 -6.13756e-21)
(1.0919 0.438948 -3.87686e-21)
(1.05434 0.433435 8.87926e-22)
(1.01861 0.425095 -7.81352e-21)
(0.98462 0.414554 3.42188e-20)
(0.95215 0.402273 -1.13698e-21)
(0.920893 0.388577 -1.19457e-20)
(0.890506 0.373658 -8.51259e-21)
(0.860636 0.357566 8.49761e-22)
(0.83095 0.340249 5.27624e-21)
(0.801074 0.321715 -6.90612e-22)
(0.770343 0.302278 -7.45662e-22)
(0.737686 0.282415 7.96999e-23)
(0.702348 0.261771 -1.24235e-22)
(0.665415 0.237794 -3.20542e-23)
(0.630841 0.205585 1.99579e-22)
(0.604489 0.160046 -2.49528e-22)
(0.591411 0.0991111 1.41587e-22)
(0.593796 0.0254379 -6.52155e-23)
(0.610453 -0.0537284 2.58686e-22)
(0.637684 -0.13183 -5.44833e-22)
(0.671438 -0.202673 1.89963e-22)
(0.708358 -0.26289 -2.05014e-22)
(0.745864 -0.31131 -8.44105e-22)
(0.782151 -0.348699 2.62478e-21)
(0.815916 -0.377769 -3.41386e-21)
(0.846277 -0.403021 6.23124e-22)
(0.873026 -0.429465 3.26875e-21)
(0.896951 -0.459819 -6.97039e-21)
(0.919717 -0.491426 1.53914e-20)
(0.943179 -0.515284 -1.52322e-20)
(0.968497 -0.518624 -1.02477e-20)
(0.995461 -0.489809 1.57256e-20)
(1.02219 -0.422551 -1.65067e-20)
(1.04576 -0.317023 -2.05124e-20)
(1.06429 -0.179232 -9.08098e-21)
(1.07805 -0.0224341 3.1282e-20)
(1.08674 0.133118 1.30474e-20)
(1.08772 0.263317 8.66607e-21)
(1.07912 0.353848 -8.63952e-21)
(1.06193 0.40348 -3.31255e-21)
(1.039 0.420755 -6.63251e-21)
(1.01306 0.417479 8.84378e-23)
(0.98588 0.403684 9.7436e-21)
(0.958538 0.385431 -4.68923e-21)
(1.18894 0.00462109 -2.71759e-20)
(1.225 0.0437282 1.19443e-21)
(1.25826 0.0892662 -4.35841e-20)
(1.28692 0.139191 7.45158e-20)
(1.30844 0.191497 -3.23054e-20)
(1.3203 0.243457 -4.65991e-21)
(1.3207 0.291958 9.07666e-20)
(1.3091 0.334194 3.35287e-20)
(1.28661 0.368327 -1.39522e-19)
(1.25569 0.393793 8.5704e-20)
(1.21938 0.411106 9.27921e-21)
(1.18052 0.421376 -4.01123e-20)
(1.14117 0.425846 -3.61187e-20)
(1.10262 0.425637 3.11866e-20)
(1.06548 0.421675 -2.54408e-21)
(1.02998 0.414706 -1.60224e-21)
(0.996088 0.405323 9.84305e-22)
(0.963636 0.393992 1.11623e-20)
(0.932384 0.381053 -2.19451e-20)
(0.902045 0.366724 1.7373e-20)
(0.872307 0.351089 -1.20112e-20)
(0.842871 0.334113 4.03445e-21)
(0.813438 0.315747 2.39297e-22)
(0.78352 0.296155 -8.8245e-22)
(0.752202 0.275797 -8.2465e-23)
(0.71851 0.254801 4.84885e-22)
(0.682742 0.231648 6.60251e-22)
(0.647824 0.202426 -2.67251e-21)
(0.619079 0.162118 2.96557e-21)
(0.601962 0.107573 -1.74445e-21)
(0.599615 0.0398491 -1.29174e-21)
(0.612013 -0.0353644 2.92921e-21)
(0.636094 -0.111636 -7.53809e-22)
(0.667811 -0.18245 -9.6369e-22)
(0.703725 -0.24391 -1.37603e-22)
(0.741034 -0.294248 7.22921e-22)
(0.777707 -0.333737 2.47026e-22)
(0.812251 -0.364678 -1.98137e-23)
(0.84363 -0.391259 2.33909e-22)
(0.871522 -0.41838 1.65412e-21)
(0.896637 -0.449018 4.49203e-21)
(0.920623 -0.481146 -1.39651e-22)
(0.945382 -0.506488 -3.08317e-21)
(0.972154 -0.51271 8.33379e-21)
(1.00077 -0.488139 4.28849e-21)
(1.02921 -0.426063 -3.65728e-20)
(1.05434 -0.325855 2.78037e-20)
(1.07426 -0.192297 2.84383e-20)
(1.08938 -0.0375353 -4.13825e-20)
(1.09931 0.118097 3.26104e-20)
(1.10106 0.250033 -8.10027e-21)
(1.09235 0.343013 -4.08746e-20)
(1.07435 0.395027 3.7413e-20)
(1.05022 0.414161 -8.75122e-21)
(1.02303 0.41207 -4.30344e-21)
(0.994711 0.398925 3.53082e-21)
(0.966374 0.381022 -3.96975e-21)
(1.22552 0.0090752 -1.15052e-19)
(1.25668 0.0460563 9.48397e-20)
(1.28505 0.0886429 -1.88525e-20)
(1.30884 0.135184 -3.17183e-20)
(1.32569 0.183861 3.30722e-20)
(1.33343 0.23222 -6.23259e-20)
(1.33056 0.277539 -7.7177e-22)
(1.31682 0.317403 1.17219e-19)
(1.29335 0.350226 -1.48652e-20)
(1.26246 0.375469 -6.87392e-20)
(1.22686 0.393454 2.11701e-20)
(1.18897 0.404988 4.2754e-21)
(1.15059 0.411009 -3.35766e-20)
(1.11281 0.412409 5.53422e-20)
(1.07621 0.409967 -2.59039e-20)
(1.04104 0.404356 1.96411e-20)
(1.00731 0.396143 -2.62807e-21)
(0.974934 0.38579 -1.36449e-21)
(0.943728 0.373651 2.21934e-21)
(0.913462 0.359965 -1.33909e-20)
(0.883867 0.344846 1.28405e-21)
(0.854677 0.328287 1.07482e-21)
(0.82564 0.310215 2.14946e-21)
(0.796412 0.290668 -1.9741e-22)
(0.766273 0.269996 -3.74026e-22)
(0.734199 0.248587 -4.82047e-23)
(0.69988 0.225768 1.65854e-21)
(0.665237 0.198689 -1.31378e-21)
(0.634825 0.16277 -2.32431e-21)
(0.614171 0.114167 1.7987e-21)
(0.607217 0.0524514 -2.07141e-21)
(0.615119 -0.0183213 2.74013e-21)
(0.635622 -0.0921537 -3.72393e-21)
(0.664885 -0.162418 2.45438e-21)
(0.699447 -0.224758 -5.33339e-22)
(0.736291 -0.276799 2.12191e-22)
(0.773151 -0.31829 1.45216e-21)
(0.808327 -0.351092 4.41086e-22)
(0.840619 -0.379036 -2.00039e-21)
(0.869568 -0.40687 2.25483e-21)
(0.895787 -0.437785 6.25757e-21)
(0.920889 -0.470361 -3.3568e-21)
(0.946821 -0.497071 -1.30388e-20)
(0.974916 -0.50607 2.60939e-21)
(1.00507 -0.485716 3.55776e-21)
(1.03518 -0.428926 -1.96952e-20)
(1.0618 -0.334276 -5.25969e-21)
(1.08311 -0.205265 7.88809e-21)
(1.09976 -0.0527721 -1.15534e-20)
(1.11119 0.102608 3.42727e-20)
(1.11387 0.23612 -6.14689e-21)
(1.10522 0.331524 8.0456e-21)
(1.08658 0.385998 2.74731e-21)
(1.06138 0.407129 -2.16946e-20)
(1.03302 0.406366 1.37124e-20)
(1.00362 0.393981 8.67517e-22)
(0.974327 0.376516 -1.50746e-21)
(1.28281 0.046591 -5.28709e-20)
(1.30666 0.0863127 -3.30546e-20)
(1.32601 0.129646 1.34974e-20)
(1.33873 0.174945 4.83375e-20)
(1.34293 0.220023 5.97572e-20)
(1.33743 0.262513 -1.59953e-20)
(1.32215 0.300337 -5.97831e-20)
(1.29827 0.332109 3.78282e-21)
(1.26788 0.35728 3.86801e-20)
(1.23332 0.375987 -3.08158e-21)
(1.19665 0.388757 8.86847e-21)
(1.15939 0.396268 -1.13186e-21)
(1.1225 0.399211 -2.96054e-20)
(1.08654 0.398245 6.14391e-21)
(1.05176 0.393972 -8.42532e-21)
(1.01827 0.386933 2.94615e-20)
(0.986021 0.377583 -9.27386e-21)
(0.954904 0.366285 -3.03508e-21)
(0.924735 0.353295 6.7785e-21)
(0.895293 0.338751 -1.31396e-20)
(0.866343 0.322676 4.28022e-21)
(0.837666 0.304999 -1.65075e-21)
(0.809022 0.285674 8.79088e-22)
(0.779894 0.264898 -1.04534e-21)
(0.74933 0.243128 7.20265e-22)
(0.716617 0.220316 2.12711e-21)
(0.682755 0.194644 -4.07568e-22)
(0.651395 0.162247 -2.92551e-21)
(0.627838 0.118975 -3.33298e-22)
(0.616588 0.0631285 3.42009e-21)
(0.619893 -0.00312308 1.16131e-21)
(0.636447 -0.0736096 1.10953e-21)
(0.662824 -0.142766 -3.41939e-21)
(0.695643 -0.205568 -3.37946e-23)
(0.73171 -0.259048 -2.78741e-22)
(0.768523 -0.302412 1.30747e-21)
(0.804164 -0.337043 -8.32696e-22)
(0.837251 -0.366378 2.21282e-22)
(0.867169 -0.394966 3.75937e-21)
(0.894408 -0.426162 -2.05605e-21)
(0.920527 -0.459123 2.29555e-21)
(0.947511 -0.487082 9.12573e-22)
(0.976803 -0.498733 -7.6337e-21)
(1.0084 -0.482532 1.10796e-20)
(1.04008 -0.431099 2.33513e-20)
(1.06813 -0.342217 -2.90443e-20)
(1.09085 -0.218038 4.32735e-20)
(1.10923 -0.0682195 -3.09898e-20)
(1.12239 0.0867167 -2.96047e-21)
(1.12613 0.221643 -1.46772e-22)
(1.11769 0.319416 -3.18699e-22)
(1.09855 0.376399 1.32549e-21)
(1.07243 0.39964 2.37619e-21)
(1.04299 0.40034 -1.19237e-20)
(1.01257 0.388825 2.87872e-23)
(0.982373 0.371883 4.12686e-21)
(1.30325 0.0456574 1.42924e-20)
(1.32311 0.0826548 2.51693e-20)
(1.33858 0.122968 -1.15918e-19)
(1.34777 0.165135 4.47337e-20)
(1.34908 0.20723 5.38683e-20)
(1.34158 0.247205 -5.02534e-20)
(1.32538 0.283269 6.77902e-20)
(1.30162 0.314187 -9.59358e-20)
(1.27212 0.339381 9.52012e-20)
(1.23889 0.358805 -4.3927e-20)
(1.20362 0.372749 9.25926e-21)
(1.16761 0.381664 7.41812e-22)
(1.13171 0.386075 -2.54089e-20)
(1.09645 0.386531 4.62365e-21)
(1.06214 0.383574 1.91721e-20)
(1.02894 0.37771 8.66995e-22)
(0.99688 0.369385 2.67757e-21)
(0.965889 0.358964 3.7114e-21)
(0.935841 0.346717 -7.7379e-21)
(0.906561 0.332801 -6.78254e-23)
(0.877846 0.317266 7.28098e-21)
(0.849502 0.300062 -2.90259e-21)
(0.821356 0.281098 2.62836e-23)
(0.793071 0.260422 2.58902e-22)
(0.763862 0.238422 -3.13776e-21)
(0.732795 0.215436 2.38161e-21)
(0.700091 0.190572 3.06282e-21)
(0.66844 0.160849 -6.07257e-21)
(0.642675 0.122183 2.434e-22)
(0.627691 0.0718703 2.5017e-21)
(0.626401 0.0106069 2.33078e-21)
(0.638669 -0.0561659 -5.13773e-21)
(0.661841 -0.123728 5.66086e-21)
(0.692493 -0.186531 -5.86167e-21)
(0.727415 -0.241126 5.68765e-21)
(0.763901 -0.286182 -3.88807e-21)
(0.799807 -0.322575 1.10803e-21)
(0.833549 -0.353313 1.45204e-21)
(0.864337 -0.382697 -4.06134e-21)
(0.892512 -0.414188 5.80455e-21)
(0.919555 -0.44748 -8.04342e-21)
(0.947473 -0.476568 7.55825e-21)
(0.977836 -0.490726 5.30738e-21)
(1.01078 -0.478582 1.0376e-20)
(1.04394 -0.432541 -8.65967e-22)
(1.07334 -0.349605 -3.61847e-20)
(1.09753 -0.230462 -1.51609e-21)
(1.11787 -0.0836354 5.35167e-20)
(1.13292 0.0706027 -4.82458e-20)
(1.13782 0.206726 3.75634e-20)
(1.12971 0.306773 -4.1481e-20)
(1.11025 0.366297 1.60111e-20)
(1.08333 0.39176 -1.74914e-21)
(1.05291 0.394057 -6.56492e-22)
(1.02154 0.383521 -5.18392e-21)
(0.990491 0.367179 7.5307e-21)
(1.31825 0.0435475 3.53293e-20)
(1.3347 0.0779625 -7.93218e-21)
(1.34689 0.115482 -5.86633e-20)
(1.35316 0.154794 3.02231e-21)
(1.35219 0.194221 8.02201e-20)
(1.34333 0.232007 -2.64117e-20)
(1.3268 0.266598 -1.06325e-19)
(1.30363 0.296871 1.43197e-19)
(1.27539 0.322194 -1.24412e-20)
(1.2437 0.342355 -6.50384e-20)
(1.20997 0.357435 1.19339e-20)
(1.1753 0.367697 -3.14443e-20)
(1.14045 0.373521 1.42389e-21)
(1.10596 0.375359 5.30774e-20)
(1.07218 0.373692 2.6551e-21)
(1.03933 0.368993 -1.04366e-20)
(1.0075 0.361695 -1.43789e-21)
(0.976671 0.352161 -9.0347e-21)
(0.946769 0.340671 -1.1471e-20)
(0.917658 0.327404 1.00494e-20)
(0.889172 0.312431 -8.17563e-22)
(0.861139 0.295733 -2.60999e-21)
(0.833423 0.27721 -3.63671e-22)
(0.805833 0.256796 -1.82273e-21)
(0.777792 0.234724 -4.22681e-22)
(0.748317 0.2115 -1.76457e-21)
(0.717021 0.186972 1.85982e-21)
(0.685632 0.15913 -4.97744e-21)
(0.658338 0.124275 1.27576e-20)
(0.640146 0.0790875 -9.78353e-21)
(0.634612 0.0230984 3.43327e-21)
(0.642602 -0.0400414 4.07767e-21)
(0.662216 -0.105474 -4.19481e-21)
(0.69028 -0.167821 6.51422e-22)
(0.723641 -0.223197 -2.92199e-21)
(0.759452 -0.269736 6.79059e-21)
(0.795362 -0.307791 -4.28113e-21)
(0.829577 -0.339916 1.00494e-21)
(0.861109 -0.370124 8.46675e-22)
(0.890125 -0.401926 -1.78214e-21)
(0.917997 -0.435499 -3.48449e-21)
(0.946735 -0.465586 4.46408e-21)
(0.978048 -0.482079 -7.9195e-22)
(1.01224 -0.473858 -1.53208e-20)
(1.04679 -0.433203 1.04297e-20)
(1.07743 -0.356336 -1.57267e-20)
(1.10325 -0.242457 -2.52189e-22)
(1.12584 -0.0988543 4.74246e-20)
(1.14288 0.0543784 -7.39598e-21)
(1.14892 0.191352 1.48916e-20)
(1.14123 0.293629 -5.81736e-20)
(1.1216 0.355843 3.92611e-20)
(1.09406 0.383725 -1.26316e-20)
(1.06277 0.38779 1.21156e-20)
(1.03052 0.378338 -5.40219e-21)
(0.998663 0.362643 -1.08544e-20)
(1.32841 0.0398778 8.29334e-20)
(1.3419 0.0716768 -1.07852e-19)
(1.35132 0.106625 -2.68029e-21)
(1.35523 0.143425 5.86826e-21)
(1.3526 0.180601 3.03105e-20)
(1.34298 0.216636 -5.68143e-20)
(1.32665 0.250156 1.11661e-19)
(1.30451 0.280095 3.06629e-21)
(1.27781 0.30575 -3.78881e-20)
(1.24783 0.326755 2.56001e-20)
(1.21575 0.34301 -3.46961e-21)
(1.18247 0.354619 -5.65621e-20)
(1.14873 0.361841 3.82884e-20)
(1.11507 0.36504 -3.03516e-20)
(1.08189 0.364644 2.12721e-20)
(1.04944 0.361096 -1.95954e-20)
(1.01789 0.354813 1.79312e-20)
(0.987263 0.346159 -6.15874e-21)
(0.957531 0.335424 -7.8072e-21)
(0.928598 0.322807 -2.0199e-21)
(0.900335 0.308403 2.81625e-21)
(0.872593 0.292222 -3.28422e-21)
(0.845255 0.274187 -4.15745e-22)
(0.818228 0.254163 2.57156e-21)
(0.79116 0.232202 -2.18445e-22)
(0.763156 0.208783 6.1158e-22)
(0.733401 0.18427 -5.05312e-21)
(0.702715 0.157605 -5.20509e-21)
(0.674502 0.125776 1.34548e-20)
(0.6537 0.0852186 -1.36317e-20)
(0.644405 0.034215 1.38416e-20)
(0.648315 -0.0249189 -9.62432e-21)
(0.664277 -0.0877003 3.14265e-21)
(0.689477 -0.149192 4.89882e-21)
(0.720881 -0.20509 -6.65878e-21)
(0.755607 -0.252992 -1.16841e-22)
(0.791163 -0.292693 2.71627e-21)
(0.825577 -0.326245 -1.94588e-21)
(0.857654 -0.357336 8.85746e-22)
(0.887364 -0.389497 8.79734e-22)
(0.915936 -0.42336 -1.00831e-22)
(0.945356 -0.45439 -5.43465e-21)
(0.977492 -0.473084 6.85932e-21)
(1.01284 -0.468635 -9.58475e-21)
(1.04867 -0.43335 7.64029e-22)
(1.08059 -0.362776 -1.62681e-20)
(1.10839 -0.254692 3.23998e-20)
(1.13351 -0.114928 -2.5032e-20)
(1.15243 0.0369212 -4.00088e-22)
(1.15944 0.174785 3.07763e-20)
(1.15216 0.279638 -8.15257e-21)
(1.13252 0.344917 1.51695e-21)
(1.10454 0.375506 7.80912e-21)
(1.07252 0.381531 -1.8026e-20)
(1.03948 0.373278 2.6881e-21)
(1.00688 0.358273 -5.27887e-21)
(1.34535 0.0639149 7.45466e-20)
(1.35232 0.096276 7.11657e-21)
(1.35435 0.130577 4.13573e-20)
(1.3506 0.165572 -2.58495e-20)
(1.34079 0.199932 -7.08128e-20)
(1.32515 0.232405 -1.54621e-20)
(1.30438 0.261953 3.41284e-21)
(1.27943 0.287807 8.89765e-21)
(1.2513 0.309479 3.93154e-20)
(1.22091 0.326733 -4.622e-20)
(1.18909 0.339547 3.68977e-22)
(1.15652 0.348078 4.33435e-20)
(1.12375 0.352612 -9.13671e-22)
(1.09123 0.353516 -2.95116e-20)
(1.05926 0.35119 1.69161e-20)
(1.02803 0.346028 -9.01984e-21)
(0.997649 0.338379 6.39047e-21)
(0.968115 0.328535 -1.38877e-20)
(0.939372 0.316706 3.77418e-21)
(0.911327 0.303003 1.60783e-21)
(0.88386 0.287458 -1.4499e-21)
(0.85686 0.270031 -2.26124e-21)
(0.830291 0.250572 3.06313e-21)
(0.804005 0.228974 -2.32834e-21)
(0.777306 0.205547 -4.7144e-21)
(0.749136 0.180915 2.21763e-21)
(0.719485 0.154881 5.62063e-21)
(0.69086 0.125357 -2.97015e-21)
(0.667974 0.0889659 -6.10549e-23)
(0.655467 0.0433776 1.85476e-21)
(0.655744 -0.0108715 3.40675e-22)
(0.668355 -0.0706866 -1.95273e-21)
(0.69084 -0.130652 -5.8363e-21)
(0.720188 -0.186453 8.33296e-21)
(0.753535 -0.235317 -1.0067e-21)
(0.788345 -0.2765 -5.90738e-22)
(0.822552 -0.311485 -2.06191e-21)
(0.854827 -0.343523 1.7426e-21)
(0.884967 -0.376057 2.52967e-22)
(0.914037 -0.410158 1.11348e-21)
(0.943968 -0.442134 -2.05362e-21)
(0.976826 -0.46327 6.12021e-21)
(1.01332 -0.463156 6.77558e-21)
(1.05047 -0.433984 -9.55532e-21)
(1.08406 -0.370217 7.7188e-21)
(1.11443 -0.267881 -3.0291e-20)
(1.14185 -0.132216 4.80041e-20)
(1.16178 0.0173822 -1.91067e-20)
(1.16922 0.157087 2.44609e-20)
(1.16233 0.264494 -1.99181e-20)
(1.14289 0.332575 -9.88452e-21)
(1.1147 0.365697 -1.32125e-21)
(1.08212 0.373702 -7.67362e-22)
(1.04839 0.366798 9.30588e-21)
(1.01512 0.352671 -9.70595e-21)
)
;

boundaryField
{
    inlet
    {
        type            uniformFixedValue;
        uniformValue    constant (1 0 0);
        value           nonuniform 0();
    }
    outlet
    {
        type            pressureInletOutletVelocity;
        value           nonuniform 0();
    }
    cylinder
    {
        type            fixedValue;
        value           nonuniform 0();
    }
    top
    {
        type            symmetryPlane;
    }
    bottom
    {
        type            symmetryPlane;
    }
    defaultFaces
    {
        type            empty;
    }
    procBoundary6to2
    {
        type            processor;
        value           nonuniform List<vector> 
57
(
(1.31135 0.0711445 0)
(1.31078 0.0925521 0)
(1.30738 0.114807 0)
(1.30091 0.137371 0)
(1.29128 0.159666 0)
(1.27851 0.181113 0)
(1.26278 0.201171 0)
(1.24437 0.219368 0)
(1.22364 0.235324 0)
(1.201 0.248763 0)
(1.17689 0.259514 0)
(1.15173 0.267505 0)
(1.12591 0.272745 0)
(1.09977 0.275308 0)
(1.07359 0.275307 0)
(1.04761 0.27288 0)
(1.02198 0.268162 0)
(0.996827 0.261278 0)
(0.972219 0.252327 0)
(0.948202 0.241369 0)
(0.924819 0.228411 0)
(0.902117 0.213422 0)
(0.880108 0.196381 0)
(0.858837 0.177164 0)
(0.838537 0.155428 0)
(0.819467 0.130926 0)
(0.801298 0.104141 0)
(0.782996 0.0762802 0)
(0.763982 0.0481644 0)
(0.745666 0.0191208 0)
(0.731621 -0.0126825 0)
(0.725879 -0.0486255 0)
(0.730755 -0.0883935 0)
(0.745991 -0.130056 0)
(0.769347 -0.171125 0)
(0.797786 -0.20986 0)
(0.828539 -0.245984 0)
(0.828539 -0.245984 0)
(0.859905 -0.26685 0)
(0.891371 -0.300269 0)
(0.925144 -0.33134 0)
(0.962907 -0.356357 0)
(1.00474 -0.370656 0)
(1.04863 -0.369355 0)
(1.09238 -0.345827 0)
(1.13504 -0.29157 0)
(1.17608 -0.202067 0)
(1.2122 -0.0852711 0)
(1.23623 0.0381208 0)
(1.24188 0.145476 0)
(1.22853 0.223443 0)
(1.20078 0.270596 0)
(1.16497 0.293074 0)
(1.12645 0.298936 0)
(1.08863 0.294801 0)
(1.05302 0.285179 0)
(1.01971 0.27273 0)
)
;
    }
    procBoundary6to3
    {
        type            processor;
        value           uniform (0.983147 0.269031 0);
    }
    procBoundary6to5
    {
        type            processor;
        value           nonuniform List<vector> 
40
(
(1.33724 0.0358715 0)
(1.33509 0.0417974 0)
(1.32881 0.0459363 0)
(1.31987 0.0488533 0)
(-0.0221214 -0.660779 -2.37632e-21)
(-0.0424305 -0.649611 3.31871e-21)
(-0.0515491 -0.633906 5.17236e-22)
(-0.00428186 -0.615463 -6.50168e-21)
(-0.00428186 -0.615463 -6.50168e-21)
(0.0173183 -0.588601 -1.84134e-20)
(0.0483195 -0.558565 9.05994e-21)
(0.0874874 -0.526184 1.61302e-20)
(0.133438 -0.492272 -7.90156e-21)
(0.184736 -0.457596 2.15196e-20)
(0.239943 -0.422832 1.57901e-20)
(0.297639 -0.388548 -7.55823e-20)
(0.356471 -0.355189 3.20276e-20)
(0.41521 -0.323079 -4.94924e-20)
(0.540091 -0.271306 -4.00093e-20)
(0.540091 -0.271306 -4.00093e-20)
(0.593129 -0.24368 9.20586e-20)
(0.644517 -0.217675 4.31713e-20)
(0.695033 -0.193208 2.48318e-20)
(0.745934 -0.170234 8.1828e-21)
(0.852268 -0.125031 3.00793e-20)
(0.852268 -0.125031 3.00793e-20)
(0.904078 -0.106835 -6.61666e-20)
(0.957984 -0.0903501 -1.12922e-19)
(1.01288 -0.0758411 -2.59848e-20)
(1.10641 -0.0366234 -3.13801e-20)
(1.10641 -0.0366234 -3.13801e-20)
(1.15255 -0.0278642 -4.06102e-20)
(1.1938 -0.02128 -6.34945e-20)
(1.25622 0.0119203 -1.5667e-20)
(1.25622 0.0119203 -1.5667e-20)
(1.2807 0.0132041 8.36415e-20)
(1.29918 0.0132882 -7.44041e-20)
(1.31233 0.0121999 -1.38731e-20)
(1.33461 0.0345672 3.04937e-20)
(1.33461 0.0345672 3.04937e-20)
)
;
    }
    procBoundary6to7
    {
        type            processor;
        value           nonuniform List<vector> 
36
(
(0.960896 0.308972 0)
(0.983094 0.335394 1.73325e-21)
(0.966751 0.299028 0)
(0.972257 0.289356 0)
(0.977718 0.279372 0)
(0.852968 0.459851 8.04422e-23)
(0.853868 0.458158 -7.32574e-23)
(0.855182 0.456168 1.33073e-21)
(0.856918 0.45391 4.1134e-22)
(0.859076 0.451412 1.5433e-21)
(0.861657 0.448699 2.65628e-21)
(0.864655 0.445796 -2.26506e-21)
(0.868063 0.442728 3.51595e-21)
(0.871873 0.439514 1.90403e-21)
(0.876072 0.436174 -5.03721e-23)
(0.880647 0.432723 -8.17126e-21)
(0.885583 0.429176 -2.43297e-21)
(0.890863 0.425543 -5.58802e-21)
(0.89647 0.421835 -5.94152e-21)
(0.902385 0.418057 -6.71774e-21)
(0.908589 0.414214 3.43447e-22)
(0.915065 0.410306 1.24206e-21)
(0.921792 0.406335 1.58803e-21)
(0.928752 0.402298 -1.12325e-21)
(0.935926 0.398193 -4.74482e-21)
(0.935926 0.398193 -4.74482e-21)
(0.9176 0.374666 5.25547e-21)
(0.924432 0.370204 4.35699e-21)
(0.931409 0.365795 1.11953e-21)
(0.938516 0.361431 -2.68506e-21)
(0.945737 0.357085 3.46135e-21)
(0.953057 0.352724 5.03904e-21)
(0.960461 0.348385 -5.20342e-21)
(0.967936 0.344264 -3.20416e-21)
(0.975485 0.340348 -4.09659e-21)
(0.983094 0.335394 1.73325e-21)
)
;
    }
    procBoundary6to9
    {
        type            processor;
        value           uniform (0.00849164 -0.667553 2.44249e-21);
    }
    procBoundary6to10
    {
        type            processor;
        value           nonuniform List<vector> 
61
(
(0.0482994 -0.681325 -7.33631e-21)
(0.0499111 -0.679208 2.84619e-21)
(0.0575632 -0.660091 3.67692e-21)
(0.120551 -0.533918 -9.50841e-22)
(0.0755169 -0.619766 1.97698e-21)
(0.120551 -0.533918 -9.50841e-22)
(0.171708 -0.443216 -3.04725e-21)
(0.228954 -0.335348 1.17339e-22)
(0.288919 -0.215239 1.01167e-21)
(0.349014 -0.0875616 -2.3765e-21)
(0.407575 0.0433402 3.4004e-21)
(0.463763 0.172931 -8.1774e-22)
(0.517081 0.295506 -5.41378e-22)
(0.566731 0.404319 -1.19837e-21)
(0.611309 0.492979 -5.05774e-22)
(0.649175 0.557521 3.25272e-21)
(0.679103 0.597725 3.41538e-22)
(0.700716 0.616872 -1.41668e-21)
(0.714489 0.620375 5.21046e-22)
(0.721463 0.614073 -5.50244e-22)
(0.722921 0.602951 -3.36718e-22)
(0.720001 0.590817 1.1843e-22)
(0.713165 0.580959 1.19835e-21)
(0.701953 0.576453 1.45394e-22)
(0.685701 0.578623 -1.00518e-21)
(0.665051 0.584051 -7.82793e-22)
(0.643091 0.582881 -4.97577e-22)
(0.624893 0.561059 1.05335e-21)
(0.615415 0.506207 -5.39668e-22)
(0.617326 0.413362 -8.19096e-22)
(0.630519 0.286656 2.01509e-21)
(0.653208 0.137021 1.22931e-21)
(0.683037 -0.0210171 -2.70547e-21)
(0.717342 -0.171885 6.48228e-22)
(0.75301 -0.301507 2.00395e-21)
(0.786642 -0.400631 -9.98339e-22)
(0.815318 -0.46687 2.86939e-22)
(0.837347 -0.504074 -7.81014e-22)
(0.852397 -0.519674 2.72977e-22)
(0.861065 -0.521749 -4.43722e-22)
(0.86437 -0.51692 4.06288e-22)
(0.863436 -0.509579 -8.28632e-23)
(0.859097 -0.502665 4.85343e-23)
(0.85135 -0.499077 -2.54376e-22)
(0.839266 -0.501473 1.05822e-22)
(0.821902 -0.509432 -1.78291e-22)
(0.799701 -0.516275 -1.36753e-22)
(0.77508 -0.509395 4.08549e-22)
(0.75155 -0.475228 -5.29963e-22)
(0.732293 -0.405542 1.06785e-22)
(0.719577 -0.300759 -4.75153e-23)
(0.714949 -0.169383 2.13856e-22)
(0.719239 -0.0254917 -8.84362e-23)
(0.7321 0.114567 3.66002e-22)
(0.751778 0.236114 1.48099e-22)
(0.775268 0.329842 -4.20954e-22)
(0.798985 0.393626 -2.84675e-22)
(0.819925 0.431215 1.83097e-22)
(0.836411 0.449283 -7.35833e-23)
(0.847784 0.455383 1.93653e-22)
(0.853446 0.457228 -2.8555e-22)
)
;
    }
}


// ************************************************************************* //
