/*--------------------------------*- C++ -*----------------------------------*\
  =========                 |
  \\      /  F ield         | OpenFOAM: The Open Source CFD Toolbox
   \\    /   O peration     | Website:  https://openfoam.org
    \\  /    A nd           | Version:  7
     \\/     M anipulation  |
\*---------------------------------------------------------------------------*/
FoamFile
{
    version     2.0;
    format      ascii;
    class       volVectorField;
    location    "30";
    object      U;
}
// * * * * * * * * * * * * * * * * * * * * * * * * * * * * * * * * * * * * * //

dimensions      [0 1 -1 0 0 0 0];

internalField   nonuniform List<vector> 
1989
(
(1.18089 -0.06277 0)
(1.178 -0.0657872 0)
(1.17508 -0.0687186 0)
(1.17212 -0.0715605 0)
(1.1691 -0.0743078 0)
(1.16603 -0.0769547 0)
(1.16289 -0.0794938 0)
(1.15967 -0.0819166 0)
(1.15637 -0.0842129 0)
(1.15297 -0.0863715 0)
(1.14946 -0.0883797 0)
(1.14586 -0.0902235 0)
(1.14214 -0.0918881 0)
(1.13831 -0.0933579 0)
(1.13437 -0.0946172 0)
(1.13033 -0.0956503 0)
(1.1262 -0.0964424 0)
(1.12198 -0.0969798 0)
(1.11768 -0.0972509 0)
(1.11334 -0.0972463 0)
(1.10896 -0.0969598 0)
(1.10456 -0.0963885 0)
(1.10018 -0.0955333 0)
(1.09583 -0.094399 0)
(1.09155 -0.0929944 0)
(1.08735 -0.0913322 0)
(1.08325 -0.0894288 0)
(1.07928 -0.0873038 0)
(1.07546 -0.0849795 0)
(1.2587 0.0493039 0)
(1.25766 0.0442636 0)
(1.25642 0.0392865 0)
(1.25502 0.0343731 0)
(1.25345 0.029527 0)
(1.25173 0.0247491 0)
(1.24987 0.0200446 0)
(1.24788 0.0154158 0)
(1.24577 0.0108651 0)
(1.24357 0.00639465 0)
(1.24128 0.00200091 0)
(1.23892 -0.00232251 0)
(1.23648 -0.00657503 0)
(1.23398 -0.0107544 0)
(1.23142 -0.0148597 0)
(1.22881 -0.0188907 0)
(1.22615 -0.0228468 0)
(1.22345 -0.0267276 0)
(1.22071 -0.0305328 0)
(1.21794 -0.034262 0)
(1.21514 -0.0379151 0)
(1.2123 -0.0414915 0)
(1.20943 -0.0449909 0)
(1.20652 -0.0484126 0)
(1.20358 -0.0517558 0)
(1.20061 -0.0550194 0)
(1.19759 -0.0582018 0)
(1.19453 -0.0613012 0)
(1.19141 -0.0643149 0)
(1.18824 -0.0672398 0)
(1.18501 -0.0700719 0)
(1.18171 -0.0728062 0)
(1.17834 -0.0754368 0)
(1.17488 -0.0779566 0)
(1.17133 -0.0803572 0)
(1.16769 -0.082629 0)
(1.16394 -0.0847612 0)
(1.1601 -0.0867417 0)
(1.15614 -0.0885573 0)
(1.15208 -0.0901943 0)
(1.1479 -0.091638 0)
(1.14363 -0.0928736 0)
(1.13925 -0.0938869 0)
(1.13479 -0.0946638 0)
(1.13026 -0.0951919 0)
(1.12566 -0.0954604 0)
(1.12101 -0.0954609 0)
(1.11635 -0.0951877 0)
(1.11168 -0.0946382 0)
(1.10703 -0.0938136 0)
(1.10243 -0.0927186 0)
(1.0979 -0.0913616 0)
(1.09346 -0.0897548 0)
(1.08914 -0.0879136 0)
(1.08495 -0.0858569 0)
(1.08092 -0.0836057 0)
(1.2601 0.0497103 0)
(1.25963 0.0447928 0)
(1.25899 0.0399307 0)
(1.25817 0.0351249 0)
(1.25718 0.030378 0)
(1.25603 0.0256918 0)
(1.25473 0.0210697 0)
(1.25328 0.016514 0)
(1.2517 0.0120275 0)
(1.24999 0.00761275 0)
(1.24817 0.00326807 0)
(1.24624 -0.00101242 0)
(1.24421 -0.00522667 0)
(1.24207 -0.00937278 0)
(1.23985 -0.0134494 0)
(1.23754 -0.0174557 0)
(1.23515 -0.0213907 0)
(1.23268 -0.0252536 0)
(1.23013 -0.0290434 0)
(1.22752 -0.0327593 0)
(1.22484 -0.0364006 0)
(1.22209 -0.0399664 0)
(1.21928 -0.0434557 0)
(1.2164 -0.0468675 0)
(1.21346 -0.0502004 0)
(1.21045 -0.0534531 0)
(1.20737 -0.0566236 0)
(1.20422 -0.0597097 0)
(1.201 -0.0627085 0)
(1.1977 -0.0656167 0)
(1.19432 -0.06843 0)
(1.19085 -0.0711435 0)
(1.1873 -0.0737513 0)
(1.18364 -0.0762463 0)
(1.17989 -0.0786205 0)
(1.17603 -0.0808645 0)
(1.17206 -0.0829681 0)
(1.16798 -0.0849198 0)
(1.1638 -0.0867072 0)
(1.1595 -0.0883172 0)
(1.1551 -0.0897363 0)
(1.1506 -0.0909507 0)
(1.146 -0.0919469 0)
(1.14132 -0.0927122 0)
(1.13657 -0.093235 0)
(1.13177 -0.0935054 0)
(1.12693 -0.0935156 0)
(1.12207 -0.0932605 0)
(1.11722 -0.092738 0)
(1.11239 -0.0919492 0)
(1.10762 -0.0908987 0)
(1.10292 -0.0895945 0)
(1.09832 -0.0880482 0)
(1.09384 -0.0862744 0)
(1.0895 -0.0842909 0)
(1.08531 -0.0821178 0)
(1.25922 0.0498057 0)
(1.25914 0.0450098 0)
(1.2589 0.0402641 0)
(1.25849 0.0355696 0)
(1.25792 0.0309284 0)
(1.25719 0.0263422 0)
(1.25631 0.0218136 0)
(1.25528 0.0173449 0)
(1.2541 0.0129386 0)
(1.25279 0.00859618 0)
(1.25135 0.00431729 0)
(1.24979 9.85654e-05 0)
(1.2481 -0.00405808 0)
(1.2463 -0.00815106 0)
(1.24439 -0.0121789 0)
(1.24236 -0.0161403 0)
(1.24023 -0.0200342 0)
(1.238 -0.0238592 0)
(1.23567 -0.0276142 0)
(1.23325 -0.0312979 0)
(1.23073 -0.034909 0)
(1.22812 -0.0384464 0)
(1.22542 -0.0419088 0)
(1.22263 -0.0452946 0)
(1.21975 -0.0486022 0)
(1.21678 -0.0518298 0)
(1.21372 -0.0549752 0)
(1.21057 -0.0580357 0)
(1.20732 -0.0610085 0)
(1.20398 -0.0638897 0)
(1.20054 -0.0666753 0)
(1.197 -0.0693599 0)
(1.19336 -0.0719379 0)
(1.18961 -0.0744022 0)
(1.18574 -0.076745 0)
(1.18177 -0.0789573 0)
(1.17768 -0.0810294 0)
(1.17347 -0.0829503 0)
(1.16916 -0.0847083 0)
(1.16473 -0.0862912 0)
(1.16019 -0.0876862 0)
(1.15556 -0.0888804 0)
(1.15083 -0.0898615 0)
(1.14603 -0.0906175 0)
(1.14116 -0.0911377 0)
(1.13623 -0.091413 0)
(1.13128 -0.0914364 0)
(1.12631 -0.091203 0)
(1.12135 -0.0907112 0)
(1.11643 -0.089962 0)
(1.11155 -0.0889598 0)
(1.10676 -0.0877122 0)
(1.10206 -0.0862303 0)
(1.09748 -0.0845278 0)
(1.09305 -0.0826214 0)
(1.08877 -0.0805302 0)
(1.257 0.0496888 0)
(1.25717 0.0450109 0)
(1.25719 0.0403794 0)
(1.25705 0.0357954 0)
(1.25676 0.0312607 0)
(1.25632 0.0267769 0)
(1.25574 0.022346 0)
(1.255 0.0179702 0)
(1.25413 0.0136513 0)
(1.25311 0.00939047 0)
(1.25197 0.00518812 0)
(1.25069 0.00104336 0)
(1.24928 -0.0030434 0)
(1.24775 -0.00707028 0)
(1.24609 -0.0110356 0)
(1.24431 -0.0149381 0)
(1.24241 -0.0187763 0)
(1.2404 -0.0225488 0)
(1.23827 -0.0262541 0)
(1.23603 -0.0298908 0)
(1.23368 -0.0334573 0)
(1.23122 -0.0369522 0)
(1.22865 -0.0403737 0)
(1.22598 -0.0437201 0)
(1.2232 -0.0469895 0)
(1.22031 -0.0501798 0)
(1.21732 -0.0532884 0)
(1.21421 -0.0563126 0)
(1.211 -0.0592492 0)
(1.20768 -0.0620942 0)
(1.20425 -0.0648434 0)
(1.20071 -0.0674917 0)
(1.19705 -0.070033 0)
(1.19327 -0.0724607 0)
(1.18937 -0.0747671 0)
(1.18536 -0.0769437 0)
(1.18122 -0.0789809 0)
(1.17697 -0.0808685 0)
(1.1726 -0.0825954 0)
(1.16812 -0.0841501 0)
(1.16353 -0.0855206 0)
(1.15885 -0.086695 0)
(1.15407 -0.0876616 0)
(1.14921 -0.0884094 0)
(1.14429 -0.0889287 0)
(1.13932 -0.0892108 0)
(1.13432 -0.0892493 0)
(1.12931 -0.08904 0)
(1.12431 -0.0885812 0)
(1.11935 -0.087874 0)
(1.11443 -0.0869226 0)
(1.1096 -0.0857342 0)
(1.10486 -0.0843192 0)
(1.10024 -0.0826904 0)
(1.09575 -0.0808637 0)
(1.09142 -0.0788569 0)
(1.25398 0.0494233 0)
(1.25432 0.0448615 0)
(1.25452 0.0403428 0)
(1.25456 0.0358684 0)
(1.25446 0.0314399 0)
(1.25422 0.0270588 0)
(1.25383 0.022727 0)
(1.25331 0.0184463 0)
(1.25264 0.0142184 0)
(1.25184 0.0100443 0)
(1.2509 0.00592485 0)
(1.24984 0.0018604 0)
(1.24864 -0.00214902 0)
(1.24731 -0.0061017 0)
(1.24585 -0.0099959 0)
(1.24427 -0.0138301 0)
(1.24256 -0.017603 0)
(1.24073 -0.0213129 0)
(1.23877 -0.0249582 0)
(1.2367 -0.0285373 0)
(1.2345 -0.0320485 0)
(1.23218 -0.03549 0)
(1.22975 -0.0388601 0)
(1.2272 -0.0421568 0)
(1.22453 -0.0453778 0)
(1.22174 -0.0485209 0)
(1.21884 -0.0515834 0)
(1.21581 -0.0545623 0)
(1.21267 -0.0574541 0)
(1.20941 -0.0602551 0)
(1.20603 -0.0629606 0)
(1.20252 -0.0655657 0)
(1.19889 -0.0680644 0)
(1.19514 -0.0704502 0)
(1.19127 -0.0727156 0)
(1.18727 -0.0748524 0)
(1.18314 -0.0768515 0)
(1.1789 -0.0787032 0)
(1.17454 -0.080397 0)
(1.17006 -0.081922 0)
(1.16548 -0.0832672 0)
(1.1608 -0.0844212 0)
(1.15602 -0.0853734 0)
(1.15117 -0.0861136 0)
(1.14626 -0.0866324 0)
(1.1413 -0.0869223 0)
(1.13631 -0.0869771 0)
(1.13131 -0.0867929 0)
(1.12632 -0.0863683 0)
(1.12136 -0.0857044 0)
(1.11645 -0.0848052 0)
(1.11162 -0.0836773 0)
(1.10688 -0.0823305 0)
(1.10226 -0.0807769 0)
(1.09776 -0.0790312 0)
(1.09342 -0.0771103 0)
(1.25048 0.0490439 0)
(1.25095 0.0445992 0)
(1.25126 0.0401941 0)
(1.25144 0.03583 0)
(1.25147 0.0315085 0)
(1.25137 0.0272311 0)
(1.25113 0.0229997 0)
(1.25075 0.018816 0)
(1.25023 0.0146814 0)
(1.24958 0.0105973 0)
(1.2488 0.0065647 0)
(1.24789 0.00258438 0)
(1.24684 -0.00134318 0)
(1.24567 -0.00521657 0)
(1.24437 -0.00903408 0)
(1.24293 -0.0127941 0)
(1.24137 -0.0164952 0)
(1.23969 -0.0201357 0)
(1.23787 -0.0237139 0)
(1.23594 -0.0272281 0)
(1.23387 -0.0306764 0)
(1.23168 -0.0340571 0)
(1.22937 -0.0373681 0)
(1.22693 -0.0406073 0)
(1.22437 -0.0437723 0)
(1.22169 -0.0468608 0)
(1.21888 -0.0498699 0)
(1.21595 -0.0527964 0)
(1.21289 -0.0556369 0)
(1.2097 -0.0583874 0)
(1.20639 -0.0610434 0)
(1.20295 -0.0635999 0)
(1.19938 -0.066051 0)
(1.19569 -0.0683904 0)
(1.19187 -0.0706108 0)
(1.18792 -0.0727043 0)
(1.18384 -0.0746624 0)
(1.17965 -0.0764757 0)
(1.17533 -0.0781345 0)
(1.1709 -0.0796284 0)
(1.16636 -0.0809471 0)
(1.16173 -0.0820802 0)
(1.157 -0.0830176 0)
(1.1522 -0.0837499 0)
(1.14734 -0.0842684 0)
(1.14243 -0.0845662 0)
(1.13749 -0.0846375 0)
(1.13253 -0.0844789 0)
(1.12759 -0.084089 0)
(1.12267 -0.0834688 0)
(1.1178 -0.0826221 0)
(1.11301 -0.0815552 0)
(1.1083 -0.080277 0)
(1.1037 -0.0787989 0)
(1.09923 -0.0771348 0)
(1.0949 -0.0753004 0)
(1.24666 0.0485657 0)
(1.24722 0.0442414 0)
(1.24764 0.0399528 0)
(1.24792 0.0357015 0)
(1.24806 0.0314894 0)
(1.24806 0.0273181 0)
(1.24793 0.0231894 0)
(1.24766 0.019105 0)
(1.24726 0.0150666 0)
(1.24672 0.0110755 0)
(1.24606 0.00713304 0)
(1.24526 0.0032402 0)
(1.24433 -0.000602075 0)
(1.24328 -0.00439243 0)
(1.2421 -0.00812925 0)
(1.24078 -0.0118109 0)
(1.23934 -0.0154357 0)
(1.23777 -0.019002 0)
(1.23608 -0.0225081 0)
(1.23425 -0.0259522 0)
(1.2323 -0.0293324 0)
(1.23022 -0.0326467 0)
(1.22802 -0.035893 0)
(1.22568 -0.0390691 0)
(1.22322 -0.0421726 0)
(1.22064 -0.0452009 0)
(1.21792 -0.0481511 0)
(1.21508 -0.05102 0)
(1.21211 -0.0538041 0)
(1.20901 -0.0564993 0)
(1.20578 -0.0591012 0)
(1.20242 -0.0616048 0)
(1.19893 -0.0640044 0)
(1.19531 -0.0662938 0)
(1.19156 -0.068466 0)
(1.18768 -0.0705135 0)
(1.18368 -0.0724282 0)
(1.17955 -0.0742011 0)
(1.17531 -0.0758232 0)
(1.17095 -0.0772847 0)
(1.16648 -0.0785759 0)
(1.16192 -0.0796872 0)
(1.15727 -0.0806092 0)
(1.15255 -0.0813332 0)
(1.14776 -0.0818511 0)
(1.14292 -0.0821566 0)
(1.13806 -0.0822443 0)
(1.13318 -0.082111 0)
(1.1283 -0.0817556 0)
(1.12345 -0.0811789 0)
(1.11865 -0.0803845 0)
(1.11391 -0.0793782 0)
(1.10926 -0.0781683 0)
(1.10471 -0.0767656 0)
(1.10028 -0.0751828 0)
(1.09598 -0.0734347 0)
(1.24261 0.0479939 0)
(1.24326 0.0437942 0)
(1.24376 0.0396261 0)
(1.24413 0.0354916 0)
(1.24436 0.0313925 0)
(1.24445 0.0273307 0)
(1.24441 0.0233081 0)
(1.24424 0.0193265 0)
(1.24393 0.0153876 0)
(1.24349 0.0114931 0)
(1.24292 0.00764417 0)
(1.24222 0.00384232 0)
(1.24139 8.87303e-05 0)
(1.24043 -0.00361517 0)
(1.23935 -0.00726774 0)
(1.23813 -0.0108673 0)
(1.23679 -0.0144121 0)
(1.23532 -0.0179005 0)
(1.23372 -0.0213306 0)
(1.232 -0.0247006 0)
(1.23014 -0.0280085 0)
(1.22816 -0.0312522 0)
(1.22605 -0.0344296 0)
(1.22381 -0.0375384 0)
(1.22144 -0.0405761 0)
(1.21895 -0.0435401 0)
(1.21632 -0.0464273 0)
(1.21357 -0.0492346 0)
(1.21068 -0.0519583 0)
(1.20767 -0.0545946 0)
(1.20452 -0.0571388 0)
(1.20124 -0.0595862 0)
(1.19784 -0.0619313 0)
(1.1943 -0.0641679 0)
(1.19063 -0.0662896 0)
(1.18684 -0.0682889 0)
(1.18292 -0.0701582 0)
(1.17888 -0.0718892 0)
(1.17472 -0.0734731 0)
(1.17045 -0.0749011 0)
(1.16608 -0.0761639 0)
(1.16161 -0.0772527 0)
(1.15705 -0.0781587 0)
(1.15241 -0.0788738 0)
(1.14772 -0.0793907 0)
(1.14297 -0.0797034 0)
(1.1382 -0.079807 0)
(1.13341 -0.0796985 0)
(1.12862 -0.0793769 0)
(1.12386 -0.0788431 0)
(1.11913 -0.0781002 0)
(1.11447 -0.0771538 0)
(1.10989 -0.0760115 0)
(1.1054 -0.0746833 0)
(1.10102 -0.0731812 0)
(1.09678 -0.0715188 0)
(1.23842 0.0473305 0)
(1.23915 0.0432599 0)
(1.23973 0.0392168 0)
(1.24018 0.0352033 0)
(1.24049 0.0312214 0)
(1.24066 0.0272731 0)
(1.2407 0.0233606 0)
(1.24061 0.0194857 0)
(1.24038 0.0156503 0)
(1.24003 0.011856 0)
(1.23954 0.0081046 0)
(1.23893 0.00439752 0)
(1.23819 0.000736276 0)
(1.23731 -0.00287758 0)
(1.23631 -0.00644236 0)
(1.23519 -0.00995631 0)
(1.23393 -0.0134176 0)
(1.23255 -0.0168245 0)
(1.23103 -0.0201751 0)
(1.22939 -0.0234674 0)
(1.22763 -0.0266995 0)
(1.22573 -0.0298691 0)
(1.2237 -0.0329741 0)
(1.22155 -0.0360121 0)
(1.21927 -0.0389806 0)
(1.21686 -0.0418767 0)
(1.21432 -0.0446977 0)
(1.21165 -0.0474401 0)
(1.20885 -0.0501004 0)
(1.20592 -0.0526747 0)
(1.20286 -0.0551586 0)
(1.19967 -0.0575473 0)
(1.19635 -0.0598354 0)
(1.1929 -0.0620172 0)
(1.18932 -0.0640863 0)
(1.18562 -0.0660357 0)
(1.18179 -0.0678582 0)
(1.17784 -0.069546 0)
(1.17378 -0.0710908 0)
(1.1696 -0.0724843 0)
(1.16533 -0.073718 0)
(1.16095 -0.0747836 0)
(1.15649 -0.075673 0)
(1.15196 -0.0763787 0)
(1.14737 -0.076894 0)
(1.14273 -0.0772132 0)
(1.13805 -0.0773321 0)
(1.13336 -0.0772477 0)
(1.12867 -0.0769591 0)
(1.124 -0.0764672 0)
(1.11937 -0.0757749 0)
(1.11479 -0.0748872 0)
(1.11028 -0.0738114 0)
(1.10586 -0.0725566 0)
(1.10155 -0.071134 0)
(1.09736 -0.0695563 0)
(1.23417 0.0465777 0)
(1.23496 0.0426405 0)
(1.23562 0.0387266 0)
(1.23613 0.0348382 0)
(1.23651 0.0309777 0)
(1.23676 0.0271471 0)
(1.23688 0.0233487 0)
(1.23686 0.0195845 0)
(1.23671 0.0158566 0)
(1.23643 0.0121667 0)
(1.23603 0.00851672 0)
(1.23549 0.00490833 0)
(1.23482 0.00134324 0)
(1.23403 -0.00217687 0)
(1.23311 -0.00565022 0)
(1.23206 -0.00907498 0)
(1.23088 -0.0124493 0)
(1.22958 -0.0157712 0)
(1.22815 -0.0190388 0)
(1.22659 -0.0222501 0)
(1.2249 -0.0254029 0)
(1.22308 -0.0284952 0)
(1.22114 -0.0315245 0)
(1.21907 -0.0344885 0)
(1.21687 -0.0373847 0)
(1.21454 -0.0402101 0)
(1.21208 -0.0429618 0)
(1.20949 -0.0456366 0)
(1.20678 -0.0482309 0)
(1.20393 -0.0507408 0)
(1.20096 -0.0531619 0)
(1.19785 -0.0554897 0)
(1.19462 -0.057719 0)
(1.19125 -0.0598441 0)
(1.18777 -0.0618591 0)
(1.18415 -0.0637573 0)
(1.18042 -0.0655318 0)
(1.17657 -0.0671753 0)
(1.1726 -0.0686801 0)
(1.16853 -0.0700384 0)
(1.16435 -0.0712423 0)
(1.16008 -0.0722842 0)
(1.15573 -0.0731564 0)
(1.15131 -0.0738522 0)
(1.14682 -0.0743652 0)
(1.14228 -0.0746904 0)
(1.13772 -0.0748237 0)
(1.13313 -0.0747625 0)
(1.12854 -0.0745059 0)
(1.12397 -0.0740548 0)
(1.11943 -0.0734118 0)
(1.11493 -0.0725817 0)
(1.11051 -0.071571 0)
(1.10617 -0.0703882 0)
(1.10193 -0.0690438 0)
(1.09779 -0.0675495 0)
(1.22991 0.0457384 0)
(1.23076 0.0419384 0)
(1.23148 0.0381575 0)
(1.23206 0.0343981 0)
(1.23251 0.0306628 0)
(1.23282 0.0269538 0)
(1.23301 0.0232735 0)
(1.23306 0.019624 0)
(1.23298 0.0160074 0)
(1.23277 0.0124259 0)
(1.23244 0.00888127 0)
(1.23197 0.00537547 0)
(1.23138 0.00191033 0)
(1.23066 -0.00151231 0)
(1.22981 -0.00489056 0)
(1.22884 -0.00822252 0)
(1.22774 -0.0115062 0)
(1.22651 -0.0147397 0)
(1.22515 -0.0179209 0)
(1.22367 -0.0210478 0)
(1.22206 -0.0241182 0)
(1.22032 -0.0271299 0)
(1.21845 -0.0300804 0)
(1.21646 -0.0329674 0)
(1.21434 -0.0357883 0)
(1.21209 -0.0385401 0)
(1.20971 -0.0412199 0)
(1.2072 -0.0438245 0)
(1.20457 -0.0463503 0)
(1.20181 -0.0487935 0)
(1.19891 -0.0511499 0)
(1.19589 -0.0534149 0)
(1.19275 -0.0555835 0)
(1.18947 -0.0576504 0)
(1.18608 -0.0596099 0)
(1.18256 -0.0614556 0)
(1.17892 -0.0631811 0)
(1.17516 -0.0647794 0)
(1.17129 -0.0662435 0)
(1.16732 -0.067566 0)
(1.16325 -0.0687395 0)
(1.15909 -0.069757 0)
(1.15484 -0.0706116 0)
(1.15052 -0.0712968 0)
(1.14615 -0.071807 0)
(1.14172 -0.0721374 0)
(1.13726 -0.0722842 0)
(1.13278 -0.0722453 0)
(1.12829 -0.0720196 0)
(1.12382 -0.0716081 0)
(1.11937 -0.0710131 0)
(1.11497 -0.070239 0)
(1.11063 -0.0692919 0)
(1.10637 -0.0681797 0)
(1.1022 -0.0669119 0)
(1.09813 -0.0654995 0)
(1.22568 0.044815 0)
(1.22659 0.0411556 0)
(1.22736 0.0375111 0)
(1.228 0.0338844 0)
(1.22851 0.0302779 0)
(1.22888 0.0266942 0)
(1.22913 0.0231356 0)
(1.22924 0.0196045 0)
(1.22923 0.0161032 0)
(1.22909 0.0126338 0)
(1.22882 0.00919834 0)
(1.22843 0.00579891 0)
(1.2279 0.00243748 0)
(1.22725 -0.000884006 0)
(1.22648 -0.00416353 0)
(1.22557 -0.00739912 0)
(1.22454 -0.0105887 0)
(1.22339 -0.0137303 0)
(1.2221 -0.0168217 0)
(1.22069 -0.0198609 0)
(1.21916 -0.0228456 0)
(1.21749 -0.0257735 0)
(1.2157 -0.0286422 0)
(1.21379 -0.0314492 0)
(1.21174 -0.0341919 0)
(1.20957 -0.0368674 0)
(1.20727 -0.0394728 0)
(1.20484 -0.0420047 0)
(1.20229 -0.0444596 0)
(1.19961 -0.046834 0)
(1.1968 -0.0491235 0)
(1.19386 -0.0513238 0)
(1.1908 -0.0534302 0)
(1.18762 -0.0554375 0)
(1.18431 -0.0573401 0)
(1.18088 -0.0591323 0)
(1.17734 -0.0608077 0)
(1.17368 -0.0623601 0)
(1.16991 -0.0637827 0)
(1.16604 -0.0650686 0)
(1.16207 -0.0662113 0)
(1.15801 -0.0672039 0)
(1.15387 -0.0680402 0)
(1.14966 -0.0687143 0)
(1.14539 -0.0692209 0)
(1.14108 -0.0695556 0)
(1.13672 -0.0697152 0)
(1.13235 -0.0696974 0)
(1.12797 -0.0695015 0)
(1.12359 -0.0691282 0)
(1.11924 -0.0685797 0)
(1.11493 -0.0678601 0)
(1.11068 -0.066975 0)
(1.1065 -0.0659316 0)
(1.1024 -0.0647388 0)
(1.09839 -0.0634069 0)
(1.22149 0.043808 0)
(1.22244 0.0402925 0)
(1.22327 0.036788 0)
(1.22396 0.0332973 0)
(1.22452 0.0298231 0)
(1.22496 0.0263682 0)
(1.22526 0.022935 0)
(1.22544 0.019526 0)
(1.22549 0.0161436 0)
(1.22541 0.01279 0)
(1.22521 0.0094674 0)
(1.22488 0.00617805 0)
(1.22442 0.002924 0)
(1.22384 -0.000292651 0)
(1.22313 -0.00346988 0)
(1.22229 -0.00660556 0)
(1.22133 -0.00969758 0)
(1.22025 -0.0127438 0)
(1.21903 -0.0157421 0)
(1.21769 -0.0186903 0)
(1.21623 -0.021586 0)
(1.21464 -0.024427 0)
(1.21292 -0.0272108 0)
(1.21108 -0.0299349 0)
(1.20911 -0.0325966 0)
(1.20701 -0.0351931 0)
(1.20479 -0.0377213 0)
(1.20244 -0.040178 0)
(1.19997 -0.0425599 0)
(1.19737 -0.0448632 0)
(1.19464 -0.0470839 0)
(1.19179 -0.0492178 0)
(1.18881 -0.0512603 0)
(1.18572 -0.0532064 0)
(1.1825 -0.055051 0)
(1.17916 -0.0567884 0)
(1.17571 -0.0584129 0)
(1.17215 -0.0599184 0)
(1.16848 -0.0612988 0)
(1.16471 -0.0625476 0)
(1.16085 -0.0636586 0)
(1.15689 -0.0646258 0)
(1.15286 -0.0654432 0)
(1.14876 -0.0661054 0)
(1.14459 -0.0666077 0)
(1.14038 -0.066946 0)
(1.13614 -0.0671173 0)
(1.13187 -0.0671196 0)
(1.12759 -0.0669521 0)
(1.12331 -0.0666156 0)
(1.11906 -0.0661121 0)
(1.11484 -0.0654454 0)
(1.11067 -0.0646206 0)
(1.10657 -0.0636443 0)
(1.10254 -0.0625248 0)
(1.0986 -0.0612715 0)
(1.21733 0.042717 0)
(1.21833 0.0393485 0)
(1.2192 0.0359871 0)
(1.21994 0.0326357 0)
(1.22056 0.0292974 0)
(1.22105 0.0259747 0)
(1.22141 0.0226705 0)
(1.22164 0.0193871 0)
(1.22175 0.0161272 0)
(1.22174 0.0128931 0)
(1.22159 0.00968709 0)
(1.22133 0.00651149 0)
(1.22093 0.00336848 0)
(1.22041 0.000260258 0)
(1.21977 -0.00281106 0)
(1.219 -0.00584327 0)
(1.21811 -0.0088342 0)
(1.21709 -0.0117817 0)
(1.21595 -0.0146834 0)
(1.21468 -0.0175373 0)
(1.21329 -0.0203409 0)
(1.21177 -0.0230918 0)
(1.21013 -0.0257876 0)
(1.20836 -0.0284258 0)
(1.20646 -0.0310037 0)
(1.20444 -0.0335183 0)
(1.20229 -0.0359668 0)
(1.20002 -0.038346 0)
(1.19763 -0.0406524 0)
(1.19511 -0.0428826 0)
(1.19246 -0.0450325 0)
(1.18969 -0.0470981 0)
(1.1868 -0.0490751 0)
(1.18379 -0.0509586 0)
(1.18067 -0.0527437 0)
(1.17742 -0.0544253 0)
(1.17406 -0.0559977 0)
(1.1706 -0.0574555 0)
(1.16703 -0.0587928 0)
(1.16336 -0.0600037 0)
(1.15959 -0.0610825 0)
(1.15574 -0.0620235 0)
(1.15182 -0.0628213 0)
(1.14782 -0.063471 0)
(1.14376 -0.0639681 0)
(1.13966 -0.064309 0)
(1.13551 -0.064491 0)
(1.13135 -0.0645121 0)
(1.12717 -0.0643717 0)
(1.12299 -0.0640706 0)
(1.11883 -0.0636105 0)
(1.1147 -0.062995 0)
(1.11062 -0.0622286 0)
(1.10659 -0.0613176 0)
(1.10263 -0.0602696 0)
(1.09876 -0.0590931 0)
(1.2132 0.0415408 0)
(1.21424 0.0383221 0)
(1.21516 0.0351068 0)
(1.21595 0.031898 0)
(1.21661 0.0286988 0)
(1.21715 0.0255118 0)
(1.21757 0.0223399 0)
(1.21786 0.0191858 0)
(1.21802 0.016052 0)
(1.21806 0.012941 0)
(1.21798 0.00985529 0)
(1.21778 0.0067971 0)
(1.21745 0.00376879 0)
(1.21699 0.000772612 0)
(1.21641 -0.00218916 0)
(1.21571 -0.00511431 0)
(1.21488 -0.00800062 0)
(1.21393 -0.0108458 0)
(1.21286 -0.0136476 0)
(1.21166 -0.0164038 0)
(1.21034 -0.0191119 0)
(1.20889 -0.0217696 0)
(1.20732 -0.0243744 0)
(1.20562 -0.0269237 0)
(1.2038 -0.0294148 0)
(1.20185 -0.0318449 0)
(1.19978 -0.034211 0)
(1.19759 -0.0365101 0)
(1.19527 -0.0387387 0)
(1.19283 -0.0408935 0)
(1.19027 -0.0429706 0)
(1.18758 -0.0449661 0)
(1.18478 -0.0468758 0)
(1.18186 -0.0486951 0)
(1.17882 -0.0504195 0)
(1.17566 -0.0520439 0)
(1.1724 -0.0535633 0)
(1.16903 -0.0549724 0)
(1.16555 -0.0562657 0)
(1.16198 -0.0574379 0)
(1.15832 -0.0584836 0)
(1.15457 -0.0593977 0)
(1.15074 -0.0601751 0)
(1.14685 -0.0608114 0)
(1.1429 -0.0613024 0)
(1.1389 -0.061645 0)
(1.13486 -0.0618364 0)
(1.13079 -0.0618751 0)
(1.12671 -0.0617605 0)
(1.12263 -0.0614931 0)
(1.11857 -0.0610748 0)
(1.11453 -0.0605086 0)
(1.11053 -0.0597989 0)
(1.10657 -0.0589514 0)
(1.10269 -0.0579728 0)
(1.09888 -0.0568713 0)
(1.20908 0.0402784 0)
(1.21017 0.0372121 0)
(1.21112 0.0341457 0)
(1.21196 0.0310824 0)
(1.21267 0.0280253 0)
(1.21326 0.0249773 0)
(1.21373 0.0219412 0)
(1.21407 0.0189197 0)
(1.21429 0.0159156 0)
(1.21439 0.0129313 0)
(1.21437 0.00996942 0)
(1.21422 0.00703231 0)
(1.21395 0.00412235 0)
(1.21356 0.00124191 0)
(1.21305 -0.00160672 0)
(1.21241 -0.00442122 0)
(1.21165 -0.00719931 0)
(1.21076 -0.00993872 0)
(1.20976 -0.0126371 0)
(1.20863 -0.0152922 0)
(1.20737 -0.0179015 0)
(1.206 -0.0204627 0)
(1.2045 -0.0229733 0)
(1.20287 -0.0254306 0)
(1.20112 -0.027832 0)
(1.19925 -0.0301747 0)
(1.19726 -0.0324558 0)
(1.19514 -0.0346722 0)
(1.1929 -0.0368207 0)
(1.19054 -0.0388978 0)
(1.18806 -0.0409 0)
(1.18546 -0.0428234 0)
(1.18274 -0.0446641 0)
(1.1799 -0.0464176 0)
(1.17695 -0.0480797 0)
(1.17389 -0.0496457 0)
(1.17071 -0.0511108 0)
(1.16744 -0.05247 0)
(1.16406 -0.0537185 0)
(1.16058 -0.054851 0)
(1.15702 -0.0558628 0)
(1.15337 -0.0567491 0)
(1.14965 -0.0575052 0)
(1.14586 -0.0581271 0)
(1.14201 -0.0586111 0)
(1.13811 -0.0589541 0)
(1.13417 -0.0591538 0)
(1.1302 -0.0592088 0)
(1.12622 -0.0591184 0)
(1.12224 -0.0588832 0)
(1.11826 -0.0585049 0)
(1.11431 -0.0579863 0)
(1.11039 -0.0573313 0)
(1.10652 -0.0565452 0)
(1.1027 -0.0556343 0)
(1.09895 -0.0546058 0)
(1.205 0.0389295 0)
(1.20611 0.0360177 0)
(1.20711 0.0331026 0)
(1.20799 0.0301875 0)
(1.20874 0.0272754 0)
(1.20938 0.0243693 0)
(1.20989 0.0214721 0)
(1.21029 0.0185866 0)
(1.21056 0.0157155 0)
(1.21072 0.0128614 0)
(1.21075 0.0100269 0)
(1.21066 0.00721446 0)
(1.21045 0.00442648 0)
(1.21012 0.00166539 0)
(1.20967 -0.0010665 0)
(1.2091 -0.00376671 0)
(1.2084 -0.00643299 0)
(1.20758 -0.00906304 0)
(1.20664 -0.0116545 0)
(1.20558 -0.014205 0)
(1.20439 -0.0167122 0)
(1.20309 -0.0191736 0)
(1.20166 -0.0215867 0)
(1.20011 -0.0239489 0)
(1.19843 -0.0262576 0)
(1.19664 -0.0285101 0)
(1.19472 -0.0307034 0)
(1.19268 -0.0328345 0)
(1.19052 -0.0349003 0)
(1.18823 -0.0368975 0)
(1.18583 -0.0388226 0)
(1.18331 -0.0406719 0)
(1.18068 -0.0424416 0)
(1.17793 -0.0441277 0)
(1.17506 -0.045726 0)
(1.17209 -0.0472321 0)
(1.16901 -0.0486416 0)
(1.16583 -0.0499498 0)
(1.16254 -0.0511522 0)
(1.15916 -0.0522441 0)
(1.1557 -0.053221 0)
(1.15215 -0.0540784 0)
(1.14853 -0.0548123 0)
(1.14484 -0.0554187 0)
(1.14109 -0.0558945 0)
(1.13729 -0.0562368 0)
(1.13345 -0.0564435 0)
(1.12958 -0.0565132 0)
(1.1257 -0.0564454 0)
(1.12181 -0.0562408 0)
(1.11792 -0.0559007 0)
(1.11405 -0.0554277 0)
(1.11021 -0.0548255 0)
(1.10642 -0.0540988 0)
(1.10267 -0.0532534 0)
(1.09899 -0.0522961 0)
(1.20094 0.0374947 0)
(1.20208 0.0347391 0)
(1.20311 0.0319773 0)
(1.20403 0.0292125 0)
(1.20483 0.0264479 0)
(1.2055 0.0236865 0)
(1.20607 0.0209311 0)
(1.20651 0.0181846 0)
(1.20684 0.0154498 0)
(1.20704 0.0127292 0)
(1.20713 0.0100255 0)
(1.2071 0.00734115 0)
(1.20695 0.00467868 0)
(1.20668 0.00204052 0)
(1.20628 -0.000571063 0)
(1.20577 -0.00315346 0)
(1.20514 -0.00570438 0)
(1.20439 -0.00822153 0)
(1.20351 -0.0107025 0)
(1.20252 -0.0131451 0)
(1.2014 -0.0155467 0)
(1.20017 -0.0179049 0)
(1.19881 -0.0202173 0)
(1.19733 -0.0224813 0)
(1.19573 -0.0246943 0)
(1.194 -0.0268535 0)
(1.19216 -0.0289561 0)
(1.1902 -0.0309992 0)
(1.18811 -0.0329798 0)
(1.18591 -0.0348946 0)
(1.18359 -0.0367403 0)
(1.18115 -0.0385134 0)
(1.1786 -0.0402103 0)
(1.17594 -0.0418271 0)
(1.17316 -0.0433599 0)
(1.17028 -0.0448046 0)
(1.16729 -0.046157 0)
(1.16419 -0.047413 0)
(1.16101 -0.0485681 0)
(1.15772 -0.0496181 0)
(1.15435 -0.0505589 0)
(1.1509 -0.0513864 0)
(1.14738 -0.0520969 0)
(1.14379 -0.0526868 0)
(1.14014 -0.0531531 0)
(1.13644 -0.0534933 0)
(1.1327 -0.0537055 0)
(1.12893 -0.0537885 0)
(1.12514 -0.0537417 0)
(1.12134 -0.0535658 0)
(1.11754 -0.053262 0)
(1.11375 -0.0528328 0)
(1.10999 -0.0522813 0)
(1.10627 -0.051612 0)
(1.10259 -0.0508301 0)
(1.09897 -0.0499417 0)
(1.19692 0.0359752 0)
(1.19809 0.033377 0)
(1.19915 0.03077 0)
(1.2001 0.0281575 0)
(1.20093 0.0255426 0)
(1.20165 0.0229282 0)
(1.20226 0.0203173 0)
(1.20275 0.0177126 0)
(1.20312 0.0151169 0)
(1.20338 0.0125329 0)
(1.20352 0.0099632 0)
(1.20354 0.00741031 0)
(1.20344 0.00487677 0)
(1.20323 0.00236497 0)
(1.2029 -0.000122494 0)
(1.20245 -0.0025836 0)
(1.20188 -0.0050158 0)
(1.20119 -0.00741664 0)
(1.20038 -0.00978376 0)
(1.19945 -0.0121148 0)
(1.1984 -0.0144074 0)
(1.19724 -0.0166592 0)
(1.19595 -0.0188676 0)
(1.19454 -0.0210301 0)
(1.19301 -0.0231442 0)
(1.19136 -0.0252072 0)
(1.18959 -0.0272163 0)
(1.1877 -0.0291687 0)
(1.1857 -0.0310614 0)
(1.18357 -0.0328914 0)
(1.18133 -0.0346554 0)
(1.17898 -0.03635 0)
(1.17651 -0.037972 0)
(1.17393 -0.0395176 0)
(1.17124 -0.0409831 0)
(1.16845 -0.0423647 0)
(1.16555 -0.0436586 0)
(1.16254 -0.0448608 0)
(1.15945 -0.0459673 0)
(1.15626 -0.0469742 0)
(1.15299 -0.0478776 0)
(1.14963 -0.048674 0)
(1.1462 -0.0493597 0)
(1.14271 -0.0499317 0)
(1.13916 -0.0503872 0)
(1.13555 -0.050724 0)
(1.13191 -0.0509401 0)
(1.12823 -0.0510347 0)
(1.12453 -0.0510072 0)
(1.12082 -0.0508582 0)
(1.11711 -0.0505888 0)
(1.11341 -0.0502012 0)
(1.10973 -0.0496983 0)
(1.10608 -0.0490842 0)
(1.10247 -0.0483637 0)
(1.09891 -0.0475423 0)
(1.19296 0.0343725 0)
(1.19415 0.0319326 0)
(1.19524 0.0294816 0)
(1.19621 0.0270229 0)
(1.19708 0.0245594 0)
(1.19784 0.0220941 0)
(1.19848 0.0196299 0)
(1.19901 0.0171696 0)
(1.19943 0.0147158 0)
(1.19973 0.0122713 0)
(1.19992 0.00983862 0)
(1.2 0.00742031 0)
(1.19996 0.00501891 0)
(1.1998 0.00263679 0)
(1.19952 0.000276555 0)
(1.19913 -0.00205975 0)
(1.19862 -0.00436962 0)
(1.198 -0.00665061 0)
(1.19725 -0.00890038 0)
(1.19639 -0.0111166 0)
(1.1954 -0.0132968 0)
(1.1943 -0.0154387 0)
(1.19308 -0.0175399 0)
(1.19174 -0.0195978 0)
(1.19029 -0.0216099 0)
(1.18871 -0.0235736 0)
(1.18702 -0.0254862 0)
(1.1852 -0.0273451 0)
(1.18327 -0.0291472 0)
(1.18123 -0.0308898 0)
(1.17907 -0.0325696 0)
(1.1768 -0.0341836 0)
(1.17441 -0.0357285 0)
(1.17191 -0.0372008 0)
(1.16931 -0.0385972 0)
(1.1666 -0.039914 0)
(1.16379 -0.0411476 0)
(1.16088 -0.0422945 0)
(1.15787 -0.0433509 0)
(1.15478 -0.0443132 0)
(1.1516 -0.0451779 0)
(1.14834 -0.0459417 0)
(1.14501 -0.0466013 0)
(1.14161 -0.047154 0)
(1.13815 -0.0475972 0)
(1.13464 -0.0479289 0)
(1.13109 -0.0481474 0)
(1.12751 -0.0482519 0)
(1.1239 -0.0482419 0)
(1.12028 -0.0481178 0)
(1.11665 -0.0478807 0)
(1.11303 -0.0475326 0)
(1.10942 -0.0470763 0)
(1.10585 -0.0465152 0)
(1.1023 -0.0458538 0)
(1.09881 -0.0450972 0)
(1.18906 0.0326887 0)
(1.19028 0.0304073 0)
(1.19138 0.0281132 0)
(1.19239 0.0258094 0)
(1.19328 0.0234989 0)
(1.19407 0.0211845 0)
(1.19475 0.018869 0)
(1.19532 0.0165553 0)
(1.19578 0.0142459 0)
(1.19613 0.0119435 0)
(1.19636 0.00965064 0)
(1.19649 0.00736988 0)
(1.19649 0.00510365 0)
(1.19639 0.0028544 0)
(1.19617 0.000624398 0)
(1.19584 -0.00158376 0)
(1.19539 -0.00376781 0)
(1.19482 -0.0059255 0)
(1.19413 -0.00805448 0)
(1.19333 -0.0101524 0)
(1.19242 -0.0122169 0)
(1.19138 -0.0142456 0)
(1.19023 -0.0162362 0)
(1.18896 -0.0181862 0)
(1.18757 -0.0200932 0)
(1.18607 -0.0219546 0)
(1.18444 -0.0237678 0)
(1.18271 -0.0255303 0)
(1.18085 -0.0272391 0)
(1.17889 -0.0288916 0)
(1.1768 -0.0304848 0)
(1.17461 -0.0320157 0)
(1.1723 -0.0334813 0)
(1.16989 -0.0348783 0)
(1.16737 -0.0362035 0)
(1.16475 -0.0374536 0)
(1.16202 -0.0386252 0)
(1.1592 -0.0397151 0)
(1.15629 -0.0407197 0)
(1.15328 -0.0416359 0)
(1.15019 -0.0424603 0)
(1.14703 -0.04319 0)
(1.14379 -0.0438221 0)
(1.14048 -0.0443539 0)
(1.13712 -0.0447832 0)
(1.1337 -0.0451082 0)
(1.13024 -0.0453273 0)
(1.12675 -0.0454398 0)
(1.12323 -0.0454453 0)
(1.11969 -0.0453441 0)
(1.11615 -0.0451374 0)
(1.11261 -0.0448267 0)
(1.10908 -0.0444146 0)
(1.10557 -0.0439044 0)
(1.10209 -0.0432999 0)
(1.09866 -0.0426059 0)
(1.18526 0.0309258 0)
(1.18648 0.0288031 0)
(1.18761 0.0266663 0)
(1.18863 0.0245182 0)
(1.18955 0.0223617 0)
(1.19037 0.0201996 0)
(1.19108 0.0180347 0)
(1.19169 0.0158695 0)
(1.19218 0.0137067 0)
(1.19257 0.0115489 0)
(1.19285 0.00939853 0)
(1.19302 0.00725809 0)
(1.19308 0.00512998 0)
(1.19302 0.0030166 0)
(1.19286 0.00092029 0)
(1.19258 -0.00115658 0)
(1.19218 -0.00321173 0)
(1.19167 -0.00524288 0)
(1.19105 -0.00724773 0)
(1.19031 -0.00922401 0)
(1.18945 -0.0111694 0)
(1.18848 -0.0130817 0)
(1.1874 -0.0149584 0)
(1.18619 -0.0167974 0)
(1.18487 -0.018596 0)
(1.18344 -0.020352 0)
(1.18189 -0.0220629 0)
(1.18022 -0.023726 0)
(1.17844 -0.0253387 0)
(1.17655 -0.0268985 0)
(1.17455 -0.0284025 0)
(1.17243 -0.0298479 0)
(1.17021 -0.0312317 0)
(1.16787 -0.0325512 0)
(1.16544 -0.0338031 0)
(1.1629 -0.0349845 0)
(1.16026 -0.0360922 0)
(1.15752 -0.0371232 0)
(1.1547 -0.0380744 0)
(1.15178 -0.0389427 0)
(1.14878 -0.0397252 0)
(1.1457 -0.0404192 0)
(1.14256 -0.041022 0)
(1.13934 -0.0415313 0)
(1.13607 -0.041945 0)
(1.13274 -0.0422615 0)
(1.12937 -0.0424795 0)
(1.12596 -0.0425981 0)
(1.12253 -0.0426171 0)
(1.11907 -0.0425368 0)
(1.11561 -0.0423582 0)
(1.11215 -0.0420827 0)
(1.10869 -0.0417127 0)
(1.10525 -0.041251 0)
(1.10184 -0.0407012 0)
(1.09846 -0.0400675 0)
(1.18155 0.029086 0)
(1.18279 0.0271217 0)
(1.18393 0.0251423 0)
(1.18497 0.0231504 0)
(1.18591 0.0211489 0)
(1.18675 0.0191404 0)
(1.18749 0.0171274 0)
(1.18813 0.0151126 0)
(1.18866 0.0130984 0)
(1.18909 0.0110874 0)
(1.18941 0.0090819 0)
(1.18962 0.00708438 0)
(1.18972 0.00509717 0)
(1.18972 0.00312258 0)
(1.1896 0.00116292 0)
(1.18937 -0.000779579 0)
(1.18903 -0.0027026 0)
(1.18858 -0.00460393 0)
(1.18801 -0.00648139 0)
(1.18733 -0.00833276 0)
(1.18653 -0.0101558 0)
(1.18562 -0.0119483 0)
(1.1846 -0.013708 0)
(1.18346 -0.0154326 0)
(1.18221 -0.0171198 0)
(1.18084 -0.0187672 0)
(1.17936 -0.0203726 0)
(1.17777 -0.0219334 0)
(1.17606 -0.0234473 0)
(1.17424 -0.0249115 0)
(1.17231 -0.0263237 0)
(1.17027 -0.027681 0)
(1.16813 -0.0289808 0)
(1.16587 -0.0302203 0)
(1.16352 -0.0313968 0)
(1.16106 -0.0325074 0)
(1.1585 -0.0335492 0)
(1.15585 -0.0345194 0)
(1.15311 -0.0354152 0)
(1.15028 -0.0362339 0)
(1.14737 -0.0369727 0)
(1.14438 -0.0376292 0)
(1.14132 -0.038201 0)
(1.13819 -0.0386859 0)
(1.135 -0.0390823 0)
(1.13176 -0.0393884 0)
(1.12848 -0.0396032 0)
(1.12516 -0.039726 0)
(1.12181 -0.0397564 0)
(1.11843 -0.0396949 0)
(1.11505 -0.0395422 0)
(1.11166 -0.0392997 0)
(1.10827 -0.0389695 0)
(1.1049 -0.038554 0)
(1.10155 -0.0380566 0)
(1.09823 -0.0374811 0)
(1.17797 0.0271714 0)
(1.17921 0.025365 0)
(1.18036 0.0235429 0)
(1.18142 0.0217076 0)
(1.18238 0.0198616 0)
(1.18324 0.0180076 0)
(1.18401 0.0161478 0)
(1.18467 0.0142849 0)
(1.18524 0.0124211 0)
(1.1857 0.010559 0)
(1.18605 0.00870065 0)
(1.1863 0.00684852 0)
(1.18645 0.00500483 0)
(1.18649 0.0031718 0)
(1.18642 0.00135167 0)
(1.18624 -0.000453431 0)
(1.18595 -0.00224122 0)
(1.18555 -0.00400959 0)
(1.18503 -0.00575644 0)
(1.18441 -0.00747964 0)
(1.18367 -0.00917704 0)
(1.18282 -0.0108465 0)
(1.18186 -0.0124858 0)
(1.18079 -0.0140928 0)
(1.1796 -0.0156654 0)
(1.1783 -0.0172012 0)
(1.17688 -0.0186981 0)
(1.17536 -0.0201536 0)
(1.17372 -0.0215656 0)
(1.17197 -0.0229316 0)
(1.17011 -0.0242491 0)
(1.16815 -0.0255157 0)
(1.16608 -0.026729 0)
(1.1639 -0.0278862 0)
(1.16162 -0.0289849 0)
(1.15924 -0.0300224 0)
(1.15677 -0.0309962 0)
(1.1542 -0.0319036 0)
(1.15154 -0.032742 0)
(1.14879 -0.0335091 0)
(1.14596 -0.0342023 0)
(1.14306 -0.0348194 0)
(1.14008 -0.0353582 0)
(1.13704 -0.035817 0)
(1.13394 -0.036194 0)
(1.13078 -0.0364878 0)
(1.12758 -0.0366975 0)
(1.12434 -0.0368223 0)
(1.12107 -0.0368622 0)
(1.11777 -0.0368172 0)
(1.11446 -0.0366882 0)
(1.11114 -0.0364765 0)
(1.10783 -0.0361837 0)
(1.10452 -0.0358122 0)
(1.10123 -0.035365 0)
(1.09797 -0.0348453 0)
(1.17453 0.0251839 0)
(1.17578 0.0235349 0)
(1.17693 0.0218697 0)
(1.178 0.020191 0)
(1.17898 0.0185011 0)
(1.17986 0.0168023 0)
(1.18064 0.0150969 0)
(1.18133 0.0133872 0)
(1.18193 0.0116755 0)
(1.18242 0.00996403 0)
(1.18281 0.008255 0)
(1.1831 0.00655057 0)
(1.18328 0.00485292 0)
(1.18336 0.00316414 0)
(1.18333 0.00148638 0)
(1.1832 -0.000178326 0)
(1.18295 -0.00182797 0)
(1.1826 -0.00346034 0)
(1.18214 -0.00507341 0)
(1.18157 -0.00666519 0)
(1.18089 -0.00823368 0)
(1.1801 -0.00977681 0)
(1.17919 -0.0112925 0)
(1.17818 -0.0127787 0)
(1.17705 -0.0142334 0)
(1.17581 -0.0156544 0)
(1.17446 -0.0170396 0)
(1.173 -0.0183869 0)
(1.17143 -0.019694 0)
(1.16975 -0.0209588 0)
(1.16797 -0.022179 0)
(1.16607 -0.0233522 0)
(1.16407 -0.0244762 0)
(1.16197 -0.0255487 0)
(1.15977 -0.0265671 0)
(1.15746 -0.0275293 0)
(1.15506 -0.0284327 0)
(1.15257 -0.0292751 0)
(1.14999 -0.0300541 0)
(1.14733 -0.0307674 0)
(1.14458 -0.031413 0)
(1.14175 -0.0319887 0)
(1.13886 -0.0324927 0)
(1.1359 -0.0329232 0)
(1.13287 -0.0332789 0)
(1.1298 -0.0335584 0)
(1.12668 -0.0337608 0)
(1.12351 -0.0338857 0)
(1.12032 -0.0339327 0)
(1.1171 -0.0339021 0)
(1.11386 -0.0337946 0)
(1.11061 -0.0336113 0)
(1.10736 -0.0333537 0)
(1.10411 -0.033024 0)
(1.10088 -0.0326246 0)
(1.09768 -0.0321586 0)
(1.17126 0.0231254 0)
(1.1725 0.0216328 0)
(1.17366 0.0201243 0)
(1.17474 0.0186022 0)
(1.17572 0.0170686 0)
(1.17662 0.0155256 0)
(1.17743 0.0139755 0)
(1.17814 0.0124203 0)
(1.17875 0.0108622 0)
(1.17927 0.00930323 0)
(1.1797 0.00774546 0)
(1.18002 0.00619096 0)
(1.18024 0.00464172 0)
(1.18035 0.0030998 0)
(1.18037 0.00156709 0)
(1.18027 4.57258e-05 0)
(1.18008 -0.00146259 0)
(1.17977 -0.00295593 0)
(1.17936 -0.00443219 0)
(1.17884 -0.00588942 0)
(1.17821 -0.00732575 0)
(1.17747 -0.00873929 0)
(1.17662 -0.0101281 0)
(1.17566 -0.0114903 0)
(1.17459 -0.0128238 0)
(1.17341 -0.0141268 0)
(1.17213 -0.0153972 0)
(1.17073 -0.016633 0)
(1.16922 -0.0178323 0)
(1.16761 -0.0189929 0)
(1.16589 -0.0201128 0)
(1.16406 -0.0211898 0)
(1.16213 -0.0222219 0)
(1.1601 -0.0232069 0)
(1.15797 -0.0241426 0)
(1.15574 -0.025027 0)
(1.15341 -0.0258577 0)
(1.15099 -0.0266328 0)
(1.14849 -0.0273501 0)
(1.1459 -0.0280076 0)
(1.14323 -0.0286033 0)
(1.14048 -0.0291356 0)
(1.13766 -0.0296026 0)
(1.13478 -0.0300028 0)
(1.13183 -0.030335 0)
(1.12883 -0.030598 0)
(1.12578 -0.0307912 0)
(1.12269 -0.0309138 0)
(1.11957 -0.0309658 0)
(1.11642 -0.0309475 0)
(1.11325 -0.0308592 0)
(1.11007 -0.0307021 0)
(1.10688 -0.0304774 0)
(1.10369 -0.0301872 0)
(1.10052 -0.0298335 0)
(1.09736 -0.029419 0)
(1.16817 0.0209971 0)
(1.16941 0.0196602 0)
(1.17057 0.0183079 0)
(1.17165 0.0169422 0)
(1.17265 0.0155652 0)
(1.17356 0.0141787 0)
(1.17438 0.0127847 0)
(1.17511 0.0113853 0)
(1.17575 0.00998216 0)
(1.17629 0.00857739 0)
(1.17674 0.00717284 0)
(1.17709 0.00577042 0)
(1.17734 0.00437195 0)
(1.17749 0.00297938 0)
(1.17755 0.00159443 0)
(1.17749 0.000219032 0)
(1.17734 -0.00114501 0)
(1.17707 -0.00249607 0)
(1.17671 -0.00383227 0)
(1.17623 -0.00515173 0)
(1.17565 -0.00645266 0)
(1.17496 -0.00773332 0)
(1.17417 -0.00899194 0)
(1.17326 -0.0102267 0)
(1.17225 -0.0114358 0)
(1.17112 -0.0126175 0)
(1.16989 -0.0137699 0)
(1.16855 -0.0148911 0)
(1.16711 -0.0159794 0)
(1.16556 -0.0170328 0)
(1.1639 -0.0180494 0)
(1.16214 -0.0190274 0)
(1.16027 -0.0199647 0)
(1.1583 -0.0208595 0)
(1.15624 -0.0217098 0)
(1.15408 -0.0225138 0)
(1.15182 -0.0232693 0)
(1.14947 -0.0239747 0)
(1.14704 -0.0246279 0)
(1.14452 -0.0252272 0)
(1.14192 -0.025771 0)
(1.13925 -0.0262575 0)
(1.1365 -0.0266853 0)
(1.13369 -0.0270531 0)
(1.13081 -0.0273597 0)
(1.12789 -0.0276042 0)
(1.12491 -0.0277857 0)
(1.12189 -0.027904 0)
(1.11883 -0.0279589 0)
(1.11575 -0.0279504 0)
(1.11264 -0.0278792 0)
(1.10952 -0.027746 0)
(1.10639 -0.0275522 0)
(1.10326 -0.0272992 0)
(1.10014 -0.026989 0)
(1.09704 -0.026624 0)
(1.16529 0.0187998 0)
(1.16653 0.0176179 0)
(1.16769 0.0164215 0)
(1.16877 0.0152123 0)
(1.16978 0.0139921 0)
(1.1707 0.0127627 0)
(1.17153 0.0115258 0)
(1.17228 0.0102832 0)
(1.17293 0.00903655 0)
(1.1735 0.00778768 0)
(1.17397 0.00653829 0)
(1.17435 0.00529008 0)
(1.17463 0.00404478 0)
(1.17481 0.00280403 0)
(1.1749 0.00156959 0)
(1.17488 0.000342981 0)
(1.17476 -0.000874013 0)
(1.17454 -0.0020797 0)
(1.17421 -0.00327255 0)
(1.17378 -0.00445093 0)
(1.17324 -0.00561315 0)
(1.1726 -0.00675759 0)
(1.17185 -0.00788262 0)
(1.171 -0.00898663 0)
(1.17003 -0.010068 0)
(1.16896 -0.011125 0)
(1.16778 -0.012156 0)
(1.1665 -0.0131594 0)
(1.16511 -0.0141334 0)
(1.16362 -0.0150764 0)
(1.16202 -0.0159867 0)
(1.16031 -0.0168626 0)
(1.15851 -0.0177023 0)
(1.15661 -0.0185041 0)
(1.1546 -0.0192662 0)
(1.15251 -0.019987 0)
(1.15031 -0.0206648 0)
(1.14803 -0.0212979 0)
(1.14566 -0.0218846 0)
(1.14321 -0.0224234 0)
(1.14068 -0.0229128 0)
(1.13807 -0.0233513 0)
(1.13539 -0.0237377 0)
(1.13265 -0.0240708 0)
(1.12984 -0.0243496 0)
(1.12698 -0.0245732 0)
(1.12407 -0.0247411 0)
(1.12111 -0.0248528 0)
(1.11812 -0.0249083 0)
(1.1151 -0.0249076 0)
(1.11205 -0.0248512 0)
(1.10899 -0.0247399 0)
(1.10591 -0.0245746 0)
(1.10284 -0.0243568 0)
(1.09976 -0.0240881 0)
(1.0967 -0.0237706 0)
(1.16264 0.0165335 0)
(1.16388 0.0155061 0)
(1.16504 0.0144653 0)
(1.16613 0.0134128 0)
(1.16713 0.0123499 0)
(1.16806 0.0112783 0)
(1.16891 0.0101995 0)
(1.16967 0.00911502 0)
(1.17034 0.00802644 0)
(1.17092 0.00693527 0)
(1.17142 0.00584306 0)
(1.17182 0.00475131 0)
(1.17212 0.00366158 0)
(1.17233 0.00257533 0)
(1.17245 0.0014941 0)
(1.17246 0.000419359 0)
(1.17238 -0.000647401 0)
(1.17219 -0.00170468 0)
(1.1719 -0.00275104 0)
(1.17151 -0.00378501 0)
(1.17101 -0.00480514 0)
(1.17041 -0.00580994 0)
(1.16971 -0.00679795 0)
(1.1689 -0.00776772 0)
(1.16798 -0.0087178 0)
(1.16696 -0.0096467 0)
(1.16583 -0.010553 0)
(1.16459 -0.0114351 0)
(1.16326 -0.0122916 0)
(1.16181 -0.013121 0)
(1.16027 -0.0139217 0)
(1.15862 -0.0146923 0)
(1.15687 -0.0154313 0)
(1.15502 -0.0161371 0)
(1.15308 -0.0168082 0)
(1.15104 -0.0174432 0)
(1.14891 -0.0180404 0)
(1.14669 -0.0185986 0)
(1.14438 -0.0191163 0)
(1.14199 -0.019592 0)
(1.13952 -0.0200246 0)
(1.13697 -0.0204127 0)
(1.13435 -0.0207553 0)
(1.13167 -0.0210514 0)
(1.12892 -0.0213001 0)
(1.12612 -0.0215007 0)
(1.12327 -0.0216527 0)
(1.12037 -0.0217557 0)
(1.11744 -0.0218096 0)
(1.11447 -0.0218146 0)
(1.11148 -0.0217709 0)
(1.10847 -0.0216793 0)
(1.10545 -0.0215406 0)
(1.10242 -0.021356 0)
(1.09939 -0.021127 0)
(1.09637 -0.0208552 0)
(1.16027 0.014198 0)
(1.1615 0.013325 0)
(1.16266 0.01244 0)
(1.16374 0.0115444 0)
(1.16475 0.0106395 0)
(1.16569 0.00972663 0)
(1.16654 0.00880711 0)
(1.16731 0.00788226 0)
(1.168 0.00695341 0)
(1.1686 0.00602188 0)
(1.16911 0.00508901 0)
(1.16953 0.0041561 0)
(1.16986 0.0032245 0)
(1.17009 0.0022955 0)
(1.17023 0.00137041 0)
(1.17027 0.000450531 0)
(1.17022 -0.000462846 0)
(1.17006 -0.00136843 0)
(1.16981 -0.00226492 0)
(1.16945 -0.00315106 0)
(1.16899 -0.00402558 0)
(1.16843 -0.00488719 0)
(1.16776 -0.00573461 0)
(1.16699 -0.00656657 0)
(1.16611 -0.0073818 0)
(1.16513 -0.00817903 0)
(1.16405 -0.00895697 0)
(1.16286 -0.00971433 0)
(1.16157 -0.0104498 0)
(1.16017 -0.0111622 0)
(1.15868 -0.0118501 0)
(1.15708 -0.0125122 0)
(1.15538 -0.0131473 0)
(1.15358 -0.013754 0)
(1.15169 -0.014331 0)
(1.1497 -0.0148772 0)
(1.14763 -0.0153911 0)
(1.14546 -0.0158716 0)
(1.1432 -0.0163175 0)
(1.14087 -0.0167276 0)
(1.13845 -0.0171008 0)
(1.13596 -0.0174362 0)
(1.1334 -0.0177326 0)
(1.13077 -0.0179894 0)
(1.12808 -0.0182058 0)
(1.12533 -0.0183811 0)
(1.12254 -0.018515 0)
(1.11969 -0.0186071 0)
(1.11681 -0.0186574 0)
(1.11389 -0.018666 0)
(1.11095 -0.0186331 0)
(1.10799 -0.0185592 0)
(1.10501 -0.0184453 0)
(1.10202 -0.0182921 0)
(1.09904 -0.0181009 0)
(1.09606 -0.0178732 0)
(1.15819 0.0117913 0)
(1.15941 0.0110728 0)
(1.16057 0.0103442 0)
(1.16165 0.00960643 0)
(1.16267 0.0088606 0)
(1.1636 0.00810782 0)
(1.16446 0.00734916 0)
(1.16524 0.00658575 0)
(1.16594 0.00581867 0)
(1.16655 0.00504904 0)
(1.16708 0.00427797 0)
(1.16752 0.00350656 0)
(1.16786 0.00273592 0)
(1.16812 0.00196714 0)
(1.16828 0.00120134 0)
(1.16835 0.000439584 0)
(1.16832 -0.000317015 0)
(1.16819 -0.0010674 0)
(1.16796 -0.00181048 0)
(1.16764 -0.00254517 0)
(1.16721 -0.0032704 0)
(1.16668 -0.00398509 0)
(1.16604 -0.00468817 0)
(1.16531 -0.00537856 0)
(1.16447 -0.0060552 0)
(1.16353 -0.00671701 0)
(1.16248 -0.00736293 0)
(1.16133 -0.00799187 0)
(1.16008 -0.00860275 0)
(1.15873 -0.00919451 0)
(1.15727 -0.00976604 0)
(1.15571 -0.0103163 0)
(1.15406 -0.0108441 0)
(1.15231 -0.0113485 0)
(1.15046 -0.0118284 0)
(1.14852 -0.0122827 0)
(1.14649 -0.0127103 0)
(1.14437 -0.0131103 0)
(1.14216 -0.0134817 0)
(1.13987 -0.0138235 0)
(1.13751 -0.0141348 0)
(1.13506 -0.0144148 0)
(1.13255 -0.0146627 0)
(1.12997 -0.0148778 0)
(1.12733 -0.0150596 0)
(1.12463 -0.0152075 0)
(1.12188 -0.0153211 0)
(1.11908 -0.0154004 0)
(1.11624 -0.015445 0)
(1.11337 -0.0154553 0)
(1.11047 -0.0154313 0)
(1.10755 -0.0153735 0)
(1.10461 -0.0152825 0)
(1.10166 -0.0151591 0)
(1.09871 -0.0150043 0)
(1.09577 -0.0148193 0)
(1.15644 0.00931039 0)
(1.15766 0.00874741 0)
(1.15881 0.00817618 0)
(1.1599 0.00759755 0)
(1.16091 0.00701235 0)
(1.16185 0.00642145 0)
(1.16272 0.0058257 0)
(1.1635 0.00522596 0)
(1.16421 0.00462313 0)
(1.16483 0.00401806 0)
(1.16537 0.00341163 0)
(1.16582 0.00280473 0)
(1.16618 0.00219824 0)
(1.16646 0.00159302 0)
(1.16664 0.00098995 0)
(1.16672 0.0003899 0)
(1.16671 -0.000206261 0)
(1.16661 -0.00079767 0)
(1.1664 -0.00138347 0)
(1.1661 -0.00196278 0)
(1.1657 -0.00253475 0)
(1.1652 -0.00309853 0)
(1.16459 -0.00365325 0)
(1.16388 -0.00419806 0)
(1.16308 -0.00473211 0)
(1.16216 -0.00525454 0)
(1.16115 -0.0057645 0)
(1.16003 -0.00626114 0)
(1.15882 -0.00674358 0)
(1.1575 -0.00721099 0)
(1.15608 -0.00766249 0)
(1.15456 -0.00809724 0)
(1.15294 -0.00851438 0)
(1.15123 -0.00891305 0)
(1.14942 -0.00929242 0)
(1.14752 -0.00965166 0)
(1.14552 -0.00998994 0)
(1.14344 -0.0103065 0)
(1.14128 -0.0106005 0)
(1.13903 -0.0108712 0)
(1.1367 -0.011118 0)
(1.1343 -0.0113401 0)
(1.13183 -0.011537 0)
(1.12929 -0.0117081 0)
(1.12668 -0.0118531 0)
(1.12402 -0.0119714 0)
(1.12131 -0.0120628 0)
(1.11855 -0.0121271 0)
(1.11576 -0.0121643 0)
(1.11292 -0.0121745 0)
(1.11006 -0.0121577 0)
(1.10717 -0.0121144 0)
(1.10426 -0.012045 0)
(1.10135 -0.0119501 0)
(1.09843 -0.0118305 0)
(1.09551 -0.0116871 0)
(1.15507 0.00675667 0)
(1.15628 0.00635059 0)
(1.15743 0.00593843 0)
(1.15851 0.00552079 0)
(1.15953 0.00509827 0)
(1.16047 0.00467149 0)
(1.16134 0.00424108 0)
(1.16213 0.00380767 0)
(1.16284 0.00337189 0)
(1.16347 0.00293437 0)
(1.16402 0.00249575 0)
(1.16448 0.00205668 0)
(1.16485 0.0016178 0)
(1.16514 0.00117973 0)
(1.16533 0.000743132 0)
(1.16543 0.000308625 0)
(1.16544 -0.000123149 0)
(1.16535 -0.000551579 0)
(1.16517 -0.000976035 0)
(1.16489 -0.00139587 0)
(1.1645 -0.00181045 0)
(1.16402 -0.00221914 0)
(1.16344 -0.00262133 0)
(1.16276 -0.00301639 0)
(1.16197 -0.00340368 0)
(1.16108 -0.0037826 0)
(1.1601 -0.00415251 0)
(1.15901 -0.0045128 0)
(1.15781 -0.00486284 0)
(1.15652 -0.005202 0)
(1.15513 -0.00552966 0)
(1.15364 -0.00584519 0)
(1.15205 -0.00614799 0)
(1.15037 -0.00643743 0)
(1.14859 -0.0067129 0)
(1.14672 -0.0069738 0)
(1.14475 -0.00721954 0)
(1.1427 -0.00744954 0)
(1.14057 -0.00766325 0)
(1.13835 -0.00786013 0)
(1.13606 -0.00803968 0)
(1.13369 -0.00820142 0)
(1.13125 -0.00834492 0)
(1.12874 -0.0084698 0)
(1.12617 -0.00857573 0)
(1.12354 -0.00866242 0)
(1.12086 -0.00872969 0)
(1.11813 -0.00877741 0)
(1.11536 -0.00880551 0)
(1.11256 -0.00881406 0)
(1.10972 -0.00880317 0)
(1.10686 -0.00877309 0)
(1.10398 -0.00872414 0)
(1.10109 -0.00865676 0)
(1.0982 -0.00857149 0)
(1.0953 -0.00846898 0)
(1.1541 0.00410833 0)
(1.15531 0.00386257 0)
(1.15646 0.00361303 0)
(1.15754 0.00336008 0)
(1.15855 0.00310407 0)
(1.1595 0.00284539 0)
(1.16037 0.00258442 0)
(1.16116 0.00232154 0)
(1.16188 0.00205713 0)
(1.16251 0.00179159 0)
(1.16307 0.00152531 0)
(1.16354 0.00125867 0)
(1.16392 0.000992073 0)
(1.16421 0.000725909 0)
(1.16442 0.000460571 0)
(1.16453 0.000196445 0)
(1.16455 -6.60743e-05 0)
(1.16447 -0.00032662 0)
(1.1643 -0.000584802 0)
(1.16403 -0.000840221 0)
(1.16366 -0.00109248 0)
(1.1632 -0.0013412 0)
(1.16263 -0.001586 0)
(1.16196 -0.00182648 0)
(1.16119 -0.00206228 0)
(1.16032 -0.002293 0)
(1.15935 -0.00251826 0)
(1.15828 -0.00273769 0)
(1.15711 -0.0029509 0)
(1.15584 -0.0031575 0)
(1.15446 -0.00335712 0)
(1.15299 -0.00354938 0)
(1.15142 -0.00373389 0)
(1.14976 -0.00391029 0)
(1.148 -0.00407819 0)
(1.14615 -0.00423724 0)
(1.14421 -0.00438708 0)
(1.14218 -0.00452735 0)
(1.14007 -0.00465771 0)
(1.13788 -0.00477785 0)
(1.1356 -0.00488745 0)
(1.13326 -0.00498623 0)
(1.13084 -0.00507393 0)
(1.12835 -0.00515031 0)
(1.1258 -0.00521517 0)
(1.1232 -0.00526836 0)
(1.12054 -0.00530974 0)
(1.11783 -0.00533924 0)
(1.11509 -0.00535683 0)
(1.1123 -0.00536254 0)
(1.10948 -0.00535644 0)
(1.10664 -0.00533867 0)
(1.10378 -0.00530944 0)
(1.10091 -0.005269 0)
(1.09803 -0.00521769 0)
(1.09515 -0.00515589 0)
(1.15359 0.00139605 0)
(1.1548 0.00131237 0)
(1.15595 0.0012275 0)
(1.15703 0.00114156 0)
(1.15804 0.00105465 0)
(1.15899 0.000966907 0)
(1.15986 0.00087844 0)
(1.16065 0.000789376 0)
(1.16137 0.000699842 0)
(1.16201 0.000609964 0)
(1.16257 0.000519869 0)
(1.16304 0.000429686 0)
(1.16343 0.000339544 0)
(1.16373 0.00024957 0)
(1.16394 0.000159893 0)
(1.16405 7.06407e-05 0)
(1.16408 -1.80614e-05 0)
(1.16401 -0.000106067 0)
(1.16384 -0.00019325 0)
(1.16358 -0.000279487 0)
(1.16322 -0.000364647 0)
(1.16276 -0.000448604 0)
(1.1622 -0.000531228 0)
(1.16154 -0.000612393 0)
(1.16078 -0.000691969 0)
(1.15992 -0.000769827 0)
(1.15896 -0.000845842 0)
(1.1579 -0.000919883 0)
(1.15674 -0.000991822 0)
(1.15547 -0.00106153 0)
(1.15411 -0.00112888 0)
(1.15265 -0.00119375 0)
(1.15109 -0.001256 0)
(1.14944 -0.00131552 0)
(1.14769 -0.00137217 0)
(1.14585 -0.00142584 0)
(1.14393 -0.0014764 0)
(1.14191 -0.00152373 0)
(1.13981 -0.00156773 0)
(1.13763 -0.00160828 0)
(1.13536 -0.00164529 0)
(1.13303 -0.00167864 0)
(1.13062 -0.00170827 0)
(1.12815 -0.00173408 0)
(1.12561 -0.00175602 0)
(1.12302 -0.00177402 0)
(1.12037 -0.00178805 0)
(1.11768 -0.00179808 0)
(1.11494 -0.0018041 0)
(1.11216 -0.00180612 0)
(1.10936 -0.00180416 0)
(1.10653 -0.00179828 0)
(1.10368 -0.00178853 0)
(1.10081 -0.00177502 0)
(1.09794 -0.00175784 0)
(1.09507 -0.00173713 0)
)
;

boundaryField
{
    inlet
    {
        type            uniformFixedValue;
        uniformValue    constant (1 0 0);
        value           nonuniform 0();
    }
    outlet
    {
        type            pressureInletOutletVelocity;
        value           nonuniform 0();
    }
    cylinder
    {
        type            fixedValue;
        value           nonuniform 0();
    }
    top
    {
        type            symmetryPlane;
    }
    bottom
    {
        type            symmetryPlane;
    }
    defaultFaces
    {
        type            empty;
    }
    procBoundary14to10
    {
        type            processor;
        value           nonuniform List<vector> 
57
(
(1.16291 -0.0640697 0)
(1.16038 -0.0670796 0)
(1.15785 -0.0700082 0)
(1.15529 -0.0728517 0)
(1.15271 -0.0756053 0)
(1.15008 -0.0782629 0)
(1.14739 -0.0808169 0)
(1.14464 -0.0832586 0)
(1.1418 -0.0855774 0)
(1.13888 -0.0877615 0)
(1.13586 -0.0897973 0)
(1.13272 -0.0916702 0)
(1.12948 -0.0933643 0)
(1.12612 -0.0948629 0)
(1.12265 -0.0961492 0)
(1.11906 -0.0972064 0)
(1.11536 -0.0980183 0)
(1.11157 -0.0985702 0)
(1.10769 -0.0988493 0)
(1.10375 -0.0988455 0)
(1.09975 -0.0985518 0)
(1.09573 -0.0979649 0)
(1.09171 -0.0970853 0)
(1.0877 -0.095918 0)
(1.08375 -0.0944721 0)
(1.07986 -0.0927609 0)
(1.07607 -0.0908015 0)
(1.0724 -0.0886144 0)
(1.06886 -0.0862231 0)
(1.25368 0.0484561 0)
(1.25183 0.0433009 0)
(1.24981 0.0382206 0)
(1.24764 0.0332146 0)
(1.24532 0.0282869 0)
(1.24289 0.0234366 0)
(1.24035 0.0186714 0)
(1.23771 0.0139931 0)
(1.23501 0.0094096 0)
(1.23224 0.00491396 0)
(1.22944 0.000495677 0)
(1.22662 -0.00384557 0)
(1.22377 -0.0081102 0)
(1.2209 -0.0122965 0)
(1.21802 -0.0164043 0)
(1.21514 -0.0204343 0)
(1.21226 -0.0243865 0)
(1.20938 -0.028261 0)
(1.20651 -0.0320582 0)
(1.20364 -0.0357784 0)
(1.20079 -0.0394219 0)
(1.19795 -0.0429889 0)
(1.19511 -0.0464795 0)
(1.19228 -0.0498934 0)
(1.18944 -0.0532304 0)
(1.1866 -0.0564897 0)
(1.18376 -0.0596701 0)
(1.18376 -0.0596701 0)
)
;
    }
    procBoundary14to11
    {
        type            processor;
        value           uniform (1.07181 -0.0824804 0);
    }
    procBoundary14to13
    {
        type            processor;
        value           nonuniform List<vector> 
35
(
(1.25955 0.0544052 0)
(1.26038 0.0546814 0)
(1.25913 0.0546508 0)
(1.25667 0.0544124 0)
(1.25349 0.0540273 0)
(1.24988 0.0535269 0)
(1.24596 0.0529243 0)
(1.24182 0.0522235 0)
(1.23756 0.0514264 0)
(1.23324 0.0505357 0)
(1.22892 0.0495549 0)
(1.22464 0.0484865 0)
(1.2204 0.0473315 0)
(1.2162 0.0460895 0)
(1.21203 0.0447596 0)
(1.20788 0.0433412 0)
(1.20376 0.0418346 0)
(1.19967 0.0402407 0)
(1.19563 0.0385613 0)
(1.19165 0.0367983 0)
(1.18775 0.0349542 0)
(1.18393 0.0330313 0)
(1.18022 0.0310323 0)
(1.17664 0.0289593 0)
(1.1732 0.0268146 0)
(1.16993 0.0246 0)
(1.16685 0.0223167 0)
(1.16397 0.0199655 0)
(1.16134 0.017546 0)
(1.15897 0.015058 0)
(1.1569 0.0124985 0)
(1.15516 0.00986433 0)
(1.15379 0.00715608 0)
(1.15283 0.00434997 0)
(1.15233 0.00147842 0)
)
;
    }
    procBoundary14to15
    {
        type            processor;
        value           nonuniform List<vector> 
35
(
(1.07706 -0.0811833 0)
(1.0813 -0.0797771 0)
(1.08466 -0.078275 0)
(1.08727 -0.0766898 0)
(1.08925 -0.0750329 0)
(1.09073 -0.0733132 0)
(1.09184 -0.0715378 0)
(1.09267 -0.0697116 0)
(1.0933 -0.067838 0)
(1.09379 -0.0659188 0)
(1.09418 -0.0639551 0)
(1.0945 -0.0619472 0)
(1.09476 -0.059895 0)
(1.09498 -0.0577981 0)
(1.09515 -0.055656 0)
(1.09529 -0.0534683 0)
(1.09537 -0.0512345 0)
(1.09542 -0.0489541 0)
(1.09541 -0.0466265 0)
(1.09536 -0.0442512 0)
(1.09527 -0.0418275 0)
(1.09513 -0.0393547 0)
(1.09495 -0.0368316 0)
(1.09474 -0.0342571 0)
(1.0945 -0.0316295 0)
(1.09423 -0.0289469 0)
(1.09395 -0.0262069 0)
(1.09366 -0.0234067 0)
(1.09337 -0.0205426 0)
(1.09309 -0.0176105 0)
(1.09283 -0.0146053 0)
(1.0926 -0.0115209 0)
(1.09241 -0.00834998 0)
(1.09228 -0.00508405 0)
(1.0922 -0.00171303 0)
)
;
    }
}


// ************************************************************************* //
