/*--------------------------------*- C++ -*----------------------------------*\
  =========                 |
  \\      /  F ield         | OpenFOAM: The Open Source CFD Toolbox
   \\    /   O peration     | Website:  https://openfoam.org
    \\  /    A nd           | Version:  7
     \\/     M anipulation  |
\*---------------------------------------------------------------------------*/
FoamFile
{
    version     2.0;
    format      ascii;
    class       volVectorField;
    location    "170";
    object      U;
}
// * * * * * * * * * * * * * * * * * * * * * * * * * * * * * * * * * * * * * //

dimensions      [0 1 -1 0 0 0 0];

internalField   nonuniform List<vector> 
1987
(
(1.10129 -0.0762832 0)
(1.11385 -0.0883805 0)
(1.12963 -0.0980914 0)
(1.14833 -0.104598 0)
(1.16951 -0.107109 0)
(1.19253 -0.104923 0)
(1.21659 -0.0974863 0)
(1.24068 -0.0844699 0)
(1.26363 -0.0658611 0)
(1.28417 -0.0420247 0)
(1.30105 -0.0137081 0)
(1.31317 0.0180364 0)
(1.3196 0.0519451 0)
(1.31982 0.0863985 0)
(1.31388 0.119964 0)
(1.30223 0.151438 0)
(1.28563 0.179893 0)
(1.26498 0.204718 0)
(1.24127 0.225599 0)
(1.2154 0.242464 0)
(1.18819 0.255421 0)
(1.16029 0.264703 0)
(1.13221 0.27061 0)
(1.10433 0.27347 0)
(1.07688 0.273606 0)
(1.05001 0.271306 0)
(1.02378 0.266818 0)
(0.998157 0.260341 0)
(0.973118 0.251965 0)
(0.948629 0.24172 0)
(0.924569 0.229664 0)
(0.9008 0.215743 0)
(0.877447 0.199526 0)
(0.854816 0.180498 0)
(0.832712 0.158826 0)
(0.810275 0.135346 0)
(0.787278 0.110253 0)
(1.11194 -0.0691935 0)
(1.12392 -0.0793243 0)
(1.13879 -0.0872598 0)
(1.15622 -0.0922772 0)
(1.17578 -0.0936852 0)
(1.19682 -0.090879 0)
(1.21856 -0.0833991 0)
(1.24004 -0.0709852 0)
(1.2602 -0.053662 0)
(1.27791 -0.0317707 0)
(1.29214 -0.00599617 0)
(1.30198 0.0227617 0)
(1.3067 0.053374 0)
(1.30596 0.0845344 0)
(1.29981 0.115016 0)
(1.28865 0.143775 0)
(1.2731 0.169988 0)
(1.2539 0.193088 0)
(1.23188 0.212744 0)
(1.20781 0.228833 0)
(1.18237 0.241394 0)
(1.15615 0.250576 0)
(1.12963 0.256605 0)
(1.10315 0.259739 0)
(1.07696 0.260243 0)
(1.0512 0.258359 0)
(1.02597 0.254298 0)
(1.00127 0.248232 0)
(0.9771 0.240252 0)
(0.95345 0.230372 0)
(0.930269 0.218623 0)
(0.907437 0.204993 0)
(0.885024 0.189166 0)
(0.863395 0.170602 0)
(0.842682 0.149216 0)
(0.822277 0.125734 0)
(0.801537 0.100832 0)
(0.781396 0.0738604 0)
(0.764991 0.0428505 0)
(0.75634 0.00610735 0)
(0.758168 -0.0361008 0)
(0.770651 -0.0812155 0)
(0.791835 -0.125779 0)
(0.818879 -0.166979 0)
(0.849068 -0.203762 0)
(0.880443 -0.237087 0)
(0.912111 -0.269209 0)
(0.944404 -0.301911 0)
(0.978736 -0.334276 0)
(1.01655 -0.361637 0)
(1.05774 -0.376823 0)
(1.10002 -0.372471 0)
(1.13946 -0.342418 0)
(1.17195 -0.281969 0)
(1.1957 -0.189736 0)
(1.21043 -0.0729965 0)
(1.12016 -0.0622562 0)
(1.13129 -0.070585 0)
(1.14496 -0.0769117 0)
(1.16086 -0.0806068 0)
(1.17856 -0.0810747 0)
(1.19746 -0.0778006 0)
(1.21682 -0.0704011 0)
(1.23578 -0.0586763 0)
(1.25339 -0.042666 0)
(1.26868 -0.0226838 0)
(1.28075 0.0006763 0)
(1.28884 0.0266471 0)
(1.29241 0.0542528 0)
(1.29117 0.0824088 0)
(1.28518 0.110072 0)
(1.27474 0.136336 0)
(1.26036 0.160467 0)
(1.24268 0.181931 0)
(1.22235 0.200392 0)
(1.20003 0.215687 0)
(1.17634 0.227797 0)
(1.1518 0.236809 0)
(1.12682 0.242882 0)
(1.10175 0.246216 0)
(1.07683 0.247022 0)
(1.05222 0.2455 0)
(1.02803 0.241827 0)
(1.0043 0.236149 0)
(0.981044 0.228552 0)
(0.958276 0.219046 0)
(0.936002 0.207636 0)
(0.914147 0.194321 0)
(0.892734 0.178899 0)
(0.872104 0.160886 0)
(0.852615 0.140005 0)
(0.834005 0.116741 0)
(0.81553 0.0919765 0)
(0.797277 0.0658237 0)
(0.781307 0.0370596 0)
(0.771173 0.00403815 0)
(0.770069 -0.0336944 0)
(0.779158 -0.0746225 0)
(0.797337 -0.116002 0)
(0.822145 -0.155245 0)
(0.850878 -0.191121 0)
(0.881406 -0.224188 0)
(0.912676 -0.256189 0)
(0.944983 -0.288407 0)
(0.979714 -0.319726 0)
(1.01816 -0.34583 0)
(1.0601 -0.360302 0)
(1.10318 -0.356514 0)
(1.14327 -0.328557 0)
(1.1766 -0.271181 0)
(1.20187 -0.182348 0)
(1.21842 -0.069391 0)
(1.1266 -0.0556133 0)
(1.13675 -0.0623101 0)
(1.14909 -0.067195 0)
(1.16336 -0.0697257 0)
(1.17914 -0.0693947 0)
(1.19588 -0.0657684 0)
(1.21293 -0.0585293 0)
(1.22951 -0.0475253 0)
(1.24479 -0.0327989 0)
(1.25795 -0.0146338 0)
(1.26821 0.00649943 0)
(1.27494 0.0298992 0)
(1.27768 0.0547614 0)
(1.2762 0.0801781 0)
(1.27052 0.105262 0)
(1.26089 0.129221 0)
(1.24772 0.151399 0)
(1.2315 0.171297 0)
(1.21281 0.188578 0)
(1.1922 0.203053 0)
(1.1702 0.21466 0)
(1.14728 0.223433 0)
(1.12383 0.229477 0)
(1.10016 0.232938 0)
(1.07652 0.233982 0)
(1.05309 0.23277 0)
(1.02997 0.229446 0)
(1.00725 0.224131 0)
(0.984942 0.216905 0)
(0.963098 0.207777 0)
(0.941757 0.196733 0)
(0.920901 0.183768 0)
(0.900536 0.168765 0)
(0.880931 0.151347 0)
(0.862551 0.13114 0)
(0.845474 0.108351 0)
(0.829112 0.0838207 0)
(0.813027 0.0581812 0)
(0.798219 0.030998 0)
(0.787414 0.00101083 0)
(0.783833 -0.0326226 0)
(0.789441 -0.0693114 0)
(0.804119 -0.107165 0)
(0.826054 -0.144024 0)
(0.852751 -0.178628 0)
(0.882005 -0.211169 0)
(0.912627 -0.242835 0)
(0.944818 -0.27438 0)
(0.979822 -0.3045 0)
(1.01874 -0.32924 0)
(1.06123 -0.342945 0)
(1.10474 -0.339743 0)
(1.14517 -0.313883 0)
(1.17931 -0.2595 0)
(1.20629 -0.174033 0)
(1.22481 -0.0650703 0)
(1.13164 -0.0493485 0)
(1.14078 -0.054587 0)
(1.15179 -0.0581966 0)
(1.16444 -0.0597144 0)
(1.17834 -0.0587114 0)
(1.19301 -0.0548253 0)
(1.20787 -0.0477959 0)
(1.22225 -0.0375017 0)
(1.23544 -0.0239878 0)
(1.24671 -0.0074982 0)
(1.25541 0.0115744 0)
(1.26101 0.0326377 0)
(1.26311 0.0550099 0)
(1.26151 0.0779321 0)
(1.25621 0.100648 0)
(1.24738 0.122469 0)
(1.23535 0.142805 0)
(1.22052 0.161196 0)
(1.20338 0.17731 0)
(1.18438 0.190943 0)
(1.164 0.201999 0)
(1.14265 0.210472 0)
(1.12069 0.216418 0)
(1.09842 0.21994 0)
(1.07606 0.22116 0)
(1.05381 0.220207 0)
(1.0318 0.217193 0)
(1.0101 0.212218 0)
(0.988788 0.205349 0)
(0.967904 0.1966 0)
(0.94752 0.185946 0)
(0.927674 0.173369 0)
(0.908382 0.158806 0)
(0.889842 0.141998 0)
(0.872512 0.122571 0)
(0.856729 0.100497 0)
(0.842213 0.0764075 0)
(0.828345 0.051169 0)
(0.815273 0.0250269 0)
(0.804705 -0.00268221 0)
(0.799418 -0.0328201 0)
(0.801814 -0.0654647 0)
(0.812704 -0.099595 0)
(0.831141 -0.133663 0)
(0.855102 -0.166558 0)
(0.882504 -0.198197 0)
(0.912102 -0.229221 0)
(0.94395 -0.259849 0)
(0.979055 -0.288596 0)
(1.01827 -0.311875 0)
(1.06103 -0.324809 0)
(1.10458 -0.322261 0)
(1.14505 -0.298472 0)
(1.18007 -0.246881 0)
(1.20899 -0.164649 0)
(1.22963 -0.0599295 0)
(1.13552 -0.043503 0)
(1.14367 -0.0474543 0)
(1.15342 -0.0499499 0)
(1.16453 -0.0505975 0)
(1.17667 -0.0490361 0)
(1.18941 -0.044965 0)
(1.20226 -0.0381713 0)
(1.21464 -0.0285572 0)
(1.22593 -0.0161703 0)
(1.23552 -0.00120072 0)
(1.24286 0.0159933 0)
(1.24748 0.0349352 0)
(1.24905 0.0550513 0)
(1.24738 0.0757022 0)
(1.24244 0.0962439 0)
(1.23436 0.116076 0)
(1.22338 0.134676 0)
(1.20985 0.151618 0)
(1.19414 0.166583 0)
(1.17667 0.179359 0)
(1.15782 0.189825 0)
(1.13798 0.197942 0)
(1.11746 0.20373 0)
(1.09655 0.207251 0)
(1.07548 0.208592 0)
(1.05442 0.207848 0)
(1.03352 0.205108 0)
(1.01288 0.200448 0)
(0.992575 0.193924 0)
(0.97268 0.185552 0)
(0.953276 0.175306 0)
(0.934442 0.163155 0)
(0.916231 0.14906 0)
(0.898784 0.132867 0)
(0.882495 0.114268 0)
(0.867828 0.0930931 0)
(0.854837 0.0697033 0)
(0.843017 0.0449421 0)
(0.832003 0.0195007 0)
(0.822513 -0.00663792 0)
(0.816527 -0.0340421 0)
(0.816393 -0.0631146 0)
(0.823593 -0.093566 0)
(0.838097 -0.124548 0)
(0.858621 -0.15528 0)
(0.883474 -0.185542 0)
(0.911506 -0.215506 0)
(0.942629 -0.244894 0)
(0.977558 -0.272064 0)
(1.01681 -0.293805 0)
(1.05945 -0.306032 0)
(1.1026 -0.304207 0)
(1.14295 -0.282329 0)
(1.17905 -0.23317 0)
(1.2102 -0.154032 0)
(1.23299 -0.053901 0)
(1.1384 -0.038091 0)
(1.14562 -0.0409176 0)
(1.15418 -0.0424507 0)
(1.16386 -0.042359 0)
(1.17439 -0.0403406 0)
(1.18539 -0.0361468 0)
(1.19641 -0.029603 0)
(1.20699 -0.0206336 0)
(1.21658 -0.00927784 0)
(1.22468 0.00429907 0)
(1.23081 0.0197996 0)
(1.23458 0.0368289 0)
(1.23568 0.0549045 0)
(1.23394 0.0734895 0)
(1.22933 0.0920359 0)
(1.22192 0.110023 0)
(1.2119 0.126988 0)
(1.19955 0.142542 0)
(1.18517 0.156382 0)
(1.16911 0.168293 0)
(1.15171 0.17814 0)
(1.1333 0.185857 0)
(1.11418 0.191434 0)
(1.0946 0.194899 0)
(1.07478 0.196308 0)
(1.05492 0.195729 0)
(1.03514 0.193227 0)
(1.01557 0.188859 0)
(0.996297 0.182668 0)
(0.977412 0.17467 0)
(0.959006 0.164844 0)
(0.941187 0.153152 0)
(0.924044 0.139561 0)
(0.907702 0.12399 0)
(0.892465 0.106227 0)
(0.878814 0.0860602 0)
(0.867052 0.0636142 0)
(0.856959 0.0395409 0)
(0.848019 0.0146991 0)
(0.84021 -0.0104009 0)
(0.834577 -0.0358631 0)
(0.832962 -0.0620665 0)
(0.837071 -0.0891835 0)
(0.847634 -0.117009 0)
(0.864235 -0.145202 0)
(0.885845 -0.173571 0)
(0.911626 -0.201959 0)
(0.941452 -0.229696 0)
(0.975743 -0.255041 0)
(1.01457 -0.275192 0)
(1.05657 -0.286802 0)
(1.09891 -0.285682 0)
(1.13917 -0.265361 0)
(1.17673 -0.218165 0)
(1.21036 -0.142047 0)
(1.23514 -0.0469841 0)
(1.14038 -0.0331115 0)
(1.14674 -0.0349649 0)
(1.15421 -0.0356748 0)
(1.1626 -0.0349626 0)
(1.17167 -0.0325775 0)
(1.18109 -0.0283133 0)
(1.19049 -0.022029 0)
(1.19946 -0.0136658 0)
(1.20755 -0.00325892 0)
(1.21432 0.00906131 0)
(1.21938 0.0230372 0)
(1.22238 0.0383428 0)
(1.22306 0.0545751 0)
(1.22126 0.0712834 0)
(1.21693 0.0880021 0)
(1.21011 0.104281 0)
(1.20096 0.119712 0)
(1.18966 0.133942 0)
(1.1765 0.146687 0)
(1.16175 0.157736 0)
(1.14571 0.166944 0)
(1.12866 0.174225 0)
(1.11088 0.179545 0)
(1.09259 0.182906 0)
(1.07401 0.184338 0)
(1.05532 0.183882 0)
(1.03667 0.181585 0)
(1.01817 0.177487 0)
(0.999947 0.171617 0)
(0.982085 0.16399 0)
(0.96469 0.154591 0)
(0.947885 0.143384 0)
(0.931793 0.130335 0)
(0.916543 0.115402 0)
(0.90237 0.0984656 0)
(0.889695 0.0793452 0)
(0.878947 0.0580192 0)
(0.870207 0.0348945 0)
(0.863094 0.0107675 0)
(0.85721 -0.0135684 0)
(0.852791 -0.0377488 0)
(0.850902 -0.0618827 0)
(0.853001 -0.0862808 0)
(0.860207 -0.111177 0)
(0.872886 -0.136659 0)
(0.890809 -0.162686 0)
(0.913669 -0.188953 0)
(0.94148 -0.214564 0)
(0.974429 -0.237796 0)
(1.01211 -0.256308 0)
(1.05281 -0.267336 0)
(1.09407 -0.266714 0)
(1.13453 -0.247386 0)
(1.174 -0.201651 0)
(1.21011 -0.128641 0)
(1.23634 -0.0392998 0)
(1.14158 -0.0285567 0)
(1.14715 -0.0295759 0)
(1.15363 -0.0295893 0)
(1.16086 -0.0283637 0)
(1.16862 -0.0256911 0)
(1.17664 -0.0214017 0)
(1.18459 -0.0153816 0)
(1.19214 -0.00758352 0)
(1.19889 0.00195965 0)
(1.20449 0.0131379 0)
(1.2086 0.0257403 0)
(1.21092 0.0394945 0)
(1.21122 0.0540636 0)
(1.20935 0.0690695 0)
(1.20526 0.0841171 0)
(1.19896 0.0988187 0)
(1.19057 0.112814 0)
(1.18024 0.125788 0)
(1.16818 0.137476 0)
(1.15464 0.147673 0)
(1.13986 0.156229 0)
(1.1241 0.163048 0)
(1.10759 0.168076 0)
(1.09056 0.171293 0)
(1.07319 0.172707 0)
(1.05566 0.172338 0)
(1.03812 0.170215 0)
(1.0207 0.166364 0)
(1.00352 0.160805 0)
(0.986685 0.153547 0)
(0.970306 0.14458 0)
(0.954514 0.133876 0)
(0.93945 0.1214 0)
(0.925263 0.10713 0)
(0.912147 0.0910113 0)
(0.900442 0.0729297 0)
(0.890587 0.0528129 0)
(0.882877 0.0308595 0)
(0.877196 0.00768123 0)
(0.873119 -0.0158936 0)
(0.870377 -0.039188 0)
(0.869277 -0.0619594 0)
(0.8707 -0.0843881 0)
(0.875709 -0.106864 0)
(0.885137 -0.129751 0)
(0.899474 -0.153191 0)
(0.919044 -0.176888 0)
(0.944164 -0.199917 0)
(0.974913 -0.220753 0)
(1.01055 -0.237535 0)
(1.04929 -0.247851 0)
(1.08942 -0.247239 0)
(1.1305 -0.228161 0)
(1.1721 -0.183489 0)
(1.21014 -0.113954 0)
(1.23677 -0.0311541 0)
(1.14211 -0.0244157 0)
(1.14696 -0.0247271 0)
(1.15254 -0.0241579 0)
(1.15872 -0.0225143 0)
(1.16532 -0.019624 0)
(1.17209 -0.0153482 0)
(1.17877 -0.00959403 0)
(1.18506 -0.00232397 0)
(1.19064 0.00643577 0)
(1.19521 0.0165769 0)
(1.19847 0.0279421 0)
(1.20018 0.0403003 0)
(1.20014 0.0533698 0)
(1.1982 0.0668333 0)
(1.19431 0.0803558 0)
(1.18847 0.0936039 0)
(1.18075 0.106263 0)
(1.17128 0.118049 0)
(1.16024 0.128722 0)
(1.14781 0.138085 0)
(1.13421 0.145989 0)
(1.11965 0.152328 0)
(1.10436 0.157035 0)
(1.08852 0.160076 0)
(1.07232 0.161437 0)
(1.05593 0.161124 0)
(1.0395 0.159148 0)
(1.02315 0.155525 0)
(1.00701 0.150264 0)
(0.991198 0.143371 0)
(0.975833 0.13484 0)
(0.961047 0.12465 0)
(0.946991 0.112773 0)
(0.933828 0.0991912 0)
(0.921741 0.0838909 0)
(0.911 0.066823 0)
(0.901991 0.0479298 0)
(0.895095 0.0272892 0)
(0.890445 0.00530162 0)
(0.887802 -0.0173299 0)
(0.886752 -0.0398317 0)
(0.887082 -0.0616893 0)
(0.889041 -0.0828241 0)
(0.893305 -0.103526 0)
(0.900761 -0.124211 0)
(0.912317 -0.145117 0)
(0.928821 -0.166032 0)
(0.950934 -0.186188 0)
(0.978778 -0.204414 0)
(1.01157 -0.219295 0)
(1.04794 -0.228499 0)
(1.08707 -0.227123 0)
(1.12902 -0.207527 0)
(1.17225 -0.163824 0)
(1.21084 -0.0984516 0)
(1.23634 -0.0230657 0)
(1.14206 -0.0206749 0)
(1.14624 -0.0203926 0)
(1.15102 -0.019343 0)
(1.15628 -0.0173657 0)
(1.16184 -0.0143188 0)
(1.16751 -0.0100889 0)
(1.17307 -0.00460152 0)
(1.17825 0.0021728 0)
(1.18281 0.0102081 0)
(1.18647 0.0194201 0)
(1.18899 0.0296729 0)
(1.19016 0.0407757 0)
(1.1898 0.052494 0)
(1.18779 0.0645615 0)
(1.18407 0.0766945 0)
(1.17862 0.0886071 0)
(1.17151 0.100025 0)
(1.16282 0.110696 0)
(1.15268 0.1204 0)
(1.14127 0.128954 0)
(1.12876 0.136211 0)
(1.11534 0.142061 0)
(1.1012 0.146429 0)
(1.08651 0.149267 0)
(1.07144 0.150548 0)
(1.05616 0.150263 0)
(1.04081 0.148411 0)
(1.02551 0.144997 0)
(1.01041 0.140024 0)
(0.995612 0.133493 0)
(0.981251 0.1254 0)
(0.967459 0.115731 0)
(0.954388 0.104466 0)
(0.94221 0.0915956 0)
(0.931107 0.0771221 0)
(0.921307 0.061045 0)
(0.913124 0.0433471 0)
(0.906934 0.0240681 0)
(0.903017 0.0034457 0)
(0.901368 -0.0180024 0)
(0.90168 -0.0395744 0)
(0.903552 -0.060646 0)
(0.906788 -0.0809041 0)
(0.911591 -0.100404 0)
(0.918584 -0.119408 0)
(0.928712 -0.138104 0)
(0.943049 -0.156348 0)
(0.962471 -0.173617 0)
(0.987256 -0.189156 0)
(1.01694 -0.201876 0)
(1.05091 -0.209331 0)
(1.08915 -0.206304 0)
(1.13151 -0.18567 0)
(1.17487 -0.143274 0)
(1.21194 -0.0829645 0)
(1.23461 -0.0157069 0)
(1.1415 -0.0173179 0)
(1.14509 -0.0165445 0)
(1.14915 -0.015106 0)
(1.15357 -0.0128693 0)
(1.15822 -0.00971866 0)
(1.16293 -0.00556274 0)
(1.1675 -0.000340839 0)
(1.17172 0.00596819 0)
(1.17538 0.0133421 0)
(1.17824 0.0217119 0)
(1.18012 0.0309629 0)
(1.18081 0.0409368 0)
(1.18017 0.0514379 0)
(1.17809 0.062243 0)
(1.17451 0.0731123 0)
(1.16942 0.0838009 0)
(1.16283 0.0940702 0)
(1.15483 0.103698 0)
(1.14553 0.112484 0)
(1.13505 0.120259 0)
(1.12355 0.126882 0)
(1.11119 0.132243 0)
(1.09813 0.13626 0)
(1.08453 0.138876 0)
(1.07056 0.140055 0)
(1.05635 0.139776 0)
(1.04205 0.138029 0)
(1.0278 0.134808 0)
(1.01371 0.130112 0)
(0.999913 0.123939 0)
(0.98654 0.116283 0)
(0.973723 0.107139 0)
(0.961614 0.0964959 0)
(0.950382 0.0843494 0)
(0.940213 0.0707129 0)
(0.93131 0.0556118 0)
(0.923933 0.0390687 0)
(0.918407 0.0211291 0)
(0.915052 0.00194517 0)
(0.914033 -0.018122 0)
(0.915246 -0.0385307 0)
(0.91836 -0.0586907 0)
(0.923015 -0.0781663 0)
(0.929078 -0.0967801 0)
(0.936817 -0.114544 0)
(0.946931 -0.131471 0)
(0.960379 -0.147414 0)
(0.978031 -0.162066 0)
(1.00033 -0.175004 0)
(1.02732 -0.185296 0)
(1.05919 -0.190341 0)
(1.09634 -0.185001 0)
(1.13783 -0.163291 0)
(1.17907 -0.122928 0)
(1.21234 -0.0685435 0)
(1.23082 -0.00972913 0)
(1.14048 -0.0143255 0)
(1.14354 -0.0131533 0)
(1.14696 -0.0114069 0)
(1.15066 -0.00897732 0)
(1.15451 -0.00577007 0)
(1.15837 -0.00171145 0)
(1.16208 0.00324612 0)
(1.16546 0.00911908 0)
(1.16833 0.0158877 0)
(1.17051 0.0234939 0)
(1.17181 0.031842 0)
(1.17209 0.0408 0)
(1.1712 0.050205 0)
(1.16906 0.0598697 0)
(1.16561 0.0695915 0)
(1.16081 0.0791609 0)
(1.1547 0.0883715 0)
(1.14733 0.0970273 0)
(1.13878 0.104949 0)
(1.12915 0.111981 0)
(1.11859 0.117989 0)
(1.10721 0.122866 0)
(1.09517 0.126527 0)
(1.08261 0.128911 0)
(1.06968 0.129972 0)
(1.05651 0.129682 0)
(1.04324 0.128022 0)
(1.03 0.124981 0)
(1.0169 0.120553 0)
(1.00409 0.114731 0)
(0.991683 0.107512 0)
(0.979816 0.0988945 0)
(0.96864 0.0888753 0)
(0.958317 0.0774583 0)
(0.949029 0.0646634 0)
(0.940971 0.050529 0)
(0.934364 0.0351044 0)
(0.929478 0.0184566 0)
(0.926608 0.000708986 0)
(0.925996 -0.0178838 0)
(0.92771 -0.0369283 0)
(0.931592 -0.0559441 0)
(0.937346 -0.0744873 0)
(0.944728 -0.0922345 0)
(0.953748 -0.108966 0)
(0.964773 -0.124487 0)
(0.978445 -0.138578 0)
(0.995432 -0.151036 0)
(1.01625 -0.161592 0)
(1.04139 -0.169313 0)
(1.07155 -0.17157 0)
(1.10699 -0.163785 0)
(1.14581 -0.141506 0)
(1.18269 -0.104051 0)
(1.21053 -0.0561181 0)
(1.22427 -0.00553766 0)
(1.13905 -0.0116768 0)
(1.14164 -0.0101883 0)
(1.1445 -0.00820531 0)
(1.14756 -0.00564028 0)
(1.15071 -0.00241694 0)
(1.15384 0.00152271 0)
(1.1568 0.00621845 0)
(1.15946 0.0116815 0)
(1.16165 0.017894 0)
(1.16322 0.0248069 0)
(1.16403 0.03234 0)
(1.16395 0.0403836 0)
(1.16285 0.0488015 0)
(1.16065 0.0574368 0)
(1.15731 0.066118 0)
(1.15279 0.0746667 0)
(1.14711 0.0829045 0)
(1.1403 0.0906596 0)
(1.13242 0.0977725 0)
(1.12358 0.1041 0)
(1.11387 0.109518 0)
(1.10342 0.113923 0)
(1.09234 0.117231 0)
(1.08076 0.119376 0)
(1.06883 0.120309 0)
(1.05666 0.119996 0)
(1.04438 0.11841 0)
(1.03211 0.115537 0)
(1.01999 0.111366 0)
(1.00813 0.105889 0)
(0.996662 0.0991046 0)
(0.985716 0.0910121 0)
(0.975439 0.0816159 0)
(0.965987 0.0709271 0)
(0.957533 0.0589716 0)
(0.950262 0.0457938 0)
(0.944373 0.0314586 0)
(0.940093 0.0160515 0)
(0.937676 -0.000306149 0)
(0.937367 -0.0174194 0)
(0.939323 -0.0349925 0)
(0.943549 -0.0526596 0)
(0.949902 -0.0700318 0)
(0.958198 -0.0867344 0)
(0.96835 -0.102406 0)
(0.980476 -0.116688 0)
(0.994877 -0.12927 0)
(1.01195 -0.139935 0)
(1.03217 -0.148387 0)
(1.0562 -0.153622 0)
(1.08475 -0.153191 0)
(1.11763 -0.143431 0)
(1.15223 -0.121446 0)
(1.18336 -0.087622 0)
(1.20531 -0.0461772 0)
(1.2147 -0.00313665 0)
(1.13726 -0.00934977 0)
(1.13943 -0.00761787 0)
(1.14179 -0.00546282 0)
(1.14429 -0.00281304 0)
(1.14684 0.000389948 0)
(1.14933 0.00419462 0)
(1.15165 0.00863179 0)
(1.15368 0.0137085 0)
(1.15529 0.0194087 0)
(1.15635 0.0256908 0)
(1.15674 0.0324876 0)
(1.15634 0.0397073 0)
(1.15506 0.0472363 0)
(1.15283 0.0549428 0)
(1.14958 0.0626821 0)
(1.14531 0.0703022 0)
(1.14001 0.0776492 0)
(1.13371 0.0845731 0)
(1.12646 0.0909326 0)
(1.11834 0.0965982 0)
(1.10942 0.101455 0)
(1.09982 0.105406 0)
(1.08964 0.108367 0)
(1.079 0.110274 0)
(1.06801 0.111074 0)
(1.05679 0.110728 0)
(1.04546 0.109207 0)
(1.03415 0.106492 0)
(1.02296 0.10257 0)
(1.01202 0.0974316 0)
(1.00146 0.0910755 0)
(0.991404 0.0835041 0)
(0.981988 0.0747261 0)
(0.973366 0.064759 0)
(0.965698 0.0536341 0)
(0.95916 0.0414 0)
(0.953931 0.0281282 0)
(0.950213 0.013912 0)
(0.948219 -0.00111962 0)
(0.948167 -0.0167953 0)
(0.950238 -0.0328803 0)
(0.95453 -0.0490884 0)
(0.961041 -0.0650949 0)
(0.969702 -0.0805341 0)
(0.980448 -0.094994 0)
(0.993271 -0.108036 0)
(1.00824 -0.119276 0)
(1.02553 -0.128417 0)
(1.04547 -0.135044 0)
(1.06861 -0.138109 0)
(1.09534 -0.135524 0)
(1.1249 -0.124646 0)
(1.15451 -0.103844 0)
(1.17975 -0.0740216 0)
(1.19645 -0.0386391 0)
(1.20254 -0.00216544 0)
(1.13514 -0.0073214 0)
(1.13694 -0.00541081 0)
(1.13887 -0.00314018 0)
(1.14089 -0.000452354 0)
(1.14292 0.00270016 0)
(1.14486 0.00635711 0)
(1.14663 0.0105391 0)
(1.14813 0.0152509 0)
(1.14924 0.0204781 0)
(1.14986 0.0261852 0)
(1.14989 0.0323156 0)
(1.14923 0.0387926 0)
(1.1478 0.0455209 0)
(1.14554 0.0523901 0)
(1.1424 0.0592778 0)
(1.13835 0.0660548 0)
(1.1334 0.0725887 0)
(1.12756 0.0787491 0)
(1.12088 0.0844111 0)
(1.11342 0.0894587 0)
(1.10523 0.0937871 0)
(1.09643 0.0973043 0)
(1.08709 0.0999319 0)
(1.07732 0.101605 0)
(1.06722 0.10227 0)
(1.05692 0.101887 0)
(1.0465 0.100424 0)
(1.0361 0.0978593 0)
(1.02581 0.0941777 0)
(1.01576 0.0893707 0)
(1.00607 0.0834364 0)
(0.996861 0.0763792 0)
(0.988267 0.0682115 0)
(0.98043 0.0589555 0)
(0.973501 0.0486463 0)
(0.967641 0.0373373 0)
(0.963019 0.0251014 0)
(0.95981 0.0120344 0)
(0.958199 -0.00173249 0)
(0.958374 -0.0160372 0)
(0.960504 -0.0306757 0)
(0.964721 -0.045408 0)
(0.971102 -0.0599556 0)
(0.979673 -0.0739846 0)
(0.990424 -0.0870906 0)
(1.00332 -0.0988252 0)
(1.01832 -0.108767 0)
(1.03544 -0.116532 0)
(1.05486 -0.121596 0)
(1.07684 -0.122948 0)
(1.10133 -0.118952 0)
(1.12721 -0.107853 0)
(1.15191 -0.0888694 0)
(1.17203 -0.0630325 0)
(1.18472 -0.0329961 0)
(1.18873 -0.002036 0)
(1.13273 -0.00556884 0)
(1.13421 -0.00353603 0)
(1.13578 -0.0011972 0)
(1.13738 0.00148951 0)
(1.13895 0.00456682 0)
(1.14043 0.00806242 0)
(1.14173 0.011992 0)
(1.14278 0.0163582 0)
(1.14347 0.0211473 0)
(1.14372 0.026329 0)
(1.14345 0.0318553 0)
(1.14258 0.037662 0)
(1.14103 0.0436691 0)
(1.13876 0.0497837 0)
(1.13571 0.0559026 0)
(1.13188 0.0619159 0)
(1.12725 0.06771 0)
(1.12184 0.0731718 0)
(1.11568 0.0781916 0)
(1.10881 0.082666 0)
(1.10131 0.0865 0)
(1.09324 0.0896088 0)
(1.08469 0.0919184 0)
(1.07574 0.093366 0)
(1.06649 0.0938998 0)
(1.05704 0.093478 0)
(1.04749 0.0920685 0)
(1.03796 0.0896478 0)
(1.02853 0.0861998 0)
(1.01933 0.0817161 0)
(1.01047 0.076195 0)
(1.00207 0.069643 0)
(0.994257 0.0620745 0)
(0.987159 0.0535151 0)
(0.980921 0.0440028 0)
(0.975689 0.0335935 0)
(0.971617 0.0223606 0)
(0.968864 0.0104028 0)
(0.967591 -0.00215658 0)
(0.96796 -0.01516 0)
(0.970118 -0.0284192 0)
(0.974196 -0.0417187 0)
(0.980298 -0.0548082 0)
(0.988496 -0.0673848 0)
(0.998818 -0.0790768 0)
(1.01124 -0.0894635 0)
(1.02568 -0.0981192 0)
(1.0421 -0.104609 0)
(1.06049 -0.108364 0)
(1.08084 -0.108489 0)
(1.10275 -0.103778 0)
(1.12499 -0.0931345 0)
(1.14542 -0.0762611 0)
(1.16154 -0.0540956 0)
(1.17145 -0.0286357 0)
(1.17436 -0.00227681 0)
(1.13009 -0.00407012 0)
(1.13129 -0.00196464 0)
(1.13254 0.000398312 0)
(1.13378 0.00305349 0)
(1.13498 0.00603298 0)
(1.13606 0.00935746 0)
(1.13697 0.0130386 0)
(1.13763 0.0170768 0)
(1.13797 0.0214594 0)
(1.13792 0.0261599 0)
(1.1374 0.0311379 0)
(1.13635 0.0363389 0)
(1.13472 0.041696 0)
(1.13244 0.047131 0)
(1.1295 0.0525567 0)
(1.12587 0.0578797 0)
(1.12153 0.0630027 0)
(1.11651 0.0678279 0)
(1.11083 0.0722594 0)
(1.10453 0.0762055 0)
(1.09765 0.0795811 0)
(1.09026 0.0823086 0)
(1.08244 0.0843193 0)
(1.07426 0.0855538 0)
(1.06581 0.0859619 0)
(1.05717 0.0855029 0)
(1.04844 0.0841446 0)
(1.03973 0.081863 0)
(1.03112 0.0786421 0)
(1.02273 0.0744733 0)
(1.01466 0.0693559 0)
(1.00702 0.0632973 0)
(0.999941 0.0563139 0)
(0.993537 0.0484332 0)
(0.98794 0.0396956 0)
(0.983285 0.0301567 0)
(0.979713 0.0198913 0)
(0.977364 0.00899544 0)
(0.976381 -0.00241153 0)
(0.976904 -0.0141804 0)
(0.979061 -0.026135 0)
(0.982967 -0.0380738 0)
(0.988724 -0.0497644 0)
(0.996408 -0.0609295 0)
(1.00606 -0.0712345 0)
(1.01766 -0.0802982 0)
(1.03113 -0.0877147 0)
(1.04639 -0.0930433 0)
(1.0633 -0.0957344 0)
(1.08166 -0.0950505 0)
(1.10087 -0.090138 0)
(1.11979 -0.0803323 0)
(1.13672 -0.0655743 0)
(1.14989 -0.0466443 0)
(1.15794 -0.0250458 0)
(1.16033 -0.00257247 0)
(1.12726 -0.00280292 0)
(1.12822 -0.000667466 0)
(1.12919 0.00168259 0)
(1.13013 0.00427883 0)
(1.131 0.00714197 0)
(1.13175 0.0102879 0)
(1.13233 0.0137248 0)
(1.13268 0.0174513 0)
(1.13273 0.0214556 0)
(1.13243 0.0257146 0)
(1.13171 0.0301937 0)
(1.13053 0.0348471 0)
(1.12883 0.0396183 0)
(1.12658 0.0444413 0)
(1.12373 0.0492427 0)
(1.12029 0.0539428 0)
(1.11623 0.0584588 0)
(1.11158 0.0627062 0)
(1.10634 0.0666015 0)
(1.10054 0.0700641 0)
(1.09425 0.0730178 0)
(1.08749 0.0753927 0)
(1.08035 0.0771257 0)
(1.07288 0.0781615 0)
(1.06517 0.0784528 0)
(1.0573 0.0779603 0)
(1.04935 0.0766528 0)
(1.04141 0.0745068 0)
(1.03357 0.0715067 0)
(1.02594 0.0676443 0)
(1.01862 0.0629196 0)
(1.0117 0.0573408 0)
(1.00531 0.0509258 0)
(0.99955 0.0437029 0)
(0.994545 0.0357138 0)
(0.990418 0.0270138 0)
(0.987294 0.0176764 0)
(0.9853 0.00779402 0)
(0.984562 -0.00251775 0)
(0.9852 -0.0131194 0)
(0.987324 -0.0238457 0)
(0.991033 -0.0345071 0)
(0.996411 -0.0448857 0)
(1.00352 -0.0547265 0)
(1.0124 -0.0637288 0)
(1.02303 -0.0715523 0)
(1.03532 -0.0778236 0)
(1.04916 -0.0821312 0)
(1.06435 -0.0839868 0)
(1.08056 -0.082812 0)
(1.09719 -0.0780128 0)
(1.11321 -0.069192 0)
(1.12734 -0.0563992 0)
(1.13828 -0.0402651 0)
(1.14505 -0.0219113 0)
(1.1472 -0.00271243 0)
(1.12428 -0.00174553 0)
(1.12504 0.000382712 0)
(1.12577 0.00269166 0)
(1.12646 0.00520373 0)
(1.12706 0.00793482 0)
(1.12754 0.0108964 0)
(1.12784 0.0140935 0)
(1.12792 0.0175234 0)
(1.12774 0.021175 0)
(1.12724 0.025028 0)
(1.12637 0.0290527 0)
(1.12508 0.0332102 0)
(1.12335 0.0374528 0)
(1.12112 0.0417251 0)
(1.11839 0.0459646 0)
(1.11513 0.050104 0)
(1.11133 0.0540725 0)
(1.10701 0.0577975 0)
(1.10218 0.0612065 0)
(1.09686 0.0642289 0)
(1.09109 0.0667974 0)
(1.08493 0.0688493 0)
(1.07841 0.0703274 0)
(1.07161 0.071181 0)
(1.0646 0.071366 0)
(1.05743 0.0708456 0)
(1.05021 0.0695901 0)
(1.043 0.0675772 0)
(1.03589 0.064792 0)
(1.02897 0.061227 0)
(1.02235 0.056883 0)
(1.0161 0.0517688 0)
(1.01035 0.045903 0)
(1.00519 0.0393147 0)
(1.00073 0.0320447 0)
(0.997078 0.0241484 0)
(0.994355 0.0156966 0)
(0.99267 0.0067779 0)
(0.992132 -0.00249827 0)
(0.992847 -0.012001 0)
(0.994907 -0.0215764 0)
(0.998395 -0.0310473 0)
(1.00338 -0.0402107 0)
(1.0099 -0.0488328 0)
(1.01798 -0.0566443 0)
(1.02759 -0.0633425 0)
(1.03863 -0.0685945 0)
(1.05098 -0.0720352 0)
(1.0644 -0.0732548 0)
(1.07853 -0.0718113 0)
(1.09279 -0.0672942 0)
(1.10635 -0.0594725 0)
(1.11822 -0.0484399 0)
(1.12741 -0.0346978 0)
(1.13319 -0.0190987 0)
(1.13519 -0.00269801 0)
(1.1212 -0.000878555 0)
(1.12178 0.00121174 0)
(1.12232 0.0034538 0)
(1.12279 0.00586234 0)
(1.12317 0.00844933 0)
(1.12342 0.0112226 0)
(1.1235 0.0141848 0)
(1.12337 0.0173323 0)
(1.123 0.0206543 0)
(1.12233 0.0241331 0)
(1.12135 0.0277431 0)
(1.11999 0.0314511 0)
(1.11824 0.0352169 0)
(1.11606 0.0389933 0)
(1.11344 0.0427279 0)
(1.11035 0.0463634 0)
(1.1068 0.0498394 0)
(1.10279 0.0530936 0)
(1.09834 0.0560637 0)
(1.09346 0.058688 0)
(1.08819 0.0609073 0)
(1.08256 0.062666 0)
(1.07663 0.0639129 0)
(1.07045 0.0646019 0)
(1.06407 0.0646928 0)
(1.05757 0.0641514 0)
(1.05102 0.0629503 0)
(1.04449 0.0610687 0)
(1.03806 0.0584928 0)
(1.03181 0.055216 0)
(1.02583 0.0512397 0)
(1.02022 0.0465734 0)
(1.01505 0.0412358 0)
(1.01044 0.0352558 0)
(1.00648 0.0286737 0)
(1.00326 0.0215431 0)
(1.00089 0.0139319 0)
(0.999473 0.0059246 0)
(0.999097 -0.00237687 0)
(0.999854 -0.0108502 0)
(1.00182 -0.019353 0)
(1.00507 -0.0277212 0)
(1.00965 -0.0357684 0)
(1.01558 -0.0432818 0)
(1.02287 -0.0500215 0)
(1.03147 -0.0557206 0)
(1.0413 -0.0600887 0)
(1.0522 -0.0628134 0)
(1.06393 -0.0635612 0)
(1.07613 -0.0619998 0)
(1.08831 -0.0578483 0)
(1.09978 -0.0509764 0)
(1.10977 -0.0414903 0)
(1.11754 -0.0297961 0)
(1.1225 -0.0165486 0)
(1.12435 -0.00255858 0)
(1.11805 -0.000182482 0)
(1.11849 0.0018456 0)
(1.11886 0.00399875 0)
(1.11916 0.00628774 0)
(1.11935 0.00872105 0)
(1.11941 0.0113037 0)
(1.11931 0.0140362 0)
(1.11902 0.0169143 0)
(1.1185 0.019928 0)
(1.11771 0.0230613 0)
(1.11664 0.0262921 0)
(1.11524 0.0295922 0)
(1.11349 0.0329273 0)
(1.11137 0.0362576 0)
(1.10886 0.0395386 0)
(1.10595 0.0427219 0)
(1.10263 0.045756 0)
(1.09891 0.0485878 0)
(1.09481 0.0511635 0)
(1.09033 0.0534298 0)
(1.08551 0.055335 0)
(1.08038 0.0568301 0)
(1.07499 0.0578696 0)
(1.06938 0.0584124 0)
(1.0636 0.058422 0)
(1.05771 0.0578677 0)
(1.05179 0.0567241 0)
(1.04589 0.0549725 0)
(1.04008 0.0526004 0)
(1.03446 0.0496022 0)
(1.02908 0.0459799 0)
(1.02404 0.0417435 0)
(1.01942 0.0369113 0)
(1.01531 0.031512 0)
(1.01179 0.0255844 0)
(1.00896 0.0191797 0)
(1.00691 0.0123624 0)
(1.00571 0.0052115 0)
(1.00546 -0.00217724 0)
(1.00623 -0.0096914 0)
(1.00809 -0.0172002 0)
(1.01108 -0.0245537 0)
(1.01524 -0.0315822 0)
(1.0206 -0.0380951 0)
(1.02712 -0.0438798 0)
(1.03477 -0.048704 0)
(1.04344 -0.0523182 0)
(1.05298 -0.054462 0)
(1.06315 -0.0548692 0)
(1.07364 -0.0532916 0)
(1.08401 -0.0495396 0)
(1.0937 -0.0435428 0)
(1.10212 -0.0354103 0)
(1.10869 -0.0254685 0)
(1.11295 -0.0142298 0)
(1.11464 -0.00232049 0)
(1.11488 0.000363121 0)
(1.11519 0.00230707 0)
(1.11543 0.00435356 0)
(1.11559 0.0065102 0)
(1.11563 0.00878263 0)
(1.11554 0.0111735 0)
(1.1153 0.0136821 0)
(1.11487 0.0163033 0)
(1.11424 0.0190279 0)
(1.11337 0.0218416 0)
(1.11224 0.0247252 0)
(1.11082 0.0276545 0)
(1.10909 0.0306003 0)
(1.10703 0.033529 0)
(1.10464 0.036403 0)
(1.10189 0.0391811 0)
(1.0988 0.0418198 0)
(1.09535 0.0442737 0)
(1.09157 0.0464967 0)
(1.08746 0.0484428 0)
(1.08306 0.0500674 0)
(1.07839 0.0513277 0)
(1.07349 0.0521835 0)
(1.0684 0.0525986 0)
(1.06317 0.0525404 0)
(1.05785 0.0519814 0)
(1.0525 0.0508991 0)
(1.04718 0.0492765 0)
(1.04196 0.0471028 0)
(1.0369 0.0443734 0)
(1.03208 0.0410908 0)
(1.02757 0.0372651 0)
(1.02345 0.0329147 0)
(1.01979 0.0280667 0)
(1.01668 0.0227586 0)
(1.01419 0.0170387 0)
(1.01241 0.0109673 0)
(1.0114 0.00461799 0)
(1.01125 -0.00192117 0)
(1.012 -0.00854696 0)
(1.01372 -0.0151403 0)
(1.01645 -0.0215657 0)
(1.02021 -0.0276709 0)
(1.025 -0.0332866 0)
(1.0308 -0.0382268 0)
(1.03754 -0.0422916 0)
(1.04514 -0.0452702 0)
(1.05344 -0.046948 0)
(1.06221 -0.0471162 0)
(1.07119 -0.0455904 0)
(1.07999 -0.0422425 0)
(1.08817 -0.0370413 0)
(1.09526 -0.0300923 0)
(1.10082 -0.0216546 0)
(1.10446 -0.0121337 0)
(1.10597 -0.00202486 0)
(1.11173 0.000775662 0)
(1.11194 0.00261762 0)
(1.11207 0.00454328 0)
(1.1121 0.0065577 0)
(1.11203 0.00866413 0)
(1.11182 0.0108635 0)
(1.11147 0.0131539 0)
(1.11094 0.0155301 0)
(1.11023 0.0179833 0)
(1.10929 0.0205008 0)
(1.10813 0.0230658 0)
(1.1067 0.0256576 0)
(1.10501 0.0282513 0)
(1.10303 0.0308185 0)
(1.10075 0.0333272 0)
(1.09817 0.0357428 0)
(1.09528 0.0380283 0)
(1.09209 0.0401452 0)
(1.0886 0.0420541 0)
(1.08484 0.0437157 0)
(1.08082 0.0450915 0)
(1.07657 0.0461443 0)
(1.07213 0.0468395 0)
(1.06752 0.047145 0)
(1.06279 0.0470324 0)
(1.05799 0.0464774 0)
(1.05317 0.0454602 0)
(1.04838 0.0439658 0)
(1.04369 0.0419849 0)
(1.03915 0.0395142 0)
(1.03484 0.0365565 0)
(1.03081 0.0331221 0)
(1.02713 0.0292284 0)
(1.02389 0.0249016 0)
(1.02114 0.0201769 0)
(1.01895 0.0150994 0)
(1.0174 0.009725 0)
(1.01655 0.00412171 0)
(1.01646 -0.00163044 0)
(1.01718 -0.00743765 0)
(1.01876 -0.0131926 0)
(1.02122 -0.0187741 0)
(1.02458 -0.0240472 0)
(1.02883 -0.0288632 0)
(1.03394 -0.0330614 0)
(1.03986 -0.0364714 0)
(1.04647 -0.0389175 0)
(1.05364 -0.0402251 0)
(1.06118 -0.0402315 0)
(1.06882 -0.0388005 0)
(1.07627 -0.0358469 0)
(1.08317 -0.0313634 0)
(1.08914 -0.0254461 0)
(1.09383 -0.0183063 0)
(1.09693 -0.0102577 0)
(1.09826 -0.00169768 0)
(1.10862 0.00107056 0)
(1.10875 0.00279685 0)
(1.10879 0.00459087 0)
(1.10873 0.00645568 0)
(1.10856 0.00839282 0)
(1.10826 0.0104019 0)
(1.10783 0.0124803 0)
(1.10723 0.0146226 0)
(1.10645 0.0168207 0)
(1.10548 0.0190631 0)
(1.1043 0.0213353 0)
(1.10289 0.0236193 0)
(1.10124 0.0258942 0)
(1.09934 0.0281357 0)
(1.09718 0.0303168 0)
(1.09476 0.0324083 0)
(1.09206 0.034379 0)
(1.08911 0.0361962 0)
(1.0859 0.0378265 0)
(1.08246 0.0392365 0)
(1.07879 0.0403931 0)
(1.07492 0.0412647 0)
(1.07089 0.041821 0)
(1.06672 0.0420345 0)
(1.06245 0.0418806 0)
(1.05812 0.041338 0)
(1.05378 0.0403895 0)
(1.04948 0.0390225 0)
(1.04527 0.037229 0)
(1.04121 0.0350066 0)
(1.03735 0.0323587 0)
(1.03375 0.0292954 0)
(1.03048 0.0258332 0)
(1.0276 0.0219969 0)
(1.02517 0.017819 0)
(1.02325 0.0133414 0)
(1.0219 0.00861531 0)
(1.02118 0.00370259 0)
(1.02113 -0.00132425 0)
(1.0218 -0.00638115 0)
(1.02322 -0.0113724 0)
(1.02542 -0.0161909 0)
(1.0284 -0.0207182 0)
(1.03214 -0.0248253 0)
(1.03662 -0.0283748 0)
(1.04176 -0.0312231 0)
(1.04749 -0.0332251 0)
(1.05365 -0.0342406 0)
(1.06009 -0.0341432 0)
(1.06659 -0.032833 0)
(1.07288 -0.0302546 0)
(1.07868 -0.0264136 0)
(1.0837 -0.0213962 0)
(1.08763 -0.0153746 0)
(1.09026 -0.00859607 0)
(1.09142 -0.00137292 0)
(1.1056 0.00126396 0)
(1.10566 0.00286355 0)
(1.10562 0.00451749 0)
(1.10549 0.00622736 0)
(1.10525 0.00799341 0)
(1.10489 0.00981433 0)
(1.10439 0.0116869 0)
(1.10374 0.013606 0)
(1.10293 0.0155638 0)
(1.10194 0.0175503 0)
(1.10076 0.0195527 0)
(1.09938 0.0215557 0)
(1.09778 0.0235413 0)
(1.09597 0.0254891 0)
(1.09392 0.0273762 0)
(1.09164 0.0291782 0)
(1.08914 0.0308686 0)
(1.0864 0.0324199 0)
(1.08345 0.0338041 0)
(1.08029 0.0349927 0)
(1.07694 0.0359577 0)
(1.07343 0.0366721 0)
(1.06977 0.0371102 0)
(1.06599 0.0372483 0)
(1.06214 0.0370654 0)
(1.05824 0.0365432 0)
(1.05434 0.0356671 0)
(1.05047 0.0344263 0)
(1.0467 0.0328144 0)
(1.04307 0.03083 0)
(1.03962 0.0284767 0)
(1.03641 0.0257641 0)
(1.03351 0.0227082 0)
(1.03095 0.0193315 0)
(1.0288 0.0156642 0)
(1.02711 0.0117443 0)
(1.02593 0.00761858 0)
(1.0253 0.00334232 0)
(1.02528 -0.00101951 0)
(1.02588 -0.00539217 0)
(1.02715 -0.00969136 0)
(1.02909 -0.0138233 0)
(1.03171 -0.0176853 0)
(1.03498 -0.021167 0)
(1.03887 -0.0241516 0)
(1.04332 -0.0265199 0)
(1.04824 -0.0281529 0)
(1.05352 -0.028939 0)
(1.059 -0.0287804 0)
(1.0645 -0.027605 0)
(1.0698 -0.025376 0)
(1.07467 -0.0221078 0)
(1.07887 -0.0178755 0)
(1.08217 -0.012816 0)
(1.08438 -0.00713168 0)
(1.08537 -0.00106744 0)
(1.10269 0.00136998 0)
(1.10269 0.00283437 0)
(1.1026 0.00434205 0)
(1.10242 0.00589341 0)
(1.10212 0.0074878 0)
(1.10171 0.0091233 0)
(1.10117 0.0107965 0)
(1.10049 0.0125022 0)
(1.09966 0.0142334 0)
(1.09866 0.0159812 0)
(1.0975 0.0177346 0)
(1.09615 0.0194802 0)
(1.09462 0.0212029 0)
(1.09288 0.0228854 0)
(1.09095 0.0245086 0)
(1.08882 0.0260517 0)
(1.08648 0.0274928 0)
(1.08395 0.0288088 0)
(1.08124 0.029976 0)
(1.07834 0.0309707 0)
(1.07528 0.0317692 0)
(1.07208 0.0323487 0)
(1.06876 0.0326876 0)
(1.06534 0.0327657 0)
(1.06186 0.0325653 0)
(1.05835 0.0320709 0)
(1.05483 0.0312703 0)
(1.05137 0.0301545 0)
(1.04798 0.0287185 0)
(1.04473 0.0269616 0)
(1.04165 0.0248876 0)
(1.03879 0.0225058 0)
(1.03621 0.0198308 0)
(1.03394 0.0168834 0)
(1.03203 0.013691 0)
(1.03054 0.0102878 0)
(1.02949 0.00671548 0)
(1.02895 0.00302332 0)
(1.02893 -0.000731112 0)
(1.02947 -0.0044823 0)
(1.03058 -0.00815685 0)
(1.03228 -0.0116737 0)
(1.03455 -0.0149447 0)
(1.03739 -0.0178763 0)
(1.04075 -0.0203709 0)
(1.04458 -0.0223298 0)
(1.04879 -0.0236568 0)
(1.05328 -0.0242635 0)
(1.05793 -0.0240748 0)
(1.06256 -0.0230385 0)
(1.06702 -0.021131 0)
(1.07109 -0.0183713 0)
(1.0746 -0.0148214 0)
(1.07736 -0.0105958 0)
(1.07921 -0.00585257 0)
(1.09993 0.00140161 0)
(1.09989 0.00272453 0)
(1.09975 0.00408153 0)
(1.09953 0.00547224 0)
(1.09919 0.00689538 0)
(1.09875 0.00834865 0)
(1.09818 0.00982855 0)
(1.09748 0.0113302 0)
(1.09664 0.0128474 0)
(1.09566 0.014372 0)
(1.09451 0.0158947 0)
(1.09321 0.017404 0)
(1.09174 0.0188871 0)
(1.09009 0.0203294 0)
(1.08827 0.0217151 0)
(1.08627 0.0230268 0)
(1.08409 0.0242461 0)
(1.08175 0.0253539 0)
(1.07925 0.0263304 0)
(1.07659 0.0271558 0)
(1.07379 0.0278105 0)
(1.07087 0.0282753 0)
(1.06786 0.0285322 0)
(1.06476 0.0285643 0)
(1.06161 0.0283568 0)
(1.05844 0.0278969 0)
(1.05528 0.0271744 0)
(1.05216 0.0261821 0)
(1.04912 0.0249162 0)
(1.04621 0.0233764 0)
(1.04346 0.0215669 0)
(1.0409 0.0194961 0)
(1.0386 0.0171776 0)
(1.03657 0.0146301 0)
(1.03488 0.0118779 0)
(1.03355 0.00895172 0)
(1.03263 0.00588809 0)
(1.03214 0.0027303 0)
(1.03211 -0.000471194 0)
(1.03258 -0.00365979 0)
(1.03354 -0.00677242 0)
(1.03501 -0.00973976 0)
(1.03698 -0.0124873 0)
(1.03942 -0.0149365 0)
(1.04231 -0.0170066 0)
(1.04558 -0.0186169 0)
(1.04917 -0.0196901 0)
(1.05298 -0.0201568 0)
(1.0569 -0.01996 0)
(1.0608 -0.0190611 0)
(1.06453 -0.017447 0)
(1.06794 -0.0151359 0)
(1.07086 -0.0121816 0)
(1.07316 -0.00867707 0)
(1.0747 -0.00474703 0)
(1.09734 0.00137056 0)
(1.09726 0.00254739 0)
(1.0971 0.00375074 0)
(1.09684 0.00497971 0)
(1.09648 0.00623266 0)
(1.09602 0.00750715 0)
(1.09543 0.00879976 0)
(1.09473 0.010106 0)
(1.09389 0.0114203 0)
(1.09292 0.0127356 0)
(1.09181 0.0140437 0)
(1.09055 0.0153352 0)
(1.08914 0.0165992 0)
(1.08758 0.0178235 0)
(1.08586 0.0189949 0)
(1.08399 0.0200991 0)
(1.08196 0.0211208 0)
(1.07979 0.0220443 0)
(1.07747 0.0228533 0)
(1.07503 0.0235315 0)
(1.07247 0.0240625 0)
(1.0698 0.0244306 0)
(1.06705 0.0246209 0)
(1.06424 0.0246197 0)
(1.06138 0.0244145 0)
(1.05852 0.0239949 0)
(1.05566 0.0233527 0)
(1.05285 0.0224821 0)
(1.05012 0.0213803 0)
(1.04751 0.0200477 0)
(1.04504 0.0184882 0)
(1.04275 0.0167096 0)
(1.04069 0.0147242 0)
(1.03888 0.0125484 0)
(1.03736 0.0102039 0)
(1.03618 0.00771718 0)
(1.03535 0.00512029 0)
(1.0349 0.00245086 0)
(1.03486 -0.000248631 0)
(1.03525 -0.00292934 0)
(1.03608 -0.00553755 0)
(1.03734 -0.008015 0)
(1.03902 -0.0102995 0)
(1.04111 -0.012326 0)
(1.04358 -0.0140285 0)
(1.04636 -0.0153417 0)
(1.04941 -0.0162043 0)
(1.05263 -0.016562 0)
(1.05593 -0.0163714 0)
(1.05921 -0.0156051 0)
(1.06233 -0.0142563 0)
(1.06517 -0.0123416 0)
(1.0676 -0.00990667 0)
(1.06951 -0.00702514 0)
(1.07079 -0.0037969 0)
(1.09496 0.00128747 0)
(1.09486 0.00231487 0)
(1.09467 0.0033626 0)
(1.09439 0.00442947 0)
(1.09402 0.0055137 0)
(1.09354 0.00661284 0)
(1.09295 0.00772372 0)
(1.09224 0.00884228 0)
(1.09142 0.00996356 0)
(1.09047 0.0110816 0)
(1.08939 0.0121895 0)
(1.08818 0.0132793 0)
(1.08684 0.0143418 0)
(1.08535 0.0153672 0)
(1.08373 0.0163445 0)
(1.08197 0.0172619 0)
(1.08008 0.0181072 0)
(1.07805 0.0188673 0)
(1.07591 0.019529 0)
(1.07366 0.020079 0)
(1.0713 0.0205041 0)
(1.06886 0.0207914 0)
(1.06634 0.0209288 0)
(1.06378 0.0209051 0)
(1.06118 0.0207104 0)
(1.05858 0.0203361 0)
(1.05599 0.0197759 0)
(1.05345 0.0190251 0)
(1.05099 0.0180818 0)
(1.04863 0.0169468 0)
(1.0464 0.0156237 0)
(1.04434 0.0141197 0)
(1.04249 0.0124453 0)
(1.04086 0.0106152 0)
(1.0395 0.00864781 0)
(1.03843 0.00656597 0)
(1.03767 0.00439694 0)
(1.03726 0.00217273 0)
(1.0372 -7.09049e-05 0)
(1.03752 -0.00229272 0)
(1.03821 -0.00444809 0)
(1.03929 -0.00648871 0)
(1.04072 -0.00836343 0)
(1.04251 -0.0100193 0)
(1.0446 -0.0114029 0)
(1.04697 -0.0124623 0)
(1.04955 -0.0131492 0)
(1.05227 -0.0134218 0)
(1.05505 -0.0132473 0)
(1.05779 -0.0126066 0)
(1.0604 -0.0114959 0)
(1.06277 -0.00993115 0)
(1.0648 -0.00794871 0)
(1.06638 -0.0056079 0)
(1.06743 -0.00298908 0)
(1.09281 0.00116132 0)
(1.0927 0.00203687 0)
(1.09249 0.0029277 0)
(1.0922 0.00383254 0)
(1.09181 0.00474961 0)
(1.09133 0.00567662 0)
(1.09074 0.00661072 0)
(1.09004 0.00754835 0)
(1.08923 0.00848528 0)
(1.08831 0.00941651 0)
(1.08727 0.0103363 0)
(1.0861 0.0112379 0)
(1.08482 0.0121142 0)
(1.0834 0.0129569 0)
(1.08187 0.0137572 0)
(1.08021 0.0145057 0)
(1.07844 0.0151924 0)
(1.07655 0.015807 0)
(1.07456 0.0163388 0)
(1.07247 0.0167772 0)
(1.07029 0.0171116 0)
(1.06804 0.0173317 0)
(1.06573 0.017428 0)
(1.06338 0.0173914 0)
(1.061 0.0172141 0)
(1.05862 0.0168895 0)
(1.05627 0.0164124 0)
(1.05396 0.0157795 0)
(1.05172 0.0149894 0)
(1.04958 0.0140432 0)
(1.04756 0.0129441 0)
(1.0457 0.0116984 0)
(1.04401 0.0103153 0)
(1.04254 0.00880688 0)
(1.04131 0.00718891 0)
(1.04033 0.00548052 0)
(1.03963 0.00370447 0)
(1.03924 0.001887 0)
(1.03916 5.83822e-05 0)
(1.03941 -0.00174822 0)
(1.03999 -0.00349618 0)
(1.0409 -0.00514628 0)
(1.04212 -0.00665727 0)
(1.04363 -0.00798683 0)
(1.04541 -0.00909266 0)
(1.04742 -0.00993404 0)
(1.04961 -0.0104736 0)
(1.05191 -0.0106793 0)
(1.05425 -0.0105272 0)
(1.05656 -0.0100033 0)
(1.05875 -0.00910624 0)
(1.06072 -0.00784999 0)
(1.06241 -0.00626449 0)
(1.06372 -0.00439607 0)
(1.06458 -0.00230657 0)
(1.09093 0.00100042 0)
(1.09081 0.0017221 0)
(1.09059 0.002455 0)
(1.09029 0.00319788 0)
(1.0899 0.00394912 0)
(1.08941 0.00470668 0)
(1.08883 0.0054681 0)
(1.08814 0.00623041 0)
(1.08735 0.00699009 0)
(1.08645 0.00774307 0)
(1.08544 0.00848466 0)
(1.08432 0.0092096 0)
(1.08309 0.00991203 0)
(1.08174 0.0105855 0)
(1.08029 0.0112231 0)
(1.07872 0.0118174 0)
(1.07705 0.0123606 0)
(1.07528 0.0128445 0)
(1.07341 0.0132609 0)
(1.07146 0.0136015 0)
(1.06943 0.0138581 0)
(1.06734 0.0140226 0)
(1.06521 0.0140876 0)
(1.06303 0.0140462 0)
(1.06084 0.0138923 0)
(1.05866 0.0136209 0)
(1.05649 0.0132279 0)
(1.05437 0.0127111 0)
(1.05232 0.0120696 0)
(1.05036 0.0113043 0)
(1.04852 0.0104183 0)
(1.04682 0.00941674 0)
(1.04528 0.00830715 0)
(1.04393 0.00709968 0)
(1.0428 0.00580705 0)
(1.0419 0.0044448 0)
(1.04125 0.0030314 0)
(1.04087 0.00158792 0)
(1.04077 0.0001385 0)
(1.04096 -0.00129063 0)
(1.04143 -0.00267009 0)
(1.0422 -0.00396903 0)
(1.04323 -0.00515513 0)
(1.04453 -0.00619549 0)
(1.04605 -0.00705739 0)
(1.04776 -0.00770975 0)
(1.04962 -0.00812419 0)
(1.05157 -0.00827696 0)
(1.05356 -0.00815034 0)
(1.05551 -0.00773472 0)
(1.05735 -0.00703021 0)
(1.05902 -0.00604831 0)
(1.06043 -0.00481236 0)
(1.06152 -0.00335764 0)
(1.06223 -0.00173132 0)
(1.08936 0.000811612 0)
(1.08922 0.0013776 0)
(1.089 0.00195152 0)
(1.08869 0.00253227 0)
(1.0883 0.00311849 0)
(1.08782 0.00370849 0)
(1.08724 0.00430028 0)
(1.08657 0.00489149 0)
(1.08579 0.00547936 0)
(1.08492 0.0060607 0)
(1.08394 0.00663192 0)
(1.08285 0.00718898 0)
(1.08167 0.0077274 0)
(1.08038 0.00824231 0)
(1.07899 0.00872846 0)
(1.07749 0.00918025 0)
(1.07591 0.00959181 0)
(1.07423 0.00995706 0)
(1.07247 0.0102698 0)
(1.07063 0.0105238 0)
(1.06873 0.010713 0)
(1.06678 0.0108313 0)
(1.06478 0.0108732 0)
(1.06275 0.0108336 0)
(1.06071 0.010708 0)
(1.05868 0.0104927 0)
(1.05667 0.0101848 0)
(1.05471 0.00978269 0)
(1.0528 0.00928584 0)
(1.05099 0.00869517 0)
(1.04929 0.00801316 0)
(1.04771 0.00724392 0)
(1.04629 0.00639342 0)
(1.04504 0.00546956 0)
(1.04399 0.00448224 0)
(1.04314 0.0034435 0)
(1.04253 0.00236745 0)
(1.04216 0.0012703 0)
(1.04204 0.000170379 0)
(1.04217 -0.000911857 0)
(1.04257 -0.00195456 0)
(1.04321 -0.00293439 0)
(1.0441 -0.00382706 0)
(1.04521 -0.00460798 0)
(1.04652 -0.00525292 0)
(1.048 -0.00573896 0)
(1.0496 -0.00604543 0)
(1.05127 -0.00615523 0)
(1.05298 -0.00605581 0)
(1.05465 -0.00574079 0)
(1.05622 -0.00521091 0)
(1.05764 -0.00447487 0)
(1.05883 -0.0035499 0)
(1.05975 -0.00246295 0)
(1.06034 -0.00124877 0)
(1.08812 0.000598394 0)
(1.08797 0.00100665 0)
(1.08775 0.00142015 0)
(1.08744 0.00183803 0)
(1.08705 0.00225926 0)
(1.08657 0.00268258 0)
(1.086 0.00310652 0)
(1.08533 0.00352933 0)
(1.08457 0.00394904 0)
(1.08372 0.00436335 0)
(1.08276 0.0047697 0)
(1.08171 0.00516522 0)
(1.08056 0.00554676 0)
(1.07932 0.0059109 0)
(1.07798 0.00625394 0)
(1.07655 0.00657198 0)
(1.07503 0.00686093 0)
(1.07342 0.00711655 0)
(1.07174 0.00733453 0)
(1.07 0.00751054 0)
(1.06819 0.00764034 0)
(1.06634 0.00771981 0)
(1.06444 0.00774509 0)
(1.06253 0.00771264 0)
(1.06061 0.00761939 0)
(1.05869 0.00746279 0)
(1.0568 0.00724096 0)
(1.05495 0.00695278 0)
(1.05317 0.006598 0)
(1.05147 0.00617738 0)
(1.04987 0.00569275 0)
(1.04839 0.00514712 0)
(1.04705 0.00454483 0)
(1.04588 0.00389151 0)
(1.04488 0.00319426 0)
(1.04408 0.00246163 0)
(1.0435 0.00170366 0)
(1.04313 0.000931957 0)
(1.04299 0.000159412 0)
(1.04309 -0.000599794 0)
(1.04341 -0.00133014 0)
(1.04397 -0.00201529 0)
(1.04474 -0.00263838 0)
(1.04572 -0.00318234 0)
(1.04686 -0.00363052 0)
(1.04816 -0.00396715 0)
(1.04956 -0.00417824 0)
(1.05103 -0.00425221 0)
(1.05252 -0.00418077 0)
(1.05398 -0.00395983 0)
(1.05535 -0.00359017 0)
(1.05658 -0.00307804 0)
(1.05762 -0.00243589 0)
(1.05841 -0.00168199 0)
(1.0589 -0.000840018 0)
(1.08724 0.000371601 0)
(1.0871 0.000619078 0)
(1.08687 0.000869534 0)
(1.08656 0.00112243 0)
(1.08617 0.00137712 0)
(1.0857 0.00163281 0)
(1.08513 0.00188861 0)
(1.08447 0.00214345 0)
(1.08373 0.00239611 0)
(1.08288 0.00264523 0)
(1.08195 0.00288925 0)
(1.08092 0.00312647 0)
(1.0798 0.00335498 0)
(1.07859 0.00357276 0)
(1.07728 0.00377761 0)
(1.07589 0.0039672 0)
(1.07442 0.00413912 0)
(1.07287 0.00429085 0)
(1.07124 0.00441985 0)
(1.06956 0.00452357 0)
(1.06782 0.00459949 0)
(1.06603 0.00464519 0)
(1.06421 0.0046584 0)
(1.06238 0.00463704 0)
(1.06053 0.00457932 0)
(1.0587 0.00448375 0)
(1.05689 0.00434925 0)
(1.05512 0.00417518 0)
(1.05341 0.00396145 0)
(1.05179 0.00370854 0)
(1.05026 0.00341759 0)
(1.04885 0.00309046 0)
(1.04757 0.00272975 0)
(1.04645 0.0023389 0)
(1.04549 0.00192218 0)
(1.04472 0.00148476 0)
(1.04415 0.00103265 0)
(1.04378 0.00057277 0)
(1.04363 0.000112882 0)
(1.0437 -0.000338838 0)
(1.04398 -0.000772877 0)
(1.04448 -0.00117955 0)
(1.04517 -0.0015489 0)
(1.04605 -0.0018709 0)
(1.04709 -0.00213573 0)
(1.04826 -0.00233421 0)
(1.04953 -0.00245817 0)
(1.05086 -0.00250092 0)
(1.05221 -0.00245776 0)
(1.05352 -0.0023264 0)
(1.05476 -0.00210743 0)
(1.05586 -0.00180474 0)
(1.05679 -0.00142557 0)
(1.05749 -0.000980515 0)
(1.05793 -0.000483676 0)
(1.08679 0.000122101 0)
(1.08664 0.00020564 0)
(1.08641 0.000290137 0)
(1.0861 0.000375398 0)
(1.08571 0.000461196 0)
(1.08524 0.000547268 0)
(1.08468 0.000633308 0)
(1.08402 0.000718958 0)
(1.08328 0.000803813 0)
(1.08245 0.000887408 0)
(1.08152 0.000969228 0)
(1.08051 0.0010487 0)
(1.0794 0.00112519 0)
(1.0782 0.00119802 0)
(1.07692 0.00126647 0)
(1.07555 0.00132976 0)
(1.0741 0.00138709 0)
(1.07257 0.00143762 0)
(1.07098 0.00148052 0)
(1.06933 0.00151493 0)
(1.06762 0.00154002 0)
(1.06587 0.001555 0)
(1.06409 0.00155912 0)
(1.0623 0.00155168 0)
(1.06049 0.0015321 0)
(1.0587 0.00149989 0)
(1.05693 0.00145469 0)
(1.05521 0.00139631 0)
(1.05354 0.00132472 0)
(1.05195 0.00124008 0)
(1.05046 0.0011428 0)
(1.04908 0.00103349 0)
(1.04784 0.000913024 0)
(1.04674 0.000782573 0)
(1.0458 0.000643572 0)
(1.04505 0.000497765 0)
(1.04448 0.000347135 0)
(1.04412 0.000193943 0)
(1.04396 4.08014e-05 0)
(1.04401 -0.0001095 0)
(1.04427 -0.000253845 0)
(1.04473 -0.000389009 0)
(1.04539 -0.000511692 0)
(1.04621 -0.000618561 0)
(1.0472 -0.00070637 0)
(1.0483 -0.000772098 0)
(1.04951 -0.000813049 0)
(1.05077 -0.000827049 0)
(1.05204 -0.000812562 0)
(1.05328 -0.000768864 0)
(1.05445 -0.000696165 0)
(1.05549 -0.000595794 0)
(1.05636 -0.00047004 0)
(1.05702 -0.000322518 0)
(1.05742 -0.000157792 0)
)
;

boundaryField
{
    inlet
    {
        type            uniformFixedValue;
        uniformValue    constant (1 0 0);
        value           nonuniform 0();
    }
    outlet
    {
        type            pressureInletOutletVelocity;
        value           nonuniform 0();
    }
    cylinder
    {
        type            fixedValue;
        value           nonuniform 0();
    }
    top
    {
        type            symmetryPlane;
    }
    bottom
    {
        type            symmetryPlane;
    }
    defaultFaces
    {
        type            empty;
    }
    procBoundary2to1
    {
        type            processor;
        value           nonuniform List<vector> 
36
(
(1.09208 -0.0625907 0)
(1.10299 -0.0575738 0)
(1.11173 -0.0525477 0)
(1.1188 -0.0476463 0)
(1.12453 -0.0429488 0)
(1.1291 -0.0384973 0)
(1.13264 -0.0343125 0)
(1.13525 -0.030404 0)
(1.13704 -0.0267756 0)
(1.13811 -0.0234284 0)
(1.13856 -0.0203605 0)
(1.13845 -0.017567 0)
(1.13785 -0.0150394 0)
(1.1368 -0.0127668 0)
(1.13534 -0.0107364 0)
(1.13351 -0.00893414 0)
(1.13137 -0.00734579 0)
(1.12896 -0.00595666 0)
(1.12633 -0.00475195 0)
(1.12352 -0.0037172 0)
(1.12059 -0.00283761 0)
(1.11758 -0.0020992 0)
(1.11452 -0.00148751 0)
(1.11146 -0.000989154 0)
(1.10843 -0.000592182 0)
(1.10547 -0.000283717 0)
(1.10261 -5.23411e-05 0)
(1.09989 0.000112485 0)
(1.09733 0.000220585 0)
(1.09497 0.000281115 0)
(1.09285 0.000301991 0)
(1.09099 0.000290929 0)
(1.08942 0.000254429 0)
(1.08818 0.000196063 0)
(1.08732 0.000127555 0)
(1.08686 3.96653e-05 0)
)
;
    }
    procBoundary2to3
    {
        type            processor;
        value           nonuniform List<vector> 
36
(
(1.21454 0.0500727 0)
(1.22371 0.0492367 0)
(1.23134 0.0486396 0)
(1.23738 0.0483178 0)
(1.2418 0.0482639 0)
(1.24465 0.0484097 0)
(1.24591 0.0486005 0)
(1.24553 0.048583 0)
(1.24331 0.0480305 0)
(1.23898 0.0466194 0)
(1.23224 0.0441444 0)
(1.22301 0.0406227 0)
(1.21153 0.0363146 0)
(1.19844 0.0316388 0)
(1.18455 0.0270317 0)
(1.17065 0.0228061 0)
(1.15731 0.0191222 0)
(1.14486 0.01602 0)
(1.13344 0.0134481 0)
(1.12307 0.0113289 0)
(1.11371 0.00958544 0)
(1.10529 0.0081458 0)
(1.09776 0.00695171 0)
(1.09104 0.0059512 0)
(1.08508 0.00510409 0)
(1.08005 -0.000789975 0)
(1.08005 -0.000789975 0)
(1.0754 -0.000548251 0)
(1.07136 -0.000345839 0)
(1.06789 -0.00018772 0)
(1.06495 -7.05141e-05 0)
(1.06251 8.26539e-06 0)
(1.06056 5.03683e-05 0)
(1.05908 6.133e-05 0)
(1.05807 4.82089e-05 0)
(1.05755 1.83766e-05 0)
)
;
    }
    procBoundary2to6
    {
        type            processor;
        value           nonuniform List<vector> 
57
(
(1.08726 -0.0833033 0)
(1.09995 -0.0975055 0)
(1.11616 -0.109144 0)
(1.13563 -0.117312 0)
(1.15799 -0.121122 0)
(1.18266 -0.119766 0)
(1.20887 -0.112584 0)
(1.23561 -0.0991441 0)
(1.26162 -0.0793556 0)
(1.28547 -0.0535904 0)
(1.30569 -0.0227125 0)
(1.32092 0.0121508 0)
(1.32986 0.0496954 0)
(1.33175 0.0877937 0)
(1.3266 0.124761 0)
(1.31491 0.159211 0)
(1.29755 0.190091 0)
(1.27562 0.21675 0)
(1.2503 0.238897 0)
(1.22268 0.256525 0)
(1.1937 0.269833 0)
(1.16412 0.279145 0)
(1.1345 0.284853 0)
(1.10524 0.287365 0)
(1.07658 0.287067 0)
(1.04863 0.284297 0)
(1.02144 0.279346 0)
(0.994951 0.272432 0)
(0.969103 0.26365 0)
(0.943818 0.253052 0)
(0.918914 0.240717 0)
(0.89426 0.22652 0)
(0.870024 0.209942 0)
(0.846344 0.190584 0)
(0.822644 0.168866 0)
(0.798008 0.145523 0)
(0.772937 0.120009 0)
(0.765714 0.0820023 0)
(0.765714 0.0820023 0)
(0.749636 0.0480647 0)
(0.743082 0.00705655 0)
(0.747987 -0.0397843 0)
(0.763545 -0.0888559 0)
(0.787182 -0.136201 0)
(0.815912 -0.178967 0)
(0.84713 -0.216362 0)
(0.879053 -0.24975 0)
(0.910934 -0.281846 0)
(0.943125 -0.314874 0)
(0.976963 -0.348131 0)
(1.01399 -0.376639 0)
(1.05424 -0.392481 0)
(1.09547 -0.387579 0)
(1.13391 -0.355447 0)
(1.16546 -0.291831 0)
(1.18785 -0.196216 0)
(1.20095 -0.0759697 0)
)
;
    }
}


// ************************************************************************* //
