/*--------------------------------*- C++ -*----------------------------------*\
  =========                 |
  \\      /  F ield         | OpenFOAM: The Open Source CFD Toolbox
   \\    /   O peration     | Website:  https://openfoam.org
    \\  /    A nd           | Version:  7
     \\/     M anipulation  |
\*---------------------------------------------------------------------------*/
FoamFile
{
    version     2.0;
    format      ascii;
    class       volVectorField;
    location    "125";
    object      U;
}
// * * * * * * * * * * * * * * * * * * * * * * * * * * * * * * * * * * * * * //

dimensions      [0 1 -1 0 0 0 0];

internalField   nonuniform List<vector> 
1989
(
(1.28929 -0.0320781 6.39525e-19)
(1.28589 -0.0223564 -8.19409e-21)
(1.29789 -0.00300986 8.20468e-20)
(1.28248 -0.0129827 7.7592e-20)
(1.29401 0.00565052 -2.60143e-20)
(1.27905 -0.00392441 -1.29157e-20)
(1.29013 0.0140813 2.76941e-20)
(1.27559 0.00484644 7.83765e-20)
(1.28625 0.0223014 1.42175e-19)
(1.27208 0.0133538 -1.698e-19)
(1.29604 0.0366081 1.63058e-19)
(1.28235 0.0303265 4.39069e-20)
(1.26853 0.0216184 7.08181e-20)
(1.29185 0.0446121 -8.70267e-21)
(1.27842 0.0381703 -1.15489e-19)
(1.26491 0.0296578 7.83193e-20)
(1.28763 0.0524628 6.98725e-20)
(1.27443 0.0458441 1.77847e-19)
(1.26123 0.037487 -9.80574e-20)
(1.28335 0.0601681 -3.16654e-19)
(1.27039 0.0533571 -1.75735e-19)
(1.25746 0.0451187 1.18257e-19)
(1.29188 0.0754107 2.11155e-20)
(1.27902 0.0677345 1.2208e-19)
(1.26627 0.0607173 2.89563e-20)
(1.2536 0.0525636 -1.0822e-19)
(1.28727 0.0829577 -1.65743e-20)
(1.2746 0.0751669 5.9205e-20)
(1.26207 0.0679306 1.51031e-19)
(1.24965 0.0598303 -2.96557e-20)
(1.28258 0.090402 6.41268e-20)
(1.27009 0.0824686 4.32264e-20)
(1.25777 0.0750021 -2.0756e-19)
(1.24559 0.0669259 -2.44204e-20)
(1.27778 0.0977438 -3.78269e-20)
(1.26548 0.0896417 -6.3506e-20)
(1.25337 0.081935 6.06353e-20)
(1.24141 0.0738557 9.94741e-20)
(1.27287 0.104982 -1.03804e-19)
(1.26076 0.096687 2.13886e-20)
(1.24885 0.0887319 8.03036e-20)
(1.23712 0.0806237 -5.47773e-20)
(1.26784 0.112114 -8.58671e-20)
(1.25592 0.103604 3.21261e-20)
(1.24421 0.0953937 -2.57786e-20)
(1.23271 0.0872325 8.89715e-20)
(1.26267 0.119138 1.08403e-19)
(1.25094 0.110393 -1.06151e-19)
(1.23945 0.101921 -6.01639e-20)
(1.22816 0.0936835 -1.61471e-20)
(1.25735 0.126048 8.40689e-20)
(1.24582 0.11705 -2.49171e-20)
(1.23455 0.108312 6.6912e-20)
(1.22348 0.0999769 -1.25191e-20)
(1.25188 0.13284 -6.28644e-20)
(1.24056 0.123573 2.62988e-20)
(1.22951 0.114566 -7.13301e-20)
(1.21865 0.106112 2.53057e-20)
(1.25773 0.149435 2.31323e-20)
(1.24624 0.139509 2.61504e-20)
(1.23514 0.129959 -1.47095e-21)
(1.22433 0.12068 2.89766e-20)
(1.21369 0.112087 -1.47248e-20)
(1.2517 0.156277 -9.71351e-21)
(1.24044 0.146047 1.17682e-21)
(1.22957 0.136202 3.26547e-21)
(1.21899 0.12665 8.72824e-21)
(1.20858 0.117899 -5.14658e-21)
(1.24548 0.162994 -1.90148e-21)
(1.23445 0.152448 1.39477e-22)
(1.22383 0.142298 2.80375e-21)
(1.2135 0.132472 -4.23005e-21)
(1.20332 0.123545 2.15803e-21)
(1.23907 0.169574 6.34381e-22)
(1.22829 0.158704 1.01945e-21)
(1.21792 0.14824 -2.14792e-21)
(1.20786 0.138139 -3.85706e-21)
(1.19792 0.12902 5.74238e-21)
(1.23245 0.17601 -2.26005e-20)
(1.22194 0.164805 1.80516e-20)
(1.21184 0.154022 6.68135e-21)
(1.20206 0.143644 2.92888e-21)
(1.19239 0.134317 -4.75467e-21)
(1.22563 0.18229 1.21763e-20)
(1.21539 0.170745 1.32017e-20)
(1.20559 0.159635 6.94682e-21)
(1.1961 0.148973 2.06604e-20)
(1.18671 0.13943 -1.39094e-20)
(1.20866 0.176514 -5.41252e-20)
(1.19916 0.165071 1.75136e-20)
(1.18997 0.154121 -4.68896e-20)
(1.18084 0.144349 5.11567e-21)
(1.20172 0.182102 6.08698e-21)
(1.19255 0.170326 -7.72446e-21)
(1.18367 0.159099 6.42057e-20)
(1.17475 0.149088 -2.07579e-20)
(1.19459 0.187499 6.37107e-20)
(1.18576 0.175392 -4.91386e-20)
(1.17721 0.163925 -1.47245e-20)
(1.26217 -0.109772 0)
(1.2522 -0.126984 0)
(1.23484 -0.142234 0)
(1.21605 -0.15587 0)
(1.19701 -0.168008 0)
(1.17678 -0.178233 0)
(1.15486 -0.186119 0)
(1.13154 -0.191408 0)
(1.1073 -0.193923 0)
(1.08256 -0.193511 0)
(1.05766 -0.190055 0)
(1.03297 -0.183497 0)
(1.00884 -0.173832 0)
(1.25016 -0.100999 0)
(1.24109 -0.116817 0)
(1.22506 -0.130995 0)
(1.20747 -0.143545 0)
(1.18967 -0.154614 0)
(1.17091 -0.163933 0)
(1.15066 -0.171119 0)
(1.12913 -0.175911 0)
(1.10674 -0.178145 0)
(1.0839 -0.177683 0)
(1.06093 -0.174417 0)
(1.03816 -0.168282 0)
(1.01592 -0.159262 0)
(1.23866 -0.0925641 0)
(1.23033 -0.107059 0)
(1.21554 -0.120158 0)
(1.19916 -0.131701 0)
(1.18258 -0.141792 0)
(1.16521 -0.150258 0)
(1.14655 -0.156781 0)
(1.12672 -0.161109 0)
(1.1061 -0.163081 0)
(1.08507 -0.162576 0)
(1.06394 -0.159493 0)
(1.04299 -0.153765 0)
(1.02256 -0.145371 0)
(1.2276 -0.0844342 0)
(1.21994 -0.0976963 0)
(1.20632 -0.109732 0)
(1.19113 -0.120317 0)
(1.17574 -0.129508 0)
(1.15972 -0.137186 0)
(1.14256 -0.143091 0)
(1.12434 -0.14699 0)
(1.10541 -0.148727 0)
(1.08611 -0.148191 0)
(1.06673 -0.145289 0)
(1.04753 -0.139958 0)
(1.02882 -0.13217 0)
(1.21695 -0.076616 0)
(1.20991 -0.0887267 0)
(1.1974 -0.09974 0)
(1.18337 -0.109415 0)
(1.16916 -0.117776 0)
(1.15441 -0.124731 0)
(1.13868 -0.130065 0)
(1.12201 -0.133569 0)
(1.10468 -0.135095 0)
(1.08703 -0.13454 0)
(1.06931 -0.13182 0)
(1.05178 -0.126874 0)
(1.03471 -0.119675 0)
(1.20668 -0.0691128 0)
(1.20025 -0.0801546 0)
(1.18879 -0.0902033 0)
(1.17589 -0.0990211 0)
(1.16282 -0.106614 0)
(1.1493 -0.112905 0)
(1.13493 -0.117715 0)
(1.11972 -0.120857 0)
(1.10392 -0.122196 0)
(1.08783 -0.121633 0)
(1.0717 -0.119095 0)
(1.05575 -0.114524 0)
(1.04024 -0.107894 0)
(1.19683 -0.0619486 0)
(1.19098 -0.0719964 0)
(1.18052 -0.0811417 0)
(1.16871 -0.0891566 0)
(1.15674 -0.0960372 0)
(1.14439 -0.101719 0)
(1.13132 -0.106048 0)
(1.11749 -0.108861 0)
(1.10314 -0.110034 0)
(1.08853 -0.109476 0)
(1.0739 -0.10712 0)
(1.05946 -0.102915 0)
(1.04542 -0.096835 0)
(1.18743 -0.055145 0)
(1.18213 -0.0642665 0)
(1.17264 -0.0725688 0)
(1.16187 -0.0798354 0)
(1.15095 -0.0860568 0)
(1.13973 -0.0911787 0)
(1.12787 -0.0950693 0)
(1.11535 -0.0975852 0)
(1.10237 -0.098613 0)
(1.08916 -0.0980709 0)
(1.07595 -0.0958975 0)
(1.06292 -0.0920479 0)
(1.05027 -0.0864987 0)
(1.17855 -0.0487131 0)
(1.17378 -0.0569732 0)
(1.16519 -0.0644916 0)
(1.15541 -0.0710641 0)
(1.1455 -0.0766778 0)
(1.13533 -0.081287 0)
(1.12462 -0.084779 0)
(1.11334 -0.0870274 0)
(1.10164 -0.0879304 0)
(1.08974 -0.087414 0)
(1.07785 -0.0854234 0)
(1.06615 -0.081919 0)
(1.05481 -0.0768807 0)
(1.17023 -0.0426592 0)
(1.16594 -0.0501204 0)
(1.15821 -0.0569126 0)
(1.14937 -0.0628442 0)
(1.1404 -0.0678995 0)
(1.13123 -0.0720407 0)
(1.1216 -0.0751716 0)
(1.11146 -0.0771812 0)
(1.10096 -0.0779785 0)
(1.09029 -0.0774972 0)
(1.07964 -0.0756887 0)
(1.06917 -0.072519 0)
(1.05904 -0.067971 0)
(1.16245 -0.0369862 0)
(1.15863 -0.0437092 0)
(1.15169 -0.0498309 0)
(1.14373 -0.0551729 0)
(1.13565 -0.0597173 0)
(1.12742 -0.0634331 0)
(1.11879 -0.0662383 0)
(1.10972 -0.0680362 0)
(1.10034 -0.0687456 0)
(1.09081 -0.0683078 0)
(1.08131 -0.0666802 0)
(1.07198 -0.0638338 0)
(1.06298 -0.059755 0)
(1.15521 -0.0316951 0)
(1.15181 -0.0377386 0)
(1.14562 -0.0432436 0)
(1.13849 -0.0480452 0)
(1.13124 -0.0521241 0)
(1.12388 -0.0554546 0)
(1.11618 -0.0579676 0)
(1.10811 -0.059579 0)
(1.09976 -0.0602172 0)
(1.09129 -0.0598302 0)
(1.08286 -0.0583813 0)
(1.07459 -0.0558462 0)
(1.06663 -0.0522146 0)
(1.14845 -0.026787 0)
(1.14546 -0.0322075 0)
(1.13996 -0.0371473 0)
(1.1336 -0.0414553 0)
(1.12714 -0.0451113 0)
(1.12058 -0.0480943 0)
(1.11376 -0.0503463 0)
(1.1066 -0.0517946 0)
(1.09921 -0.0523766 0)
(1.09172 -0.0520466 0)
(1.08427 -0.0507731 0)
(1.07698 -0.0485363 0)
(1.06997 -0.0453288 0)
(1.14214 -0.0222624 0)
(1.13953 -0.0271134 0)
(1.13468 -0.0315371 0)
(1.12904 -0.0353957 0)
(1.1233 -0.0386688 0)
(1.1175 -0.0413396 0)
(1.11147 -0.0433595 0)
(1.10517 -0.0446663 0)
(1.09866 -0.0452053 0)
(1.09207 -0.0449369 0)
(1.08552 -0.0438343 0)
(1.07913 -0.0418818 0)
(1.07299 -0.0390746 0)
(1.13625 -0.01812 0)
(1.13398 -0.022452 0)
(1.12973 -0.0264059 0)
(1.12476 -0.0298567 0)
(1.1197 -0.0327846 0)
(1.1146 -0.0351758 0)
(1.10931 -0.0369902 0)
(1.10378 -0.0381747 0)
(1.09808 -0.0386823 0)
(1.09232 -0.0384786 0)
(1.0866 -0.0375413 0)
(1.08102 -0.0358579 0)
(1.07568 -0.0334263 0)
(1.13073 -0.014356 0)
(1.12879 -0.0182167 0)
(1.12509 -0.0217444 0)
(1.12074 -0.0248265 0)
(1.11631 -0.0274439 0)
(1.11185 -0.0295856 0)
(1.10723 -0.0312187 0)
(1.10242 -0.0322984 0)
(1.09746 -0.0327842 0)
(1.09245 -0.0326468 0)
(1.08749 -0.0318677 0)
(1.08265 -0.0304374 0)
(1.07803 -0.0283559 0)
(1.12558 -0.0109643 0)
(1.12394 -0.0143984 0)
(1.12074 -0.0175408 0)
(1.11696 -0.0202905 0)
(1.11311 -0.0226296 0)
(1.10923 -0.0245494 0)
(1.10524 -0.0260231 0)
(1.10107 -0.0270132 0)
(1.09679 -0.0274851 0)
(1.09246 -0.027414 0)
(1.08817 -0.0267849 0)
(1.08401 -0.0255908 0)
(1.08004 -0.0238331 0)
(1.12077 -0.00793642 0)
(1.11939 -0.0109856 0)
(1.11666 -0.0137808 0)
(1.1134 -0.016232 0)
(1.11007 -0.0183224 0)
(1.10673 -0.0200452 0)
(1.1033 -0.021379 0)
(1.09972 -0.0222925 0)
(1.09605 -0.0227566 0)
(1.09233 -0.0227505 0)
(1.08866 -0.0222619 0)
(1.0851 -0.0212861 0)
(1.08171 -0.0198259 0)
(1.11627 -0.00526165 0)
(1.11514 -0.00796431 0)
(1.11282 -0.0104474 0)
(1.11004 -0.0126312 0)
(1.10719 -0.0145 0)
(1.10434 -0.0160485 0)
(1.10141 -0.0172596 0)
(1.09837 -0.0181077 0)
(1.09523 -0.0185684 0)
(1.09207 -0.0186244 0)
(1.08895 -0.018266 0)
(1.08593 -0.0174902 0)
(1.08306 -0.0163006 0)
(1.11207 -0.00292743 0)
(1.11116 -0.00531934 0)
(1.10922 -0.00752314 0)
(1.10686 -0.00946788 0)
(1.10445 -0.0111392 0)
(1.10204 -0.0125333 0)
(1.09956 -0.0136368 0)
(1.09699 -0.0144287 0)
(1.09435 -0.0148888 0)
(1.09168 -0.0150029 0)
(1.08905 -0.0147633 0)
(1.0865 -0.0141686 0)
(1.08409 -0.0132227 0)
(1.10815 -0.000917754 0)
(1.10744 -0.00303367 0)
(1.10583 -0.00498802 0)
(1.10386 -0.00671963 0)
(1.10184 -0.0082153 0)
(1.09982 -0.0094725 0)
(1.09775 -0.0104811 0)
(1.0956 -0.0112243 0)
(1.09339 -0.0116851 0)
(1.09116 -0.0118521 0)
(1.08896 -0.0117193 0)
(1.08684 -0.0112864 0)
(1.08483 -0.0105578 0)
(1.10449 0.000776952 0)
(1.10395 -0.00108942 0)
(1.10265 -0.00282102 0)
(1.10102 -0.00436229 0)
(1.09935 -0.00570192 0)
(1.09768 -0.006838 0)
(1.09597 -0.00776258 0)
(1.0942 -0.00846221 0)
(1.09237 -0.00892358 0)
(1.09052 -0.00913726 0)
(1.0887 -0.00909885 0)
(1.08695 -0.00880864 0)
(1.08529 -0.00827131 0)
(1.10108 0.00217264 0)
(1.1007 0.000528512 0)
(1.09965 -0.00100238 0)
(1.09833 -0.00237383 0)
(1.09697 -0.00357317 0)
(1.09561 -0.00460057 0)
(1.09422 -0.00544985 0)
(1.09277 -0.00611019 0)
(1.09128 -0.00657085 0)
(1.08977 -0.00682427 0)
(1.08828 -0.0068673 0)
(1.08685 -0.00670076 0)
(1.0855 -0.00632926 0)
(1.0979 0.00329174 0)
(1.09765 0.00184274 0)
(1.09684 0.000490474 0)
(1.09579 -0.00072685 0)
(1.0947 -0.00180128 0)
(1.09361 -0.00273125 0)
(1.0925 -0.00351229 0)
(1.09134 -0.00413607 0)
(1.09014 -0.00459369 0)
(1.08892 -0.00487928 0)
(1.08772 -0.00499063 0)
(1.08657 -0.00492902 0)
(1.08548 -0.00469895 0)
(1.09493 0.00414995 0)
(1.0948 0.00287661 0)
(1.0942 0.00168165 0)
(1.09338 0.00060095 0)
(1.09253 -0.000360468 0)
(1.09168 -0.00120125 0)
(1.09081 -0.00191911 0)
(1.0899 -0.00250706 0)
(1.08895 -0.00295833 0)
(1.08799 -0.00326831 0)
(1.08704 -0.0034353 0)
(1.08612 -0.00346075 0)
(1.08525 -0.00334882 0)
(1.09217 0.00476533 0)
(1.09214 0.00364873 0)
(1.09171 0.00259571 0)
(1.09111 0.00163576 0)
(1.09047 0.00077706 0)
(1.08982 1.80878e-05 0)
(1.08916 -0.000639887 0)
(1.08846 -0.00119219 0)
(1.08773 -0.00163347 0)
(1.08699 -0.00195968 0)
(1.08625 -0.00216961 0)
(1.08553 -0.00226475 0)
(1.08486 -0.00224892 0)
(1.08962 0.00515617 0)
(1.08967 0.00418022 0)
(1.08939 0.00325538 0)
(1.08897 0.00240682 0)
(1.08851 0.00164047 0)
(1.08804 0.000955655 0)
(1.08755 0.000353691 0)
(1.08704 -0.000162572 0)
(1.08649 -0.000588933 0)
(1.08593 -0.000922655 0)
(1.08537 -0.00116299 0)
(1.08483 -0.00131127 0)
(1.08432 -0.001371 0)
(1.08725 0.00534057 0)
(1.08738 0.00449126 0)
(1.08723 0.00368243 0)
(1.08696 0.00293528 0)
(1.08665 0.00225473 0)
(1.08634 0.0016401 0)
(1.086 0.00109176 0)
(1.08564 0.00061256 0)
(1.08525 0.00020556 0)
(1.08485 -0.00012754 0)
(1.08444 -0.000386418 0)
(1.08404 -0.00057239 0)
(1.08367 -0.000688499 0)
(1.08509 0.00533625 0)
(1.08527 0.00460169 0)
(1.08523 0.00389866 0)
(1.08509 0.00324494 0)
(1.08491 0.00264466 0)
(1.08472 0.00209708 0)
(1.08452 0.00160223 0)
(1.08429 0.00116195 0)
(1.08403 0.00077852 0)
(1.08376 0.000453596 0)
(1.08348 0.000187207 0)
(1.0832 -2.20747e-05 0)
(1.08293 -0.000176753 0)
(1.08311 0.00516087 0)
(1.08334 0.0045311 0)
(1.08339 0.00392545 0)
(1.08336 0.00335868 0)
(1.08329 0.00283424 0)
(1.08321 0.0023514 0)
(1.08312 0.00190989 0)
(1.08299 0.00151096 0)
(1.08284 0.00115633 0)
(1.08268 0.000847132 0)
(1.0825 0.000583374 0)
(1.08232 0.000363914 0)
(1.08215 0.000186501 0)
(1.08133 0.00483071 0)
(1.0816 0.00429759 0)
(1.08173 0.00378255 0)
(1.08179 0.00329766 0)
(1.08181 0.00284581 0)
(1.08182 0.00242627 0)
(1.08181 0.00203864 0)
(1.08178 0.00168372 0)
(1.08172 0.00136275 0)
(1.08164 0.00107657 0)
(1.08155 0.000825109 0)
(1.08145 0.000607382 0)
(1.08135 0.000421549 0)
(1.07976 0.00436311 0)
(1.08006 0.00392007 0)
(1.08025 0.00349021 0)
(1.08038 0.00308332 0)
(1.08048 0.00270171 0)
(1.08056 0.00234475 0)
(1.08062 0.00201195 0)
(1.08066 0.00170381 0)
(1.08067 0.00142119 0)
(1.08066 0.0011647 0)
(1.08064 0.000934247 0)
(1.08061 0.000728997 0)
(1.08057 0.000547468 0)
(1.07841 0.00377168 0)
(1.07872 0.00341379 0)
(1.07896 0.00306524 0)
(1.07915 0.00273371 0)
(1.07931 0.00242104 0)
(1.07945 0.0021267 0)
(1.07957 0.00185019 0)
(1.07966 0.00159179 0)
(1.07973 0.0013521 0)
(1.07978 0.00113154 0)
(1.07981 0.000930002 0)
(1.07983 0.000746829 0)
(1.07984 0.000580851 0)
(1.07728 0.00307415 0)
(1.07761 0.00279765 0)
(1.07789 0.0025275 0)
(1.07812 0.00226948 0)
(1.07833 0.00202504 0)
(1.07851 0.00179371 0)
(1.07867 0.00157506 0)
(1.07881 0.00136923 0)
(1.07892 0.00117661 0)
(1.07902 0.000997482 0)
(1.07909 0.000831749 0)
(1.07915 0.000678912 0)
(1.07919 0.000538087 0)
(1.07639 0.00228291 0)
(1.07674 0.00208574 0)
(1.07704 0.00189258 0)
(1.07731 0.00170753 0)
(1.07755 0.00153157 0)
(1.07777 0.00136439 0)
(1.07796 0.00120564 0)
(1.07813 0.00105535 0)
(1.07828 0.000913776 0)
(1.0784 0.000781093 0)
(1.07851 0.00065723 0)
(1.07859 0.000541832 0)
(1.07866 0.000434288 0)
(1.07578 0.00141104 0)
(1.07613 0.00129215 0)
(1.07645 0.00117556 0)
(1.07674 0.00106363 0)
(1.07701 0.000956976 0)
(1.07724 0.000855377 0)
(1.07746 0.000758608 0)
(1.07765 0.000666669 0)
(1.07782 0.000579689 0)
(1.07796 0.000497761 0)
(1.07809 0.000420837 0)
(1.07819 0.000348704 0)
(1.07828 0.000281 0)
(1.07545 0.000486658 0)
(1.07581 0.000446081 0)
(1.07614 0.000406358 0)
(1.07644 0.000368237 0)
(1.07672 0.000331903 0)
(1.07697 0.000297282 0)
(1.07719 0.000264286 0)
(1.07739 0.000232906 0)
(1.07757 0.000203174 0)
(1.07773 0.000175114 0)
(1.07786 0.000148705 0)
(1.07798 0.000123872 0)
(1.07807 0.000100487 0)
(1.19528 0.116282 2.37666e-21)
(1.18913 0.111067 -1.22672e-21)
(1.18319 0.1059 -2.06326e-23)
(1.17755 0.100881 2.34709e-21)
(1.17218 0.0960493 -2.28582e-21)
(1.16699 0.0913881 2.26114e-21)
(1.16193 0.0868912 -3.19275e-21)
(1.15697 0.0825487 2.2755e-21)
(1.15212 0.0783538 -2.35245e-21)
(1.14737 0.0743168 1.5677e-21)
(1.14273 0.0704334 -1.4175e-21)
(1.13818 0.066701 5.97807e-22)
(1.13374 0.0631186 1.18932e-21)
(1.12942 0.0596833 -7.5338e-22)
(1.12521 0.0563904 -5.78694e-22)
(1.12112 0.053238 3.66097e-22)
(1.11715 0.0502193 -1.16696e-23)
(1.1133 0.0473241 -4.51925e-22)
(1.10959 0.0445512 5.3296e-22)
(1.10601 0.0418958 -1.45121e-22)
(1.10256 0.0393483 -1.62908e-22)
(1.09925 0.0369016 1.96436e-22)
(1.09608 0.0345484 6.36492e-23)
(1.09305 0.0322805 -1.58138e-22)
(1.09016 0.03009 1.23771e-22)
(1.08741 0.0279686 -1.19969e-22)
(1.08481 0.0259085 9.38707e-23)
(1.08235 0.0239013 -1.93589e-23)
(1.08005 0.0219392 4.68085e-23)
(1.07789 0.0200142 -2.45835e-23)
(1.07589 0.0181182 -2.71591e-23)
(1.07404 0.0162434 5.83003e-24)
(1.07236 0.0143821 2.95674e-24)
(1.07085 0.0125261 -9.79381e-25)
(1.06951 0.0106675 1.51342e-23)
(1.06836 0.00879707 1.10244e-23)
(1.06741 0.00690956 -1.97827e-23)
(1.06666 0.00498413 1.63398e-23)
(1.06614 0.00303911 -1.775e-23)
(1.06587 0.00100203 1.37212e-23)
(1.20026 0.111195 2.53401e-21)
(1.19388 0.106245 -2.4104e-21)
(1.18763 0.101332 5.15908e-21)
(1.18168 0.0965592 -1.33367e-21)
(1.17601 0.0919631 -5.42533e-22)
(1.17055 0.0875298 1.29586e-21)
(1.16524 0.0832525 -4.29581e-21)
(1.16005 0.0791235 4.86135e-23)
(1.15498 0.0751372 1.0921e-21)
(1.15002 0.0713004 -1.37297e-21)
(1.14518 0.0676097 8.62266e-22)
(1.14045 0.0640632 -8.4756e-22)
(1.13584 0.0606595 -1.5746e-22)
(1.13135 0.0573958 6.05699e-23)
(1.12699 0.0542675 1.61018e-21)
(1.12276 0.0512717 -7.30292e-22)
(1.11866 0.0484029 -7.66901e-22)
(1.1147 0.045652 7.24247e-22)
(1.11088 0.0430158 1.00086e-21)
(1.1072 0.0404898 -6.66893e-22)
(1.10367 0.0380643 5.20383e-23)
(1.10028 0.0357329 -6.88182e-22)
(1.09703 0.0334881 3.61917e-22)
(1.09393 0.0313218 6.42515e-22)
(1.09098 0.0292264 -7.02676e-23)
(1.08818 0.0271938 -1.68672e-22)
(1.08553 0.0252163 -1.04825e-22)
(1.08303 0.0232859 1.27988e-23)
(1.08069 0.021395 -1.35475e-22)
(1.0785 0.0195358 5.1014e-23)
(1.07646 0.0177008 7.83306e-23)
(1.0746 0.0158826 -1.62816e-23)
(1.07289 0.0140735 3.19019e-23)
(1.07136 0.0122661 9.84784e-25)
(1.07001 0.010453 -1.31551e-23)
(1.06884 0.00862504 -2.24573e-23)
(1.06787 0.00677799 -1.38277e-24)
(1.06712 0.00489125 -8.18959e-24)
(1.06659 0.00298364 -3.56183e-23)
(1.06631 0.000985631 -2.5485e-24)
(1.20511 0.105943 7.62703e-21)
(1.1985 0.101267 -7.24652e-22)
(1.19198 0.0966172 2.25174e-21)
(1.18573 0.0921037 -1.66639e-20)
(1.17976 0.0877547 1.41943e-20)
(1.17403 0.0835588 -5.67217e-21)
(1.16847 0.0795105 -2.13466e-21)
(1.16305 0.0756039 2.54919e-21)
(1.15776 0.0718343 1.98672e-21)
(1.1526 0.0682057 2.21531e-21)
(1.14756 0.0647155 -7.18874e-21)
(1.14265 0.0613621 4.32727e-21)
(1.13788 0.0581439 2.09598e-21)
(1.13323 0.055058 6.09915e-22)
(1.12873 0.0521003 -5.79363e-21)
(1.12436 0.0492669 3.9503e-21)
(1.12014 0.0465532 8.46561e-22)
(1.11606 0.0439507 -9.07213e-22)
(1.11214 0.0414551 -1.34568e-21)
(1.10836 0.039062 1.1252e-21)
(1.10474 0.036762 -1.11391e-21)
(1.10127 0.0345488 8.1171e-22)
(1.09795 0.0324149 6.71586e-22)
(1.09479 0.0303526 -1.09201e-21)
(1.09178 0.0283543 6.18312e-23)
(1.08893 0.0264122 1.46211e-22)
(1.08623 0.0245187 1.71357e-22)
(1.08369 0.0226663 -4.25583e-23)
(1.08131 0.0208476 6.03678e-23)
(1.07909 0.0190552 1.02152e-22)
(1.07703 0.0172818 -9.27435e-24)
(1.07513 0.0155205 -1.18233e-23)
(1.07341 0.0137642 -4.88603e-23)
(1.07186 0.0120057 -5.16466e-24)
(1.07049 0.0102382 -2.84118e-24)
(1.06931 0.00845296 3.73821e-23)
(1.06833 0.00664644 4.27753e-23)
(1.06757 0.00479843 -6.57432e-23)
(1.06704 0.00292817 5.1159e-24)
(1.06675 0.000969313 1.69521e-23)
(1.20983 0.100527 -2.53854e-21)
(1.203 0.0961318 -9.74225e-21)
(1.19621 0.091755 1.7075e-20)
(1.18967 0.087514 -6.61069e-21)
(1.18343 0.0834233 -7.05786e-21)
(1.17743 0.0794743 6.72394e-21)
(1.17162 0.0756642 -2.48113e-21)
(1.16598 0.0719889 5.76011e-21)
(1.16048 0.0684442 -1.42247e-20)
(1.15511 0.065032 9.67935e-21)
(1.14989 0.0617502 4.50139e-21)
(1.1448 0.0585972 -2.78141e-21)
(1.13986 0.0555713 2.95896e-21)
(1.13506 0.0526696 -2.41719e-21)
(1.13041 0.0498883 -4.05824e-22)
(1.12592 0.0472231 2.93561e-21)
(1.12157 0.0446695 -1.9287e-21)
(1.11739 0.0422199 2.50485e-21)
(1.11336 0.039869 -3.61468e-21)
(1.10949 0.0376125 2.79017e-21)
(1.10578 0.0354414 -1.26158e-21)
(1.10223 0.0333494 4.28544e-23)
(1.09885 0.0313291 -5.33975e-22)
(1.09562 0.0293731 -1.03801e-21)
(1.09256 0.0274738 2.82505e-22)
(1.08966 0.0256239 1.7187e-22)
(1.08692 0.023816 2.2347e-22)
(1.08434 0.0220428 2.20055e-22)
(1.08192 0.0202972 -2.62445e-22)
(1.07967 0.0185724 -6.66225e-23)
(1.07758 0.0168614 -2.87357e-23)
(1.07566 0.0151576 -1.41472e-22)
(1.07392 0.0134544 -5.16723e-23)
(1.07235 0.0117451 -2.54884e-23)
(1.07096 0.0100233 1.37834e-23)
(1.06977 0.00828091 -5.80447e-23)
(1.06878 0.00651496 2.82819e-23)
(1.06801 0.00470572 5.54053e-23)
(1.06747 0.00287272 9.69329e-24)
(1.06718 0.000953048 -5.85014e-24)
(1.21442 0.0949473 8.7254e-21)
(1.20739 0.0908398 -4.7008e-21)
(1.20034 0.0867455 -1.30972e-20)
(1.19353 0.082789 -8.90842e-21)
(1.187 0.0789679 1.89552e-20)
(1.18074 0.0752754 7.31381e-21)
(1.17469 0.0717127 -1.24385e-20)
(1.16882 0.0682776 -2.81821e-21)
(1.16311 0.0649661 5.09976e-22)
(1.15755 0.0617785 8.20489e-21)
(1.15215 0.0587128 -2.85991e-21)
(1.14689 0.0557676 1.01487e-20)
(1.14178 0.052941 -1.02587e-20)
(1.13684 0.0502302 -5.38443e-21)
(1.13205 0.0476313 9.51047e-22)
(1.12743 0.0451399 2.60475e-21)
(1.12296 0.0427516 4.43719e-21)
(1.11867 0.0404594 -6.78767e-21)
(1.11454 0.0382576 2.27397e-21)
(1.11058 0.0361414 -1.80684e-21)
(1.10679 0.0341027 3.02311e-21)
(1.10317 0.0321349 -1.02493e-21)
(1.09972 0.0302309 -2.92963e-22)
(1.09643 0.0283834 8.60525e-22)
(1.09332 0.0265853 -3.8684e-22)
(1.09037 0.0248292 -6.4442e-22)
(1.08758 0.0231083 4.61998e-22)
(1.08497 0.0214155 -9.1392e-22)
(1.08252 0.0197441 2.85131e-22)
(1.08023 0.0180876 2.2852e-22)
(1.07812 0.0164396 1.2027e-22)
(1.07618 0.0147938 -4.65476e-23)
(1.07441 0.0131441 1.31537e-22)
(1.07282 0.0114842 -1.30152e-23)
(1.07142 0.00980843 -2.6773e-24)
(1.07022 0.00810893 2.09746e-23)
(1.06922 0.00638359 -3.45856e-24)
(1.06844 0.00461314 -7.79288e-23)
(1.06789 0.00281728 1.19301e-23)
(1.0676 0.000936806 -4.80875e-23)
(1.21888 0.0892047 3.07312e-20)
(1.21164 0.0853901 -1.58521e-20)
(1.20437 0.0815874 -3.02859e-20)
(1.19729 0.0779273 4.12648e-20)
(1.19049 0.074387 -1.78486e-21)
(1.18397 0.0709609 -2.41099e-20)
(1.17768 0.0676548 -8.14216e-21)
(1.17159 0.0644687 2.98358e-20)
(1.16568 0.0613988 -1.55503e-20)
(1.15993 0.058444 -8.21774e-21)
(1.15434 0.0556025 7.96601e-21)
(1.14891 0.0528726 4.17785e-21)
(1.14365 0.0502525 1.10062e-21)
(1.13856 0.0477391 4.91484e-21)
(1.13364 0.0453288 -8.41648e-21)
(1.12889 0.043017 -3.29158e-21)
(1.12431 0.0407993 4.7177e-21)
(1.11991 0.0386692 2.57264e-21)
(1.11569 0.0366206 -3.57023e-21)
(1.11164 0.0346488 4.74177e-21)
(1.10777 0.0327458 -2.86744e-21)
(1.10408 0.0309053 -1.3802e-21)
(1.10056 0.0291203 -2.74067e-22)
(1.09722 0.0273838 5.19917e-22)
(1.09405 0.0256887 9.3073e-22)
(1.09105 0.0240283 -1.52872e-23)
(1.08823 0.0223958 7.43275e-22)
(1.08558 0.0207846 2.89748e-22)
(1.08309 0.0191884 -1.2227e-22)
(1.08078 0.0176011 -8.00505e-22)
(1.07864 0.0160167 4.73129e-22)
(1.07668 0.0144293 3.27561e-22)
(1.07489 0.0128334 -2.52304e-22)
(1.07329 0.0112233 7.55437e-23)
(1.07187 0.00959359 -1.13304e-23)
(1.07066 0.00793709 -1.48805e-23)
(1.06965 0.00625237 5.63945e-23)
(1.06886 0.00452071 1.90722e-22)
(1.06831 0.00276188 1.34259e-22)
(1.068 0.000920565 5.18521e-23)
(1.22321 0.0832992 1.21335e-20)
(1.21578 0.0797816 -4.99619e-20)
(1.20828 0.076279 8.8623e-21)
(1.20095 0.0729268 3.34288e-20)
(1.19389 0.0696788 -2.59859e-20)
(1.18712 0.066529 8.34778e-21)
(1.18059 0.0634889 4.73391e-21)
(1.17429 0.0605607 1.06787e-20)
(1.16817 0.0577408 -2.19962e-21)
(1.16223 0.0550272 -1.23837e-20)
(1.15647 0.052418 9.00222e-21)
(1.15088 0.0499112 -3.15393e-21)
(1.14546 0.0475047 -8.04481e-21)
(1.14023 0.0451956 4.9146e-21)
(1.13517 0.0429802 -9.06232e-21)
(1.1303 0.0408539 6.6843e-21)
(1.12562 0.0388122 -5.84768e-21)
(1.12111 0.0368491 -5.52878e-22)
(1.1168 0.0349581 1.22725e-21)
(1.11267 0.0331346 6.01355e-21)
(1.10872 0.0313709 -4.81168e-21)
(1.10496 0.0296608 2.75172e-21)
(1.10138 0.0279975 -2.88718e-22)
(1.09798 0.0263743 -2.55029e-21)
(1.09476 0.0247844 2.77693e-21)
(1.09172 0.0232213 -2.06699e-21)
(1.08886 0.0216787 -8.75848e-22)
(1.08617 0.0201504 -5.89707e-22)
(1.08366 0.0186303 1.84383e-22)
(1.08132 0.017113 2.63682e-22)
(1.07915 0.0155927 6.45176e-23)
(1.07717 0.0140643 -1.03818e-22)
(1.07536 0.0125226 7.77232e-23)
(1.07374 0.0109623 -1.39527e-22)
(1.07231 0.0093789 4.01302e-23)
(1.07108 0.00776546 5.42604e-24)
(1.07006 0.00612135 -1.54723e-22)
(1.06927 0.00442847 -1.57718e-22)
(1.06871 0.00270653 1.21469e-23)
(1.06841 0.000904311 -8.38164e-23)
(1.22741 0.0772301 -8.11488e-20)
(1.2198 0.0740127 3.89603e-20)
(1.21209 0.0708183 1.78026e-20)
(1.20452 0.0677849 -4.39803e-20)
(1.19721 0.0648408 1.19932e-20)
(1.19018 0.0619776 6.00703e-22)
(1.18342 0.0592128 -1.85579e-20)
(1.1769 0.0565516 1.43121e-20)
(1.17059 0.0539905 -2.23213e-20)
(1.16446 0.0515267 -7.49026e-22)
(1.15853 0.0491579 2.42496e-20)
(1.15278 0.046882 -1.01297e-20)
(1.14721 0.0446967 1.37843e-20)
(1.14184 0.0425989 -5.05386e-21)
(1.13666 0.040585 4.27271e-21)
(1.13167 0.0386502 -4.72357e-21)
(1.12687 0.03679 8.95918e-21)
(1.12227 0.0349987 -3.13408e-21)
(1.11787 0.0332699 -4.65725e-21)
(1.11365 0.0315987 2.52922e-21)
(1.10963 0.029978 9.34347e-22)
(1.10581 0.0284014 -1.25979e-21)
(1.10217 0.0268627 -2.11443e-21)
(1.09872 0.0253551 -4.19889e-23)
(1.09545 0.0238725 1.88972e-21)
(1.09237 0.0224085 5.64432e-24)
(1.08947 0.0209573 -3.50851e-22)
(1.08674 0.0195129 1.22607e-21)
(1.0842 0.0180701 3.29005e-22)
(1.08184 0.0166234 -1.05976e-22)
(1.07965 0.0151679 1.0039e-23)
(1.07765 0.0136989 5.7329e-22)
(1.07582 0.0122116 1.65041e-22)
(1.07419 0.0107015 5.89943e-23)
(1.07274 0.00916444 4.48987e-24)
(1.0715 0.00759409 -1.24798e-23)
(1.07047 0.00599057 6.64139e-23)
(1.06967 0.00433644 1.20398e-22)
(1.06911 0.00265125 -2.10865e-22)
(1.0688 0.000888027 -1.39809e-23)
(1.23149 0.0709963 -1.71847e-20)
(1.22369 0.0680814 2.92522e-20)
(1.21579 0.0652024 -6.82678e-20)
(1.208 0.0624987 8.71566e-21)
(1.20045 0.0598698 7.85493e-20)
(1.19317 0.057304 -2.78083e-20)
(1.18618 0.0548243 -3.55018e-20)
(1.17944 0.0524393 -1.08415e-20)
(1.17293 0.0501459 4.15609e-20)
(1.16663 0.0479407 -3.90217e-20)
(1.16052 0.0458209 2.61473e-20)
(1.15462 0.043784 -3.90497e-21)
(1.14891 0.0418275 -5.60137e-21)
(1.1434 0.0399482 2.17909e-21)
(1.13809 0.0381423 5.81018e-21)
(1.13299 0.0364052 -1.32104e-20)
(1.12809 0.0347322 1.09052e-20)
(1.12339 0.0331178 -2.70207e-21)
(1.1189 0.0315559 2.73059e-22)
(1.11461 0.0300411 -1.81796e-21)
(1.11052 0.028567 -1.35893e-21)
(1.10662 0.0271273 2.13546e-21)
(1.10293 0.0257158 -3.39589e-21)
(1.09943 0.0243265 2.30536e-21)
(1.09611 0.0229532 1.00266e-21)
(1.09299 0.0215901 -1.32507e-21)
(1.09005 0.0202316 1.88037e-22)
(1.0873 0.0188725 2.21467e-22)
(1.08473 0.0175078 -2.0918e-22)
(1.08234 0.0161326 9.49995e-22)
(1.08013 0.0147425 -5.69125e-22)
(1.07811 0.0133332 -3.03482e-22)
(1.07627 0.0119007 2.90342e-23)
(1.07462 0.0104409 -5.40131e-23)
(1.07316 0.00895029 1.35328e-22)
(1.07191 0.00742306 -2.27039e-23)
(1.07087 0.00586008 -2.01686e-23)
(1.07006 0.00424465 2.35573e-23)
(1.06949 0.00259607 1.35504e-22)
(1.06918 0.000871698 6.79386e-23)
(1.23546 0.0645956 -5.69375e-20)
(1.22747 0.0619848 5.57245e-20)
(1.21938 0.0594281 2.37169e-20)
(1.21138 0.0570644 -4.59489e-20)
(1.2036 0.0547625 -7.53053e-21)
(1.19608 0.0525049 1.88661e-20)
(1.18886 0.0503204 -1.12463e-20)
(1.18191 0.0482212 7.18966e-21)
(1.1752 0.0462048 3.6737e-20)
(1.16872 0.0442672 -4.26781e-20)
(1.16245 0.042405 3.12977e-20)
(1.15639 0.0406155 -2.37083e-20)
(1.15054 0.0388957 1.09601e-20)
(1.1449 0.0372422 9.2615e-21)
(1.13947 0.0356513 -1.33773e-21)
(1.13426 0.0341183 -2.38469e-20)
(1.12925 0.0326384 1.28111e-20)
(1.12447 0.0312061 -1.40628e-20)
(1.11989 0.0298157 1.62484e-20)
(1.11552 0.0284617 -6.04842e-21)
(1.11136 0.0271379 -2.88369e-22)
(1.10741 0.0258384 2.1958e-21)
(1.10366 0.0245572 -1.93947e-21)
(1.10011 0.0232885 -1.32959e-21)
(1.09676 0.0220266 1.65575e-22)
(1.09359 0.0207662 -6.34281e-22)
(1.09062 0.019502 1.10327e-22)
(1.08784 0.0182294 -6.40791e-22)
(1.08524 0.0169437 -1.3967e-22)
(1.08283 0.0156407 6.04942e-22)
(1.0806 0.0143165 6.2724e-22)
(1.07856 0.0129674 -2.52676e-22)
(1.0767 0.01159 -4.94144e-22)
(1.07504 0.0101806 7.573e-23)
(1.07357 0.00873653 -7.45195e-24)
(1.07231 0.00725243 -1.22665e-23)
(1.07126 0.00572992 -4.3815e-24)
(1.07044 0.00415312 -6.90241e-23)
(1.06987 0.00254099 -1.10438e-22)
(1.06955 0.000855313 -3.40054e-23)
(1.23931 0.0580248 -9.49606e-20)
(1.23113 0.0557195 -2.74887e-20)
(1.22286 0.0534916 6.03593e-20)
(1.21467 0.051478 1.4466e-21)
(1.20666 0.0495147 4.07942e-21)
(1.19891 0.0475766 -5.24086e-20)
(1.19146 0.0456979 2.86812e-20)
(1.1843 0.0438945 1.40475e-20)
(1.1774 0.0421646 2.32469e-21)
(1.17074 0.0405039 5.14723e-22)
(1.16431 0.0389084 -2.53643e-20)
(1.1581 0.0373748 3.63571e-20)
(1.15211 0.0358999 -1.63019e-20)
(1.14634 0.03448 1.68584e-20)
(1.1408 0.0331112 -3.1066e-21)
(1.13547 0.0317887 4.53681e-21)
(1.13037 0.0305078 -1.58866e-20)
(1.1255 0.0292632 8.2038e-22)
(1.12084 0.0280492 5.19705e-22)
(1.1164 0.0268604 8.05476e-21)
(1.11218 0.0256908 -2.63527e-21)
(1.10817 0.0245348 -4.8561e-21)
(1.10436 0.0233868 7.27531e-21)
(1.10077 0.0222413 -2.49365e-21)
(1.09737 0.021093 1.32468e-21)
(1.09417 0.019937 1.96878e-22)
(1.09117 0.0187687 -1.83546e-21)
(1.08836 0.0175836 1.29992e-21)
(1.08574 0.0163779 -1.65072e-21)
(1.0833 0.0151479 -7.13676e-22)
(1.08106 0.0138902 -4.60068e-22)
(1.079 0.0126017 -4.24542e-23)
(1.07712 0.0112795 7.294e-22)
(1.07545 0.00992073 -8.67732e-23)
(1.07397 0.00852324 1.35598e-22)
(1.07269 0.00708226 9.07398e-23)
(1.07164 0.00560013 -1.21813e-23)
(1.07081 0.00406189 1.98818e-23)
(1.07024 0.00248604 -2.16612e-23)
(1.06992 0.000838862 2.97768e-23)
(1.24305 0.05128 -2.63051e-20)
(1.23468 0.049281 6.38601e-21)
(1.22623 0.047388 -6.64928e-20)
(1.21786 0.0457346 -1.73762e-20)
(1.20964 0.0441216 5.7902e-20)
(1.20167 0.0425147 1.53752e-20)
(1.19399 0.040953 -4.0021e-20)
(1.18661 0.0394558 1.68794e-20)
(1.17952 0.0380225 -2.33095e-20)
(1.17269 0.0366483 3.88195e-20)
(1.1661 0.0353288 -3.97901e-20)
(1.15974 0.0340601 1.23365e-20)
(1.15362 0.0328385 4.84903e-21)
(1.14773 0.0316601 -1.01799e-20)
(1.14207 0.0305207 2.11346e-20)
(1.13664 0.0294156 -1.34676e-20)
(1.13145 0.02834 8.37145e-21)
(1.12648 0.0272887 -1.7113e-20)
(1.12175 0.026256 1.58464e-20)
(1.11724 0.0252369 -3.69778e-22)
(1.11295 0.0242255 -9.53786e-21)
(1.10889 0.0232166 7.93649e-21)
(1.10504 0.0222047 -1.66449e-21)
(1.1014 0.021185 -3.15738e-21)
(1.09796 0.0201525 -1.60622e-22)
(1.09473 0.0191028 4.59109e-22)
(1.0917 0.0180317 2.14744e-21)
(1.08886 0.0169355 -2.18672e-21)
(1.08622 0.0158108 -1.59056e-22)
(1.08376 0.0146544 3.54484e-22)
(1.08149 0.0134637 4.5024e-22)
(1.07942 0.0122361 -3.95235e-22)
(1.07753 0.0109695 -2.74234e-22)
(1.07584 0.0096614 -1.19388e-22)
(1.07435 0.00831052 -6.35252e-23)
(1.07307 0.00691261 6.42018e-23)
(1.07201 0.00547077 1.97405e-23)
(1.07118 0.00397097 -1.28741e-24)
(1.07059 0.00243123 1.98564e-24)
(1.07027 0.000822334 1.46777e-23)
(1.24669 0.0443554 -2.54569e-20)
(1.23812 0.0426638 8.25559e-20)
(1.22949 0.0411121 -1.12596e-19)
(1.22095 0.0398289 6.84777e-20)
(1.21254 0.038578 3.33919e-21)
(1.20435 0.0373143 2.57841e-20)
(1.19644 0.0360812 -7.9827e-20)
(1.18886 0.0349015 4.48298e-21)
(1.18157 0.0337753 1.27741e-20)
(1.17456 0.0326977 2.176e-20)
(1.16782 0.0316638 -2.27902e-21)
(1.16132 0.0306693 -2.54456e-20)
(1.15506 0.0297098 2.40689e-20)
(1.14905 0.0287811 -1.19506e-20)
(1.14328 0.0278789 7.32825e-21)
(1.13776 0.0269982 -1.12255e-20)
(1.13247 0.0261343 2.40572e-20)
(1.12742 0.025282 -9.00071e-21)
(1.12262 0.0244359 -1.48362e-21)
(1.11804 0.0235911 -4.55566e-21)
(1.1137 0.022742 -8.58045e-22)
(1.10958 0.0218836 4.3257e-21)
(1.10568 0.0210111 -5.5327e-21)
(1.102 0.0201198 3.6257e-21)
(1.09853 0.0192053 -3.89786e-21)
(1.09527 0.0182638 2.76761e-21)
(1.09221 0.0172915 1.79254e-21)
(1.08934 0.0162853 4.59407e-22)
(1.08668 0.0152424 -2.79214e-21)
(1.0842 0.0141604 9.68512e-22)
(1.08192 0.0130372 1.29347e-23)
(1.07983 0.0118709 1.03348e-21)
(1.07793 0.01066 -3.22256e-22)
(1.07623 0.00940272 -2.37724e-22)
(1.07473 0.00809845 1.71843e-22)
(1.07344 0.00674356 -2.84622e-23)
(1.07237 0.00534188 -1.24399e-22)
(1.07153 0.0038804 -1.71338e-24)
(1.07094 0.0023766 7.99319e-23)
(1.07062 0.000805726 3.02942e-23)
(1.25024 0.0372444 1.30974e-19)
(1.24146 0.0358612 -1.06428e-19)
(1.23265 0.0346574 2.95177e-20)
(1.22394 0.0337548 2.16259e-20)
(1.21535 0.0328779 -4.33286e-20)
(1.20694 0.0319698 2.53475e-20)
(1.19882 0.0310776 1.01635e-20)
(1.19103 0.0302272 9.12961e-21)
(1.18355 0.0294194 -3.64272e-20)
(1.17637 0.028649 1.37562e-20)
(1.16947 0.0279108 -7.32752e-23)
(1.16283 0.0272 -2.11849e-20)
(1.15644 0.0265118 3.32959e-20)
(1.15031 0.0258415 -2.33109e-20)
(1.14444 0.0251843 4.34034e-21)
(1.13882 0.0245353 -2.00322e-21)
(1.13344 0.0238898 1.69833e-20)
(1.12832 0.0232426 -1.03431e-20)
(1.12344 0.0225885 9.97754e-21)
(1.1188 0.0219227 6.70446e-21)
(1.1144 0.0212402 1.44438e-21)
(1.11024 0.0205361 -1.74099e-21)
(1.1063 0.019806 -2.93278e-21)
(1.10258 0.0190458 1.53121e-21)
(1.09907 0.0182516 2.32169e-21)
(1.09578 0.01742 -2.89335e-21)
(1.09269 0.016548 -1.40034e-21)
(1.08981 0.0156331 1.21595e-21)
(1.08712 0.0146731 -2.37412e-22)
(1.08463 0.0136661 3.15176e-22)
(1.08233 0.0126109 -1.39291e-21)
(1.08022 0.0115062 1.20369e-21)
(1.07831 0.0103512 -2.93023e-22)
(1.0766 0.0091448 4.15113e-23)
(1.07509 0.00788711 -9.3084e-23)
(1.07379 0.00657517 -1.43039e-22)
(1.07271 0.00521351 6.24373e-23)
(1.07187 0.0037902 9.55167e-25)
(1.07128 0.00232216 -1.76927e-23)
(1.07095 0.000789032 -3.40501e-23)
(1.2537 0.0299386 8.96708e-20)
(1.24469 0.0288652 7.9262e-20)
(1.23569 0.0280166 -1.23182e-19)
(1.22683 0.0275056 7.85428e-20)
(1.21807 0.0270149 3.35617e-20)
(1.20946 0.0264751 -1.15706e-19)
(1.20113 0.0259366 3.37952e-20)
(1.19312 0.0254283 4.75675e-20)
(1.18545 0.0249509 -2.46669e-20)
(1.1781 0.0244988 -1.58747e-20)
(1.17104 0.0240669 2.98241e-20)
(1.16427 0.0236499 -2.01619e-20)
(1.15776 0.0232426 -6.22479e-21)
(1.15152 0.0228395 1.16172e-20)
(1.14554 0.0224356 -6.33199e-21)
(1.13982 0.022026 -9.30855e-21)
(1.13437 0.0216057 2.82096e-21)
(1.12917 0.0211698 1.59176e-20)
(1.12422 0.0207134 -9.45147e-21)
(1.11953 0.0202316 -6.2659e-22)
(1.11507 0.0197199 -4.31633e-21)
(1.11086 0.0191739 4.91651e-21)
(1.10688 0.0185895 -8.10972e-21)
(1.10312 0.0179632 9.08377e-21)
(1.09959 0.0172915 -2.84928e-21)
(1.09627 0.0165718 2.07193e-21)
(1.09316 0.0158017 -3.98875e-21)
(1.09025 0.0149792 1.79631e-21)
(1.08755 0.0141029 1.24887e-21)
(1.08504 0.0131717 1.11809e-22)
(1.08272 0.012185 1.90513e-22)
(1.08061 0.0111422 9.49056e-22)
(1.07868 0.0100432 4.51587e-22)
(1.07696 0.00888774 -4.62998e-22)
(1.07544 0.00767661 1.29231e-22)
(1.07414 0.0064075 -4.70755e-23)
(1.07305 0.0050857 -1.60524e-22)
(1.07221 0.00370041 3.87615e-23)
(1.07161 0.00226793 -6.14712e-24)
(1.07128 0.000772251 -1.27287e-24)
(1.25707 0.0224278 -5.02378e-20)
(1.24783 0.0216663 -2.82751e-20)
(1.23864 0.021181 -4.56922e-20)
(1.22962 0.0210736 1.63176e-19)
(1.22069 0.0209818 1.80233e-20)
(1.2119 0.0208231 -1.08986e-19)
(1.20336 0.020652 -5.02701e-20)
(1.19515 0.0204993 4.98834e-20)
(1.18729 0.0203651 -5.04371e-20)
(1.17976 0.0202433 5.84847e-20)
(1.17255 0.0201287 -3.95436e-20)
(1.16564 0.0200161 1.4233e-20)
(1.15901 0.0198996 3.57909e-20)
(1.15266 0.0197732 -1.70901e-20)
(1.14658 0.0196313 -1.9198e-20)
(1.14077 0.0194689 2.14186e-20)
(1.13524 0.0192811 2.23045e-21)
(1.12997 0.019063 -1.01962e-20)
(1.12496 0.0188099 6.8412e-21)
(1.12021 0.0185173 7.01494e-21)
(1.11571 0.018181 -8.0936e-21)
(1.11145 0.0177969 -1.81082e-21)
(1.10743 0.0173616 -6.71615e-21)
(1.10364 0.016872 6.14915e-21)
(1.10008 0.0163253 4.12153e-22)
(1.09673 0.0157194 -9.27019e-21)
(1.0936 0.0150526 8.79755e-23)
(1.09068 0.0143238 1.85879e-21)
(1.08795 0.0135322 -1.24681e-21)
(1.08543 0.0126774 2.35761e-21)
(1.08311 0.0117596 -1.26898e-21)
(1.08098 0.010779 -6.17931e-22)
(1.07904 0.0097362 2.1523e-24)
(1.07731 0.00863167 6.86014e-22)
(1.07578 0.00746702 -7.16752e-23)
(1.07447 0.00624064 -7.00747e-23)
(1.07338 0.00495851 1.58784e-22)
(1.07253 0.00361105 -3.00699e-23)
(1.07193 0.00221394 -6.90448e-23)
(1.0716 0.000755385 4.95406e-24)
(1.26038 0.0147 -1.07966e-19)
(1.25087 0.0142534 4.25892e-20)
(1.24148 0.014141 -2.35784e-20)
(1.23231 0.0144505 9.57687e-20)
(1.22323 0.0147708 -1.42953e-19)
(1.21425 0.0150065 8.10225e-20)
(1.20551 0.0152169 -1.35706e-20)
(1.1971 0.0154345 -9.76664e-21)
(1.18905 0.0156575 -7.18824e-20)
(1.18135 0.0158785 5.63016e-20)
(1.17399 0.0160929 -3.45448e-20)
(1.16694 0.0162957 3.01136e-20)
(1.16019 0.0164806 -1.19006e-20)
(1.15373 0.0166405 6.81331e-21)
(1.14756 0.0167696 1.87051e-20)
(1.14167 0.0168628 -1.16854e-20)
(1.13606 0.016915 -2.44737e-21)
(1.13072 0.0169215 1.47835e-21)
(1.12565 0.0168778 -1.56333e-20)
(1.12085 0.0167797 1.44054e-20)
(1.1163 0.0166233 -1.54339e-20)
(1.112 0.0164052 1.0984e-20)
(1.10795 0.0161224 -8.65598e-21)
(1.10413 0.0157724 4.66132e-21)
(1.10054 0.015353 5.21592e-21)
(1.09718 0.0148629 1.22457e-21)
(1.09402 0.014301 -5.06986e-21)
(1.09108 0.0136671 5.6363e-22)
(1.08835 0.012961 2.58287e-21)
(1.08581 0.0121834 7.27374e-22)
(1.08347 0.0113349 8.01392e-22)
(1.08133 0.0104167 6.43589e-22)
(1.07939 0.00943028 -4.75577e-22)
(1.07765 0.00837669 -3.32484e-22)
(1.07612 0.00725845 -3.41434e-23)
(1.0748 0.00607464 -7.87809e-23)
(1.0737 0.004832 1.91069e-22)
(1.07284 0.00352216 1.42124e-22)
(1.07224 0.00216021 9.40236e-23)
(1.07191 0.000738435 2.7489e-23)
(1.26361 0.00674117 1.69432e-19)
(1.25383 0.00661345 -6.24106e-20)
(1.24422 0.00688511 8.19554e-20)
(1.2349 0.00762658 -7.82543e-20)
(1.22567 0.00837317 -1.32199e-19)
(1.21652 0.00901669 -3.85285e-21)
(1.20759 0.00962338 7.26674e-20)
(1.19898 0.0102271 -1.98455e-21)
(1.19074 0.0108222 7.7691e-20)
(1.18287 0.0113995 -9.82029e-21)
(1.17535 0.0119552 -2.47221e-20)
(1.16817 0.0124853 -4.96083e-21)
(1.1613 0.0129826 -1.668e-21)
(1.15474 0.0134391 -6.15374e-21)
(1.14848 0.0138487 1.20209e-20)
(1.14251 0.0142061 -1.24384e-20)
(1.13682 0.0145062 1.70182e-20)
(1.13142 0.0147443 1.12581e-20)
(1.1263 0.0149162 -1.15697e-20)
(1.12145 0.0150182 1.24903e-21)
(1.11686 0.0150466 4.87787e-21)
(1.11252 0.0149987 -1.75054e-21)
(1.10844 0.0148719 -6.23748e-21)
(1.10459 0.0146644 4.44539e-21)
(1.10098 0.0143749 -1.74511e-21)
(1.09759 0.0140025 7.0702e-22)
(1.09443 0.0135472 2.67927e-21)
(1.09147 0.0130094 -2.48055e-21)
(1.08872 0.0123898 2.02141e-21)
(1.08617 0.0116898 -2.88984e-21)
(1.08382 0.0109112 9.49188e-22)
(1.08167 0.0100557 -1.51946e-21)
(1.07972 0.00912561 9.6103e-22)
(1.07797 0.00812294 4.95232e-22)
(1.07643 0.00705098 2.34017e-23)
(1.07511 0.00590959 1.98623e-22)
(1.07401 0.0047062 -8.57223e-23)
(1.07315 0.00343377 -2.71819e-22)
(1.07255 0.00210676 -2.44652e-23)
(1.07221 0.000721409 -1.08909e-22)
(1.26679 -0.00146534 -5.27637e-20)
(1.25671 -0.00126849 3.43992e-20)
(1.24687 -0.000599119 -2.61707e-20)
(1.23739 0.000591984 3.74668e-20)
(1.22801 0.00178025 4.15108e-21)
(1.2187 0.00284552 1.53235e-20)
(1.20959 0.00386402 -1.23472e-19)
(1.20078 0.0048708 8.5377e-20)
(1.19236 0.00585409 4.66373e-20)
(1.18431 0.00680189 -2.93291e-20)
(1.17664 0.0077121 4.37111e-20)
(1.16933 0.00858187 -5.54007e-20)
(1.16235 0.00940306 -6.28037e-20)
(1.15569 0.0101668 5.99331e-20)
(1.14934 0.0108668 1.38786e-20)
(1.14329 0.0114974 -2.63633e-20)
(1.13754 0.0120535 -4.72484e-21)
(1.13207 0.0125306 -8.61003e-21)
(1.1269 0.0129248 1.00004e-20)
(1.122 0.0132324 -1.11057e-20)
(1.11737 0.0134507 5.58828e-21)
(1.11301 0.0135772 -2.65224e-21)
(1.10889 0.0136101 -4.61097e-21)
(1.10502 0.0135483 2.00788e-21)
(1.10139 0.013391 5.25325e-21)
(1.09799 0.0131385 -5.52825e-21)
(1.0948 0.0127913 -3.53135e-21)
(1.09183 0.0123508 3.01201e-22)
(1.08907 0.0118186 2.13464e-21)
(1.08652 0.011197 -1.53179e-21)
(1.08416 0.0104885 -1.6959e-21)
(1.082 0.0096959 3.82757e-22)
(1.08004 0.00882232 -2.80226e-22)
(1.07829 0.00787053 -9.06623e-23)
(1.07674 0.00684471 -7.71295e-22)
(1.07541 0.00574555 -3.19704e-22)
(1.07431 0.00458118 2.95062e-22)
(1.07344 0.00334591 -1.06242e-22)
(1.07284 0.00205362 -1.34217e-22)
(1.0725 0.000704313 1.97332e-23)
(1.26991 -0.00993887 9.54481e-20)
(1.25951 -0.00941016 -1.96088e-19)
(1.24942 -0.00832703 -2.82372e-20)
(1.23978 -0.00666632 1.00367e-19)
(1.23026 -0.00502026 -8.40342e-20)
(1.22079 -0.00351929 6.61021e-20)
(1.21149 -0.00207251 2.67156e-20)
(1.20251 -0.000644042 -8.5982e-20)
(1.1939 0.000744868 3.10057e-20)
(1.18569 0.00207851 4.33396e-21)
(1.17786 0.00335758 9.96397e-20)
(1.17042 0.00458056 -2.7865e-20)
(1.16332 0.00573801 1.75502e-20)
(1.15657 0.00682041 -6.0034e-21)
(1.15013 0.00782121 -5.63646e-20)
(1.14401 0.00873469 4.55872e-20)
(1.13819 0.00955551 -1.62625e-20)
(1.13267 0.0102793 6.64086e-21)
(1.12745 0.0109025 -1.23174e-20)
(1.12251 0.0114219 7.70238e-21)
(1.11785 0.0118352 -4.95259e-21)
(1.11345 0.0121406 5.63811e-21)
(1.10932 0.012337 5.8944e-21)
(1.10543 0.012424 -2.72523e-21)
(1.10178 0.0124017 4.17195e-22)
(1.09836 0.012271 3.71695e-24)
(1.09516 0.0120336 1.83051e-21)
(1.09218 0.0116916 -3.59742e-21)
(1.08941 0.0112478 6.45885e-21)
(1.08684 0.0107051 1.36705e-21)
(1.08448 0.0100672 -2.84008e-21)
(1.08232 0.00933766 -7.72905e-23)
(1.08035 0.00852058 -3.85951e-22)
(1.07859 0.00761958 1.81706e-22)
(1.07704 0.00663975 6.36541e-22)
(1.0757 0.0055826 7.35951e-22)
(1.0746 0.00445698 -2.37017e-22)
(1.07373 0.00325861 1.19838e-22)
(1.07312 0.00200081 8.63558e-23)
(1.07279 0.000687158 -5.81354e-23)
(1.27299 -0.0187017 -1.82159e-21)
(1.26223 -0.0178304 -1.54948e-19)
(1.25188 -0.0163124 1.20567e-19)
(1.24207 -0.0141574 -1.15189e-19)
(1.23241 -0.012035 6.83421e-20)
(1.22278 -0.0100835 -9.88745e-20)
(1.21332 -0.00819059 3.46521e-21)
(1.20416 -0.00632077 2.65164e-20)
(1.19537 -0.00450866 6.22342e-20)
(1.18699 -0.00277356 -1.03376e-19)
(1.17901 -0.00111064 4.24604e-20)
(1.17143 0.00047941 -1.562e-20)
(1.16423 0.00198561 1.92587e-21)
(1.15737 0.0033982 3.88849e-20)
(1.15086 0.00471067 -3.19089e-20)
(1.14467 0.00591683 -3.55686e-20)
(1.13879 0.00701119 2.36329e-20)
(1.13322 0.00798965 1.82366e-20)
(1.12795 0.00884889 -1.25172e-20)
(1.12298 0.00958628 1.05839e-20)
(1.11828 0.0102 -1.7271e-20)
(1.11386 0.0106889 8.52281e-21)
(1.1097 0.0110527 -1.28642e-21)
(1.1058 0.0112917 -6.00606e-21)
(1.10213 0.0114069 4.09916e-21)
(1.0987 0.0114003 -2.37484e-21)
(1.0955 0.0112743 2.16284e-21)
(1.09251 0.0110322 7.57303e-21)
(1.08973 0.0106775 -4.74616e-21)
(1.08716 0.0102144 -1.94871e-21)
(1.08479 0.00964739 4.22286e-21)
(1.08262 0.00898109 -7.97653e-22)
(1.08065 0.00822054 -7.1352e-22)
(1.07888 0.00737022 -4.00455e-23)
(1.07733 0.00643619 -7.33607e-22)
(1.07599 0.00542081 -4.55693e-22)
(1.07488 0.00433367 -5.76757e-23)
(1.07401 0.00317192 7.43876e-23)
(1.0734 0.00194836 6.55772e-23)
(1.07306 0.000669956 1.2735e-22)
(1.27603 -0.0277809 -2.04448e-19)
(1.26488 -0.0265552 -4.01824e-20)
(1.25425 -0.0245795 1.86117e-19)
(1.24427 -0.0219046 -1.78346e-20)
(1.23446 -0.0192887 -1.80328e-19)
(1.22467 -0.0168715 1.06464e-19)
(1.21504 -0.014512 5.29094e-21)
(1.20572 -0.0121783 -3.58896e-20)
(1.19677 -0.00992325 4.96066e-20)
(1.18821 -0.00776833 -7.36137e-20)
(1.18008 -0.00570372 4.35017e-20)
(1.17237 -0.00373061 -6.72017e-21)
(1.16506 -0.00186153 -2.42992e-20)
(1.15811 -0.000105642 4.19382e-21)
(1.15152 0.00153051 3.36039e-20)
(1.14526 0.00304014 3.40446e-20)
(1.13933 0.00441775 -5.33129e-20)
(1.13372 0.00565952 -1.33447e-20)
(1.12841 0.00676246 4.5282e-20)
(1.1234 0.00772445 -1.3936e-20)
(1.11868 0.0085443 -2.74691e-21)
(1.11423 0.00922163 5.37051e-21)
(1.11006 0.00975691 -4.57086e-21)
(1.10614 0.0101513 3.48399e-21)
(1.10246 0.0104069 -8.65614e-21)
(1.09902 0.0105265 5.96692e-21)
(1.09581 0.0105136 -8.43018e-22)
(1.09281 0.0103725 -3.01988e-21)
(1.09003 0.010108 1.57777e-21)
(1.08745 0.00972506 -1.74231e-21)
(1.08508 0.00922931 1.91893e-21)
(1.0829 0.0086264 4.0908e-22)
(1.08093 0.00792234 5.99092e-23)
(1.07916 0.00712259 4.51325e-22)
(1.0776 0.00623413 1.85726e-22)
(1.07626 0.00526027 6.06926e-23)
(1.07515 0.00421131 1.24743e-22)
(1.07427 0.00308586 2.19058e-22)
(1.07366 0.0018963 -2.13015e-23)
(1.07333 0.000652722 6.95709e-25)
(1.27904 -0.0372041 1.77939e-19)
(1.26746 -0.0356009 -1.25184e-19)
(1.25654 -0.0331306 -4.21617e-20)
(1.24639 -0.0299001 1.8796e-19)
(1.23642 -0.0267697 -2.16755e-20)
(1.22645 -0.0238697 1.18844e-21)
(1.21667 -0.0210219 -5.99669e-20)
(1.20721 -0.018204 1.34391e-21)
(1.19809 -0.0154893 -5.57139e-20)
(1.18936 -0.0128979 -2.30101e-20)
(1.18108 -0.0104151 5.82193e-20)
(1.17324 -0.0080446 1.40793e-20)
(1.16582 -0.00579971 -2.75931e-20)
(1.15878 -0.00368829 -1.08275e-20)
(1.15211 -0.00171718 -1.1964e-20)
(1.14579 0.000106174 -1.2385e-20)
(1.13981 0.00177639 5.4407e-20)
(1.13415 0.00328986 -3.50412e-20)
(1.12881 0.00464393 1.39606e-20)
(1.12377 0.00583705 1.48587e-20)
(1.11903 0.00686868 -1.38289e-20)
(1.11457 0.00773926 -1.03886e-20)
(1.11038 0.00845011 7.48205e-21)
(1.10645 0.00900339 3.03022e-21)
(1.10276 0.00940207 -4.43136e-21)
(1.09932 0.00964998 1.26583e-21)
(1.0961 0.00975189 -3.05398e-21)
(1.0931 0.00971312 2.64572e-21)
(1.09031 0.00953953 -2.56254e-21)
(1.08773 0.00923734 6.955e-22)
(1.08535 0.00881317 -4.12637e-22)
(1.08318 0.00827375 -2.51883e-21)
(1.0812 0.00762615 5.06368e-22)
(1.07943 0.00687679 -1.69417e-22)
(1.07787 0.00603367 -5.34305e-22)
(1.07652 0.00510104 7.42683e-22)
(1.07541 0.00408993 3.98902e-23)
(1.07453 0.00300046 -3.33185e-22)
(1.07392 0.00184464 8.9703e-23)
(1.07359 0.000635471 3.65208e-23)
(1.282 -0.0470176 -4.32465e-20)
(1.26996 -0.0450231 -4.6593e-20)
(1.25874 -0.0420297 1.59293e-19)
(1.24842 -0.0382174 -1.50207e-19)
(1.23827 -0.0345567 2.02277e-19)
(1.22813 -0.0311521 -1.67231e-19)
(1.2182 -0.0277848 3.47221e-20)
(1.2086 -0.0244546 4.55796e-20)
(1.19932 -0.0212561 -6.79148e-24)
(1.19044 -0.0182026 -1.83423e-20)
(1.18201 -0.0152777 8.51873e-20)
(1.17404 -0.0124895 -5.13079e-20)
(1.1665 -0.00985059 -4.32009e-20)
(1.15938 -0.00736699 -6.89053e-21)
(1.15264 -0.0050462 4.49199e-20)
(1.14626 -0.00289599 -2.0726e-20)
(1.14023 -0.000921456 2.32819e-20)
(1.13454 0.000874036 -4.45076e-20)
(1.12916 0.00248825 3.37724e-20)
(1.1241 0.00392028 1.93437e-20)
(1.11934 0.00517037 -6.23479e-21)
(1.11486 0.00623982 -1.33197e-20)
(1.11066 0.00713095 5.32195e-22)
(1.10672 0.00784695 6.79893e-21)
(1.10304 0.00839181 -9.77491e-21)
(1.09959 0.00877051 5.63288e-21)
(1.09637 0.00898905 -5.94773e-22)
(1.09337 0.00905397 3.13408e-21)
(1.09058 0.00897229 4.78027e-22)
(1.088 0.00875144 -4.75885e-22)
(1.08562 0.00839918 1.27516e-21)
(1.08344 0.00792335 8.76884e-22)
(1.08146 0.00733215 -1.35953e-21)
(1.07969 0.00663301 -1.79896e-22)
(1.07812 0.00583495 1.31581e-22)
(1.07678 0.00494323 -4.19053e-24)
(1.07566 0.00396964 1.92764e-22)
(1.07478 0.00291579 2.07223e-22)
(1.07417 0.00179343 -2.43856e-22)
(1.07384 0.000618226 -4.07504e-23)
(1.28492 -0.0572323 -1.13092e-19)
(1.27239 -0.0547794 8.50524e-20)
(1.26087 -0.0511875 -9.57985e-21)
(1.2504 -0.046746 1.1817e-19)
(1.24004 -0.0425362 -1.66116e-19)
(1.2297 -0.038606 1.51786e-19)
(1.21964 -0.0346975 -1.26382e-19)
(1.20991 -0.0308438 1.43789e-19)
(1.20048 -0.0271509 -1.25521e-19)
(1.19144 -0.0236212 1.96987e-20)
(1.18286 -0.0202413 4.45967e-20)
(1.17476 -0.0170246 3.21846e-20)
(1.16712 -0.0139809 -6.4987e-20)
(1.15991 -0.0111149 1.10177e-20)
(1.1531 -0.00843512 -1.66476e-20)
(1.14666 -0.00594923 -2.32304e-21)
(1.14059 -0.00366213 3.53552e-20)
(1.13486 -0.00157714 6.15397e-21)
(1.12946 0.000303932 -2.94512e-20)
(1.12438 0.00198082 -9.02822e-21)
(1.11961 0.00345457 -3.66318e-21)
(1.11512 0.00472737 5.21825e-21)
(1.11091 0.00580255 6.17961e-21)
(1.10697 0.00668442 -8.50967e-21)
(1.10328 0.00737799 7.7179e-21)
(1.09983 0.00788946 -7.70353e-22)
(1.09661 0.00822613 3.55296e-21)
(1.09361 0.00839583 -4.07769e-21)
(1.09082 0.00840682 -1.23834e-21)
(1.08824 0.00826775 4.1185e-22)
(1.08587 0.00798759 5.14981e-22)
(1.08369 0.00757538 6.02124e-22)
(1.08171 0.00704043 5.84691e-22)
(1.07993 0.00639127 -1.94343e-22)
(1.07837 0.00563797 -2.87575e-23)
(1.07702 0.00478683 -4.72185e-22)
(1.0759 0.00385039 -2.92944e-22)
(1.07502 0.00283181 1.67622e-22)
(1.07441 0.00174264 -1.41995e-23)
(1.07408 0.000600995 -1.29323e-22)
(1.2747 -0.0651022 -1.61958e-20)
(1.26293 -0.0608909 -4.17629e-20)
(1.25228 -0.0558059 1.97557e-19)
(1.24168 -0.0510245 -8.78357e-20)
(1.23114 -0.0465156 4.75611e-20)
(1.22097 -0.0420112 -9.47785e-20)
(1.21111 -0.0375914 1.71014e-20)
(1.20153 -0.0333607 -5.90137e-20)
(1.19235 -0.0293106 6.38472e-20)
(1.18364 -0.0254377 1.64304e-20)
(1.17541 -0.0217589 7.41183e-21)
(1.16765 -0.01828 -9.89072e-22)
(1.16035 -0.0150053 -5.99748e-20)
(1.15348 -0.0119435 4.15269e-20)
(1.14699 -0.00910172 2.63131e-20)
(1.14088 -0.00648438 -4.11625e-20)
(1.13513 -0.00409454 3.69797e-20)
(1.12971 -0.00193336 -4.2946e-20)
(1.12461 -2.67571e-07 5.04806e-20)
(1.11982 0.0017067 -2.40359e-20)
(1.11533 0.00319085 -4.61009e-21)
(1.11112 0.00445671 -9.66622e-22)
(1.10718 0.00550985 -6.32795e-22)
(1.10349 0.00635643 3.57448e-21)
(1.10005 0.00700396 4.19171e-22)
(1.09683 0.00746129 -1.65586e-21)
(1.09384 0.00773762 -1.85326e-22)
(1.09105 0.00784256 -2.68753e-21)
(1.08847 0.00778609 6.95736e-22)
(1.0861 0.00757851 -2.38761e-21)
(1.08392 0.00723007 4.12678e-22)
(1.08194 0.00675134 5.80309e-22)
(1.08017 0.00615196 6.19477e-23)
(1.0786 0.00544311 1.91904e-22)
(1.07725 0.00463217 7.55694e-22)
(1.07613 0.00373249 -2.46722e-22)
(1.07525 0.00274875 -3.17866e-22)
(1.07464 0.00169242 1.19762e-23)
(1.07431 0.00058384 2.08241e-22)
(1.26499 -0.0705415 9.14864e-20)
(1.25413 -0.064784 1.16731e-19)
(1.24324 -0.059429 -7.77631e-20)
(1.23251 -0.0543315 9.24638e-20)
(1.22223 -0.0492426 -8.6652e-20)
(1.21223 -0.0442793 -2.40276e-20)
(1.20251 -0.0395235 1.64441e-21)
(1.1932 -0.0349627 -8.15671e-21)
(1.18435 -0.0306073 -2.98821e-20)
(1.17599 -0.0264742 4.09024e-20)
(1.16813 -0.0225659 -1.60584e-20)
(1.16075 -0.0188872 8.65934e-21)
(1.15381 -0.0154468 3.72639e-20)
(1.14728 -0.0122511 -1.25139e-20)
(1.14113 -0.00930471 -7.72916e-20)
(1.13535 -0.00661058 5.54558e-20)
(1.12991 -0.00416937 -1.95421e-20)
(1.1248 -0.00197988 -5.3945e-21)
(1.12001 -3.93135e-05 1.01912e-20)
(1.11552 0.00165664 -6.4784e-21)
(1.11131 0.00311364 4.21636e-21)
(1.10737 0.00433852 -5.09519e-21)
(1.10368 0.00533845 -3.60875e-22)
(1.10024 0.00612221 8.42643e-21)
(1.09703 0.00670028 1.47958e-21)
(1.09404 0.00708321 -6.31105e-21)
(1.09127 0.00728195 3.14682e-21)
(1.08869 0.00730786 2.79893e-22)
(1.08632 0.00717252 -3.82672e-22)
(1.08414 0.0068875 5.94213e-22)
(1.08217 0.00646458 -1.37455e-21)
(1.08039 0.00591456 9.30448e-22)
(1.07883 0.00524975 -6.03445e-23)
(1.07748 0.00447863 -2.21475e-22)
(1.07636 0.00361535 -3.37859e-22)
(1.07548 0.00266613 2.7264e-22)
(1.07487 0.00164247 -4.11886e-23)
(1.07453 0.00056667 1.11035e-23)
(1.26701 -0.0815502 1.25179e-20)
(1.25589 -0.0750957 -9.13564e-20)
(1.24469 -0.0690622 2.1739e-19)
(1.23381 -0.0632359 -4.39036e-20)
(1.22339 -0.0574477 6.95627e-20)
(1.21325 -0.0518324 -1.43187e-19)
(1.20341 -0.0464417 1.78696e-20)
(1.19398 -0.0412714 2.74838e-22)
(1.185 -0.0363445 8.55267e-20)
(1.17651 -0.0316751 -9.19631e-20)
(1.16854 -0.0272647 1.51945e-20)
(1.16107 -0.0231189 -1.23999e-20)
(1.15406 -0.0192445 3.01058e-20)
(1.14748 -0.0156463 -3.11226e-20)
(1.1413 -0.0123286 1.29299e-20)
(1.13549 -0.00929335 4.4687e-21)
(1.13004 -0.00654033 -1.49638e-20)
(1.12493 -0.00406725 -1.02057e-20)
(1.12013 -0.00187006 3.33686e-20)
(1.11564 5.69933e-05 -6.94245e-21)
(1.11144 0.00172114 -1.28015e-21)
(1.10751 0.00313097 -5.42774e-22)
(1.10384 0.00429486 -3.42852e-21)
(1.10041 0.00522317 2.67334e-21)
(1.09721 0.00592851 -1.8078e-21)
(1.09423 0.00642301 1.57231e-21)
(1.09146 0.00671921 3.33155e-21)
(1.08889 0.00683007 -2.93331e-21)
(1.08652 0.00676872 2.17764e-21)
(1.08435 0.00654815 1.32452e-21)
(1.08238 0.00618154 -7.49072e-22)
(1.08061 0.00568097 2.41643e-23)
(1.07904 0.00505998 7.99822e-23)
(1.07769 0.00432825 1.73403e-22)
(1.07657 0.0035008 -1.15156e-22)
(1.07569 0.0025854 2.80954e-23)
(1.07508 0.00159372 7.17017e-23)
(1.07475 0.000549832 -1.60876e-22)
(1.25775 -0.0839303 1.53495e-19)
(1.24625 -0.0772906 -3.57699e-20)
(1.23522 -0.0708416 -2.52801e-20)
(1.22464 -0.0644942 3.1553e-20)
(1.21434 -0.0583543 5.60267e-20)
(1.20438 -0.0524457 -1.40064e-19)
(1.19482 -0.0467798 1.60316e-19)
(1.18571 -0.0413848 -1.06349e-19)
(1.1771 -0.0362715 9.64487e-21)
(1.16902 -0.0314428 -3.44028e-20)
(1.16146 -0.0269041 7.49763e-21)
(1.15438 -0.022661 -2.04482e-21)
(1.14775 -0.0187182 5.12299e-20)
(1.14153 -0.0150799 -3.28501e-20)
(1.1357 -0.011748 1.88178e-20)
(1.13023 -0.00872182 1.27759e-20)
(1.1251 -0.00599856 -4.76094e-21)
(1.1203 -0.00357339 -1.42948e-20)
(1.11581 -0.00143964 2.40528e-20)
(1.11161 0.000411015 -1.23364e-20)
(1.10768 0.00198856 -5.17611e-21)
(1.10401 0.00330193 -1.64418e-21)
(1.10059 0.00436275 5.32402e-21)
(1.09739 0.00518558 1.07305e-21)
(1.09442 0.0057837 -1.43883e-21)
(1.09165 0.00617101 -3.90469e-21)
(1.08909 0.0063618 1.78048e-22)
(1.08673 0.00637052 1.5033e-21)
(1.08456 0.00621145 7.39833e-23)
(1.08259 0.00589899 -1.05791e-21)
(1.08082 0.00544641 7.31755e-22)
(1.07925 0.00486832 3.0583e-22)
(1.0779 0.00417555 -6.8808e-23)
(1.07678 0.00338392 -1.87219e-24)
(1.0759 0.00250262 6.48805e-23)
(1.07529 0.00154362 2.77248e-23)
(1.07496 0.00053246 -7.79732e-24)
(1.26019 -0.0971967 -2.46866e-19)
(1.24843 -0.089589 2.33685e-20)
(1.23718 -0.0821598 7.6457e-20)
(1.22636 -0.0749082 3.8823e-20)
(1.21588 -0.0679011 -3.50719e-20)
(1.20576 -0.0611545 -3.18389e-20)
(1.19604 -0.0546927 4.1409e-20)
(1.18675 -0.0485454 -8.39405e-20)
(1.17796 -0.0427258 -1.04624e-20)
(1.16971 -0.03724 -2.25448e-20)
(1.162 -0.0320927 4.02063e-20)
(1.15481 -0.0272867 4.26172e-20)
(1.14808 -0.0228248 -5.05605e-20)
(1.1418 -0.0187095 1.58755e-20)
(1.13592 -0.0149413 -1.53621e-20)
(1.13042 -0.0115184 1.95801e-20)
(1.12528 -0.00843646 2.68776e-20)
(1.12046 -0.00568891 -1.06155e-20)
(1.11596 -0.00326709 -2.44831e-20)
(1.11176 -0.00116054 1.24955e-20)
(1.10784 0.00064384 -4.13241e-21)
(1.10418 0.00215613 8.97873e-21)
(1.10076 0.00338985 -8.34484e-22)
(1.09757 0.00436321 -1.32399e-21)
(1.0946 0.00509139 4.8826e-22)
(1.09184 0.00559052 -1.72858e-21)
(1.08929 0.00587711 2.39149e-21)
(1.08693 0.00596765 -1.70502e-21)
(1.08476 0.00587836 2.4194e-22)
(1.08279 0.00562548 8.05366e-22)
(1.08102 0.00522393 -4.23607e-22)
(1.07946 0.00468992 -2.34192e-22)
(1.0781 0.00403576 8.53533e-23)
(1.07698 0.00327838 7.01287e-23)
(1.0761 0.00242869 1.20181e-22)
(1.07549 0.00149922 -7.67633e-23)
(1.07516 0.000517005 6.59187e-24)
(1.19017 0.121204 -2.26691e-21)
(1.18427 0.115733 1.18276e-21)
(1.17863 0.11032 3.19611e-23)
(1.17332 0.105069 -2.25064e-21)
(1.16825 0.100013 2.18642e-21)
(1.16334 0.0951339 -2.16125e-21)
(1.15854 0.0904278 3.05926e-21)
(1.15382 0.0858814 -2.17557e-21)
(1.14919 0.0814851 2.24531e-21)
(1.14466 0.0772552 -1.50517e-21)
(1.14021 0.0731867 1.36152e-21)
(1.13585 0.0692756 -5.80091e-22)
(1.1316 0.0655211 -1.14068e-21)
(1.12744 0.0619204 7.19982e-22)
(1.12338 0.0584688 5.5097e-22)
(1.11943 0.0551662 -3.52556e-22)
(1.11559 0.0520029 8.15411e-24)
(1.11187 0.0489668 4.26577e-22)
(1.10827 0.0460609 -5.03928e-22)
(1.10479 0.0432799 1.38788e-22)
(1.10143 0.0406136 1.56151e-22)
(1.09821 0.0380548 -1.81052e-22)
(1.09511 0.0355958 -6.5472e-23)
(1.09215 0.0332285 1.50617e-22)
(1.08932 0.0309448 -1.1479e-22)
(1.08662 0.0287364 1.09569e-22)
(1.08407 0.0265951 -8.31492e-23)
(1.08166 0.0245124 1.66902e-23)
(1.07939 0.0224802 -4.37365e-23)
(1.07727 0.02049 2.15175e-23)
(1.0753 0.0185337 1.82682e-23)
(1.07348 0.0166031 -1.48119e-24)
(1.07182 0.0146898 -1.31242e-24)
(1.07033 0.0127855 4.52121e-24)
(1.06901 0.0108819 -2.35024e-23)
(1.06787 0.00896898 -1.50947e-23)
(1.06693 0.00704111 2.56899e-23)
(1.0662 0.00507706 -2.06151e-23)
(1.06569 0.00309456 2.14708e-23)
(1.06542 0.00101853 -1.62982e-23)
(1.18494 0.125964 -2.19984e-21)
(1.17927 0.120251 2.12757e-21)
(1.17397 0.114593 -4.50669e-21)
(1.16899 0.109122 1.14062e-21)
(1.16423 0.103854 4.60115e-22)
(1.1596 0.0987662 -1.13946e-21)
(1.15506 0.0938636 3.76501e-21)
(1.15058 0.0891242 -3.44605e-23)
(1.14618 0.0845325 -9.63919e-22)
(1.14187 0.0801152 1.19089e-21)
(1.13763 0.0758692 -7.43829e-22)
(1.13347 0.0717869 7.15783e-22)
(1.12939 0.0678673 1.39403e-22)
(1.1254 0.0641074 -4.94803e-23)
(1.1215 0.0605029 -1.41976e-21)
(1.1177 0.0570562 6.37329e-22)
(1.11399 0.0537532 6.70112e-22)
(1.1104 0.0505801 -6.28888e-22)
(1.10691 0.0475449 -8.61761e-22)
(1.10353 0.0446421 5.81952e-22)
(1.10027 0.0418604 -4.9279e-23)
(1.09713 0.0391922 5.82929e-22)
(1.09411 0.03663 -3.09271e-22)
(1.09122 0.0341656 -5.23493e-22)
(1.08845 0.0317907 6.78667e-23)
(1.08582 0.029497 1.31203e-22)
(1.08332 0.0272759 8.50609e-23)
(1.08095 0.025119 -6.69217e-24)
(1.07872 0.0230176 8.596e-23)
(1.07663 0.0209632 -3.63978e-23)
(1.07469 0.0189474 -4.13872e-23)
(1.0729 0.0169614 4.49658e-24)
(1.07127 0.0149966 2.0868e-23)
(1.0698 0.0130444 -2.19857e-23)
(1.0685 0.0110958 2.21446e-23)
(1.06738 0.00914073 3.92248e-23)
(1.06645 0.00717258 8.94219e-24)
(1.06572 0.00517004 6.25737e-24)
(1.06522 0.00314993 5.58133e-23)
(1.06496 0.00103503 2.74026e-25)
(1.17958 0.130574 -6.03292e-21)
(1.17414 0.124633 5.86205e-22)
(1.16918 0.118719 -1.8079e-21)
(1.16455 0.113038 1.32583e-20)
(1.1601 0.107567 -1.13326e-20)
(1.15577 0.102282 4.50237e-21)
(1.1515 0.0971972 1.70135e-21)
(1.14727 0.0922769 -2.01847e-21)
(1.14311 0.0874956 -1.61488e-21)
(1.13902 0.0828965 -1.76512e-21)
(1.13499 0.0784809 5.75555e-21)
(1.13103 0.0742354 -3.48678e-21)
(1.12714 0.0701578 -1.66105e-21)
(1.12332 0.0662451 -4.64745e-22)
(1.11958 0.0624936 4.61445e-21)
(1.11592 0.0589066 -3.13831e-21)
(1.11236 0.0554677 -6.62545e-22)
(1.10889 0.0521636 7.24228e-22)
(1.10552 0.049004 1.06935e-21)
(1.10225 0.0459827 -8.67849e-22)
(1.09909 0.0430887 8.61441e-22)
(1.09603 0.040314 -6.26298e-22)
(1.09309 0.037651 -4.93085e-22)
(1.09027 0.0350917 8.12221e-22)
(1.08757 0.0326275 -4.66729e-23)
(1.08499 0.0302501 -1.11668e-22)
(1.08254 0.0279508 -1.14945e-22)
(1.08022 0.0257208 3.33015e-23)
(1.07804 0.0235514 -2.76437e-23)
(1.07599 0.0214337 -4.79671e-23)
(1.07408 0.0193589 2.29867e-24)
(1.07232 0.0173181 2.65166e-23)
(1.07071 0.0153024 -3.20437e-23)
(1.06926 0.0133026 5.68708e-23)
(1.06798 0.0113094 6.27649e-24)
(1.06687 0.00931225 -9.04517e-23)
(1.06595 0.00730389 -7.73264e-23)
(1.06524 0.00526306 1.13302e-22)
(1.06474 0.0032052 8.49897e-24)
(1.06449 0.0010515 -3.19269e-23)
(1.17405 0.13504 1.84981e-21)
(1.16889 0.128888 7.0245e-21)
(1.1643 0.122691 -1.23712e-20)
(1.16001 0.11681 4.82644e-21)
(1.15589 0.111152 5.16109e-21)
(1.15184 0.105684 -4.91426e-21)
(1.14784 0.100422 1.78761e-21)
(1.1439 0.0953278 -4.16709e-21)
(1.13999 0.0903716 1.03769e-20)
(1.13612 0.085602 -7.07943e-21)
(1.13231 0.0810246 -3.31407e-21)
(1.12854 0.0766231 2.06739e-21)
(1.12484 0.072394 -2.12418e-21)
(1.12119 0.0683348 1.81357e-21)
(1.11761 0.0644427 3.07099e-22)
(1.11411 0.0607157 -2.11718e-21)
(1.11069 0.0571436 1.40931e-21)
(1.10735 0.0537179 -1.8054e-21)
(1.1041 0.0504391 2.59619e-21)
(1.10094 0.0473023 -1.96997e-21)
(1.09787 0.0442986 8.84288e-22)
(1.09491 0.04142 -1.9082e-23)
(1.09205 0.0386588 3.57459e-22)
(1.0893 0.0360066 6.64651e-22)
(1.08667 0.0334551 -1.88014e-22)
(1.08415 0.0309957 -1.181e-22)
(1.08176 0.0286195 -1.26859e-22)
(1.07948 0.0263177 -1.04491e-22)
(1.07734 0.0240813 1.34754e-22)
(1.07533 0.0219011 3.49206e-23)
(1.07345 0.0197682 -3.17546e-24)
(1.07172 0.0176732 -5.59673e-23)
(1.07014 0.015607 -6.76362e-23)
(1.06871 0.0135599 -9.21194e-23)
(1.06744 0.0115224 -1.40858e-22)
(1.06635 0.00948347 1.81132e-22)
(1.06545 0.00743505 -7.9902e-23)
(1.06475 0.00535602 -1.08095e-22)
(1.06426 0.0032604 1.17237e-24)
(1.06401 0.00106815 7.59659e-25)
(1.16825 0.13931 -5.63211e-21)
(1.16362 0.13296 3.04347e-21)
(1.15937 0.126508 8.54939e-21)
(1.15542 0.120448 5.927e-21)
(1.15161 0.114619 -1.24609e-20)
(1.14785 0.10898 -4.87757e-21)
(1.14412 0.103532 8.23967e-21)
(1.14045 0.0982614 1.93409e-21)
(1.1368 0.0931589 -3.77501e-22)
(1.13316 0.0882379 -5.46114e-21)
(1.12956 0.0835038 1.89082e-21)
(1.126 0.0789512 -6.73389e-21)
(1.12248 0.0745762 6.87268e-21)
(1.11902 0.0703759 3.62182e-21)
(1.11561 0.0663475 -6.44784e-22)
(1.11226 0.0624876 -1.70828e-21)
(1.10898 0.0587882 -2.91312e-21)
(1.10577 0.0552425 4.45355e-21)
(1.10264 0.0518479 -1.48321e-21)
(1.09959 0.0485995 1.15801e-21)
(1.09663 0.0454895 -1.87239e-21)
(1.09376 0.0425099 6.3539e-22)
(1.09099 0.0396529 1.53981e-22)
(1.08832 0.0369101 -4.76954e-22)
(1.08575 0.0342733 2.44781e-22)
(1.08329 0.0317335 3.30146e-22)
(1.08095 0.0292819 -1.98906e-22)
(1.07873 0.0269095 3.67467e-22)
(1.07663 0.0246071 -1.06584e-22)
(1.07466 0.0223654 -4.82046e-23)
(1.07281 0.020175 -8.06261e-24)
(1.07111 0.0180265 9.05448e-24)
(1.06955 0.0159103 1.59319e-22)
(1.06815 0.0138164 2.1072e-24)
(1.0669 0.0117348 4.22891e-23)
(1.06583 0.00965431 -7.12429e-23)
(1.06494 0.00756601 -2.85369e-23)
(1.06425 0.00544892 2.19288e-22)
(1.06377 0.00331551 -1.20038e-23)
(1.06352 0.00108494 1.03328e-22)
(1.09536 0.0466614 -1.00644e-21)
(1.09259 0.0435835 7.41294e-22)
(1.0899 0.0406331 1.01956e-22)
(1.08731 0.037802 -2.71551e-22)
(1.08481 0.0350817 -4.46378e-22)
(1.08242 0.0324632 2.51251e-23)
(1.08013 0.0299378 -2.79372e-22)
(1.07796 0.0274961 -9.55702e-23)
(1.0759 0.0251287 1.23326e-23)
(1.07397 0.0228264 5.60883e-23)
(1.07217 0.0205793 1.39603e-23)
(1.07049 0.0183779 1.93709e-22)
(1.06896 0.0162121 -2.46162e-22)
(1.06758 0.0140718 1.99054e-22)
(1.06635 0.0119465 -9.35208e-23)
(1.0653 0.00982471 1.1631e-22)
(1.06442 0.00769672 -3.25993e-22)
(1.06374 0.00554171 -6.19878e-22)
(1.06327 0.00337051 -4.02051e-22)
(1.06303 0.00110192 -1.3799e-22)
)
;

boundaryField
{
    inlet
    {
        type            uniformFixedValue;
        uniformValue    constant (1 0 0);
        value           nonuniform 0();
    }
    outlet
    {
        type            pressureInletOutletVelocity;
        value           nonuniform 0();
    }
    cylinder
    {
        type            fixedValue;
        value           nonuniform 0();
    }
    top
    {
        type            symmetryPlane;
    }
    bottom
    {
        type            symmetryPlane;
    }
    defaultFaces
    {
        type            empty;
    }
    procBoundary13to9
    {
        type            processor;
        value           nonuniform List<vector> 
58
(
(1.29945 -0.0637601 5.90264e-19)
(1.29607 -0.0527267 -6.56351e-19)
(1.29268 -0.0421875 6.7793e-19)
(1.29268 -0.0421875 6.7793e-19)
(1.30576 -0.0211115 3.97581e-19)
(1.30181 -0.0119218 1.07265e-19)
(1.30181 -0.0119218 1.07265e-19)
(1.3128 0.00282111 -3.70043e-19)
(1.30858 0.0115634 1.85287e-19)
(1.30439 0.0200973 1.78961e-19)
(1.30022 0.0284405 -1.65738e-19)
(1.30022 0.0284405 -1.65738e-19)
(1.30977 0.0441514 -1.24267e-19)
(1.30534 0.0521352 3.91478e-19)
(1.3009 0.0600029 -1.74749e-19)
(1.29642 0.06776 1.53905e-19)
(1.29642 0.06776 1.53905e-19)
(1.30492 0.0833586 -1.47995e-20)
(1.30016 0.0910402 -3.34268e-20)
(1.29531 0.0986441 -7.17607e-20)
(1.29035 0.106169 -2.59062e-20)
(1.28528 0.113611 1.39173e-19)
(1.28008 0.120968 -5.02041e-20)
(1.27473 0.128235 4.88158e-20)
(1.26923 0.135406 -3.46228e-20)
(1.26357 0.142475 3.0587e-20)
(1.26357 0.142475 3.0587e-20)
(1.26972 0.159706 -2.88181e-20)
(1.26349 0.16688 3.81292e-20)
(1.25706 0.17394 -1.94843e-20)
(1.25041 0.180876 -1.30963e-20)
(1.24353 0.187675 5.16867e-20)
(1.23643 0.194327 -3.05425e-20)
(1.21859 0.188403 3.00275e-21)
(1.21859 0.188403 3.00275e-21)
(1.21134 0.19434 -9.30818e-20)
(1.20387 0.200088 5.86816e-20)
(1.27466 -0.119096 0)
(1.26354 -0.137544 0)
(1.24478 -0.153837 0)
(1.22483 -0.168711 0)
(1.2045 -0.182033 0)
(1.18269 -0.193216 0)
(1.159 -0.201837 0)
(1.13381 -0.20765 0)
(1.10763 -0.210458 0)
(1.08088 -0.210086 0)
(1.05395 -0.206417 0)
(1.02724 -0.199404 0)
(1.00113 -0.189058 0)
(1.28777 -0.0680028 1.27702e-19)
(1.28777 -0.0680028 1.27702e-19)
(1.27698 -0.0755115 2.47499e-19)
(1.27698 -0.0755115 2.47499e-19)
(1.2791 -0.087287 -3.74344e-19)
(1.26928 -0.0909965 1.51163e-19)
(1.26928 -0.0909965 1.51163e-19)
(1.27216 -0.105092 -1.35498e-19)
)
;
    }
    procBoundary13to10
    {
        type            processor;
        value           nonuniform List<vector> 2((0.985665 -0.161095 0) (0.994577 -0.147382 0));
    }
    procBoundary13to12
    {
        type            processor;
        value           nonuniform List<vector> 
46
(
(1.16851 0.15371 -3.53788e-20)
(1.18727 0.192696 1.02554e-19)
(1.17881 0.180257 -2.11006e-20)
(1.16851 0.15371 -3.53788e-20)
(1.17058 0.168559 -1.11109e-20)
(1.16242 0.143248 -1.87676e-20)
(1.15822 0.136715 9.83271e-21)
(1.15433 0.13023 1.9263e-20)
(1.15073 0.123972 -2.41852e-20)
(1.14724 0.117967 5.99522e-22)
(1.14378 0.112162 1.51884e-20)
(1.14034 0.106546 5.15489e-21)
(1.13692 0.101115 -1.88462e-20)
(1.13352 0.0958615 1.05021e-20)
(1.13012 0.0907931 3.85486e-21)
(1.12675 0.0859125 -3.87919e-21)
(1.1234 0.0812168 -3.57453e-21)
(1.12008 0.0767028 -1.39815e-22)
(1.11679 0.0723677 -3.2639e-21)
(1.11356 0.0682085 6.24126e-21)
(1.11037 0.064221 1.33455e-21)
(1.10723 0.0603993 -3.03626e-21)
(1.10416 0.0567374 -1.55323e-21)
(1.10115 0.0532309 2.67955e-21)
(1.09822 0.0498746 -2.67617e-21)
(1.09822 0.0498746 -2.67617e-21)
(1.09407 0.0478138 3.14583e-21)
(1.09139 0.0446405 -1.25413e-21)
(1.08879 0.0415993 2.9909e-22)
(1.08628 0.0386821 7.71849e-22)
(1.08385 0.0358801 -9.75951e-22)
(1.08153 0.0331848 2.0762e-22)
(1.0793 0.0305869 -2.76654e-23)
(1.07718 0.0280771 -2.34628e-23)
(1.07517 0.025646 4.67338e-23)
(1.07328 0.0232838 -1.26822e-24)
(1.07151 0.0209809 -3.24314e-23)
(1.06986 0.0187272 1.3363e-22)
(1.06836 0.0165124 6.07694e-23)
(1.067 0.0143261 -1.3326e-22)
(1.0658 0.0121575 -3.89569e-23)
(1.06476 0.00999458 2.4921e-22)
(1.06389 0.00782711 4.65471e-22)
(1.06322 0.00563436 -9.75354e-23)
(1.06276 0.00342539 -7.98336e-22)
(1.06253 0.00111909 8.61524e-23)
)
;
    }
    procBoundary13to14
    {
        type            processor;
        value           nonuniform List<vector> 
35
(
(1.00296 -0.134325 0)
(1.01089 -0.121936 0)
(1.01837 -0.110227 0)
(1.02542 -0.0992072 0)
(1.03204 -0.088882 0)
(1.03824 -0.0792517 0)
(1.04403 -0.070311 0)
(1.04944 -0.0620487 0)
(1.05447 -0.0544491 0)
(1.05912 -0.0474931 0)
(1.06338 -0.0411587 0)
(1.06723 -0.035422 0)
(1.07068 -0.0302564 0)
(1.07372 -0.0256336 0)
(1.07635 -0.021523 0)
(1.07857 -0.0178923 0)
(1.0804 -0.0147081 0)
(1.08186 -0.0119366 0)
(1.08298 -0.00954368 0)
(1.08376 -0.00749625 0)
(1.08425 -0.00576149 0)
(1.08448 -0.00430823 0)
(1.08446 -0.00310661 0)
(1.08424 -0.00212845 0)
(1.08385 -0.00134741 0)
(1.08332 -0.000739147 0)
(1.08268 -0.000280879 0)
(1.08198 4.78927e-05 0)
(1.08125 0.000264954 0)
(1.08052 0.000387536 0)
(1.07983 0.000430425 0)
(1.07922 0.000408051 0)
(1.07871 0.000333754 0)
(1.07834 0.000217226 0)
(1.07815 7.8379e-05 0)
)
;
    }
}


// ************************************************************************* //
