/*--------------------------------*- C++ -*----------------------------------*\
  =========                 |
  \\      /  F ield         | OpenFOAM: The Open Source CFD Toolbox
   \\    /   O peration     | Website:  https://openfoam.org
    \\  /    A nd           | Version:  7
     \\/     M anipulation  |
\*---------------------------------------------------------------------------*/
FoamFile
{
    version     2.0;
    format      ascii;
    class       surfaceScalarField;
    location    "110";
    object      phi;
}
// * * * * * * * * * * * * * * * * * * * * * * * * * * * * * * * * * * * * * //

dimensions      [0 3 -1 0 0 0 0];

internalField   nonuniform List<scalar> 
3855
(
1.26684e-05
0.000491223
0.00135876
1.36128e-05
0.00047761
4.06163e-05
0.00133175
0.00209483
1.44964e-05
0.000463114
4.41438e-05
0.00130211
7.64477e-05
0.00206252
0.000101397
0.00270351
0.00320465
1.53137e-05
0.0004478
4.75001e-05
0.00126992
8.39175e-05
0.00202611
0.000114034
0.00267339
0.000131468
0.00318722
0.00356987
1.60595e-05
0.000431741
5.06645e-05
0.00123532
9.11162e-05
0.00198565
0.000126418
0.00263809
0.000149508
0.00316413
0.000157863
0.00356151
0.000152503
0.00385012
0.00406077
1.67289e-05
0.000415012
5.36162e-05
0.00119843
9.80007e-05
0.00194127
0.000138483
0.00259761
0.000167335
0.00313527
0.000181381
0.00354746
0.000181216
0.00385028
0.000169562
0.00407243
0.000149672
0.00424429
0.00439075
1.73176e-05
0.000397694
5.63352e-05
0.00115941
0.000104526
0.00189308
0.000150164
0.00255197
0.000184868
0.00310057
0.000204781
0.00352755
0.000210018
0.00384504
0.000203102
0.00407934
0.000187325
0.00426006
0.000165594
0.00441248
0.00013995
0.00455437
0.00469638
1.78215e-05
0.000379873
5.88016e-05
0.00111843
0.000110648
0.00184123
0.000161388
0.00250123
0.000202018
0.00305994
0.000227971
0.0035016
0.000238827
0.00383419
0.000236857
0.00408131
0.000225355
0.00427156
0.000207387
0.00443045
0.000185193
0.00457657
0.000160132
0.00472144
0.000132904
0.00487126
0.000103811
0.005029
0.00519599
1.82371e-05
0.000361635
6.0997e-05
0.00107567
0.000116321
0.00178591
0.000172081
0.00244547
0.000218689
0.00301333
0.000250849
0.00346944
0.000267547
0.00381749
0.000270746
0.00407811
0.000263703
0.00427861
0.000249623
0.00444453
0.000230952
0.00459524
0.000209235
0.00474316
0.0001853
0.0048952
0.000159527
0.00505477
0.000132066
0.00522345
0.000102966
0.00540203
7.22342e-05
0.00559102
0.00579092
1.85617e-05
0.000343074
6.29039e-05
0.00103133
0.0001215
0.00172731
0.000182166
0.0023848
0.000234779
0.00296072
0.000273302
0.00343091
0.000296074
0.00379472
0.000304682
0.00406951
0.000302299
0.00428099
0.000292252
0.00445458
0.000277191
0.0046103
0.000258862
0.00476149
0.000238239
0.00491582
0.000215792
0.00507722
0.000191722
0.00524752
0.000166103
0.00542765
0.000138962
0.00561816
0.000110305
0.00581957
8.01373e-05
0.00603242
4.84558e-05
0.00625725
0.00649448
1.8793e-05
0.000324281
6.45066e-05
0.000985614
0.000126142
0.00166568
0.000191563
0.00231938
0.000250179
0.0029021
0.000295207
0.00338589
0.000324286
0.00376564
0.00033856
0.00405523
0.000341063
0.00427849
0.000335213
0.00446043
0.000323866
0.00462164
0.000308978
0.00477637
0.000291689
0.00493311
0.000272574
0.00509633
0.000251894
0.0052682
0.000229755
0.00544979
0.000206202
0.00564171
0.000181259
0.00584452
0.000154943
0.00605874
0.000127269
0.00628492
0.0065235
1.89299e-05
0.000305351
6.57917e-05
0.000938752
0.000130204
0.00160126
0.000200193
0.00224939
0.000264775
0.00283752
0.000316431
0.00333423
0.000352051
0.00373002
0.000372264
0.00403502
0.000379901
0.00427085
0.000378438
0.00446189
0.000370926
0.00462916
0.000359544
0.00478776
0.000345617
0.00494704
0.000329841
0.00511211
0.000312548
0.0052855
0.000293882
0.00546845
0.000273913
0.00566168
0.000252678
0.00586575
0.00023021
0.00608121
0.000206538
0.00630859
0.00654834
1.89718e-05
0.000286379
6.67482e-05
0.000890976
0.00013365
0.00153436
0.000207978
0.00217507
0.000278448
0.00276705
0.000336829
0.00327585
0.000379221
0.00368763
0.00040566
0.00400858
0.000418706
0.00425781
0.000421845
0.00445875
0.000418312
0.00463269
0.000410517
0.00479555
0.000399986
0.00495757
0.000387559
0.00512453
0.000373649
0.00529941
0.000358448
0.00548365
0.000342052
0.00567808
0.000324516
0.00588329
0.000305888
0.00609983
0.00028621
0.00632827
0.00656903
1.89193e-05
0.00026746
6.73679e-05
0.000842527
0.000136443
0.00146529
0.000214839
0.00209667
0.000291076
0.00269082
0.000356249
0.00321068
0.000405631
0.00363825
0.000438596
0.00397561
0.000457351
0.00423905
0.00046534
0.00445076
0.000465955
0.00463208
0.000461846
0.00479966
0.000454758
0.00496466
0.000445692
0.0051336
0.000435161
0.00530994
0.000423414
0.0054954
0.000410577
0.00569092
0.000396727
0.00589714
0.000381926
0.00611464
0.000366231
0.00634396
1.87738e-05
0.000248686
6.76462e-05
0.000793655
0.000138555
0.00139438
0.000220705
0.00201452
0.000302536
0.00260898
0.000374526
0.00313869
0.000431104
0.00358167
0.000470903
0.00393582
0.000495693
0.00421426
0.000508809
0.00443765
0.000513773
0.00462711
0.000513471
0.00479996
0.000509886
0.00496824
0.0005042
0.00513929
0.000497047
0.00531709
0.000488741
0.0055037
0.000479447
0.00570021
0.000469265
0.00590732
0.000458274
0.00612563
0.00635569
1.85379e-05
0.000230148
6.75818e-05
0.000744611
0.000139963
0.001322
0.000225508
0.00192897
0.000312705
0.00252179
0.000391493
0.0030599
0.000455446
0.00351771
0.000502389
0.00388887
0.000533564
0.00418308
0.000552122
0.00441909
0.000561671
0.00461756
0.000565325
0.00479631
0.00056532
0.00496825
0.000563044
0.00514156
0.000559267
0.00532087
0.000554388
0.00550858
0.000548617
0.00570598
0.000542082
0.00591385
0.000534879
0.00613283
0.00636348
1.82151e-05
0.000211933
6.71774e-05
0.000695649
0.000140651
0.00124852
0.000229188
0.00184044
0.000321465
0.00242951
0.000406973
0.00297439
0.000478449
0.00344624
0.000532843
0.00383448
0.000570776
0.00414515
0.000595126
0.00439474
0.000609534
0.00460315
0.000617327
0.00478851
0.000621001
0.00496457
0.000622175
0.00514039
0.00062178
0.00532126
0.000620315
0.00551005
0.000618045
0.00570825
0.00061513
0.00591677
0.00061169
0.00613627
0.00636734
1.78098e-05
0.000194123
6.64399e-05
0.000647019
0.00014061
0.00117435
0.000231696
0.00174935
0.000328702
0.0023325
0.000420791
0.0028823
0.000499892
0.00336714
0.000562033
0.00377234
0.000607114
0.00410007
0.000637644
0.00436421
0.000657229
0.00458357
0.000669379
0.00477636
0.000676861
0.00495709
0.000681542
0.00513571
0.000684542
0.00531826
0.000686478
0.00550811
0.000687686
0.00570704
0.000688363
0.00591609
0.000688654
0.00613598
0.00636732
1.73276e-05
0.000176796
6.538e-05
0.000598966
0.000139843
0.00109989
0.000232996
0.0016562
0.000334314
0.00223119
0.000432771
0.00278384
0.000519544
0.00328036
0.000589705
0.00370218
0.000642336
0.00404744
0.000679469
0.00432708
0.000704594
0.00455844
0.000721368
0.00475959
0.000732819
0.00494564
0.000741087
0.00512744
0.000747505
0.00531184
0.000752835
0.00550278
0.000757494
0.00570239
0.000761731
0.00591185
0.000765719
0.00613199
0.000769598
0.00636344
0.00660672
1.67747e-05
0.000160021
6.40127e-05
0.000551728
0.000138359
0.00102554
0.000233062
0.0015615
0.000338212
0.00212604
0.000442743
0.00267931
0.000537169
0.00318594
0.000615586
0.00362376
0.000676171
0.00398686
0.000720364
0.00428288
0.000751444
0.00452736
0.000773154
0.00473788
0.000788777
0.00493002
0.00080074
0.00511548
0.000810617
0.00530197
0.000819337
0.00549406
0.000827424
0.0056943
0.000835186
0.00590409
0.000842831
0.00612435
0.000850524
0.00635574
0.00659884
1.61583e-05
0.000143863
6.23567e-05
0.00050553
0.000136179
0.000951721
0.000231889
0.00146579
0.000340324
0.0020176
0.000450549
0.00256909
0.000552525
0.00308396
0.000639386
0.0035369
0.00070832
0.00391792
0.000760059
0.00423115
0.000797557
0.00448986
0.000824574
0.00471086
0.000844621
0.00490997
0.00086042
0.00509968
0.000873815
0.00528857
0.000885934
0.00548194
0.000897428
0.0056828
0.000908678
0.00589284
0.000919938
0.00611309
0.000931399
0.00634428
0.00658702
1.5486e-05
0.000128377
6.04345e-05
0.000460581
0.000133332
0.000878823
0.000229486
0.00136963
0.000340601
0.00190649
0.000456046
0.00245364
0.000565376
0.00297463
0.000660799
0.00344147
0.000738457
0.00384026
0.000798246
0.00417136
0.000842674
0.00444544
0.00087543
0.00467811
0.000900209
0.00488519
0.00092003
0.00507986
0.000937032
0.00527157
0.000952572
0.0054664
0.000967455
0.00566792
0.000982157
0.00587814
0.000996984
0.00609826
0.00101216
0.0063291
0.0065713
1.4766e-05
0.000113611
5.82717e-05
0.000417076
0.000129858
0.000807237
0.000225881
0.00127361
0.000339016
0.00179335
0.000459116
0.00233354
0.000575495
0.00285825
0.000679515
0.00333746
0.000766226
0.00375355
0.00083458
0.004103
0.000886497
0.00439352
0.000925487
0.00463912
0.00095537
0.00485531
0.000979452
0.00505577
0.00100018
0.00525084
0.00101919
0.0054474
0.00103745
0.00564966
0.00105557
0.00586002
0.00107392
0.00607991
0.00109276
0.00631026
0.00655175
1.40069e-05
9.96037e-05
5.58966e-05
0.000375186
0.000125805
0.000737328
0.000221122
0.00117829
0.000335571
0.0016789
0.000459667
0.00220945
0.000582674
0.00273525
0.000695218
0.00322491
0.000791254
0.00365752
0.000868677
0.00402558
0.000928681
0.00433351
0.000974465
0.00459333
0.0010099
0.00481988
0.00103854
0.00502713
0.00106317
0.0052262
0.00108571
0.00542486
0.00110736
0.005628
0.00112886
0.00583852
0.00115068
0.0060581
0.00117313
0.00628781
0.00652842
1.32174e-05
8.63863e-05
5.334e-05
0.000335063
0.00012123
0.000669438
0.000215275
0.00108425
0.000330301
0.00156388
0.000457643
0.0020821
0.00058673
0.00260616
0.000707602
0.00310404
0.000813147
0.00355197
0.000900117
0.00393861
0.000968832
0.0042648
0.00102204
0.00454013
0.00106354
0.00477838
0.00109712
0.00499355
0.00112588
0.00519744
0.00115205
0.00539868
0.00117712
0.00560294
0.00120198
0.00581366
0.00122721
0.00603287
0.0012532
0.00626182
0.00650138
1.24062e-05
7.39801e-05
5.06338e-05
0.000296836
0.000116195
0.000603876
0.000208422
0.000992022
0.000323268
0.00144903
0.00045303
0.00195234
0.000587519
0.00247167
0.000716381
0.00297518
0.000831506
0.00343685
0.000928447
0.00384167
0.00100651
0.00418674
0.00106781
0.00447882
0.00111599
0.0047302
0.00115496
0.00495458
0.00118814
0.00516427
0.00121812
0.00536871
0.00124665
0.00557441
0.00127486
0.00578545
0.00130346
0.00600427
0.00133293
0.00623236
0.0064707
1.15818e-05
6.23984e-05
4.7811e-05
0.000260607
0.00011077
0.000540917
0.000200664
0.000902128
0.000314568
0.00133513
0.000445859
0.00182105
0.000584944
0.00233259
0.000721297
0.00283882
0.000845934
0.00331221
0.000953189
0.00373442
0.00104122
0.00409871
0.00111135
0.00440868
0.0011669
0.00467466
0.00121181
0.00490967
0.00124978
0.00512629
0.00128377
0.00533472
0.00131586
0.00554232
0.00134743
0.00575388
0.00137936
0.00597233
0.00141224
0.00619948
0.00643647
1.07525e-05
5.16459e-05
4.4905e-05
0.000226454
0.000105027
0.000480795
0.000192113
0.000815042
0.00030433
0.00122291
0.000436209
0.00168917
0.000578962
0.00218983
0.00072214
0.00269565
0.000856054
0.0031783
0.000973844
0.00361662
0.00107242
0.00400014
0.00115215
0.00432895
0.00121582
0.00461098
0.00126732
0.00485818
0.00131056
0.00508305
0.00134885
0.00529643
0.00138464
0.00550653
0.00141961
0.00571891
0.00145484
0.0059371
0.00149106
0.00616326
0.00152877
0.00639876
0.00664453
9.92619e-06
4.17197e-05
4.19489e-05
0.000194431
9.90416e-05
0.000423703
0.000182896
0.000731188
0.000292708
0.0011131
0.000424211
0.00155767
0.000569598
0.00204445
0.000718757
0.00254649
0.000861519
0.00303553
0.000989917
0.00348823
0.00109953
0.00389052
0.00118962
0.00423886
0.00126226
0.00453835
0.0013211
0.00479934
0.00137019
0.00503396
0.00141316
0.00525346
0.00145286
0.00546683
0.0014913
0.00568047
0.00152983
0.00589857
0.00156934
0.00612375
0.00161044
0.00635766
0.00660137
9.11036e-06
3.26093e-05
3.89752e-05
0.000164567
9.28908e-05
0.000369787
0.000173145
0.000650933
0.000279885
0.00100636
0.000410045
0.00142751
0.000556944
0.00189755
0.000711073
0.00239236
0.000862042
0.00288456
0.00100092
0.00334935
0.00112196
0.00376948
0.00122314
0.00413769
0.00130563
0.00445586
0.00137266
0.0047323
0.00142829
0.00497832
0.00147644
0.00520531
0.00152034
0.00542293
0.00156238
0.00563842
0.00160423
0.00585673
0.00164698
0.006081
0.00169139
0.00631325
0.00655474
8.31208e-06
2.42972e-05
3.60156e-05
0.000136863
8.66516e-05
0.000319151
0.000163003
0.000574582
0.000266063
0.000903298
0.000393937
0.00129963
0.000541172
0.00175031
0.000699099
0.00223443
0.000857409
0.00272625
0.00100642
0.00320033
0.00113909
0.00363681
0.00125202
0.00402477
0.00134526
0.00436262
0.00142143
0.00465614
0.00148442
0.00491533
0.00153836
0.00515137
0.00158685
0.00537444
0.00163271
0.00559257
0.00167794
0.0058115
0.0017239
0.00603503
0.00177155
0.00626561
0.00650473
7.53812e-06
1.67591e-05
3.31009e-05
0.0001113
8.04004e-05
0.000271852
0.000152611
0.000502372
0.000251462
0.000804447
0.000376159
0.00117494
0.000522525
0.00160395
0.000682947
0.00207401
0.000847503
0.0025617
0.00100603
0.0030418
0.00115033
0.00349252
0.00127552
0.00389957
0.0013804
0.00425773
0.00146672
0.00456982
0.00153802
0.00484403
0.00159851
0.00509089
0.00165211
0.00532083
0.00170208
0.0055426
0.00175081
0.00576277
0.00180001
0.00598584
0.00185082
0.00621479
0.00645145
6.79495e-06
9.96415e-06
3.02607e-05
8.78346e-05
7.42122e-05
0.0002279
0.000142115
0.000434469
0.000236314
0.000710248
0.000357014
0.00105424
0.00050132
0.00145964
0.000662833
0.00191249
0.000832324
0.00239221
0.000999478
0.00287465
0.00115511
0.00333689
0.00129292
0.00376176
0.00141025
0.0041404
0.00150776
0.00447231
0.00158843
0.00476335
0.00165636
0.00502296
0.00171575
0.00526145
0.00177024
0.00548811
0.00182269
0.00571032
0.00187516
0.00593336
0.0019291
0.00616085
0.00198556
0.00639499
0.00663803
6.08892e-06
3.87523e-06
2.75238e-05
6.63996e-05
6.81596e-05
0.000187264
0.000131659
0.00037097
0.000220856
0.000621051
0.000336838
0.000938254
0.000477938
0.00131854
0.000639083
0.00175135
0.000812009
0.00221928
0.000986596
0.00270006
0.00115296
0.00317052
0.00130347
0.00361125
0.00143393
0.00400995
0.00154368
0.00436256
0.00163486
0.00467217
0.00171129
0.00494654
0.00177727
0.00519546
0.00183685
0.00542853
0.00189333
0.00565384
0.00194921
0.00587748
0.00200628
0.00610379
0.00206583
0.00633543
0.0065752
5.42623e-06
-1.551e-06
2.49178e-05
4.69081e-05
6.23128e-05
0.000149869
0.000121382
0.0003119
0.000205328
0.000537105
0.00031598
0.000827602
0.000452815
0.00118171
0.000612125
0.00159204
0.000786837
0.00204457
0.000967386
0.00251951
0.00114354
0.00299437
0.00130652
0.00344827
0.00145055
0.00386591
0.00157349
0.00423962
0.0016764
0.00456926
0.0017625
0.00486043
0.00183609
0.00512188
0.00190148
0.00536314
0.00196244
0.00559288
0.00202195
0.00581797
0.00208219
0.00604355
0.00214478
0.00627284
0.00650926
4.81295e-06
-6.36395e-06
2.24689e-05
2.92521e-05
5.67379e-05
0.0001156
0.000111419
0.000257219
0.000189964
0.00045856
0.000294802
0.000722764
0.000426429
0.00105008
0.00058248
0.00143599
0.000757237
0.00186981
0.000942024
0.00233472
0.00112665
0.00280974
0.00130147
0.00327345
0.00145924
0.00370814
0.00159618
0.00410268
0.00171199
0.00445346
0.00180908
0.00476335
0.00189143
0.00503952
0.00196355
0.00529103
0.00202961
0.00552682
0.00209309
0.00575449
0.00215664
0.00598
0.00222226
0.00620721
0.00229122
0.00644031
0.00667724
4.25488e-06
-1.06188e-05
2.02013e-05
1.33057e-05
5.14961e-05
8.43055e-05
0.000101894
0.000206821
0.000174988
0.000385467
0.00027366
0.000624091
0.000399278
0.000924461
0.000550745
0.00128452
0.000723778
0.00169678
0.000910877
0.00214762
0.00110231
0.00261831
0.00128793
0.00308783
0.00145921
0.00353686
0.00161069
0.0039512
0.0017405
0.00432365
0.00184992
0.00465392
0.00194239
0.00494705
0.00202235
0.00521106
0.00209432
0.00545485
0.00216227
0.00568653
0.00222936
0.00591291
0.00229808
0.0061385
0.00236998
0.00636841
0.00660031
3.75729e-06
-1.43761e-05
1.81365e-05
-1.07351e-06
4.66413e-05
5.58007e-05
9.29204e-05
0.000160542
0.000160606
0.000317781
0.000252898
0.0005318
0.00037187
0.000805489
0.000517567
0.00113882
0.000687152
0.0015272
0.00087451
0.00196027
0.00107075
0.00242206
0.00126568
0.00289291
0.00144977
0.00335277
0.00161598
0.00378499
0.0017607
0.00417893
0.0018838
0.00453083
0.00198783
0.00484302
0.00207696
0.00512193
0.00215587
0.00537593
0.002229
0.00561341
0.00230003
0.00584188
0.00237197
0.00606655
0.0024468
0.00629358
0.00652035
3.32459e-06
-1.77007e-05
1.62921e-05
-1.40411e-05
4.22184e-05
2.98744e-05
8.45927e-05
0.000118168
0.000147002
0.000255371
0.000232831
0.000445971
0.000344693
0.000693627
0.000483619
0.000999896
0.000648146
0.00136267
0.000833667
0.00177475
0.00103248
0.00222325
0.00123478
0.0026906
0.00143048
0.00315707
0.00161113
0.00360434
0.00177136
0.0040187
0.00190935
0.00439284
0.00202646
0.0047259
0.00212626
0.00502213
0.00221339
0.00528881
0.00229261
0.00553419
0.00236815
0.00576634
0.00244361
0.0059911
0.00252143
0.00621575
0.00260436
0.00643743
0.006679
2.95983e-06
-2.06605e-05
1.46804e-05
-2.57616e-05
3.826e-05
6.29482e-06
7.69855e-05
7.94421e-05
0.000134326
0.000198031
0.000213733
0.000366564
0.000318201
0.000589159
0.000449562
0.000868535
0.000607602
0.00120463
0.000789246
0.0015931
0.000988224
0.00202428
0.00119559
0.00248324
0.00140115
0.00295151
0.00159541
0.00341009
0.00177129
0.00384283
0.00192514
0.00423899
0.00205681
0.00459423
0.00216891
0.00491003
0.00226574
0.00519198
0.00235224
0.00544769
0.0024331
0.00568548
0.00251253
0.00591167
0.00259353
0.00613475
0.00267942
0.00635154
0.00658784
2.66433e-06
-2.33249e-05
1.33069e-05
-3.64042e-05
3.47844e-05
-1.51826e-05
7.01473e-05
4.40792e-05
0.000122688
0.00014549
0.000195827
0.000293426
0.000292787
0.000492199
0.000416016
0.000745305
0.000566373
0.00105427
0.000742249
0.00141723
0.000938955
0.00182757
0.00114878
0.00227342
0.00136194
0.00273834
0.00156834
0.00320369
0.00175945
0.00365172
0.00192974
0.00406869
0.00207727
0.0044467
0.00220334
0.00478396
0.00231156
0.00508376
0.00240679
0.00535246
0.00249404
0.00559822
0.00257812
0.00582759
0.00266263
0.00605024
0.00275156
0.00626261
0.00649353
0.00284588
2.4372e-06
-2.57621e-05
1.21696e-05
-4.61367e-05
3.17927e-05
-3.48056e-05
6.40968e-05
1.1775e-05
0.000112154
9.74329e-05
0.00017927
0.00022631
0.000268767
0.000402702
0.000383523
0.000630549
0.000525269
0.000912527
0.000693723
0.00124877
0.000885806
0.00163549
0.00109531
0.00206391
0.00131337
0.00252028
0.00152982
0.00298724
0.00173506
0.00344648
0.00192181
0.00388194
0.00208618
0.00428234
0.0022278
0.00464234
0.00234921
0.00496234
0.00245486
0.00524682
0.00254988
0.00550321
0.00263954
0.00573792
0.00272808
0.0059617
0.0028203
0.00617039
0.00639601
0.00291781
2.27509e-06
-2.80372e-05
1.12578e-05
-5.51194e-05
2.9268e-05
-5.28158e-05
5.88205e-05
-1.77775e-05
0.000102736
5.35174e-05
0.000164147
0.000164899
0.00024636
0.000320488
0.000352517
0.000524392
0.000485009
0.000780034
0.000644687
0.00108909
0.000830004
0.00145017
0.00103641
0.00185751
0.00125635
0.00230034
0.00148017
0.00276342
0.00169772
0.00322893
0.00190024
0.00367941
0.0020819
0.00410069
0.00224039
0.00448384
0.0023768
0.00482593
0.00249476
0.00512887
0.00259919
0.00539877
0.00269571
0.00564141
0.00278906
0.00586835
0.00288482
0.00607463
0.0062948
0.00298604
2.1721e-06
-3.02093e-05
1.0552e-05
-6.34993e-05
2.71746e-05
-6.94384e-05
5.42722e-05
-4.48751e-05
9.43969e-05
1.33927e-05
0.000150464
0.000108832
0.000225679
0.000245273
0.000323301
0.000426771
0.000446178
0.000657157
0.000596065
0.000939207
0.000772787
0.00127345
0.000973461
0.00165683
0.00119214
0.00208166
0.00142018
0.00253538
0.00164748
0.00300162
0.0018643
0.0034626
0.00206299
0.003902
0.00223922
0.00430761
0.00239226
0.0046729
0.00252447
0.00499665
0.00264024
0.00528301
0.00274518
0.00553647
0.00284444
0.00576909
0.00294428
0.00597478
0.00619071
0.00304837
2.11989e-06
-3.23292e-05
1.00245e-05
-7.14039e-05
2.54597e-05
-8.48735e-05
5.03747e-05
-6.97902e-05
8.70478e-05
-2.32804e-05
0.000138151
5.77293e-05
0.000206727
0.000176697
0.000296032
0.000337466
0.000409189
0.000544001
0.000548622
0.000799773
0.000715303
0.00110677
0.000907916
0.00146422
0.00112224
0.00186734
0.00135106
0.00230655
0.00158494
0.00276774
0.00181372
0.00323382
0.00202835
0.00368736
0.00222251
0.00411345
0.0023934
0.00450201
0.00254175
0.0048483
0.00267092
0.00515384
0.0027862
0.00542119
0.00289269
0.0056626
0.00299715
0.00587033
0.00608105
0.0031068
2.10798e-06
-3.44371e-05
9.6407e-06
-7.89366e-05
2.4055e-05
-9.92879e-05
4.70239e-05
-9.27591e-05
8.05554e-05
-5.68118e-05
0.000127069
1.12162e-05
0.000189403
0.000114362
0.000270723
0.000256146
0.000374268
0.000440456
0.000502915
0.000671127
0.000658526
0.000951159
0.000841154
0.00128159
0.00104828
0.00166022
0.00127439
0.00208045
0.00151122
0.00253091
0.00174885
0.00299619
0.00197738
0.00345882
0.00218878
0.00390205
0.00237812
0.00431266
0.00254416
0.00468226
0.00268883
0.00500917
0.00281645
0.00529357
0.00293302
0.00554604
0.00303876
0.00576458
0.00597006
0.00314976
2.12432e-06
-3.65615e-05
9.36042e-06
-8.61727e-05
2.28814e-05
-0.000112809
4.40952e-05
-0.000113973
7.47513e-05
-8.74679e-05
0.000117019
-3.10514e-05
0.000173514
5.78667e-05
0.000247248
0.000182412
0.000341456
0.000346247
0.00045927
0.000553313
0.000603192
0.000807237
0.000774386
0.0011104
0.000971887
0.00146272
0.00119195
0.00186038
0.00142789
0.00229498
0.00167064
0.00275344
0.00191012
0.00321934
0.00213705
0.00367512
0.00234457
0.00410515
0.00252925
0.00449758
0.00269131
0.00484712
0.00283335
0.00515152
0.00296195
0.00541744
0.00307497
0.00565156
0.00585073
0.0031943
2.15586e-06
-3.87173e-05
9.14044e-06
-9.31573e-05
2.18527e-05
-0.000125521
4.14508e-05
-0.000133571
6.94437e-05
-0.000115461
0.000107763
-6.93707e-05
0.000158798
6.83211e-06
0.000225369
0.00011584
0.000310621
0.000260995
0.000417781
0.000446153
0.00054976
0.000675259
0.000708555
0.000951603
0.000894517
0.00127676
0.00110559
0.00164931
0.00133686
0.00206371
0.00158062
0.00250968
0.00182731
0.00297265
0.00206702
0.0034354
0.00229137
0.0038808
0.00249478
0.00429417
0.00267556
0.00466634
0.0028343
0.00499278
0.00297762
0.00527412
0.00310591
0.00552327
0.00572569
0.00323094
2.18931e-06
-4.09066e-05
8.93673e-06
-9.99047e-05
2.08807e-05
-0.000137465
3.89489e-05
-0.000151639
6.44309e-05
-0.000140943
9.90402e-05
-0.00010398
0.000144947
-3.90745e-05
0.000204768
5.60189e-05
0.000281497
0.000184266
0.00037834
0.00034931
0.000498416
0.000555183
0.000644294
0.000805725
0.000817351
0.0011037
0.00101703
0.00144963
0.00124017
0.00184056
0.00148078
0.00226908
0.00173036
0.00272306
0.00197917
0.0031866
0.00221784
0.00364213
0.00243898
0.00407302
0.00263893
0.00446639
0.00281619
0.00481552
0.00297607
0.00511424
0.00312062
0.00537873
0.00558992
0.00325639
2.21179e-06
-4.31184e-05
8.70675e-06
-0.0001064
1.98807e-05
-0.000148639
3.64518e-05
-0.00016821
5.95146e-05
-0.000164006
9.05877e-05
-0.000135053
0.000131639
-8.01258e-05
0.000185082
2.57622e-06
0.000253727
0.000115621
0.000340675
0.000262362
0.000449103
0.000446755
0.000581917
0.000672911
0.00074123
0.000944385
0.000927695
0.00126317
0.00113979
0.00162847
0.00137329
0.00203557
0.00162128
0.00247508
0.00187475
0.00293312
0.00212415
0.00339273
0.00236078
0.00383639
0.00257915
0.00424802
0.00277574
0.00461894
0.00295351
0.00493647
0.00311543
0.00521681
0.00544115
0.00326421
2.2115e-06
-4.53299e-05
8.41164e-06
-0.0001126
1.87749e-05
-0.000159002
3.38336e-05
-0.000183269
5.45121e-05
-0.000184684
8.21592e-05
-0.0001627
0.000118562
-0.000116529
0.00016594
-4.48013e-05
0.00022691
5.46501e-05
0.000304416
0.000184857
0.00040158
0.00034959
0.000521459
0.000553033
0.000666637
0.000799207
0.000838675
0.00109113
0.00103742
0.00142972
0.00126038
0.00181261
0.00150237
0.00223309
0.00175573
0.00267976
0.00201136
0.0031371
0.00226
0.00358775
0.00249468
0.00401334
0.00271007
0.00440354
0.00290646
0.00474008
0.00308682
0.00503645
0.00527766
0.0032503
2.17819e-06
-4.75081e-05
8.01797e-06
-0.00011844
1.74973e-05
-0.000168482
3.0987e-05
-0.000196759
4.92666e-05
-0.000202964
7.35404e-05
-0.000186974
0.000105437
-0.000148426
0.000146998
-8.63623e-05
0.000200649
9.99413e-07
0.000269148
0.000116358
0.000355491
0.000263247
0.000462741
0.000445783
0.000593739
0.000668209
0.000750658
0.000934209
0.000934419
0.00124596
0.00114403
0.001603
0.00137607
0.00200106
0.00162451
0.00243132
0.00188134
0.00288027
0.00213747
0.00333163
0.00238498
0.00376583
0.00261722
0.0041713
0.00283184
0.00452546
0.00303108
0.00483721
0.00509778
0.00321096
2.10359e-06
-4.96117e-05
7.49906e-06
-0.000123835
1.59954e-05
-0.000176978
2.78274e-05
-0.000208591
4.36546e-05
-0.000218791
6.45603e-05
-0.00020788
9.20376e-05
-0.000175903
0.000127967
-0.000122292
0.000174591
-4.5624e-05
0.000234472
5.64765e-05
0.000310437
0.000187282
0.000405459
0.000350761
0.000522461
0.000551207
0.000663986
0.000792684
0.000831717
0.00107823
0.00102588
0.00140884
0.00124464
0.0017823
0.00148373
0.00219223
0.00173658
0.00262741
0.00199496
0.00307325
0.00225068
0.00351011
0.00249634
0.00392564
0.00272735
0.00429445
0.00294479
0.00461977
0.00490054
0.00314204
1.98166e-06
-5.15934e-05
6.83588e-06
-0.000128689
1.42325e-05
-0.000184375
2.42966e-05
-0.000218655
3.75909e-05
-0.000232085
5.50994e-05
-0.000225388
7.8199e-05
-0.000199002
0.000108628
-0.000152721
0.000148455
-8.54513e-05
0.000200051
4.88085e-06
0.000266046
0.000121287
0.000349264
0.000267542
0.00045259
0.000447881
0.000578737
0.000666538
0.000729877
0.000927091
0.00090714
0.00123158
0.00111003
0.00157941
0.00133592
0.00196634
0.00157988
0.00238345
0.00183501
0.00281812
0.00209348
0.00325163
0.00234783
0.00367129
0.00259183
0.00405045
0.00282528
0.00438632
0.00468606
0.00303975
1.80873e-06
-5.34021e-05
6.01749e-06
-0.000132898
1.21887e-05
-0.000190546
2.03636e-05
-0.00022683
3.103e-05
-0.000242752
4.50916e-05
-0.00023945
6.38262e-05
-0.000217737
8.8844e-05
-0.000177739
0.000122054
-0.000118661
0.000165637
-3.87019e-05
0.00022202
6.49035e-05
0.000293841
0.000195722
0.000383865
0.000357857
0.00049483
0.000555572
0.000629178
0.000792744
0.000788651
0.0010721
0.00097378
0.00139428
0.00118337
0.00175675
0.00141408
0.00215274
0.00166062
0.00257158
0.001916
0.00299625
0.00217334
0.00341395
0.00242549
0.00379831
0.00267106
0.00414075
0.00445595
0.00290117
1.5835e-06
-5.49856e-05
5.04105e-06
-0.000136356
9.86033e-06
-0.000195365
1.60241e-05
-0.000232993
2.39657e-05
-0.000250693
3.45246e-05
-0.000250009
4.88926e-05
-0.000232105
6.85643e-05
-0.00019741
9.52982e-05
-0.000145395
0.000131092
-7.44961e-05
0.00017817
1.78256e-05
0.000238962
0.000134931
0.000316064
0.000280755
0.000412139
0.000459497
0.000529728
0.000675155
0.000670945
0.000930888
0.000837053
0.00122818
0.00102798
0.00156582
0.00124184
0.00193888
0.00147494
0.00233849
0.00172146
0.00274973
0.00197562
0.00315979
0.00222998
0.00354395
0.00248224
0.00388848
0.00421354
0.00272465
1.30699e-06
-5.62926e-05
3.91154e-06
-0.00013896
7.25941e-06
-0.000198713
1.12996e-05
-0.000237033
1.64289e-05
-0.000255823
2.34358e-05
-0.000257016
3.34365e-05
-0.000242106
4.78182e-05
-0.000211792
6.8197e-05
-0.000165774
9.63945e-05
-0.000102694
0.000134431
-2.02112e-05
0.000184521
8.48405e-05
0.000249064
0.000216212
0.00033058
0.000377981
0.000431589
0.000574146
0.000554386
0.000808091
0.000700707
0.00108186
0.000871313
0.00139521
0.0010655
0.00174469
0.00128103
0.00212296
0.00151339
0.00251737
0.00175817
0.00291501
0.00200818
0.00329394
0.0022606
0.00363606
0.003964
0.00251014
9.8243e-07
-5.7275e-05
2.64117e-06
-0.000140619
4.41232e-06
-0.000200484
6.23419e-06
-0.000238855
8.48308e-06
-0.000258071
1.19068e-05
-0.00026044
1.75534e-05
-0.000247752
2.67081e-05
-0.000220947
4.08498e-05
-0.000179916
6.16286e-05
-0.000123472
9.08657e-05
-4.94483e-05
0.000130555
4.51516e-05
0.000182882
0.000163884
0.000250185
0.000310678
0.000334877
0.000489454
0.000439296
0.000703672
0.000565439
0.000955712
0.000714629
0.00124603
0.000887074
0.00157225
0.00108171
0.00192832
0.00129536
0.00230373
0.00152494
0.00268543
0.00176395
0.00305492
0.00200944
0.00339057
0.00371403
0.0022594
6.15025e-07
-5.789e-05
1.24856e-06
-0.000141252
1.35807e-06
-0.000200594
8.91996e-07
-0.000238389
2.19668e-07
-0.000257399
5.64375e-08
-0.000260276
1.38619e-06
-0.000249082
5.39696e-06
-0.000224958
1.34329e-05
-0.000187952
2.69765e-05
-0.000137016
4.76547e-05
-7.01265e-05
7.7233e-05
1.55733e-05
0.000117684
0.000123433
0.000171133
0.000257229
0.000239833
0.000420754
0.000326061
0.000617444
0.000431915
0.000849858
0.000559057
0.00111888
0.000708339
0.00142297
0.000879573
0.00175709
0.0010708
0.0021125
0.00128005
0.00247618
0.00150182
0.00283315
0.00173333
0.00315907
0.00347149
0.00197588
2.12143e-07
-5.81022e-05
-2.41982e-07
-0.000140798
-1.85436e-06
-0.000198981
-4.64729e-06
-0.000235596
-8.24752e-06
-0.000253799
-1.19664e-05
-0.000256557
-1.48804e-05
-0.000246168
-1.58993e-05
-0.000223939
-1.38104e-05
-0.00019004
-7.29917e-06
-0.000143527
5.05016e-06
-8.24758e-05
2.48498e-05
-4.22634e-06
5.37848e-05
9.4498e-05
9.37692e-05
0.000217245
0.000146859
0.000367664
0.000215208
0.000549094
0.000300885
0.000764182
0.000405719
0.00101405
0.000530967
0.00129772
0.000677045
0.00161101
0.000843024
0.00194652
0.00102767
0.00229154
0.00122674
0.00263408
0.00143769
0.00294811
0.00324459
0.00166459
-2.1979e-07
-5.78824e-05
-1.80247e-06
-0.000139216
-5.16736e-06
-0.000195616
-1.02914e-05
-0.000230472
-1.67885e-05
-0.000247302
-2.39926e-05
-0.000249353
-3.10397e-05
-0.000239121
-3.69347e-05
-0.000218044
-4.05953e-05
-0.00018638
-4.08668e-05
-0.000143256
-3.65061e-05
-8.68365e-05
-2.61788e-05
-1.45537e-05
-8.37055e-06
7.66898e-05
1.85788e-05
0.000190296
5.65298e-05
0.000329713
0.000107442
0.000498183
0.000173249
0.000698374
0.000255839
0.00093146
0.000356661
0.00119689
0.000476511
0.00149116
0.000615228
0.0018078
0.00077197
0.0021348
0.00094396
0.00246209
0.00112864
0.00276343
0.00304118
0.00133205
-6.6864e-07
-5.72137e-05
-3.40053e-06
-0.000136484
-8.51782e-06
-0.000190499
-1.59401e-05
-0.00022305
-2.52622e-05
-0.00023798
-3.58388e-05
-0.000238777
-4.68639e-05
-0.000228096
-5.74369e-05
-0.000207471
-6.66032e-05
-0.000177213
-7.33667e-05
-0.000136492
-7.6674e-05
-8.35292e-05
-7.53858e-05
-1.58419e-05
-6.82283e-05
6.95323e-05
-5.37667e-05
0.000175834
-3.04117e-05
0.000306358
3.54542e-06
0.000464225
5.00844e-05
0.000651835
0.00011081
0.000870734
0.000187264
0.00112044
0.000280448
0.00139798
0.00039069
0.00169756
0.000517288
0.0020082
0.000659071
0.00232031
0.000813038
0.00260947
0.0028679
0.000986314
-1.1256e-06
-5.60881e-05
-5.00244e-06
-0.000132607
-1.18393e-05
-0.000183662
-2.14887e-05
-0.000213401
-3.35229e-05
-0.000225946
-4.73153e-05
-0.000224984
-6.2118e-05
-0.000213293
-7.71232e-05
-0.000192466
-9.15004e-05
-0.000162836
-0.000104406
-0.000123587
-0.000114966
-7.29694e-05
-0.000122241
-8.5672e-06
-0.000125178
7.24691e-05
-0.00012258
0.000173237
-0.00011309
0.000296868
-9.51786e-05
0.000446314
-6.72902e-05
0.000623947
-2.77741e-05
0.000831218
2.48034e-05
0.00106786
9.15162e-05
0.00133127
0.000172911
0.00161616
0.000268283
0.00191283
0.000378007
0.00221058
0.000498991
0.00248848
0.00273
0.00063689
-1.57978e-06
-5.45084e-05
-6.57343e-06
-0.000127613
-1.50642e-05
-0.000175171
-2.68321e-05
-0.000201633
-4.14243e-05
-0.000211353
-5.82332e-05
-0.000208175
-7.65681e-05
-0.000194958
-9.57111e-05
-0.000173323
-0.000114951
-0.000143597
-0.000133588
-0.000104949
-0.000150917
-5.56399e-05
-0.000166187
6.70295e-06
-0.00017856
8.4842e-05
-0.000187067
0.000181743
-0.00019059
0.000300391
-0.00018786
0.000443584
-0.000177523
0.00061361
-0.000158158
0.000811853
-0.00012846
0.00103816
-8.74151e-05
0.00129022
-3.42651e-05
0.00156301
3.12381e-05
0.00184732
0.000106186
0.00213563
0.000196944
0.00239773
0.00263313
0.000293819
-2.02041e-06
-5.24879e-05
-8.07899e-06
-0.000121555
-1.81265e-05
-0.000165124
-3.18678e-05
-0.000187891
-4.88251e-05
-0.000194396
-6.84105e-05
-0.00018859
-8.99887e-05
-0.00017338
-0.000112928
-0.000150384
-0.000136628
-0.000119897
-0.000160524
-8.10531e-05
-0.000184066
-3.20981e-05
-0.000206678
2.93148e-05
-0.000227718
0.000105882
-0.000246433
0.000200458
-0.000261939
0.000315896
-0.000273212
0.000454858
-0.000279128
0.000619526
-0.000278498
0.000811223
-0.000270191
0.00102986
-0.000253275
0.00127331
-0.000227092
0.00153683
-0.000191879
0.00181211
-0.000145636
0.00208939
-8.84499e-05
0.00234054
0.00257668
-3.19979e-05
-2.43702e-06
-5.00509e-05
-9.48597e-06
-0.000114506
-2.09632e-05
-0.000153647
-3.6499e-05
-0.000172356
-5.5593e-05
-0.000175302
-7.76769e-05
-0.000166506
-0.00010217
-0.000148887
-0.000128519
-0.000124034
-0.000156228
-9.21879e-05
-0.000184851
-5.24298e-05
-0.000213978
-2.97151e-06
-0.000243189
5.8526e-05
-0.000272019
0.000134712
-0.000299912
0.000228351
-0.000326197
0.000342181
-0.000350076
0.000478737
-0.000370649
0.000640099
-0.000386944
0.000827518
-0.000398002
0.00104092
-0.000402973
0.00127828
-0.000401164
0.00153502
-0.000392232
0.00180318
-0.00037448
0.00207164
-0.000349607
0.00231567
0.00253785
-0.000310782
-2.8198e-06
-4.72311e-05
-1.07637e-05
-0.000106562
-2.35164e-05
-0.000140894
-4.06379e-05
-0.000155234
-6.16079e-05
-0.000154332
-8.5879e-05
-0.000142235
-0.000112921
-0.000121845
-0.000142256
-9.46987e-05
-0.000173477
-6.09677e-05
-0.000206243
-1.96637e-05
-0.000240261
3.10464e-05
-0.000275249
9.3515e-05
-0.000310894
0.000170356
-0.000346807
0.000264264
-0.000382503
0.000377877
-0.000417382
0.000513617
-0.000450738
0.000673455
-0.000481781
0.000858561
-0.000509685
0.00106882
-0.000533636
0.00130223
-0.000552838
0.00155422
-0.000566523
0.00181686
-0.000572914
0.00207803
-0.000572966
0.00231572
0.0025249
-0.000560009
-3.1599e-06
-4.40712e-05
-1.18847e-05
-9.78371e-05
-2.57352e-05
-0.000127044
-4.42073e-05
-0.000136762
-6.67654e-05
-0.000131774
-9.28838e-05
-0.000116117
-0.00012208
-9.26488e-05
-0.000153941
-6.28373e-05
-0.000188137
-2.67722e-05
-0.000224414
1.66135e-05
-0.000262577
6.92096e-05
-0.000302454
0.000133391
-0.000343851
0.000211754
-0.00038652
0.000306934
-0.000430124
0.000421481
-0.000474219
0.000557712
-0.000518251
0.000717486
-0.000561558
0.000901868
-0.000603389
0.00111065
-0.000642911
0.00134175
-0.000679176
0.00159049
-0.000711044
0.00184873
-0.000736757
0.00210374
-0.000756858
0.00233582
0.00253378
-0.000765747
-3.44966e-06
-4.06216e-05
-1.28258e-05
-8.8461e-05
-2.75767e-05
-0.000112293
-4.71431e-05
-0.000117196
-7.0979e-05
-0.000107938
-9.85815e-05
-8.85141e-05
-0.000129512
-6.17185e-05
-0.000163413
-2.89363e-05
-0.000200016
9.8315e-06
-0.000239138
5.5735e-05
-0.000280655
0.000110727
-0.000324477
0.000177212
-0.000370501
0.000257778
-0.00041858
0.000355013
-0.000468485
0.000471386
-0.000519882
0.000609108
-0.000572313
0.000769917
-0.000625186
0.000954741
-0.000677763
0.00116323
-0.000729138
0.00139313
-0.000778188
0.00163954
-0.000823512
0.00189406
-0.000863471
0.0021437
-0.00089813
0.00237048
0.00255892
-0.000923264
-3.68292e-06
-3.69386e-05
-1.35684e-05
-7.85754e-05
-2.90074e-05
-9.68537e-05
-4.93955e-05
-9.68075e-05
-7.41823e-05
-8.31512e-05
-0.000102888
-5.98083e-05
-0.000135114
-2.94931e-05
-0.000170548
6.49767e-06
-0.00020897
4.82536e-05
-0.000250243
9.7008e-05
-0.000294293
0.000154778
-0.000341082
0.000224001
-0.000390566
0.000307262
-0.000442659
0.000407106
-0.000497196
0.000525923
-0.000553902
0.000665815
-0.000612362
0.000828377
-0.000671994
0.00101437
-0.000732017
0.00122325
-0.000791415
0.00145252
-0.000848893
0.00169702
-0.000902881
0.00194804
-0.000951819
0.00219264
-0.000995288
0.00241395
0.00259383
-0.0010302
-3.85512e-06
-3.30835e-05
-1.40995e-05
-6.83311e-05
-3.00036e-05
-8.09495e-05
-5.093e-05
-7.58811e-05
-7.63298e-05
-5.77514e-05
-0.000105747
-3.0391e-05
-0.000138817
3.57687e-06
-0.000175265
4.29452e-05
-0.000214902
8.78906e-05
-0.000257618
0.000139725
-0.000303366
0.000200525
-0.000352128
0.000272763
-0.000403885
0.000359019
-0.000458575
0.000461796
-0.000516054
0.000583403
-0.000576057
0.000725818
-0.000638159
0.000890479
-0.000701735
0.00107795
-0.000765916
0.00128743
-0.00082955
0.00151616
-0.000891181
0.00175865
-0.000949107
0.00200597
-0.00100174
0.00224527
-0.00104816
0.00246037
0.00263157
-0.0010859
-3.96351e-06
-2.912e-05
-1.44112e-05
-5.78834e-05
-3.05524e-05
-6.48083e-05
-5.17285e-05
-5.4705e-05
-7.73983e-05
-3.20816e-05
-0.00010713
-6.59115e-07
-0.000140589
3.70354e-05
-0.000177525
7.98816e-05
-0.000217769
0.000128134
-0.000261218
0.000183174
-0.000307825
0.000247131
-0.000357566
0.000322505
-0.000410415
0.000411867
-0.000466297
0.000517677
-0.000525047
0.000642153
-0.000586365
0.000787136
-0.00064977
0.000953884
-0.000714548
0.00114273
-0.000779708
0.00135259
-0.000843942
0.00158039
-0.000905628
0.00182033
-0.000962918
0.00206326
-0.00101405
0.0022964
-0.00105757
0.00250389
0.00266522
-0.00109122
-4.00714e-06
-2.51129e-05
-1.45017e-05
-4.73888e-05
-3.06516e-05
-4.86584e-05
-5.17893e-05
-3.35673e-05
-7.73869e-05
-6.48399e-06
-0.000107037
2.89913e-05
-0.00014043
7.04282e-05
-0.000177333
0.000116785
-0.00021758
0.000168381
-0.000261058
0.000226653
-0.000307697
0.00029377
-0.000357442
0.00037225
-0.000410228
0.000464653
-0.000465933
0.000573382
-0.000524335
0.000700555
-0.00058506
0.000847861
-0.000647529
0.00101635
-0.000710904
0.0012061
-0.000774041
0.00141573
-0.000835455
0.0016418
-0.000893334
0.00187821
-0.000945634
0.00211556
-0.000990296
0.00234106
-0.00102529
0.00253889
0.00268827
-0.00104835
-3.98696e-06
-2.11259e-05
-1.43749e-05
-3.70009e-05
-3.03099e-05
-3.27234e-05
-5.1127e-05
-1.27502e-05
-7.63172e-05
1.87062e-05
-0.000105498
5.81719e-05
-0.000138379
0.000103309
-0.000174736
0.000153142
-0.000214394
0.000208039
-0.000257214
0.000269473
-0.000303082
0.000339638
-0.000351889
0.000421057
-0.000403502
0.000516266
-0.000457722
0.000627603
-0.000514238
0.000757071
-0.000572568
0.000906191
-0.000632003
0.00107579
-0.00069155
0.00126565
-0.000749883
0.00147406
-0.000805317
0.00169724
-0.000855818
0.00192871
-0.000899083
0.00215882
-0.000932672
0.00237465
-0.000954003
0.00256022
0.00269496
-0.000960694
-3.90566e-06
-1.40403e-05
-2.95464e-05
-4.97726e-05
-7.4233e-05
-0.000102569
-0.000134506
-0.000169821
-0.000208319
0.000246537
-0.00024982
0.000310974
-0.00029415
0.000383968
-0.000341122
0.000468029
-0.000390513
0.000565657
-0.000442022
0.000679112
-0.000495218
0.000810267
-0.000549484
0.000960457
-0.000603954
0.00113026
-0.000657457
0.00131915
-0.000708464
0.00152507
-0.000755063
0.00174384
-0.000794967
0.00196862
-0.000825569
0.00218943
-0.000844021
0.00239311
-0.000847251
0.00256345
0.00268048
-0.000832768
-0.000199512
-0.000239069
-0.000281137
-0.000325436
-0.000371631
-0.000419295
-0.000467858
-0.000516544
-0.000564312
-0.00060979
-0.000651233
-0.000686489
-0.000712999
-0.000727837
-0.000727782
-0.000709379
-0.000669993
0.00539403
0.00542478
0.00295744
0.00545339
0.00560699
0.00302233
0.00547943
0.00563552
0.00308911
0.00549712
0.00306248
0.00566214
0.00584437
0.00313576
0.00551112
0.00311072
0.00568718
0.00587231
0.00541405
-0.000407873
0.000504951
0.00533122
-0.000455205
0.000538029
0.00524442
-0.000486495
0.000573301
0.00515496
-0.000504378
0.000593839
0.00506558
-0.000502598
0.000591973
0.00497821
-0.000478577
0.000565945
0.00489477
-0.00043157
0.000515013
0.00481734
-0.000360998
0.000438432
0.00474758
-0.000266996
0.000336751
0.00468711
-0.00015175
0.000212223
0.00463788
-1.85362e-05
6.77634e-05
0.00460447
0.000142176
-0.000108765
0.000313785
-0.000296326
0.00561197
-0.000332666
0.00553627
-0.000379504
0.0054578
-0.000408024
0.00537632
-0.000422903
0.00529458
-0.000420856
0.00521485
-0.000398845
0.00513905
-0.000355774
0.00506933
-0.000291279
0.00500799
-0.000205651
0.00495679
-0.000100556
0.00491598
2.22826e-05
0.00489225
0.000165902
0.000321152
0.00580498
0.00573458
0.00566283
0.00558915
-0.000349222
0.00551526
-0.000346969
0.00544341
-0.00032699
0.00537561
-0.000287972
0.00531397
-0.000229643
0.00526064
-0.000152319
0.00521743
-5.73414e-05
0.00518569
5.40167e-05
0.00516967
0.000181922
0.000320518
0.00580142
0.00573446
0.0056697
0.00560916
0.00555481
0.00550868
0.00547262
0.00544839
0.00543898
-0.000577303
-0.002743
-0.000462553
-0.00259665
-0.000329534
-0.00234384
-0.000181639
-0.00198754
-2.3673e-05
-0.00153027
0.000142992
-0.000983988
-0.000357612
-0.0007558
-0.00281997
-0.000653524
-0.00269893
-0.000529775
-0.00246759
-0.000386655
-0.00213066
-0.000228484
-0.00168844
-6.03741e-05
-0.0011521
-0.000535812
-0.000901796
-0.00287886
-0.0008153
-0.00278542
-0.00070444
-0.00257845
-0.000569891
-0.00226521
-0.000415551
-0.00184278
-0.000245914
-0.00132173
-0.000715659
-0.00100946
-0.00291775
-0.000941926
-0.00285296
-0.000847755
-0.00267262
-0.000726075
-0.00238689
-0.000579779
-0.00198907
-0.000412935
-0.00148858
-0.000230404
-0.000898189
-0.000237901
-0.00107364
-0.00293533
-0.00102779
-0.00289881
-0.000953939
-0.00274647
-0.000849665
-0.00249116
-0.000716253
-0.00212249
-0.000556935
-0.0016479
-0.000376402
-0.00107872
-0.000434124
-0.00109018
-0.00293105
-0.00106797
-0.00292102
-0.00101753
-0.00279692
-0.000935001
-0.00257369
-0.00081965
-0.00223784
-0.000673351
-0.0017942
-0.000500247
-0.00125183
-0.0006282
-0.00105613
-0.00290512
-0.00105863
-0.00291851
-0.00103382
-0.00282173
-0.000976704
-0.0026308
-0.000884376
-0.00233016
-0.000756899
-0.00192167
-0.000597188
-0.00141154
-0.000814703
-0.000970018
-0.00285836
-0.000997344
-0.00289119
-0.00099937
-0.0028197
-0.000970242
-0.00265993
-0.000905079
-0.00239533
-0.000801894
-0.00202486
-0.000661698
-0.00155174
-0.000987985
-0.0008319
-0.00279221
-0.000883327
-0.00283976
-0.000912351
-0.00279068
-0.000912509
-0.00265977
-0.00087738
-0.00243046
-0.000803034
-0.0020992
-0.000688248
-0.00166652
-0.00114072
-0.000643612
-0.00270861
-0.000717684
-0.00276569
-0.000772798
-0.00273557
-0.000802276
-0.0026303
-0.000798528
-0.0024342
-0.000756108
-0.00214162
-0.000671464
-0.00175116
-0.00126689
-0.000409328
-0.00261006
-0.000503601
-0.00267142
-0.000582826
-0.00265634
-0.000640504
-0.00257262
-0.000667901
-0.00240681
-0.00065878
-0.00215074
-0.000607241
-0.0018027
-0.00136217
-0.00013564
-0.00250642
-0.000246807
-0.00256025
-0.000347136
-0.00255601
-0.000430563
-0.00248919
-0.000487258
-0.00235011
-0.000511161
-0.00212684
-0.000493876
-0.00181999
-0.00142372
0.000172633
-0.00238523
3.97133e-05
-0.00242733
-7.5027e-05
-0.00244127
-0.000178934
-0.00238529
-0.000260939
-0.00226811
-0.000316214
-0.00207157
-0.000332494
-0.00180371
-0.00145065
0.000507685
-0.00225603
0.000374685
-0.00229433
0.00023945
-0.00230604
0.000110919
-0.00225675
-4.5886e-06
-0.0021526
-8.15293e-05
-0.00199463
-0.000127843
-0.0017574
-0.000134247
-0.00144425
-0.0010539
0.000853164
-0.00212288
0.000716843
-0.00215801
0.000576124
-0.00216532
0.000439477
-0.00212011
0.000313877
-0.002027
0.000204091
-0.00188484
0.000124958
-0.00167826
8.47864e-05
-0.00140408
-0.00106031
0.00119763
-0.00198846
0.00106026
-0.00202064
0.00091789
-0.00202294
0.000776477
-0.00197869
0.000641133
-0.00189166
0.000517784
-0.00176149
0.000418244
-0.00157872
0.000351827
-0.00133766
-0.00103455
0.00153066
-0.00185453
0.0013944
-0.00188438
0.00125376
-0.00188231
0.00111225
-0.00183718
0.000973372
-0.00175278
0.00084219
-0.00163031
0.000728041
-0.00146457
0.000640473
-0.00125009
-0.000982091
0.00184348
-0.00172213
0.0017098
-0.0017507
0.00157321
-0.00174571
0.00143544
-0.00169942
0.00129863
-0.00161597
0.00116621
-0.00149789
0.00104498
-0.00134334
0.000943506
-0.00114862
-0.000909237
0.00212921
-0.00159194
0.00199901
-0.0016205
0.00186774
-0.00161445
0.00173624
-0.00156791
0.00160561
-0.00148535
0.00147768
-0.00136995
0.00135671
-0.00122237
0.00124935
-0.00104127
0.00116375
-0.00082363
-0.000563244
0.00238278
-0.00146457
0.00225664
-0.00149437
0.00213128
-0.00148909
0.00200733
-0.00144396
0.00188533
-0.00136334
0.0017659
-0.00125053
0.00165119
-0.00110765
0.00154554
-0.000935615
0.00145538
-0.000733469
-0.000496787
0.00260084
-0.00134077
0.00247929
-0.00137281
0.00236007
-0.00136987
0.00224408
-0.00132797
0.00213172
-0.00125098
0.00202298
-0.00114179
0.0019185
-0.00100318
0.00182052
-0.000837635
0.00173333
-0.000646275
-0.000426931
0.0027818
-0.00122139
0.00266533
-0.00125634
0.00255236
-0.0012569
0.00244429
-0.00121991
0.00234163
-0.00114832
0.00224423
-0.00104439
0.00215194
-0.000910886
0.0020654
-0.000751095
0.00198687
-0.000567745
-0.000360862
0.00292571
-0.00110735
0.00281478
-0.00114541
0.00270813
-0.00115025
0.00260772
-0.0011195
0.00251435
-0.00105495
0.002428
-0.000958035
0.00234825
-0.000831137
0.00227482
-0.000677668
0.00220843
-0.000501353
0.00215145
-0.00030388
-8.66007e-05
0.00303411
-0.000999427
0.00292909
-0.00104039
0.00282879
-0.00104995
0.00273568
-0.00102638
0.00265085
-0.000970123
0.00257457
-0.000881749
0.00250654
-0.000763111
0.00244615
-0.000617273
0.00239315
-0.000448355
0.00234826
-0.00025899
-5.32157e-05
0.00310975
-0.000898223
0.00301084
-0.000941469
0.00291682
-0.000955935
0.00283057
-0.000940136
0.00275341
-0.000892959
0.00268593
-0.000814275
0.0026282
-0.000705379
0.00257962
-0.00056869
0.00253952
-0.000408261
0.00250758
-0.000227051
-3.15668e-05
0.00315616
-0.000804085
0.00306338
-0.000848688
0.00297552
-0.000868069
0.00289566
-0.000860278
0.00282526
-0.000822559
0.00276528
-0.000754298
0.00271617
-0.000656269
0.0026776
-0.00053012
0.00264884
-0.000379496
0.00262917
-0.000207386
0.00261924
-2.16357e-05
0.000205168
0.0031773
-0.000717174
0.0030906
-0.000761998
0.00300872
-0.000786185
0.00293478
-0.000786332
0.00287029
-0.000758076
0.00281657
-0.000700576
0.00277443
-0.000614132
0.00274391
-0.000499597
0.00272436
-0.00035995
0.00271494
-0.00019796
0.00271576
-2.24592e-05
0.0001947
0.00317651
-0.000637287
0.00309572
-0.000681209
0.00301945
-0.00070992
0.00295081
-0.000717688
0.00289145
-0.00069872
0.00284294
-0.000652061
0.00280642
-0.000577611
0.00278232
-0.000475502
0.00277031
-0.00034794
0.00277
-0.000197648
0.00277854
-3.10006e-05
0.000173608
0.00315792
-0.000564269
0.00308315
-0.000606436
0.00301193
-0.000638709
0.00294767
-0.000653421
0.00289227
-0.000643324
0.00284757
-0.000607364
0.00281499
-0.000545024
0.00279529
-0.000455803
0.00278828
-0.000340935
0.00279363
-0.000202998
0.00281154
-4.89099e-05
0.000144178
0.00313498
0.00306657
0.00300117
0.00294158
0.00289023
0.00284881
0.0028188
0.00280143
0.00279725
0.00280648
0.00282533
0.00286074
)
;

boundaryField
{
    inlet
    {
        type            calculated;
        value           nonuniform 0();
    }
    outlet
    {
        type            calculated;
        value           nonuniform 0();
    }
    cylinder
    {
        type            calculated;
        value           uniform 0;
    }
    top
    {
        type            symmetryPlane;
        value           nonuniform 0();
    }
    bottom
    {
        type            symmetryPlane;
        value           nonuniform 0();
    }
    defaultFaces
    {
        type            empty;
        value           nonuniform 0();
    }
    procBoundary5to0
    {
        type            processor;
        value           nonuniform List<scalar> 3(-0.00622557 -0.0064613 1.52718e-05);
    }
    procBoundary5to1
    {
        type            processor;
        value           nonuniform List<scalar> 
59
(
9.82548e-05
0.00018169
0.00026552
0.00034969
0.00658558
0.000446545
0.000527095
0.000607826
0.000688679
-0.00661061
0.000773487
0.000858402
0.000943221
0.00102788
0.00111231
0.00119646
0.00128024
0.0013636
0.00144647
-0.00668411
0.00156835
0.00165359
0.00173802
0.00182156
0.0019041
-0.00669763
0.00204516
0.00212866
0.00221072
-0.00675103
0.00236501
0.0024469
0.00252676
-0.00676704
0.00269239
0.00277058
-0.0053624
0.00281425
0.00288706
-0.00557771
0.00292816
0.0029938
-0.00581265
0.00303076
0.00308279
-0.000265338
-0.000309104
-0.000336281
-0.00586856
-0.000282075
-0.000280009
-0.000262236
-0.000227427
-0.000175291
-0.000106189
-2.12862e-05
7.82473e-05
0.000191335
0.000313656
)
;
    }
    procBoundary5to4
    {
        type            processor;
        value           nonuniform List<scalar> 
28
(
-0.000503891
-0.00138303
3.6938e-05
-0.00212296
6.87484e-05
-0.00272846
-0.00321654
0.00011329
-0.00357271
0.000134309
-0.00384476
-0.00404457
0.000136302
-0.0042244
-0.00436537
0.000124287
-0.00452873
-0.00466801
0.000111584
-0.00484403
-0.00499991
-0.00516514
7.29611e-05
-0.00537293
-0.00556029
-0.00575854
3.98578e-05
-0.00600225
)
;
    }
    procBoundary5to6
    {
        type            processor;
        value           nonuniform List<scalar> 
40
(
0.00458701
0.00488488
0.00517031
0.00544584
0.000312692
0.000117827
-6.60678e-05
4.53024e-05
-3.78059e-05
-0.000180179
-0.00030617
-0.000410685
-0.000488415
-0.000535515
-0.000545289
-0.000511966
-0.000432325
-0.000305561
0.00101648
-9.68276e-05
9.11987e-05
0.000326065
0.000588015
0.000870652
0.000618181
0.00110881
0.00138892
0.00166347
0.0019208
0.000129476
0.00210857
0.00231487
0.00248593
-0.00020382
0.0026179
0.00272623
0.00279963
0.00284097
-0.000342472
0.00290689
)
;
    }
    procBoundary5to9
    {
        type            processor;
        value           nonuniform List<scalar> 
33
(
0.000283332
0.000350531
0.000426036
0.000512328
0.000611852
0.000726776
0.00085883
0.00100914
0.00117803
0.00136463
0.00156651
0.00177909
0.00199513
0.00220426
0.00239305
0.00254505
0.00264109
-1.72203e-05
-2.68663e-05
-1.72173e-05
7.47597e-06
4.31666e-05
8.65076e-05
0.000135246
0.000188457
0.000162717
0.00265031
0.0024819
0.00221082
0.00183965
0.0013723
0.000817323
0.000187912
)
;
    }
}


// ************************************************************************* //
