/*--------------------------------*- C++ -*----------------------------------*\
  =========                 |
  \\      /  F ield         | OpenFOAM: The Open Source CFD Toolbox
   \\    /   O peration     | Website:  https://openfoam.org
    \\  /    A nd           | Version:  7
     \\/     M anipulation  |
\*---------------------------------------------------------------------------*/
FoamFile
{
    version     2.0;
    format      ascii;
    class       volVectorField;
    location    "130";
    object      U;
}
// * * * * * * * * * * * * * * * * * * * * * * * * * * * * * * * * * * * * * //

dimensions      [0 1 -1 0 0 0 0];

internalField   nonuniform List<vector> 
1987
(
(0.903869 0.21794 0)
(0.875666 0.198508 0)
(0.847668 0.175604 0)
(0.823539 0.14504 0)
(0.807705 0.103981 0)
(0.802729 0.053468 0)
(0.80848 -0.00208885 0)
(0.822997 -0.0574767 0)
(0.843911 -0.109435 0)
(0.869326 -0.157596 0)
(0.898195 -0.203744 0)
(0.930027 -0.249969 0)
(0.964671 -0.296254 0)
(1.00166 -0.338744 0)
(1.03993 -0.369601 0)
(1.07735 -0.379107 0)
(1.11137 -0.358758 0)
(0.910524 0.208351 0)
(0.883603 0.188942 0)
(0.856712 0.16675 0)
(0.832896 0.138198 0)
(0.81646 0.100319 0)
(0.810379 0.0534009 0)
(0.815017 0.00109376 0)
(0.828659 -0.0518155 0)
(0.848973 -0.102043 0)
(0.874024 -0.148983 0)
(0.902764 -0.194167 0)
(0.934763 -0.239529 0)
(0.969983 -0.285039 0)
(1.00801 -0.327004 0)
(1.04773 -0.357845 0)
(1.08705 -0.368087 0)
(1.12314 -0.349461 0)
(1.15208 -0.298045 0)
(1.17049 -0.215199 0)
(1.17652 -0.108543 0)
(1.16961 0.00781511 0)
(1.15082 0.116199 0)
(1.12251 0.20162 0)
(1.08842 0.256774 0)
(1.05168 0.28206 0)
(1.01592 0.283766 0)
(0.981871 0.269333 0)
(0.949986 0.247076 0)
(0.918653 0.220114 0)
(0.890005 0.190085 0)
(0.866508 0.151985 0)
(0.852807 0.104785 0)
(0.850905 0.0452439 0)
(0.860421 -0.0222913 0)
(0.880128 -0.0949118 0)
(0.905622 -0.166956 0)
(0.936987 -0.231315 0)
(0.968175 -0.285246 0)
(1.00206 -0.315057 0)
(1.02939 -0.321586 0)
(1.05677 -0.285885 0)
(1.07064 -0.219528 0)
(1.08467 -0.114808 0)
(1.07931 -0.00478808 0)
(1.07231 0.103097 0)
(1.04392 0.181058 0)
(1.01899 0.224216 0)
(0.983535 0.245032 0)
(0.951058 0.224509 0)
(0.91347 0.229489 0)
(0.881854 0.160733 0)
(0.858362 0.152877 0)
(0.855449 0.0329036 0)
(0.858092 -0.015068 0)
(0.872755 -0.114584 0)
(0.902691 -0.216821 0)
(0.917191 0.198809 0)
(0.891562 0.179473 0)
(0.865921 0.157859 0)
(0.842635 0.131084 0)
(0.825727 0.0962295 0)
(0.818491 0.0529302 0)
(0.821834 0.00400991 0)
(0.834402 -0.0462427 0)
(0.853963 -0.094581 0)
(0.878542 -0.140173 0)
(0.90706 -0.184271 0)
(0.939124 -0.22863 0)
(0.974788 -0.273205 0)
(1.01367 -0.314492 0)
(1.0547 -0.345184 0)
(1.09577 -0.356101 0)
(1.13378 -0.339254 0)
(1.16452 -0.290716 0)
(1.18451 -0.211468 0)
(1.19157 -0.108693 0)
(1.18485 0.00395783 0)
(1.16548 0.10929 0)
(1.13615 0.192598 0)
(1.10084 0.246674 0)
(1.06281 0.271804 0)
(1.02583 0.274021 0)
(0.990898 0.260251 0)
(0.958697 0.238545 0)
(0.92746 0.212118 0)
(0.898882 0.183179 0)
(0.875029 0.147054 0)
(0.860557 0.102627 0)
(0.857832 0.046157 0)
(0.866878 -0.0186924 0)
(0.886691 -0.0891476 0)
(0.912912 -0.159901 0)
(0.945537 -0.223368 0)
(0.978469 -0.277219 0)
(1.01454 -0.307324 0)
(1.04412 -0.314912 0)
(1.07377 -0.280812 0)
(1.08931 -0.216256 0)
(1.10467 -0.113913 0)
(1.0994 -0.00620383 0)
(1.09169 0.0988299 0)
(1.06126 0.175244 0)
(1.03408 0.217156 0)
(0.996493 0.237919 0)
(0.963065 0.216621 0)
(0.92478 0.222355 0)
(0.892006 0.154765 0)
(0.867621 0.14988 0)
(0.86311 0.033235 0)
(0.867275 -0.0138525 0)
(0.88087 -0.109563 0)
(0.914809 -0.213756 0)
(0.923853 0.189326 0)
(0.899498 0.170148 0)
(0.875221 0.14901 0)
(0.852695 0.123763 0)
(0.835506 0.0917161 0)
(0.827123 0.0519889 0)
(0.829009 0.00657716 0)
(0.840279 -0.0408234 0)
(0.85889 -0.0870907 0)
(0.882849 -0.131189 0)
(0.911024 -0.174074 0)
(0.94303 -0.217288 0)
(0.97897 -0.260778 0)
(1.01851 -0.301228 0)
(1.06066 -0.331623 0)
(1.10329 -0.343137 0)
(1.14302 -0.328099 0)
(1.17548 -0.282577 0)
(1.19701 -0.207198 0)
(1.20506 -0.108665 0)
(1.19859 -7.691e-05 0)
(1.17883 0.101922 0)
(1.14874 0.182952 0)
(1.11248 0.235878 0)
(1.07344 0.260847 0)
(1.03546 0.263645 0)
(0.99977 0.250684 0)
(0.967328 0.229686 0)
(0.936281 0.203871 0)
(0.907903 0.175999 0)
(0.883808 0.141802 0)
(0.868583 0.100169 0)
(0.864922 0.0469177 0)
(0.873337 -0.0150384 0)
(0.893085 -0.0830794 0)
(0.919941 -0.152356 0)
(0.953759 -0.214758 0)
(0.988441 -0.268417 0)
(1.02671 -0.298766 0)
(1.05856 -0.307441 0)
(1.0905 -0.275082 0)
(1.10776 -0.212501 0)
(1.12445 -0.112827 0)
(1.11926 -0.00774133 0)
(1.11083 0.0940983 0)
(1.07846 0.168736 0)
(1.04912 0.209351 0)
(1.00938 0.230207 0)
(0.975082 0.208274 0)
(0.936246 0.214777 0)
(0.902447 0.148378 0)
(0.877284 0.146473 0)
(0.870797 0.0335881 0)
(0.876654 -0.0125808 0)
(0.888816 -0.104063 0)
(0.927034 -0.21014 0)
(0.930495 0.179906 0)
(0.907367 0.161002 0)
(0.884528 0.14028 0)
(0.862994 0.116314 0)
(0.845771 0.0867993 0)
(0.83633 0.0505229 0)
(0.836636 0.00869774 0)
(0.846369 -0.0356555 0)
(0.863786 -0.0796444 0)
(0.886929 -0.122077 0)
(0.914608 -0.163601 0)
(0.946399 -0.205529 0)
(0.982415 -0.24778 0)
(1.02238 -0.287224 0)
(1.06544 -0.317161 0)
(1.10937 -0.329191 0)
(1.15062 -0.315996 0)
(1.18466 -0.273636 0)
(1.20762 -0.202381 0)
(1.21662 -0.108433 0)
(1.21048 -0.00425328 0)
(1.19057 0.0941489 0)
(1.16002 0.17274 0)
(1.12316 0.22444 0)
(1.08341 0.24923 0)
(1.04469 0.252664 0)
(1.00841 0.240641 0)
(0.975815 0.220512 0)
(0.945051 0.195398 0)
(0.917016 0.168573 0)
(0.892818 0.136234 0)
(0.87689 0.097381 0)
(0.872191 0.0474756 0)
(0.879798 -0.0113765 0)
(0.899268 -0.0767298 0)
(0.926618 -0.144315 0)
(0.96152 -0.205452 0)
(0.997926 -0.258787 0)
(1.03837 -0.289328 0)
(1.07247 -0.299117 0)
(1.10671 -0.268646 0)
(1.12574 -0.208231 0)
(1.14374 -0.111538 0)
(1.13861 -0.0094109 0)
(1.12947 0.0888899 0)
(1.09526 0.161515 0)
(1.0639 0.200772 0)
(1.02206 0.22187 0)
(0.986997 0.199476 0)
(0.94778 0.206763 0)
(0.913117 0.141585 0)
(0.887362 0.142599 0)
(0.878482 0.0339371 0)
(0.886197 -0.0112676 0)
(0.896519 -0.0980787 0)
(0.939249 -0.205905 0)
(0.937106 0.17055 0)
(0.915137 0.152056 0)
(0.893758 0.131744 0)
(0.873421 0.108835 0)
(0.856461 0.0815352 0)
(0.84614 0.0485027 0)
(0.844816 0.010273 0)
(0.852781 -0.0308607 0)
(0.868719 -0.0723461 0)
(0.890795 -0.112911 0)
(0.917772 -0.152908 0)
(0.94915 -0.193401 0)
(0.985012 -0.234259 0)
(1.02517 -0.272519 0)
(1.06886 -0.301832 0)
(1.11381 -0.314297 0)
(1.15632 -0.302968 0)
(1.19175 -0.263889 0)
(1.216 -0.197003 0)
(1.22588 -0.107967 0)
(1.22018 -0.00851919 0)
(1.20041 0.0860465 0)
(1.16978 0.162043 0)
(1.13268 0.212435 0)
(1.09259 0.237015 0)
(1.05341 0.241117 0)
(1.01674 0.230144 0)
(0.984095 0.211039 0)
(0.953707 0.18673 0)
(0.92616 0.160936 0)
(0.902019 0.130367 0)
(0.885484 0.0942384 0)
(0.879664 0.0477762 0)
(0.886276 -0.00777018 0)
(0.905203 -0.0701434 0)
(0.932852 -0.135791 0)
(0.968682 -0.195435 0)
(1.00674 -0.248288 0)
(1.04929 -0.278969 0)
(1.08557 -0.289892 0)
(1.1221 -0.261458 0)
(1.14294 -0.203411 0)
(1.16221 -0.110033 0)
(1.15713 -0.0112201 0)
(1.14729 0.0831967 0)
(1.11139 0.153572 0)
(1.07823 0.191406 0)
(1.03438 0.212891 0)
(0.998684 0.190245 0)
(0.959281 0.19833 0)
(0.923938 0.134416 0)
(0.897863 0.138207 0)
(0.886145 0.0342466 0)
(0.895867 -0.00993353 0)
(0.903905 -0.0916173 0)
(0.951318 -0.200981 0)
(0.943679 0.161258 0)
(0.922787 0.143321 0)
(0.902836 0.123462 0)
(0.883854 0.101435 0)
(0.867471 0.0760138 0)
(0.856546 0.0459358 0)
(0.853645 0.0112165 0)
(0.859657 -0.0265749 0)
(0.873805 -0.0653295 0)
(0.894501 -0.103796 0)
(0.920506 -0.142078 0)
(0.951215 -0.180981 0)
(0.986666 -0.220287 0)
(1.02674 -0.257179 0)
(1.07077 -0.285706 0)
(1.11641 -0.298516 0)
(1.15988 -0.289048 0)
(1.19647 -0.25335 0)
(1.22179 -0.191065 0)
(1.23248 -0.107237 0)
(1.22738 -0.012794 0)
(1.20809 0.0777208 0)
(1.1778 0.15097 0)
(1.14089 0.19996 0)
(1.10083 0.224282 0)
(1.06152 0.229061 0)
(1.02469 0.219222 0)
(0.992106 0.20129 0)
(0.962181 0.177899 0)
(0.935266 0.153129 0)
(0.911361 0.124231 0)
(0.894357 0.090727 0)
(0.887369 0.0477625 0)
(0.892802 -0.00429717 0)
(0.910875 -0.0633866 0)
(0.938568 -0.126815 0)
(0.97511 -0.18471 0)
(1.01469 -0.236897 0)
(1.0592 -0.267661 0)
(1.09759 -0.279725 0)
(1.13637 -0.253471 0)
(1.15902 -0.198004 0)
(1.17953 -0.108301 0)
(1.17447 -0.0131802 0)
(1.16394 0.0770159 0)
(1.12655 0.144913 0)
(1.09187 0.181257 0)
(1.04618 0.203264 0)
(1.01001 0.180608 0)
(0.97064 0.189503 0)
(0.934816 0.126914 0)
(0.908787 0.133249 0)
(0.893783 0.0344702 0)
(0.905627 -0.00860575 0)
(0.910911 -0.0847023 0)
(0.963092 -0.195305 0)
(0.9502 0.152032 0)
(0.930309 0.134791 0)
(0.911703 0.115479 0)
(0.894162 0.0942214 0)
(0.878659 0.070357 0)
(0.867486 0.0428757 0)
(0.86319 0.0114719 0)
(0.867155 -0.0229351 0)
(0.879215 -0.0587562 0)
(0.898163 -0.0948798 0)
(0.922842 -0.131233 0)
(0.952566 -0.168373 0)
(0.987312 -0.205955 0)
(1.02701 -0.241296 0)
(1.07103 -0.268873 0)
(1.117 -0.281922 0)
(1.16112 -0.274289 0)
(1.19855 -0.242067 0)
(1.22468 -0.184588 0)
(1.2361 -0.106208 0)
(1.23182 -0.0169766 0)
(1.21341 0.0693087 0)
(1.18395 0.139657 0)
(1.14765 0.187135 0)
(1.10801 0.211132 0)
(1.06891 0.216567 0)
(1.03217 0.20792 0)
(0.999792 0.19129 0)
(0.97041 0.168941 0)
(0.944261 0.145201 0)
(0.920781 0.117868 0)
(0.903494 0.0868455 0)
(0.895334 0.0473786 0)
(0.899419 -0.00104792 0)
(0.916293 -0.0565498 0)
(0.943712 -0.117445 0)
(0.98068 -0.173302 0)
(1.02157 -0.224611 0)
(1.06784 -0.255392 0)
(1.1082 -0.268584 0)
(1.14913 -0.244644 0)
(1.1736 -0.19198 0)
(1.19528 -0.106334 0)
(1.19024 -0.0152949 0)
(1.17907 0.0703542 0)
(1.14041 0.135563 0)
(1.10458 0.170353 0)
(1.0573 0.192998 0)
(1.02085 0.170604 0)
(0.981744 0.180315 0)
(0.945645 0.119144 0)
(0.920117 0.127689 0)
(0.901409 0.0345512 0)
(0.915444 -0.00731932 0)
(0.917484 -0.0773773 0)
(0.974406 -0.188818 0)
(0.956652 0.142884 0)
(0.937703 0.126455 0)
(0.920326 0.107814 0)
(0.904228 0.0872889 0)
(0.88985 0.0647077 0)
(0.87883 0.0394258 0)
(0.873458 0.0110349 0)
(0.875425 -0.020059 0)
(0.885165 -0.0528062 0)
(0.901972 -0.0863479 0)
(0.924895 -0.120537 0)
(0.953237 -0.155714 0)
(0.986933 -0.191384 0)
(1.02592 -0.224983 0)
(1.06955 -0.251444 0)
(1.11548 -0.264613 0)
(1.15987 -0.258779 0)
(1.19775 -0.230115 0)
(1.2244 -0.177603 0)
(1.23651 -0.104826 0)
(1.23331 -0.0209363 0)
(1.21625 0.0609787 0)
(1.1881 0.128267 0)
(1.15286 0.174097 0)
(1.11404 0.197677 0)
(1.0755 0.203725 0)
(1.03912 0.196294 0)
(1.0071 0.18107 0)
(0.978334 0.159892 0)
(0.95307 0.137206 0)
(0.930203 0.111334 0)
(0.91286 0.0826095 0)
(0.903582 0.0465757 0)
(0.906187 0.00187811 0)
(0.921501 -0.0497475 0)
(0.948268 -0.107763 0)
(0.98529 -0.161267 0)
(1.02718 -0.211452 0)
(1.07493 -0.242169 0)
(1.11707 -0.25645 0)
(1.16001 -0.234939 0)
(1.18627 -0.185313 0)
(1.20904 -0.104123 0)
(1.20401 -0.0175764 0)
(1.19226 0.0632284 0)
(1.15263 0.12557 0)
(1.11608 0.158752 0)
(1.06757 0.182121 0)
(1.03105 0.160284 0)
(0.992477 0.170808 0)
(0.956302 0.111188 0)
(0.931815 0.121509 0)
(0.90906 0.0344237 0)
(0.925293 -0.00611861 0)
(0.923597 -0.0697108 0)
(0.985087 -0.181473 0)
(0.963008 0.133832 0)
(0.944971 0.118298 0)
(0.928696 0.10046 0)
(0.913961 0.0807036 0)
(0.900858 0.0592101 0)
(0.890385 0.0357382 0)
(0.88437 0.00996938 0)
(0.884568 -0.0180163 0)
(0.891895 -0.0476564 0)
(0.906204 -0.0784235 0)
(0.926892 -0.110207 0)
(0.953379 -0.143185 0)
(0.985605 -0.176724 0)
(1.02348 -0.208379 0)
(1.06634 -0.233551 0)
(1.11181 -0.246715 0)
(1.15602 -0.242646 0)
(1.1939 -0.217601 0)
(1.22076 -0.170144 0)
(1.23359 -0.10301 0)
(1.23181 -0.0245043 0)
(1.21659 0.0529291 0)
(1.19025 0.116981 0)
(1.15649 0.160997 0)
(1.11886 0.184044 0)
(1.08121 0.190634 0)
(1.04547 0.184412 0)
(1.01398 0.170669 0)
(0.985903 0.150789 0)
(0.96162 0.129199 0)
(0.93954 0.104696 0)
(0.922401 0.0780556 0)
(0.912127 0.0453192 0)
(0.913176 0.00437545 0)
(0.92658 -0.0431174 0)
(0.952267 -0.0978865 0)
(0.988879 -0.148699 0)
(1.03137 -0.197479 0)
(1.0802 -0.228026 0)
(1.12385 -0.243325 0)
(1.16862 -0.224334 0)
(1.19659 -0.177981 0)
(1.22035 -0.101661 0)
(1.21533 -0.0200043 0)
(1.20312 0.0556769 0)
(1.16287 0.115007 0)
(1.12611 0.146542 0)
(1.07683 0.170686 0)
(1.04049 0.149713 0)
(1.00272 0.161028 0)
(0.966662 0.103146 0)
(0.943813 0.114717 0)
(0.916791 0.0340165 0)
(0.935163 -0.00505801 0)
(0.929253 -0.0618011 0)
(0.994959 -0.173243 0)
(0.969231 0.124908 0)
(0.952107 0.11031 0)
(0.936821 0.0933939 0)
(0.923314 0.0744941 0)
(0.911518 0.0539897 0)
(0.901908 0.0319956 0)
(0.895745 0.00841335 0)
(0.894583 -0.0167989 0)
(0.89961 -0.0434439 0)
(0.911194 -0.0713387 0)
(0.929194 -0.100498 0)
(0.953306 -0.131021 0)
(0.983564 -0.162175 0)
(1.01987 -0.191661 0)
(1.06151 -0.215358 0)
(1.10605 -0.228398 0)
(1.14955 -0.226063 0)
(1.1869 -0.20466 0)
(1.2137 -0.16223 0)
(1.22739 -0.100644 0)
(1.22746 -0.0274724 0)
(1.21456 0.0453777 0)
(1.19045 0.105987 0)
(1.15854 0.147988 0)
(1.12243 0.170364 0)
(1.08599 0.177406 0)
(1.05117 0.172355 0)
(1.0204 0.160131 0)
(0.993076 0.141666 0)
(0.969842 0.121233 0)
(0.948697 0.0980302 0)
(0.932036 0.0732411 0)
(0.920962 0.0435984 0)
(0.920461 0.00636011 0)
(0.931653 -0.0368138 0)
(0.955794 -0.0879677 0)
(0.991445 -0.135735 0)
(1.034 -0.182793 0)
(1.08342 -0.213032 0)
(1.12824 -0.229236 0)
(1.17456 -0.212824 0)
(1.20413 -0.169976 0)
(1.22873 -0.0989391 0)
(1.22376 -0.0225836 0)
(1.21126 0.0477553 0)
(1.17083 0.103981 0)
(1.13443 0.133851 0)
(1.08493 0.158772 0)
(1.04906 0.138968 0)
(1.01238 0.151029 0)
(0.976599 0.0951306 0)
(0.956004 0.107353 0)
(0.924673 0.0332603 0)
(0.945062 -0.00420115 0)
(0.934501 -0.0537804 0)
(1.00386 -0.164128 0)
(0.97528 0.116151 0)
(0.959093 0.102496 0)
(0.944721 0.0865831 0)
(0.932279 0.0686505 0)
(0.921712 0.0491293 0)
(0.913153 0.0283808 0)
(0.907306 0.00656855 0)
(0.905327 -0.016299 0)
(0.908407 -0.0402192 0)
(0.917277 -0.0652877 0)
(0.932284 -0.0916814 0)
(0.953531 -0.1195 0)
(0.981279 -0.147991 0)
(1.01548 -0.175052 0)
(1.05536 -0.19708 0)
(1.09838 -0.209889 0)
(1.14052 -0.209258 0)
(1.1768 -0.191438 0)
(1.20341 -0.153848 0)
(1.21823 -0.0975597 0)
(1.22061 -0.0296203 0)
(1.21042 0.0385371 0)
(1.18887 0.0954613 0)
(1.15908 0.135218 0)
(1.12476 0.156768 0)
(1.08981 0.164155 0)
(1.05617 0.160215 0)
(1.02632 0.149508 0)
(0.999826 0.132556 0)
(0.977681 0.113354 0)
(0.957577 0.0914155 0)
(0.941662 0.0682445 0)
(0.930048 0.0414288 0)
(0.928106 0.00775767 0)
(0.936877 -0.0309999 0)
(0.959 -0.0781954 0)
(0.993059 -0.122568 0)
(1.03502 -0.167553 0)
(1.08442 -0.197301 0)
(1.12997 -0.214242 0)
(1.17751 -0.200423 0)
(1.20848 -0.161305 0)
(1.23373 -0.0959611 0)
(1.22887 -0.0252997 0)
(1.21631 0.0395495 0)
(1.17623 0.0926336 0)
(1.14083 0.120842 0)
(1.09176 0.146488 0)
(1.05665 0.128142 0)
(1.02136 0.140868 0)
(0.986 0.0872605 0)
(0.968241 0.0994924 0)
(0.93278 0.0321004 0)
(0.955021 -0.00361622 0)
(0.93945 -0.0458192 0)
(1.01164 -0.154163 0)
(0.981114 0.107604 0)
(0.965897 0.0948713 0)
(0.952402 0.0800007 0)
(0.940883 0.0631339 0)
(0.931389 0.0446558 0)
(0.923913 0.0250386 0)
(0.91873 0.00466349 0)
(0.91651 -0.0163125 0)
(0.918206 -0.0379074 0)
(0.92468 -0.0603625 0)
(0.93667 -0.0839818 0)
(0.954738 -0.108912 0)
(0.979482 -0.134473 0)
(1.01099 -0.158845 0)
(1.04845 -0.179019 0)
(1.08918 -0.191509 0)
(1.1292 -0.192511 0)
(1.16397 -0.178059 0)
(1.19044 -0.144917 0)
(1.20679 -0.093554 0)
(1.21184 -0.0307154 0)
(1.20459 0.0325898 0)
(1.18572 0.085548 0)
(1.15821 0.122811 0)
(1.12588 0.143377 0)
(1.09265 0.150999 0)
(1.06045 0.148092 0)
(1.03172 0.138864 0)
(1.00613 0.123491 0)
(0.985095 0.1056 0)
(0.966091 0.0849255 0)
(0.951153 0.063163 0)
(0.939317 0.0388581 0)
(0.93615 0.00851963 0)
(0.942422 -0.0258337 0)
(0.962094 -0.0687885 0)
(0.993886 -0.109445 0)
(1.03447 -0.151979 0)
(1.08313 -0.180995 0)
(1.12887 -0.198442 0)
(1.17721 -0.18718 0)
(1.2093 -0.152 0)
(1.23497 -0.0927379 0)
(1.23029 -0.0280675 0)
(1.218 0.0311914 0)
(1.17891 0.0811454 0)
(1.14516 0.107722 0)
(1.09724 0.133976 0)
(1.06322 0.117341 0)
(1.02959 0.130607 0)
(0.99477 0.0796535 0)
(0.980334 0.0912487 0)
(0.941171 0.0305056 0)
(0.965083 -0.0033687 0)
(0.944278 -0.0381264 0)
(1.0182 -0.143434 0)
(0.986699 0.0993068 0)
(0.972477 0.087466 0)
(0.959858 0.0736353 0)
(0.949159 0.0578962 0)
(0.940561 0.0405451 0)
(0.934069 0.0220475 0)
(0.929713 0.00290038 0)
(0.927738 -0.0165753 0)
(0.928716 -0.0362983 0)
(0.933401 -0.0564961 0)
(0.942726 -0.077497 0)
(0.957629 -0.0994871 0)
(0.979066 -0.121932 0)
(1.00731 -0.143411 0)
(1.04155 -0.161592 0)
(1.07909 -0.173672 0)
(1.11626 -0.176113 0)
(1.14929 -0.164583 0)
(1.17587 -0.135283 0)
(1.19411 -0.0884119 0)
(1.20195 -0.0306028 0)
(1.19755 0.0276317 0)
(1.18128 0.0763296 0)
(1.15608 0.110863 0)
(1.12586 0.130298 0)
(1.09454 0.138051 0)
(1.06398 0.136089 0)
(1.03657 0.128267 0)
(1.012 0.114504 0)
(0.992062 0.097999 0)
(0.974164 0.0786221 0)
(0.960375 0.0581031 0)
(0.948659 0.0359724 0)
(0.944585 0.00865868 0)
(0.948446 -0.0214462 0)
(0.965325 -0.0599833 0)
(0.994181 -0.0966636 0)
(1.03253 -0.136355 0)
(1.07963 -0.16433 0)
(1.12496 -0.181982 0)
(1.17356 -0.173184 0)
(1.20636 -0.142133 0)
(1.23214 -0.0892683 0)
(1.22779 -0.0308172 0)
(1.21619 0.0228505 0)
(1.1788 0.0697371 0)
(1.14734 0.0947273 0)
(1.10135 0.121405 0)
(1.06874 0.106677 0)
(1.03703 0.120309 0)
(1.00285 0.0724143 0)
(0.992067 0.0827699 0)
(0.949878 0.0284796 0)
(0.975285 -0.00350831 0)
(0.94924 -0.0309453 0)
(1.02351 -0.132082 0)
(0.992011 0.091293 0)
(0.978793 0.0803134 0)
(0.967058 0.0674938 0)
(0.957131 0.0528986 0)
(0.949278 0.0367432 0)
(0.943596 0.019415 0)
(0.94005 0.00141721 0)
(0.938612 -0.0168258 0)
(0.939482 -0.0350849 0)
(0.943148 -0.0534462 0)
(0.950505 -0.072133 0)
(0.962665 -0.0913121 0)
(0.980812 -0.110634 0)
(1.00538 -0.129165 0)
(1.03564 -0.1453 0)
(1.06917 -0.156829 0)
(1.10299 -0.160296 0)
(1.13431 -0.150971 0)
(1.16129 -0.124779 0)
(1.18146 -0.0820024 0)
(1.19179 -0.0292646 0)
(1.18978 0.0236393 0)
(1.17579 0.0678158 0)
(1.15281 0.099433 0)
(1.12477 0.117628 0)
(1.09552 0.125419 0)
(1.06678 0.124314 0)
(1.04087 0.117799 0)
(1.01741 0.105633 0)
(0.998576 0.0905678 0)
(0.981748 0.0725488 0)
(0.969195 0.0531679 0)
(0.957928 0.0328923 0)
(0.953337 0.00823555 0)
(0.955059 -0.0179218 0)
(0.968953 -0.0520106 0)
(0.994294 -0.0845537 0)
(1.02955 -0.121023 0)
(1.07423 -0.147576 0)
(1.11845 -0.165061 0)
(1.16663 -0.15859 0)
(1.19959 -0.131815 0)
(1.22514 -0.0855673 0)
(1.22132 -0.0334397 0)
(1.21091 0.0147443 0)
(1.176 0.0586628 0)
(1.14742 0.0821207 0)
(1.10413 0.108966 0)
(1.07322 0.0962673 0)
(1.04367 0.110042 0)
(1.01022 0.065624 0)
(1.0032 0.0742277 0)
(0.958885 0.0260738 0)
(0.985626 -0.00405143 0)
(0.954644 -0.0245391 0)
(1.02762 -0.120317 0)
(0.997034 0.0835885 0)
(0.98481 0.0734446 0)
(0.973965 0.0615968 0)
(0.964792 0.0481226 0)
(0.957589 0.0331905 0)
(0.952543 0.0170908 0)
(0.949666 0.000257425 0)
(0.948838 -0.0168731 0)
(0.950011 -0.0339456 0)
(0.953383 -0.0508479 0)
(0.959638 -0.0676001 0)
(0.9698 -0.0842775 0)
(0.985049 -0.100707 0)
(1.00586 -0.116455 0)
(1.03173 -0.130586 0)
(1.06084 -0.141319 0)
(1.09123 -0.145159 0)
(1.12103 -0.137142 0)
(1.14842 -0.11335 0)
(1.17003 -0.0744229 0)
(1.18199 -0.0268904 0)
(1.18162 0.0204505 0)
(1.16945 0.0599466 0)
(1.14855 0.0885552 0)
(1.12272 0.10545 0)
(1.09563 0.113204 0)
(1.06885 0.11287 0)
(1.04461 0.107543 0)
(1.02238 0.0969214 0)
(1.00464 0.0833176 0)
(0.988825 0.0667262 0)
(0.977501 0.0484453 0)
(0.966956 0.0297534 0)
(0.962262 0.00736645 0)
(0.962281 -0.0152771 0)
(0.973202 -0.0450627 0)
(0.994641 -0.073444 0)
(1.02604 -0.106352 0)
(1.06748 -0.131052 0)
(1.10982 -0.147953 0)
(1.15673 -0.143633 0)
(1.18917 -0.121216 0)
(1.2141 -0.0816562 0)
(1.21111 -0.0357915 0)
(1.20244 0.00713112 0)
(1.17081 0.0481985 0)
(1.14558 0.0701691 0)
(1.10568 0.0968617 0)
(1.0767 0.0862267 0)
(1.04951 0.0998776 0)
(1.0169 0.0593309 0)
(1.01352 0.0658041 0)
(0.968131 0.0233859 0)
(0.996029 -0.00496605 0)
(0.960811 -0.0191638 0)
(1.03068 -0.108414 0)
(1.00176 0.0762131 0)
(0.990504 0.0668826 0)
(0.980539 0.0559684 0)
(0.972118 0.0435716 0)
(0.965519 0.0298438 0)
(0.960981 0.0150023 0)
(0.958598 -0.000618233 0)
(0.958287 -0.0166354 0)
(0.959918 -0.0326352 0)
(0.963488 -0.048326 0)
(0.969407 -0.0634987 0)
(0.978411 -0.078096 0)
(0.991433 -0.0920735 0)
(1.00888 -0.105405 0)
(1.03055 -0.117643 0)
(1.05548 -0.127235 0)
(1.08279 -0.130668 0)
(1.11119 -0.123103 0)
(1.13846 -0.101198 0)
(1.16042 -0.0660691 0)
(1.17281 -0.0238928 0)
(1.17318 0.0177968 0)
(1.16237 0.0526259 0)
(1.14341 0.0782532 0)
(1.11982 0.0938429 0)
(1.09497 0.1015 0)
(1.07024 0.101851 0)
(1.04779 0.0975864 0)
(1.0269 0.0884184 0)
(1.01028 0.0762585 0)
(0.995406 0.061153 0)
(0.985221 0.043997 0)
(0.975577 0.0266854 0)
(0.971149 0.00620996 0)
(0.970017 -0.0134477 0)
(0.978212 -0.0392525 0)
(0.995662 -0.063606 0)
(1.0227 -0.0926988 0)
(1.0602 -0.115108 0)
(1.09982 -0.131013 0)
(1.14444 -0.128639 0)
(1.17554 -0.110554 0)
(1.19951 -0.0775438 0)
(1.19771 -0.0376892 0)
(1.19133 0.000282654 0)
(1.16368 0.0386175 0)
(1.14211 0.0591218 0)
(1.10618 0.085288 0)
(1.07929 0.0766579 0)
(1.05461 0.0898906 0)
(1.02294 0.0535437 0)
(1.02281 0.0576762 0)
(0.977511 0.0205478 0)
(1.00632 -0.00616464 0)
(0.968004 -0.0150279 0)
(1.03296 -0.0966996 0)
(1.00619 0.0691828 0)
(0.995865 0.0606421 0)
(0.986753 0.050628 0)
(0.979072 0.0392593 0)
(0.973063 0.0266902 0)
(0.968965 0.0130913 0)
(0.966935 -0.00128155 0)
(0.96698 -0.0161287 0)
(0.969016 -0.0310408 0)
(0.972965 -0.0456141 0)
(0.979005 -0.0594619 0)
(0.987515 -0.0724033 0)
(0.999058 -0.0844583 0)
(1.01391 -0.0958276 0)
(1.0322 -0.106299 0)
(1.05376 -0.1144 0)
(1.07851 -0.116759 0)
(1.10532 -0.109062 0)
(1.1315 -0.08883 0)
(1.15243 -0.0575519 0)
(1.16405 -0.0207615 0)
(1.16442 0.0154041 0)
(1.15463 0.0457721 0)
(1.13753 0.0685611 0)
(1.1162 0.0828858 0)
(1.09365 0.0903932 0)
(1.07102 0.091343 0)
(1.05042 0.0880129 0)
(1.03098 0.0801807 0)
(1.0155 0.0694062 0)
(1.00152 0.0558133 0)
(0.99233 0.0398469 0)
(0.983655 0.0237973 0)
(0.979757 0.00494059 0)
(0.978055 -0.0122886 0)
(0.983995 -0.0345763 0)
(0.997739 -0.0551937 0)
(1.02028 -0.0803547 0)
(1.05333 -0.100115 0)
(1.08935 -0.11468 0)
(1.13058 -0.114021 0)
(1.15954 -0.100078 0)
(1.18229 -0.0732105 0)
(1.18208 -0.038921 0)
(1.17843 -0.00550262 0)
(1.15526 0.0301582 0)
(1.13741 0.0491794 0)
(1.10581 0.0744163 0)
(1.08108 0.0676435 0)
(1.05901 0.0801639 0)
(1.02844 0.0482306 0)
(1.03096 0.0499984 0)
(0.986892 0.0177033 0)
(1.01622 -0.00751168 0)
(0.976338 -0.012246 0)
(1.03484 -0.0855217 0)
(1.01031 0.0625114 0)
(1.00089 0.0547328 0)
(0.992591 0.0455877 0)
(0.985625 0.0352011 0)
(0.980194 0.0237318 0)
(0.976511 0.0113323 0)
(0.974753 -0.00179635 0)
(0.975013 -0.0154225 0)
(0.9773 -0.0291753 0)
(0.981555 -0.0426169 0)
(0.987819 -0.0552744 0)
(0.996169 -0.0668905 0)
(1.00683 -0.0774858 0)
(1.01997 -0.0872949 0)
(1.03595 -0.0961157 0)
(1.05513 -0.102501 0)
(1.07774 -0.103437 0)
(1.10252 -0.0954296 0)
(1.12651 -0.0769078 0)
(1.14524 -0.0495109 0)
(1.15526 -0.0179109 0)
(1.15522 0.0130845 0)
(1.14633 0.0393583 0)
(1.13108 0.0595329 0)
(1.11201 0.0726566 0)
(1.09178 0.0799592 0)
(1.07126 0.0814151 0)
(1.05253 0.0788945 0)
(1.03461 0.0722667 0)
(1.0203 0.0627855 0)
(1.00721 0.050687 0)
(0.99885 0.0359851 0)
(0.991109 0.0211545 0)
(0.987861 0.00371925 0)
(0.986108 -0.0115948 0)
(0.990417 -0.0308995 0)
(1.00107 -0.0482018 0)
(1.01938 -0.0695038 0)
(1.04772 -0.0864291 0)
(1.07936 -0.0994438 0)
(1.11616 -0.100223 0)
(1.14234 -0.0900128 0)
(1.16376 -0.0686162 0)
(1.16546 -0.0392789 0)
(1.16475 -0.00998358 0)
(1.14627 0.022984 0)
(1.13193 0.0404662 0)
(1.1048 0.0643742 0)
(1.08218 0.0592402 0)
(1.06278 0.0707865 0)
(1.03349 0.0433261 0)
(1.03789 0.042889 0)
(0.996136 0.0149895 0)
(1.02539 -0.00884141 0)
(0.985721 -0.0107991 0)
(1.03673 -0.0751993 0)
(1.01413 0.0562099 0)
(1.00556 0.0491621 0)
(0.998044 0.040853 0)
(0.991758 0.0314057 0)
(0.986884 0.0209784 0)
(0.983604 0.00971933 0)
(0.982091 -0.00220162 0)
(0.982481 -0.0145915 0)
(0.984862 -0.0271251 0)
(0.989232 -0.039387 0)
(0.995574 -0.050903 0)
(1.0038 -0.0613907 0)
(1.01392 -0.0708254 0)
(1.02602 -0.0793383 0)
(1.04058 -0.0866166 0)
(1.05809 -0.0912755 0)
(1.07871 -0.0908242 0)
(1.10099 -0.082675 0)
(1.12203 -0.0660111 0)
(1.13794 -0.0423934 0)
(1.14609 -0.0155778 0)
(1.14562 0.0107812 0)
(1.13764 0.0334199 0)
(1.12425 0.0512353 0)
(1.10744 0.063223 0)
(1.08949 0.0702585 0)
(1.07106 0.0721186 0)
(1.05417 0.0702884 0)
(1.0378 0.0647309 0)
(1.02468 0.0564306 0)
(1.0125 0.0457612 0)
(1.00483 0.0323792 0)
(0.997921 0.0187725 0)
(0.995307 0.00266366 0)
(0.993875 -0.0111392 0)
(0.997207 -0.0279796 0)
(1.00559 -0.0424707 0)
(1.02023 -0.0602004 0)
(1.04389 -0.0743463 0)
(1.07064 -0.0857519 0)
(1.10236 -0.0876282 0)
(1.12543 -0.0805197 0)
(1.14553 -0.0637068 0)
(1.14928 -0.0386302 0)
(1.15136 -0.0130656 0)
(1.1374 0.0171415 0)
(1.12611 0.0330097 0)
(1.10334 0.0552331 0)
(1.08273 0.0514765 0)
(1.06595 0.0618511 0)
(1.03818 0.0387473 0)
(1.04363 0.0364238 0)
(1.0051 0.0125125 0)
(1.03352 -0.00998787 0)
(0.995843 -0.010515 0)
(1.03903 -0.0659677 0)
(1.01765 0.0502882 0)
(1.0099 0.0439345 0)
(1.00311 0.0364246 0)
(0.997464 0.0278751 0)
(0.993116 0.0184382 0)
(0.990224 0.00825452 0)
(0.988947 -0.00251236 0)
(0.989427 -0.013689 0)
(0.991795 -0.0249895 0)
(0.99609 -0.0360473 0)
(1.00229 -0.046437 0)
(1.01025 -0.055883 0)
(1.01991 -0.0642942 0)
(1.03132 -0.0716469 0)
(1.04492 -0.0775103 0)
(1.06105 -0.0806358 0)
(1.07962 -0.079109 0)
(1.09912 -0.0711503 0)
(1.11695 -0.0564526 0)
(1.13006 -0.036357 0)
(1.13652 -0.0137855 0)
(1.1358 0.00855071 0)
(1.12884 0.0280263 0)
(1.11729 0.0437265 0)
(1.10266 0.0546308 0)
(1.08691 0.0613306 0)
(1.07049 0.0634864 0)
(1.05538 0.0622345 0)
(1.04056 0.0576179 0)
(1.02863 0.0503808 0)
(1.01741 0.041037 0)
(1.01033 0.028992 0)
(1.00413 0.016627 0)
(1.00204 0.00183193 0)
(1.00112 -0.010721 0)
(1.00401 -0.0255318 0)
(1.01093 -0.037738 0)
(1.02263 -0.052372 0)
(1.04194 -0.0640249 0)
(1.06376 -0.0738891 0)
(1.0903 -0.0764564 0)
(1.11031 -0.07167 0)
(1.12913 -0.0584491 0)
(1.13475 -0.0369764 0)
(1.13913 -0.0147848 0)
(1.12914 0.0125532 0)
(1.1203 0.0267407 0)
(1.10156 0.0470073 0)
(1.08281 0.0443563 0)
(1.06857 0.0534493 0)
(1.04257 0.0344116 0)
(1.04831 0.0306394 0)
(1.01366 0.0103131 0)
(1.04039 -0.010826 0)
(1.00623 -0.0110828 0)
(1.04202 -0.057934 0)
(1.02086 0.044752 0)
(1.01389 0.0390522 0)
(1.00779 0.0323019 0)
(1.00274 0.024607 0)
(0.998882 0.0161083 0)
(0.996357 0.00694332 0)
(0.995305 -0.00272964 0)
(0.995859 -0.0127446 0)
(0.998155 -0.0228451 0)
(1.00225 -0.032718 0)
(1.00813 -0.0420012 0)
(1.01567 -0.0504357 0)
(1.02481 -0.0578671 0)
(1.03557 -0.0641346 0)
(1.04826 -0.0687477 0)
(1.06299 -0.0706504 0)
(1.07944 -0.0684567 0)
(1.09612 -0.0609989 0)
(1.11097 -0.048261 0)
(1.12165 -0.0313126 0)
(1.12681 -0.0123863 0)
(1.1261 0.00650772 0)
(1.1202 0.0232411 0)
(1.11042 0.0370362 0)
(1.09784 0.0468961 0)
(1.08416 0.0531919 0)
(1.06966 0.0555342 0)
(1.05623 0.0547554 0)
(1.04292 0.0509592 0)
(1.03216 0.0446742 0)
(1.02191 0.0365303 0)
(1.01538 0.0257954 0)
(1.0098 0.0146732 0)
(1.00808 0.00122073 0)
(1.00769 -0.0102073 0)
(1.01049 -0.0233084 0)
(1.01654 -0.0337186 0)
(1.02603 -0.045839 0)
(1.04159 -0.0554262 0)
(1.059 -0.063888 0)
(1.08083 -0.0667161 0)
(1.09811 -0.0634539 0)
(1.11565 -0.0528979 0)
(1.12266 -0.0344601 0)
(1.12856 -0.0153368 0)
(1.12176 0.00903634 0)
(1.11473 0.0215171 0)
(1.09955 0.0396657 0)
(1.08252 0.037866 0)
(1.07066 0.0456667 0)
(1.04668 0.0302552 0)
(1.0521 0.0255322 0)
(1.02169 0.00838362 0)
(1.04595 -0.0112913 0)
(1.01636 -0.0121042 0)
(1.04577 -0.0510632 0)
(1.02378 0.0396018 0)
(1.01754 0.0345159 0)
(1.01209 0.0284819 0)
(1.00759 0.021596 0)
(1.00419 0.0139872 0)
(1.002 0.00578476 0)
(1.00115 -0.0028556 0)
(1.00177 -0.0117737 0)
(1.00396 -0.0207378 0)
(1.00779 -0.0294806 0)
(1.01326 -0.0376965 0)
(1.02027 -0.0451419 0)
(1.02878 -0.0516171 0)
(1.03879 -0.0568752 0)
(1.05046 -0.0604325 0)
(1.06368 -0.061442 0)
(1.07799 -0.0589424 0)
(1.0921 -0.0521792 0)
(1.10438 -0.0412825 0)
(1.11314 -0.0270577 0)
(1.11738 -0.0112204 0)
(1.11685 0.00474028 0)
(1.11199 0.0190883 0)
(1.10382 0.0311557 0)
(1.09312 0.0400033 0)
(1.08133 0.0458367 0)
(1.06863 0.0482621 0)
(1.05677 0.0478596 0)
(1.04491 0.0447719 0)
(1.03526 0.0393396 0)
(1.02601 0.0322668 0)
(1.02002 0.0227778 0)
(1.01499 0.0128741 0)
(1.01353 0.000799398 0)
(1.01356 -0.00954856 0)
(1.01638 -0.0211569 0)
(1.0219 -0.0301751 0)
(1.0298 -0.0403524 0)
(1.04239 -0.0483192 0)
(1.05627 -0.0555311 0)
(1.07424 -0.0582425 0)
(1.08924 -0.0558315 0)
(1.1054 -0.0471974 0)
(1.11312 -0.0313552 0)
(1.11971 -0.0150413 0)
(1.11526 0.00634582 0)
(1.10948 0.0171615 0)
(1.09734 0.033151 0)
(1.08193 0.0319851 0)
(1.07225 0.0385728 0)
(1.05048 0.0262504 0)
(1.05522 0.0210662 0)
(1.02908 0.00668494 0)
(1.05032 -0.0113851 0)
(1.02576 -0.0131738 0)
(1.05014 -0.0452033 0)
(1.02641 0.0348347 0)
(1.02085 0.0303222 0)
(1.016 0.0249598 0)
(1.01202 0.0188361 0)
(1.00903 0.0120681 0)
(1.00714 0.00477419 0)
(1.00648 -0.00289579 0)
(1.00714 -0.0107875 0)
(1.00922 -0.0186918 0)
(1.01277 -0.0263778 0)
(1.01779 -0.0335838 0)
(1.02422 -0.0400798 0)
(1.03203 -0.0456424 0)
(1.04118 -0.0499919 0)
(1.0517 -0.0526938 0)
(1.06336 -0.0530941 0)
(1.07566 -0.0505409 0)
(1.08751 -0.0445502 0)
(1.09771 -0.0353051 0)
(1.10497 -0.0234073 0)
(1.10856 -0.0101729 0)
(1.10827 0.00328495 0)
(1.10436 0.0155475 0)
(1.09763 0.0260418 0)
(1.08859 0.0339113 0)
(1.0785 0.0392405 0)
(1.06746 0.0416584 0)
(1.05705 0.0415445 0)
(1.04655 0.0390613 0)
(1.03795 0.0343937 0)
(1.02969 0.0282717 0)
(1.02425 0.0199453 0)
(1.01974 0.0112075 0)
(1.01845 0.000513388 0)
(1.01875 -0.00876638 0)
(1.02156 -0.0190286 0)
(1.02667 -0.0269496 0)
(1.03346 -0.0356455 0)
(1.04387 -0.0423575 0)
(1.05519 -0.0484568 0)
(1.07023 -0.0507916 0)
(1.08333 -0.0487793 0)
(1.09798 -0.0415496 0)
(1.10573 -0.0279812 0)
(1.11229 -0.0142194 0)
(1.10947 0.00425462 0)
(1.10457 0.0135079 0)
(1.09496 0.0274015 0)
(1.08112 0.0266953 0)
(1.07337 0.0322102 0)
(1.05392 0.0224091 0)
(1.05786 0.0171922 0)
(1.03575 0.00516246 0)
(1.0538 -0.0111609 0)
(1.03415 -0.0139616 0)
(1.05481 -0.0401412 0)
(1.02877 0.0304435 0)
(1.02383 0.0264638 0)
(1.01954 0.0217291 0)
(1.01603 0.0163193 0)
(1.01342 0.0103395 0)
(1.01181 0.00389997 0)
(1.0113 -0.00286088 0)
(1.01199 -0.00979693 0)
(1.01395 -0.0167201 0)
(1.01721 -0.0234287 0)
(1.02178 -0.0296941 0)
(1.02762 -0.0353008 0)
(1.0347 -0.0400215 0)
(1.04294 -0.0435809 0)
(1.05227 -0.0456113 0)
(1.06242 -0.0456184 0)
(1.07291 -0.0431659 0)
(1.08287 -0.0379442 0)
(1.09136 -0.0301448 0)
(1.09746 -0.0202188 0)
(1.10056 -0.00917911 0)
(1.10051 0.00213506 0)
(1.09741 0.0125674 0)
(1.0919 0.0216302 0)
(1.08432 0.0285632 0)
(1.07574 0.0333649 0)
(1.0662 0.0357012 0)
(1.05712 0.0357985 0)
(1.04789 0.0338235 0)
(1.04027 0.0298418 0)
(1.03296 0.0245645 0)
(1.02806 0.0173118 0)
(1.02406 0.00966497 0)
(1.02291 0.000309355 0)
(1.02334 -0.00791927 0)
(1.02604 -0.016945 0)
(1.03074 -0.0239562 0)
(1.03674 -0.0314848 0)
(1.0456 -0.0371915 0)
(1.0552 -0.0422996 0)
(1.06805 -0.0441391 0)
(1.07954 -0.0422945 0)
(1.09256 -0.0361581 0)
(1.09986 -0.0246175 0)
(1.10593 -0.013136 0)
(1.10419 0.00259127 0)
(1.09996 0.0104282 0)
(1.09244 0.022363 0)
(1.08015 0.0219822 0)
(1.07409 0.0265911 0)
(1.05697 0.0187759 0)
(1.06018 0.0138527 0)
(1.04166 0.00378158 0)
(1.05669 -0.0106943 0)
(1.04138 -0.0142712 0)
(1.05938 -0.0356635 0)
(1.03085 0.0264163 0)
(1.0265 0.0229302 0)
(1.02272 0.0187797 0)
(1.01964 0.0140352 0)
(1.01737 0.00879188 0)
(1.016 0.00315062 0)
(1.01563 -0.00276233 0)
(1.01632 -0.00881243 0)
(1.01815 -0.0148314 0)
(1.02113 -0.0206419 0)
(1.02528 -0.026042 0)
(1.03055 -0.0308331 0)
(1.03689 -0.0347994 0)
(1.04422 -0.0376896 0)
(1.05241 -0.0392032 0)
(1.06118 -0.0389718 0)
(1.07009 -0.0367062 0)
(1.07846 -0.0322074 0)
(1.08558 -0.0256594 0)
(1.09074 -0.017399 0)
(1.09345 -0.00821671 0)
(1.09358 0.00125582 0)
(1.09116 0.0100812 0)
(1.08667 0.0178473 0)
(1.08034 0.0238938 0)
(1.07309 0.0281629 0)
(1.0649 0.0303607 0)
(1.05703 0.0306033 0)
(1.04896 0.0290486 0)
(1.04225 0.0256802 0)
(1.03582 0.021156 0)
(1.03145 0.0148887 0)
(1.02794 0.00825047 0)
(1.02693 0.000156616 0)
(1.02739 -0.00706453 0)
(1.0299 -0.0149489 0)
(1.03417 -0.021155 0)
(1.03958 -0.0277022 0)
(1.04732 -0.0325567 0)
(1.05572 -0.0367872 0)
(1.06688 -0.0381329 0)
(1.07695 -0.0363873 0)
(1.08832 -0.0311693 0)
(1.09489 -0.0214519 0)
(1.10028 -0.0119712 0)
(1.09928 0.00125069 0)
(1.09566 0.00783709 0)
(1.08984 0.0179906 0)
(1.0791 0.0178339 0)
(1.07446 0.0216965 0)
(1.05958 0.015413 0)
(1.06227 0.0109898 0)
(1.0468 0.00253242 0)
(1.05927 -0.0100617 0)
(1.04747 -0.0140538 0)
(1.06353 -0.0316015 0)
(1.03693 0.0251345 0)
(1.03269 0.0227377 0)
(1.02886 0.0197077 0)
(1.02554 0.0160985 0)
(1.02285 0.0119726 0)
(1.02089 0.00741449 0)
(1.01973 0.00251502 0)
(1.01947 -0.00261134 0)
(1.02016 -0.0078435 0)
(1.02186 -0.0130323 0)
(1.02457 -0.0180215 0)
(1.02831 -0.0226333 0)
(1.03303 -0.0266886 0)
(1.03868 -0.0299919 0)
(1.04514 -0.0323241 0)
(1.05228 -0.0334457 0)
(1.05982 -0.0330829 0)
(1.06739 -0.0310468 0)
(1.07445 -0.0272092 0)
(1.08044 -0.0217401 0)
(1.08482 -0.0148917 0)
(1.0872 -0.00728597 0)
(1.08746 0.00060342 0)
(1.08558 0.00802005 0)
(1.08195 0.0146183 0)
(1.07669 0.019836 0)
(1.07059 0.0235816 0)
(1.06359 0.0256006 0)
(1.0568 0.025934 0)
(1.0498 0.0247214 0)
(1.04391 0.0218983 0)
(1.0383 0.0180477 0)
(1.03445 0.0126811 0)
(1.03139 0.00696626 0)
(1.0305 3.07922e-05 0)
(1.03095 -0.00624105 0)
(1.03324 -0.0130725 0)
(1.03707 -0.0185281 0)
(1.04199 -0.0241989 0)
(1.04888 -0.0283001 0)
(1.05636 -0.0317656 0)
(1.06612 -0.0326915 0)
(1.07489 -0.0310619 0)
(1.0847 -0.0266547 0)
(1.09048 -0.0185618 0)
(1.09516 -0.0108035 0)
(1.09472 0.000187097 0)
(1.09169 0.00568391 0)
(1.08727 0.0142451 0)
(1.07802 0.0142349 0)
(1.07456 0.0174838 0)
(1.06177 0.0123787 0)
(1.06415 0.00855463 0)
(1.05123 0.00143273 0)
(1.06168 -0.00932204 0)
(1.05255 -0.0133754 0)
(1.0671 -0.0278443 0)
(1.03802 0.0214518 0)
(1.03429 0.0193881 0)
(1.03093 0.0167788 0)
(1.02803 0.0136701 0)
(1.02569 0.0101175 0)
(1.02399 0.00619483 0)
(1.02302 0.00198222 0)
(1.02285 -0.0024179 0)
(1.02353 -0.00689797 0)
(1.02509 -0.0113271 0)
(1.02755 -0.0155689 0)
(1.03091 -0.0194681 0)
(1.03512 -0.0228668 0)
(1.04011 -0.025594 0)
(1.04579 -0.027465 0)
(1.05199 -0.0282914 0)
(1.05846 -0.0278704 0)
(1.0649 -0.0260803 0)
(1.07086 -0.0228402 0)
(1.07592 -0.0183016 0)
(1.07966 -0.0126558 0)
(1.08175 -0.00638929 0)
(1.08211 0.000137519 0)
(1.08066 0.00632065 0)
(1.07774 0.0118731 0)
(1.07338 0.0163236 0)
(1.06826 0.0195654 0)
(1.06231 0.0213795 0)
(1.05649 0.02176 0)
(1.05043 0.0208223 0)
(1.0453 0.0184807 0)
(1.04042 0.0152326 0)
(1.03706 0.0106852 0)
(1.03441 0.00581219 0)
(1.03365 -7.36344e-05 0)
(1.03405 -0.00546411 0)
(1.03614 -0.0113263 0)
(1.03955 -0.0160655 0)
(1.04405 -0.0209284 0)
(1.0502 -0.0243555 0)
(1.0569 -0.0271667 0)
(1.06543 -0.0277736 0)
(1.07304 -0.0262967 0)
(1.08144 -0.0226177 0)
(1.08648 -0.0159523 0)
(1.09054 -0.00965695 0)
(1.09053 -0.000617968 0)
(1.08808 0.00393238 0)
(1.0848 0.0110843 0)
(1.07697 0.0111614 0)
(1.07448 0.0138961 0)
(1.06359 0.00971578 0)
(1.06583 0.00650727 0)
(1.05499 0.000505344 0)
(1.06397 -0.00851574 0)
(1.05676 -0.0123593 0)
(1.07003 -0.0243291 0)
(1.03894 0.0181024 0)
(1.03567 0.0163448 0)
(1.03272 0.0141231 0)
(1.03019 0.0114768 0)
(1.02816 0.0084539 0)
(1.0267 0.005118 0)
(1.02589 0.0015402 0)
(1.02579 -0.00219137 0)
(1.02644 -0.00598183 0)
(1.02788 -0.00971797 0)
(1.0301 -0.013282 0)
(1.03311 -0.0165405 0)
(1.03685 -0.0193572 0)
(1.04126 -0.0215872 0)
(1.04622 -0.0230777 0)
(1.0516 -0.0236828 0)
(1.05716 -0.0232529 0)
(1.06265 -0.0217107 0)
(1.06771 -0.019007 0)
(1.072 -0.0152731 0)
(1.0752 -0.0106551 0)
(1.07705 -0.00553047 0)
(1.07746 -0.000178219 0)
(1.07636 0.00492634 0)
(1.07401 0.00954637 0)
(1.07041 0.0132931 0)
(1.06612 0.0160575 0)
(1.06108 0.017652 0)
(1.05611 0.0180454 0)
(1.0509 0.0173265 0)
(1.04645 0.0154072 0)
(1.04222 0.0126978 0)
(1.0393 0.00889154 0)
(1.03702 0.004784 0)
(1.03638 -0.000157367 0)
(1.03675 -0.00473396 0)
(1.03864 -0.00970509 0)
(1.04168 -0.0137591 0)
(1.04579 -0.0178731 0)
(1.05128 -0.0207004 0)
(1.05726 -0.022961 0)
(1.0647 -0.0233432 0)
(1.07129 -0.0220483 0)
(1.07848 -0.0190188 0)
(1.08289 -0.0135935 0)
(1.08643 -0.00853088 0)
(1.08677 -0.00117562 0)
(1.08486 0.00254983 0)
(1.08252 0.00846015 0)
(1.07598 0.00858059 0)
(1.07428 0.0108713 0)
(1.06506 0.0074424 0)
(1.0673 0.00481405 0)
(1.05817 -0.000224268 0)
(1.0661 -0.00766433 0)
(1.06024 -0.0111307 0)
(1.07238 -0.0210203 0)
(1.03971 0.0150571 0)
(1.03684 0.0135811 0)
(1.03426 0.011717 0)
(1.03204 0.00949772 0)
(1.03028 0.00696384 0)
(1.02903 0.00416988 0)
(1.02835 0.00117684 0)
(1.02831 -0.00193981 0)
(1.02893 -0.0050987 0)
(1.03025 -0.00820369 0)
(1.03225 -0.0111546 0)
(1.03494 -0.0138386 0)
(1.03826 -0.0161415 0)
(1.04215 -0.0179427 0)
(1.04649 -0.0191191 0)
(1.05116 -0.0195589 0)
(1.05596 -0.0191526 0)
(1.06065 -0.0178517 0)
(1.06497 -0.0156283 0)
(1.06863 -0.0125914 0)
(1.07139 -0.00885501 0)
(1.07302 -0.00471149 0)
(1.07347 -0.00037272 0)
(1.07265 0.00378785 0)
(1.07076 0.00757854 0)
(1.06778 0.0106833 0)
(1.06421 0.0130001 0)
(1.05994 0.0143695 0)
(1.0557 0.0147497 0)
(1.05122 0.0142039 0)
(1.04738 0.0126531 0)
(1.04372 0.0104249 0)
(1.04119 0.00728622 0)
(1.03923 0.00387433 0)
(1.03871 -0.000217933 0)
(1.03905 -0.00404398 0)
(1.04077 -0.00819598 0)
(1.04349 -0.0116002 0)
(1.04723 -0.0150233 0)
(1.05213 -0.0173226 0)
(1.05747 -0.0191237 0)
(1.06395 -0.0193557 0)
(1.06968 -0.0182565 0)
(1.07584 -0.0157994 0)
(1.07974 -0.0114433 0)
(1.08286 -0.00741683 0)
(1.08348 -0.00150675 0)
(1.08204 0.00150044 0)
(1.08046 0.00631837 0)
(1.07506 0.00645133 0)
(1.07401 0.00834845 0)
(1.06625 0.00555257 0)
(1.06854 0.00344227 0)
(1.06083 -0.000740332 0)
(1.06801 -0.00677618 0)
(1.06312 -0.00978382 0)
(1.07427 -0.0178928 0)
(1.04034 0.0122827 0)
(1.03781 0.0110674 0)
(1.03554 0.00953397 0)
(1.03361 0.00770967 0)
(1.03207 0.00562832 0)
(1.03099 0.00333524 0)
(1.03043 0.000881577 0)
(1.03043 -0.00166947 0)
(1.03102 -0.00424994 0)
(1.03223 -0.00677974 0)
(1.03404 -0.00917573 0)
(1.03645 -0.011345 0)
(1.0394 -0.0131938 0)
(1.04283 -0.0146246 0)
(1.04665 -0.0155407 0)
(1.05072 -0.0158572 0)
(1.05487 -0.0154947 0)
(1.05892 -0.0144238 0)
(1.06263 -0.0126297 0)
(1.06578 -0.0102006 0)
(1.06818 -0.00722518 0)
(1.06963 -0.00392822 0)
(1.0701 -0.000469232 0)
(1.06948 0.00286237 0)
(1.06797 0.00591486 0)
(1.06551 0.00843577 0)
(1.06252 0.0103355 0)
(1.0589 0.0114805 0)
(1.05528 0.0118279 0)
(1.05143 0.0114191 0)
(1.04811 0.0101888 0)
(1.04495 0.00839074 0)
(1.04277 0.00585257 0)
(1.04108 0.00307376 0)
(1.04066 -0.00025256 0)
(1.04098 -0.00338588 0)
(1.04257 -0.00678412 0)
(1.04501 -0.00957792 0)
(1.04842 -0.0123671 0)
(1.05279 -0.0142043 0)
(1.05756 -0.0156205 0)
(1.06322 -0.0157571 0)
(1.06824 -0.0148523 0)
(1.07356 -0.0128979 0)
(1.07704 -0.00945963 0)
(1.07982 -0.00630715 0)
(1.08067 -0.00163922 0)
(1.07964 0.000744332 0)
(1.07868 0.00460053 0)
(1.07423 0.00472634 0)
(1.07372 0.00626859 0)
(1.0672 0.00402124 0)
(1.06955 0.00236012 0)
(1.06303 -0.00104846 0)
(1.06964 -0.00585241 0)
(1.06549 -0.00837445 0)
(1.07577 -0.0149218 0)
(1.04085 0.00974277 0)
(1.03861 0.00877003 0)
(1.0366 0.00754431 0)
(1.03489 0.00608732 0)
(1.03355 0.00442632 0)
(1.03261 0.00259792 0)
(1.03214 0.000643584 0)
(1.03218 -0.00138548 0)
(1.03274 -0.00343422 0)
(1.03385 -0.00543798 0)
(1.03549 -0.00733005 0)
(1.03766 -0.00903607 0)
(1.0403 -0.0104817 0)
(1.04335 -0.0115906 0)
(1.04672 -0.0122886 0)
(1.05029 -0.0125129 0)
(1.05392 -0.0122065 0)
(1.05744 -0.0113523 0)
(1.06067 -0.00994324 0)
(1.06342 -0.00804955 0)
(1.06552 -0.00573797 0)
(1.06683 -0.00317727 0)
(1.0673 -0.000488164 0)
(1.06685 0.00211138 0)
(1.06563 0.00450416 0)
(1.06359 0.00649367 0)
(1.06107 0.00800558 0)
(1.05799 0.00893089 0)
(1.05488 0.00923123 0)
(1.05156 0.0089311 0)
(1.04869 0.00797998 0)
(1.04593 0.00656818 0)
(1.04405 0.00457135 0)
(1.04258 0.00237117 0)
(1.04226 -0.00025968 0)
(1.04257 -0.00275175 0)
(1.04404 -0.00545412 0)
(1.04626 -0.0076776 0)
(1.04937 -0.00988605 0)
(1.05328 -0.0113173 0)
(1.05757 -0.0124075 0)
(1.06255 -0.0124853 0)
(1.067 -0.0117669 0)
(1.07164 -0.0102531 0)
(1.07481 -0.00760622 0)
(1.07732 -0.00519537 0)
(1.07833 -0.00159838 0)
(1.07764 0.000241487 0)
(1.07717 0.00324682 0)
(1.07351 0.0033547 0)
(1.07344 0.00457286 0)
(1.06794 0.00281198 0)
(1.07037 0.00153695 0)
(1.06481 -0.00116396 0)
(1.07099 -0.00488976 0)
(1.06741 -0.00692789 0)
(1.07695 -0.01208 0)
(1.04125 0.00739636 0)
(1.03924 0.00665187 0)
(1.03744 0.00571503 0)
(1.03592 0.0046024 0)
(1.03472 0.00333494 0)
(1.03391 0.00194092 0)
(1.03351 0.000452299 0)
(1.03357 -0.00109136 0)
(1.0341 -0.00264749 0)
(1.03513 -0.00416646 0)
(1.03663 -0.00559705 0)
(1.0386 -0.00688256 0)
(1.04098 -0.0079667 0)
(1.04372 -0.00879228 0)
(1.04673 -0.00930482 0)
(1.04991 -0.0094591 0)
(1.05313 -0.009216 0)
(1.05624 -0.0085656 0)
(1.05909 -0.00750523 0)
(1.06152 -0.0060882 0)
(1.06339 -0.00436351 0)
(1.06458 -0.00245366 0)
(1.06506 -0.000445627 0)
(1.06474 0.00150035 0)
(1.06374 0.00329817 0)
(1.06202 0.00480102 0)
(1.05988 0.00595094 0)
(1.05722 0.0066631 0)
(1.05453 0.00690625 0)
(1.05162 0.0066933 0)
(1.04911 0.00598732 0)
(1.04669 0.00492526 0)
(1.04505 0.00342032 0)
(1.04377 0.00175324 0)
(1.04353 -0.000239462 0)
(1.04384 -0.00213434 0)
(1.04521 -0.00418968 0)
(1.04723 -0.00588012 0)
(1.0501 -0.00755354 0)
(1.05364 -0.00862409 0)
(1.05754 -0.00943262 0)
(1.06197 -0.00947559 0)
(1.06598 -0.00893231 0)
(1.0701 -0.00780734 0)
(1.07302 -0.0058495 0)
(1.07532 -0.00407483 0)
(1.07647 -0.00141106 0)
(1.07603 -4.88171e-05 0)
(1.07594 0.002197 0)
(1.07291 0.00228215 0)
(1.07318 0.00320173 0)
(1.0685 0.00187999 0)
(1.07099 0.000938511 0)
(1.06621 -0.00110901 0)
(1.07206 -0.0038844 0)
(1.06892 -0.00545111 0)
(1.07787 -0.00933706 0)
(1.04154 0.00519792 0)
(1.03971 0.00467115 0)
(1.03807 0.00400911 0)
(1.03669 0.00322347 0)
(1.03561 0.00232912 0)
(1.03488 0.00134614 0)
(1.03454 0.000297337 0)
(1.03461 -0.000789126 0)
(1.03512 -0.00188299 0)
(1.03608 -0.00294905 0)
(1.03748 -0.00395102 0)
(1.03929 -0.00484894 0)
(1.04148 -0.00560346 0)
(1.04398 -0.00617479 0)
(1.04672 -0.00652571 0)
(1.0496 -0.00662597 0)
(1.05251 -0.00644982 0)
(1.05532 -0.00599205 0)
(1.05788 -0.00525216 0)
(1.06007 -0.00426789 0)
(1.06178 -0.00307225 0)
(1.06288 -0.00174849 0)
(1.06336 -0.000355485 0)
(1.06313 0.000996883 0)
(1.0623 0.00224967 0)
(1.06082 0.00330118 0)
(1.05895 0.00410994 0)
(1.05661 0.00461531 0)
(1.05423 0.00479417 0)
(1.05165 0.0046527 0)
(1.04942 0.00416543 0)
(1.04725 0.00342485 0)
(1.0458 0.00237336 0)
(1.04466 0.0012042 0)
(1.04448 -0.000193912 0)
(1.04479 -0.00152643 0)
(1.04609 -0.00297283 0)
(1.04797 -0.00416099 0)
(1.05064 -0.0053352 0)
(1.05389 -0.00607881 0)
(1.05749 -0.00663761 0)
(1.06152 -0.0066604 0)
(1.0652 -0.00628074 0)
(1.06892 -0.00550421 0)
(1.07167 -0.00415655 0)
(1.07381 -0.00294059 0)
(1.07505 -0.00110585 0)
(1.07481 -0.000167975 0)
(1.07499 0.00138945 0)
(1.07244 0.00145073 0)
(1.07296 0.00209263 0)
(1.06891 0.00117325 0)
(1.07144 0.000524876 0)
(1.06725 -0.000910124 0)
(1.07285 -0.00283346 0)
(1.07005 -0.00394202 0)
(1.07854 -0.00665933 0)
(1.04174 0.00309586 0)
(1.04002 0.00278053 0)
(1.0385 0.00238462 0)
(1.03721 0.0019151 0)
(1.03621 0.00138089 0)
(1.03554 0.000794054 0)
(1.03523 0.000168309 0)
(1.03532 -0.000479428 0)
(1.03581 -0.00113099 0)
(1.03673 -0.00176523 0)
(1.03805 -0.00236048 0)
(1.03975 -0.00289293 0)
(1.0418 -0.00333922 0)
(1.04414 -0.00367585 0)
(1.0467 -0.0038811 0)
(1.04938 -0.00393747 0)
(1.05208 -0.00383044 0)
(1.05468 -0.00355766 0)
(1.05706 -0.00311948 0)
(1.05909 -0.00253781 0)
(1.06068 -0.00183241 0)
(1.06173 -0.00105172 0)
(1.0622 -0.000229904 0)
(1.06203 0.000569428 0)
(1.06131 0.00131102 0)
(1.05999 0.00193524 0)
(1.05831 0.00241687 0)
(1.05619 0.00271985 0)
(1.05402 0.00282939 0)
(1.05166 0.0027487 0)
(1.04961 0.00246193 0)
(1.04762 0.0020237 0)
(1.0463 0.0013997 0)
(1.04526 0.000704923 0)
(1.04512 -0.000127231 0)
(1.04543 -0.000920564 0)
(1.04668 -0.00178309 0)
(1.04846 -0.0024901 0)
(1.051 -0.00318888 0)
(1.05405 -0.00362795 0)
(1.05744 -0.00395722 0)
(1.0612 -0.00396807 0)
(1.06466 -0.00374309 0)
(1.06812 -0.0032868 0)
(1.07076 -0.00249597 0)
(1.07279 -0.00178503 0)
(1.0741 -0.000707735 0)
(1.07397 -0.000157253 0)
(1.07435 0.000760191 0)
(1.07211 0.00079842 0)
(1.07281 0.00117618 0)
(1.06918 0.000635888 0)
(1.07174 0.000250438 0)
(1.06794 -0.000597535 0)
(1.07338 -0.00173589 0)
(1.07081 -0.00239529 0)
(1.07899 -0.00400917 0)
(1.04183 0.00103084 0)
(1.04018 0.000925547 0)
(1.03872 0.000793419 0)
(1.03748 0.000636784 0)
(1.03652 0.000458633 0)
(1.03588 0.000262982 0)
(1.03559 5.44346e-05 0)
(1.03568 -0.000161367 0)
(1.03617 -0.00037832 0)
(1.03706 -0.000589366 0)
(1.03834 -0.000787285 0)
(1.03999 -0.000964157 0)
(1.04197 -0.00111219 0)
(1.04422 -0.00122365 0)
(1.04668 -0.00129134 0)
(1.04926 -0.00130946 0)
(1.05185 -0.00127347 0)
(1.05435 -0.00118265 0)
(1.05663 -0.00103721 0)
(1.05858 -0.000844202 0)
(1.06012 -0.000610534 0)
(1.06113 -0.000352003 0)
(1.0616 -7.9904e-05 0)
(1.06146 0.000185302 0)
(1.0608 0.000431426 0)
(1.05956 0.000638916 0)
(1.05797 0.00079919 0)
(1.05596 0.000900438 0)
(1.05391 0.000937334 0)
(1.05165 0.000911157 0)
(1.04971 0.000816166 0)
(1.04781 0.000670875 0)
(1.04656 0.000463385 0)
(1.04557 0.000232445 0)
(1.04545 -4.46816e-05 0)
(1.04576 -0.000308584 0)
(1.04698 -0.000596076 0)
(1.04871 -0.000831179 0)
(1.05118 -0.00106384 0)
(1.05413 -0.00120929 0)
(1.05741 -0.00131828 0)
(1.06103 -0.00132144 0)
(1.06438 -0.00124674 0)
(1.06771 -0.00109599 0)
(1.07029 -0.000834753 0)
(1.07227 -0.000600257 0)
(1.0736 -0.000244463 0)
(1.07354 -6.25268e-05 0)
(1.07401 0.00024072 0)
(1.07194 0.000254321 0)
(1.07272 0.000378206 0)
(1.06931 0.000200959 0)
(1.07189 7.08355e-05 0)
(1.0683 -0.000208509 0)
(1.07364 -0.00058778 0)
(1.0712 -0.000805921 0)
(1.07922 -0.00134291 0)
)
;

boundaryField
{
    inlet
    {
        type            uniformFixedValue;
        uniformValue    constant (1 0 0);
        value           nonuniform 0();
    }
    outlet
    {
        type            pressureInletOutletVelocity;
        value           nonuniform List<vector> 
35
(
(0.902691 -0.216821 0)
(0.914809 -0.213756 0)
(0.927034 -0.21014 0)
(0.939249 -0.205905 0)
(0.951318 -0.200981 0)
(0.963092 -0.195305 0)
(0.974406 -0.188818 0)
(0.985087 -0.181473 0)
(0.994959 -0.173243 0)
(1.00386 -0.164128 0)
(1.01164 -0.154163 0)
(1.0182 -0.143434 0)
(1.02351 -0.132082 0)
(1.02762 -0.120317 0)
(1.03068 -0.108414 0)
(1.03296 -0.0966996 0)
(1.03484 -0.0855217 0)
(1.03673 -0.0751993 0)
(1.03903 -0.0659677 0)
(1.04202 -0.057934 0)
(1.04577 -0.0510632 0)
(1.05014 -0.0452033 0)
(1.05481 -0.0401412 0)
(1.05938 -0.0356635 0)
(1.06353 -0.0316015 0)
(1.0671 -0.0278443 0)
(1.07003 -0.0243291 0)
(1.07238 -0.0210203 0)
(1.07427 -0.0178928 0)
(1.07577 -0.0149218 0)
(1.07695 -0.01208 0)
(1.07787 -0.00933706 0)
(1.07854 -0.00665933 0)
(1.07899 -0.00400917 0)
(1.07922 -0.00134291 0)
)
;
    }
    cylinder
    {
        type            fixedValue;
        value           nonuniform 0();
    }
    top
    {
        type            symmetryPlane;
    }
    bottom
    {
        type            symmetryPlane;
    }
    defaultFaces
    {
        type            empty;
    }
    procBoundary3to2
    {
        type            processor;
        value           nonuniform List<vector> 
36
(
(0.937053 0.226601 0)
(0.942852 0.2168 0)
(0.948675 0.206909 0)
(0.954503 0.196941 0)
(0.960313 0.186916 0)
(0.966078 0.17686 0)
(0.971763 0.166809 0)
(0.977332 0.156806 0)
(0.982746 0.146898 0)
(0.987968 0.137135 0)
(0.992968 0.127565 0)
(0.997724 0.118228 0)
(1.00222 0.109162 0)
(1.00646 0.100394 0)
(1.01042 0.0919529 0)
(1.01412 0.0838612 0)
(1.01754 0.0761411 0)
(1.02069 0.0688122 0)
(1.02358 0.0618906 0)
(1.02619 0.0553871 0)
(1.02856 0.0493078 0)
(1.03067 0.0436537 0)
(1.03256 0.0384203 0)
(1.03422 0.0335989 0)
(1.03567 0.0291763 0)
(1.03567 0.0291763 0)
(1.04147 0.0268635 0)
(1.042 0.0229404 0)
(1.04244 0.0193714 0)
(1.04278 0.0161244 0)
(1.04305 0.0131636 0)
(1.04326 0.0104496 0)
(1.04341 0.00793874 0)
(1.04352 0.00558259 0)
(1.04358 0.00332655 0)
(1.04362 0.00110796 0)
)
;
    }
    procBoundary3to6
    {
        type            processor;
        value           uniform (0.931295 0.236302 0);
    }
    procBoundary3to7
    {
        type            processor;
        value           nonuniform List<vector> 
57
(
(0.89724 0.227559 0)
(0.867793 0.208116 0)
(0.838844 0.184338 0)
(0.814595 0.15154 0)
(0.799444 0.107191 0)
(0.795481 0.0531677 0)
(0.802159 -0.00547234 0)
(0.817385 -0.0631722 0)
(0.838788 -0.116716 0)
(0.864493 -0.165969 0)
(0.893416 -0.212946 0)
(0.924995 -0.259876 0)
(0.958959 -0.306756 0)
(0.994775 -0.349611 0)
(1.03143 -0.380372 0)
(1.06689 -0.389115 0)
(1.09873 -0.367167 0)
(1.13843 -0.304585 0)
(1.13843 -0.304585 0)
(1.15528 -0.218364 0)
(1.16029 -0.108209 0)
(1.15323 0.0114765 0)
(1.13513 0.122617 0)
(1.10805 0.209982 0)
(1.0754 0.266144 0)
(1.04019 0.291589 0)
(1.00583 0.292871 0)
(0.972764 0.277927 0)
(0.941256 0.25527 0)
(0.909917 0.227838 0)
(0.881319 0.196699 0)
(0.858264 0.156596 0)
(0.845322 0.106671 0)
(0.844129 0.0442209 0)
(0.853971 -0.0258046 0)
(0.873447 -0.100368 0)
(0.898161 -0.173538 0)
(0.928234 -0.238633 0)
(0.957705 -0.292549 0)
(0.989443 -0.322016 0)
(1.01455 -0.327522 0)
(1.0397 -0.290352 0)
(1.05198 -0.222345 0)
(1.06468 -0.115514 0)
(1.05923 -0.00348535 0)
(1.05294 0.106918 0)
(1.02665 0.186209 0)
(1.00398 0.230566 0)
(0.970624 0.251577 0)
(0.93916 0.231935 0)
(0.902394 0.236176 0)
(0.872037 0.166282 0)
(0.849493 0.155516 0)
(0.84785 0.0326102 0)
(0.849137 -0.0162174 0)
(0.864546 -0.119143 0)
(0.890778 -0.219401 0)
)
;
    }
}


// ************************************************************************* //
