/*--------------------------------*- C++ -*----------------------------------*\
  =========                 |
  \\      /  F ield         | OpenFOAM: The Open Source CFD Toolbox
   \\    /   O peration     | Website:  https://openfoam.org
    \\  /    A nd           | Version:  7
     \\/     M anipulation  |
\*---------------------------------------------------------------------------*/
FoamFile
{
    version     2.0;
    format      ascii;
    class       surfaceScalarField;
    location    "100";
    object      phi;
}
// * * * * * * * * * * * * * * * * * * * * * * * * * * * * * * * * * * * * * //

dimensions      [0 3 -1 0 0 0 0];

internalField   nonuniform List<scalar> 
3883
(
-0.00662537
0.00296933
-0.00672485
0.002869
0.00267335
-0.00651649
-0.00681897
0.00276747
0.002576
-0.0066038
-0.00690786
0.00266489
0.00247763
-0.00668607
-0.00699158
0.00256136
0.00237835
-0.00676336
-0.00707019
0.00245696
0.00220592
-0.0065487
0.00227827
-0.00683571
-0.00714372
0.00235179
0.00211003
-0.00661401
0.00217745
-0.00690313
-0.00721216
0.0022459
0.00201349
-0.00667462
0.00207599
-0.00696562
-0.00727555
0.00213937
0.00191637
-0.00673056
0.00197395
-0.0070232
-0.00733386
0.00203226
0.00176751
-0.00650139
0.00181875
-0.0067818
0.0018714
-0.00707584
-0.00738711
0.00192464
0.00167414
-0.00654687
0.00172069
-0.00682835
0.00176841
-0.00712356
-0.00743529
0.00181658
0.00158043
-0.00658784
0.00162226
-0.00687019
0.00166504
-0.00716634
-0.00747838
0.00170814
0.00148642
-0.00662428
0.00152354
-0.00690731
0.00156137
-0.00720417
-0.0075164
0.00159939
0.00139218
-0.00665618
0.00142457
-0.0069397
0.00145746
-0.00723707
-0.00754932
0.00149038
0.00129778
-0.00668354
0.00132544
-0.00696735
0.00135338
-0.00726501
-0.00757713
0.0013812
0.00120328
-0.00670634
0.00122619
-0.00699027
0.00124919
-0.007288
-0.00759985
0.0012719
0.00110874
-0.00672457
0.00112691
-0.00700843
0.00114495
-0.00730604
-0.00761745
0.00116255
0.00101423
-0.00673824
0.00102764
-0.00702184
0.00104073
-0.00731914
-0.00762995
0.00105323
0.000910701
-0.00647775
0.000919793
-0.00674733
0.000928452
-0.0070305
0.000936601
-0.00732729
-0.00763734
0.000943993
0.000820986
-0.00648282
0.000825502
-0.00675184
0.00082941
-0.00703441
0.00083262
-0.0073305
-0.00763964
0.000834914
0.000731473
-0.00648348
0.000731413
-0.00675178
0.000730573
-0.00703357
0.000728853
-0.00732878
-0.00763685
0.000726062
0.000642218
-0.00647973
0.000637586
-0.00674715
0.000632002
-0.00702798
0.000625363
-0.00732214
-0.00762899
0.000617506
0.000553278
-0.00647158
0.000544076
-0.00673795
0.000533757
-0.00701766
0.000522212
-0.00731059
-0.00761608
0.0005093
0.000464708
0.000450941
-0.00672418
0.000435894
-0.00700262
0.000419461
-0.00729416
-0.00759812
0.000401501
0.000358236
-0.00670586
0.000338468
-0.00698285
0.000317163
-0.00727285
-0.00757512
0.000294162
0.000266024
-0.00668298
0.000241541
-0.00695837
0.000215354
-0.00724667
0.000187323
0.000174371
0.000145206
0.00636541
0.000571842
-0.00635687
0.00637733
0.000543305
0.00639231
0.000515279
0.00641006
0.000485081
0.00643074
0.000451429
0.00645464
0.00041349
0.00648176
0.000369871
0.00651178
0.000318554
0.0065441
0.000257432
0.00657785
0.000184405
0.00661173
9.72726e-05
0.00664413
-5.59334e-06
-0.000125698
0.00658417
0.000560646
-0.00657297
0.0065981
0.000529367
0.0066149
0.000498484
0.00663431
0.000465673
0.00665632
0.000429414
0.00668104
0.000388774
0.00670835
0.000342555
0.00673786
0.00028905
0.00676888
0.000226408
0.00680049
0.000152794
0.00683137
6.63903e-05
0.00685997
-3.41925e-05
-0.00015017
0.0068048
0.000547376
-0.00679153
0.00682018
0.000513986
0.00683799
0.000480677
0.0068581
0.00044556
0.00688044
0.000407074
0.00690499
0.000364227
0.00693158
0.000315969
0.00695976
0.000260872
0.00698882
0.000197342
0.00701782
0.000123793
0.00704549
3.8723e-05
0.00707035
-5.90568e-05
-0.000170493
0.00702893
0.00053246
-0.00701401
0.00704539
0.000497527
0.00706378
0.000462287
0.00708408
0.000425261
0.00710618
0.000384974
0.00712998
0.000340419
0.00715528
0.000290667
0.00718163
0.000234531
0.00720831
0.00017066
0.0072344
9.7699e-05
0.00725872
1.44084e-05
0.00727987
-8.02092e-05
-0.000186875
0.00725736
0.000516236
-0.00724114
0.00727465
0.000480238
0.00729338
0.000443556
0.00731359
0.000405058
0.00733515
0.000363413
0.00735792
0.000317646
0.00738166
0.000266927
0.00740592
0.00021027
0.00743004
0.000146546
0.00745312
7.46189e-05
0.00747406
-6.53769e-06
0.00749158
-9.77317e-05
-0.000199518
0.00749037
0.000498931
-0.00747306
0.00750833
0.000462274
0.00752727
0.000424614
0.00754724
0.000385094
0.00756811
0.000342537
0.00758973
0.000296032
0.00761181
0.000244842
0.00763394
0.000188147
0.00765546
0.000125018
0.00767557
5.45113e-05
0.00769324
-2.42102e-05
0.00770731
-0.000111795
-0.000208658
0.00772802
0.000480693
-0.00770979
0.00774655
0.000443746
0.00776563
0.000405539
0.00778529
0.000365432
0.00780543
0.000322398
0.00782586
0.000275604
0.0078463
0.000224402
0.00786633
0.000168114
0.00788537
0.000105982
0.00790264
3.72378e-05
0.00791723
-3.8797e-05
0.00792806
-0.000122633
-0.00021457
0.00797057
0.000461655
-0.00795154
0.00798956
0.000424761
0.0080087
0.000386399
0.00802802
0.000346111
0.00804741
0.000303008
0.00806667
0.000256341
0.00808553
0.000205544
0.00810358
0.000150065
0.00812027
8.92902e-05
0.0081349
2.26033e-05
0.00814664
-5.05354e-05
0.00815453
-0.000130521
-0.000217557
0.00821858
0.000441982
-0.00819891
0.00823789
0.000405451
0.00825701
0.000367284
0.00827594
0.000327181
0.00829457
0.000284379
0.00831269
0.000238214
0.00833004
0.000188196
0.00834623
0.000133877
0.00836075
7.4772e-05
0.00837296
1.03937e-05
0.0083821
-5.96798e-05
0.00838733
-0.000135746
-0.000217931
0.00847288
0.000421869
-0.00845276
0.00849236
0.000385973
0.00851133
0.000348307
0.0085298
0.00030871
0.00854765
0.000266537
0.00856466
0.000221203
0.00858056
0.000172289
0.00859501
0.000119434
0.00860752
6.22625e-05
0.00861751
4.00552e-07
0.00862431
-6.64793e-05
0.00862715
-0.000138589
-0.000215993
0.00873429
0.000401517
-0.00871394
0.00875378
0.000366486
0.0087725
0.000329587
0.00879043
0.000290775
0.00880746
0.000249515
0.00882336
0.000205296
0.00883789
0.000157762
0.0088507
0.000106627
0.00886135
5.16081e-05
0.00886932
-7.57311e-06
0.00887401
-7.11665e-05
0.00887473
-0.000139312
-0.000212025
0.00900349
0.000381109
-0.00898308
0.00902285
0.00034713
0.00904121
0.000311226
0.00905854
0.000273439
0.00907472
0.000233335
0.00908954
0.000190474
0.00910275
0.000144554
0.00911402
9.53564e-05
0.00912297
4.26567e-05
0.00912911
-1.37132e-05
0.00913191
-7.39617e-05
0.00913076
-0.000138161
-0.000206286
0.00928093
0.000360789
-0.00926061
0.00930004
0.000328017
0.00931797
0.000293299
0.00933466
0.000256744
0.00934999
0.000218004
0.00936376
0.000176704
0.00937572
0.000132592
0.00938558
8.54985e-05
0.00939297
3.52686e-05
0.00939747
-1.82081e-05
0.00939858
-7.5077e-05
0.00939579
-0.000135369
-0.000199026
0.00956693
0.000340673
-0.00954682
0.00958571
0.000309234
0.00960315
0.00027586
0.00961919
0.00024071
0.00963368
0.000203508
0.00964645
0.000163937
0.00965725
0.00012179
0.00966581
7.69388e-05
0.0096718
2.92767e-05
0.00967484
-2.12392e-05
0.00967448
-7.47242e-05
0.00967028
-0.000131165
-0.000190481
0.00986181
0.000320855
-0.00984199
0.0098802
0.00029085
0.00989711
0.000258948
0.00991248
0.000225342
0.00992617
0.000189819
0.00993799
0.000152113
0.00994773
0.000112054
0.00995511
6.9551e-05
0.00995987
2.45226e-05
0.00996162
-2.29926e-05
0.00996001
-7.31116e-05
0.00995462
-0.000125774
-0.000180884
0.0101659
0.000301414
-0.0101465
0.0101839
0.000272921
0.0102002
0.000242591
0.0102149
0.00021064
0.0102278
0.000176906
0.0102388
0.000141168
0.0102476
0.000103286
0.0102539
6.31948e-05
0.0102576
2.08696e-05
0.0102582
-2.36575e-05
0.0102556
-7.04408e-05
0.0102492
-0.000119413
-0.000170461
0.0104797
0.000282418
-0.0104607
0.0104972
0.000255496
0.0105129
0.000226811
0.010527
0.000196596
0.0105392
0.000164731
0.0105493
0.000131034
0.0105572
9.5392e-05
0.0105626
5.77612e-05
0.0105654
1.81406e-05
0.0105651
-2.34011e-05
0.0105616
-6.69069e-05
0.0105544
-0.000112287
-0.000159424
0.0108037
0.000263924
-0.0107853
0.0108206
0.00023861
0.0108358
0.000211621
0.0108492
0.000183198
0.0108607
0.000153256
0.0108701
0.000121645
0.0108772
8.8276e-05
0.0108818
5.31239e-05
0.0108838
1.62005e-05
0.0108828
-2.23918e-05
0.0108785
-6.26906e-05
0.0108709
-0.000104592
-0.000147973
0.0111385
0.000245978
-0.0111206
0.0111548
0.000222292
0.0111694
0.000197028
0.0111822
0.000170429
0.011193
0.000142439
0.0112017
0.000112936
0.0112081
8.18489e-05
0.0112121
4.91676e-05
0.0112134
1.4912e-05
0.0112118
-2.07848e-05
0.0112071
-5.79632e-05
0.011199
-9.65084e-05
-0.000136295
0.0114846
0.000228609
-0.0114673
0.0115004
0.000206556
0.0115144
0.000183026
0.0115265
0.000158264
0.0115368
0.000132233
0.0115449
0.000104837
0.0115507
7.60213e-05
0.0115541
4.57849e-05
0.0115548
1.41442e-05
0.0115528
-1.87238e-05
0.0115477
-5.28828e-05
0.0115394
-8.82016e-05
-0.000124558
0.0118428
0.000211837
-0.011826
0.011858
0.000191406
0.0118714
0.000169606
0.011883
0.000146673
0.0118926
0.000122591
0.0119002
9.72826e-05
0.0119055
7.07046e-05
0.0119084
4.2863e-05
0.0119088
1.37936e-05
0.0119064
-1.63482e-05
0.0119011
-4.75933e-05
0.0118927
-7.9824e-05
-0.000112917
0.0122137
0.000195666
-0.0121975
0.0122283
0.000176835
0.0122411
0.000156744
0.0122522
0.000135621
0.0122613
0.00011346
0.0122684
9.0203e-05
0.0122733
6.58171e-05
0.0122758
4.03146e-05
0.0122759
1.37289e-05
0.0122733
-1.37764e-05
0.0122679
-4.22279e-05
0.0122596
-7.15121e-05
-0.000101511
0.012598
0.000180089
-0.0125824
0.012612
0.000162828
0.0126244
0.000144414
0.0126349
0.000125065
0.0126436
0.000104786
0.0126503
8.35312e-05
0.0126548
6.12772e-05
0.0126571
3.80397e-05
0.0126569
1.38551e-05
0.0126543
-1.11227e-05
0.012649
-3.69042e-05
0.0126408
-6.33882e-05
-9.04613e-05
0.0129966
0.000165089
-0.0129816
0.01301
0.000149357
0.0130219
0.00013258
0.013032
0.00011496
0.0130402
9.65119e-05
0.0130466
7.71996e-05
0.0130508
5.70074e-05
0.0130529
3.59539e-05
0.0130527
1.40739e-05
0.0130501
-8.4887e-06
0.0130449
-3.1728e-05
0.0130371
-5.55588e-05
-7.98729e-05
0.0134101
0.000150638
-0.0133957
0.0134231
0.000136389
0.0134345
0.000121199
0.0134442
0.000105256
0.0134521
8.85794e-05
0.0134582
7.11423e-05
0.0134622
5.29342e-05
0.0134642
3.39758e-05
0.013464
1.42997e-05
0.0134615
-5.96496e-06
0.0134565
-2.67916e-05
0.0134491
-4.81157e-05
-6.98343e-05
0.0138396
0.000136698
-0.0138257
0.0138521
0.000123882
0.0138631
0.000110225
0.0138724
9.59003e-05
0.0138801
8.09302e-05
0.0138859
6.52951e-05
0.0138899
4.89884e-05
0.0138918
3.20316e-05
0.0138917
1.44562e-05
0.0138893
-3.63095e-06
0.0138847
-2.21736e-05
0.0138777
-4.1135e-05
-6.04171e-05
0.0142859
0.000123226
-0.0142724
0.014298
0.000111789
0.0143086
9.96075e-05
0.0143177
8.68384e-05
0.0143251
7.35059e-05
0.0143308
5.95963e-05
0.0143347
4.51057e-05
0.0143366
3.0055e-05
0.0143366
1.44765e-05
0.0143345
-1.55665e-06
0.0143303
-1.79372e-05
0.0143238
-3.46764e-05
-5.16755e-05
0.01475
0.000110168
-0.0147369
0.0147617
0.000100057
0.014772
8.92912e-05
0.0147809
7.80138e-05
0.0147881
6.62488e-05
0.0147937
5.39872e-05
0.0147976
4.12276e-05
0.0147997
2.79905e-05
0.0147998
1.43093e-05
0.0147981
1.83923e-07
0.0147943
-1.41247e-05
0.0147884
-2.87819e-05
-4.36454e-05
0.015233
9.7468e-05
-0.0152203
0.0152444
8.8628e-05
0.0152545
7.92192e-05
0.0152631
6.93694e-05
0.0152703
5.9102e-05
0.0152758
4.84113e-05
0.0152798
3.72974e-05
0.015282
2.57787e-05
0.0152824
1.3885e-05
0.015281
1.62579e-06
0.0152776
-1.07966e-05
0.0152723
-2.34902e-05
-3.63496e-05
0.015736
8.50619e-05
-0.0157236
0.0157471
7.74409e-05
0.015757
6.93323e-05
0.0157656
6.08486e-05
0.0157726
5.20119e-05
0.0157782
4.28188e-05
0.0157823
3.32704e-05
0.0157847
2.33833e-05
0.0157854
1.31838e-05
0.0157843
2.68687e-06
0.0157815
-7.95454e-06
0.0157768
-1.88047e-05
-2.97865e-05
0.0162602
7.28822e-05
-0.016248
0.0162712
6.64315e-05
0.016281
5.95701e-05
0.0162894
5.23953e-05
0.0162965
4.4927e-05
0.0163022
3.71639e-05
0.0163064
2.91073e-05
0.016309
2.07717e-05
0.01631
1.21807e-05
0.0163093
3.35083e-06
0.016307
-5.60716e-06
0.0163029
-1.47203e-05
-2.39373e-05
0.0168071
6.08557e-05
-0.0167951
0.016818
5.55323e-05
0.0168277
4.98711e-05
0.0168362
4.39542e-05
0.0168433
3.77993e-05
0.0168491
3.14059e-05
0.0168534
2.47758e-05
0.0168562
1.7921e-05
0.0168576
1.08615e-05
0.0168573
3.61511e-06
0.0168554
-3.74341e-06
0.0168519
-1.12119e-05
-1.87623e-05
0.0173782
4.89042e-05
-0.0173662
0.017389
4.46721e-05
0.0173987
4.01717e-05
0.0174072
3.54704e-05
0.0174144
3.05827e-05
0.0174203
2.55088e-05
0.0174249
2.02507e-05
0.017428
1.48178e-05
0.0174296
9.22649e-06
0.0174297
3.49178e-06
0.0174283
-2.33629e-06
0.0174253
-8.23761e-06
-1.42013e-05
0.017975
3.69453e-05
-0.0179631
0.0179859
3.37764e-05
0.0179957
3.04082e-05
0.0180043
2.68904e-05
0.0180116
2.32353e-05
0.0180177
1.94433e-05
0.0180224
1.55156e-05
0.0180258
1.14594e-05
0.0180277
7.28724e-06
0.0180282
3.01239e-06
0.0180272
-1.33532e-06
0.0180247
-5.73073e-06
-1.01706e-05
0.0185996
2.48799e-05
-0.0185875
0.0186106
2.27622e-05
0.0186205
2.05082e-05
0.0186292
1.81573e-05
0.0186367
1.57156e-05
0.018643
1.31834e-05
0.0186479
1.05619e-05
0.0186516
7.85577e-06
0.0186538
5.07292e-06
0.0186546
2.22084e-06
0.0186539
-6.80854e-07
0.0186518
-3.60443e-06
-6.56086e-06
0.0192539
1.26212e-05
-0.0192417
0.0192651
1.15426e-05
0.0192752
1.04063e-05
0.0192842
9.2189e-06
0.0192919
7.98652e-06
0.0192984
6.70967e-06
0.0193035
5.38848e-06
0.0193074
4.02511e-06
0.0193098
2.62387e-06
0.0193109
1.19019e-06
0.0193104
-2.68857e-07
0.0193086
-1.7421e-06
-3.22878e-06
0.0199404
-0.0199278
0.0199519
0.0199623
0.0199716
0.0199795
0.0199863
0.0199916
0.0199957
0.0199983
0.0199995
0.0199992
0.0199975
0.000703146
0.00469068
-0.00466777
0.000680097
0.00484552
-0.00482247
0.000657175
0.00500571
-0.00498278
0.000634569
0.0051723
-0.0051497
0.000612306
0.00534567
-0.00532341
0.000590322
0.00552576
-0.00550377
0.000568598
0.00571256
-0.00569083
0.000547106
0.00590605
-0.00588456
0.000525839
0.00610638
-0.00608511
0.000504804
0.00631371
-0.00629267
0.000484005
0.00652824
-0.00650744
0.000463453
0.00675021
-0.00672966
0.000443154
0.00697983
-0.00695953
0.000423108
0.00721734
-0.0071973
0.000403341
0.00746306
-0.00744329
0.000383862
0.00771721
-0.00769773
0.000364679
0.00798008
-0.0079609
0.000345801
0.00825198
-0.0082331
0.000327236
0.00853321
-0.00851464
0.000308992
0.0088241
-0.00880585
0.000291075
0.009125
-0.00910709
0.000273484
0.0094363
-0.00941871
0.000256222
0.00975833
-0.00974107
0.000239286
0.0100916
-0.0100747
0.000222683
0.0104365
-0.0104199
0.000206403
0.0107935
-0.0107773
0.000190439
0.0111632
-0.0111472
0.00017478
0.011546
-0.0115304
0.000159408
0.0119426
-0.0119273
0.000144306
0.0123537
-0.0123386
0.00012945
0.0127798
-0.0127649
0.000114811
0.0132218
-0.0132071
0.000100356
0.0136804
-0.0136659
8.60453e-05
0.0141565
-0.0141422
7.18323e-05
0.0146511
-0.0146369
5.76631e-05
0.0151652
-0.015151
4.3474e-05
0.0156999
-0.0156857
2.9194e-05
0.0162566
-0.0162423
1.47277e-05
0.0168364
-0.016822
0.017441
-0.0174263
0.000811055
0.00471454
0.000786961
0.00486961
0.000762868
0.0050298
0.000738984
0.00519619
0.000715365
0.00536929
0.000691968
0.00554915
0.000668761
0.00573576
0.000645712
0.0059291
0.00062281
0.00612928
0.000600058
0.00633646
0.000577462
0.00655084
0.00055503
0.00677264
0.00053277
0.00700209
0.000510685
0.00723943
0.000488794
0.00748495
0.000467106
0.0077389
0.000445631
0.00800156
0.000424375
0.00827323
0.000403346
0.00855423
0.00038255
0.00884489
0.000361991
0.00914556
0.000341671
0.00945662
0.000321583
0.00977842
0.00030173
0.0101114
0.000282112
0.0104561
0.000262718
0.0108129
0.000243536
0.0111824
0.000224552
0.011565
0.000205747
0.0119615
0.000187098
0.0123723
0.000168578
0.0127983
0.000150154
0.0132402
0.000131786
0.0136987
0.000113431
0.0141748
9.50364e-05
0.0146695
7.65418e-05
0.0151837
5.78775e-05
0.0157186
3.89644e-05
0.0162755
1.96999e-05
0.0168557
0.0174607
0.000919193
0.00473934
0.000894056
0.00489475
0.000868791
0.00505506
0.000843621
0.00522136
0.000818632
0.00539428
0.000793801
0.00557398
0.000769094
0.00576047
0.000744473
0.00595372
0.000719923
0.00615383
0.000695442
0.00636094
0.000671036
0.00657525
0.000646712
0.00679696
0.000622479
0.00702633
0.000598341
0.00726357
0.000574315
0.00750898
0.000550409
0.0077628
0.00052663
0.00802533
0.000502988
0.00829687
0.000479486
0.00857774
0.00045613
0.00886825
0.000432923
0.00916877
0.000409866
0.00947968
0.000386949
0.00980133
0.000364175
0.0101342
0.000341537
0.0104788
0.000319024
0.0108354
0.000296622
0.0112048
0.000274313
0.0115873
0.000252074
0.0119837
0.000229878
0.0123945
0.000207694
0.0128205
0.000185485
0.0132624
0.000163206
0.013721
0.000140808
0.0141972
0.000118234
0.014692
9.5416e-05
0.0152065
7.22781e-05
0.0157417
4.87331e-05
0.016299
2.46718e-05
0.0168798
0.0174854
0.00102749
0.00476508
0.00100131
0.00492092
0.000974877
0.0050815
0.000948416
0.00524782
0.000922043
0.00542065
0.000895761
0.00560027
0.000869536
0.00578669
0.000843328
0.00597993
0.000817115
0.00618004
0.000790893
0.00638716
0.000764666
0.00660147
0.000738439
0.00682319
0.000712223
0.00705254
0.000686021
0.00728977
0.00065985
0.00753515
0.000633715
0.00778894
0.000607625
0.00805142
0.000581587
0.00832291
0.000555606
0.00860372
0.000529684
0.00889417
0.000503823
0.00919463
0.000478024
0.00950548
0.000452274
0.00982708
0.000426575
0.0101599
0.000400916
0.0105044
0.000375284
0.0108611
0.000349661
0.0112304
0.000324027
0.011613
0.000298355
0.0120094
0.000272615
0.0124203
0.00024677
0.0128463
0.000220779
0.0132884
0.000194594
0.0137472
0.000168158
0.0142237
0.000141408
0.0147188
0.000114271
0.0152336
8.66645e-05
0.0157693
5.84933e-05
0.0163272
2.96395e-05
0.0169086
0.017515
0.00113587
0.00479177
0.00110866
0.00494814
0.00108106
0.0051091
0.0010533
0.00527557
0.00102554
0.00544842
0.000997785
0.00562802
0.000970026
0.00581445
0.000942216
0.00600774
0.000914328
0.00620793
0.000886353
0.00641514
0.000858293
0.00662953
0.000830154
0.00685133
0.000801943
0.00708075
0.000773668
0.00731804
0.000745341
0.00756348
0.00071697
0.00781731
0.000688561
0.00807983
0.000660121
0.00835135
0.000631654
0.00863218
0.000603161
0.00892266
0.000574643
0.00922315
0.000546098
0.00953403
0.000517514
0.00985567
0.000488888
0.0101885
0.000460208
0.0105331
0.000431458
0.0108898
0.000402617
0.0112592
0.00037366
0.0116419
0.000344559
0.0120385
0.000315279
0.0124495
0.000285778
0.0128758
0.000256012
0.0133181
0.000225926
0.0137773
0.000195458
0.0142541
0.000164541
0.0147497
0.000133094
0.0152651
0.000101027
0.0158014
6.82375e-05
0.01636
3.45996e-05
0.0169423
0.0175496
0.00124427
0.0048194
0.00121602
0.00497638
0.00118727
0.00513785
0.00115822
0.00530461
0.00112905
0.00547759
0.00109982
0.00565725
0.0010705
0.00584377
0.00104108
0.00603717
0.0010115
0.00623751
0.000981762
0.00644487
0.000951859
0.00665944
0.000921797
0.00688139
0.000891584
0.00711097
0.000861226
0.0073484
0.000830736
0.00759397
0.000800121
0.00784792
0.000769386
0.00811057
0.000738538
0.0083822
0.00070758
0.00866314
0.000676513
0.00895373
0.000645335
0.00925433
0.000614042
0.00956532
0.000582623
0.00988708
0.000551072
0.0102201
0.000519373
0.0105648
0.000487506
0.0109217
0.00045545
0.0112913
0.000423177
0.0116742
0.000390652
0.012071
0.000357838
0.0124824
0.00032469
0.012909
0.000291157
0.0133517
0.000257179
0.0138113
0.000222691
0.0142886
0.000187616
0.0147848
0.00015187
0.0153008
0.000115354
0.0158379
7.79582e-05
0.0163974
3.95479e-05
0.0169807
0.0175892
0.00135262
0.00484798
0.00132334
0.00500566
0.00129344
0.00516776
0.00126311
0.00533495
0.00123253
0.00550817
0.00120179
0.00568799
0.00117091
0.00587465
0.00113985
0.00606823
0.00110857
0.00626878
0.00107706
0.00647639
0.00104531
0.00669119
0.00101331
0.00691338
0.000981087
0.00714319
0.00094864
0.00738085
0.000915979
0.00762663
0.000883113
0.00788079
0.000850047
0.00814363
0.000816787
0.00841546
0.000783335
0.00869659
0.000749691
0.00898738
0.000715851
0.00928817
0.000681812
0.00959936
0.000647559
0.00992134
0.000613084
0.0102546
0.000578368
0.0105995
0.000543391
0.0109567
0.000508126
0.0113266
0.000472542
0.0117098
0.000436602
0.0121069
0.000400264
0.0125187
0.000363478
0.0129458
0.000326189
0.013389
0.000288332
0.0138491
0.000249835
0.0143271
0.000210617
0.014824
0.000170586
0.0153409
0.000129635
0.0158789
8.76481e-05
0.0164394
4.44811e-05
0.0170238
0.0176336
0.00146085
0.00487751
0.00143054
0.00503597
0.0013995
0.0051988
0.00136789
0.00536655
0.0013359
0.00554016
0.00130365
0.00572023
0.00127119
0.00590711
0.00123848
0.00610094
0.00120549
0.00630177
0.00117219
0.00650969
0.00113857
0.00672481
0.00110464
0.00694732
0.0010704
0.00717743
0.00103585
0.00741539
0.00100102
0.00766146
0.000965893
0.00791591
0.000930492
0.00817903
0.000894816
0.00845114
0.000858868
0.00873254
0.000822645
0.0090236
0.000786145
0.00932467
0.000749359
0.00963614
0.000712275
0.00995842
0.00067488
0.010292
0.000637153
0.0106372
0.000599072
0.0109947
0.000560606
0.011365
0.00052172
0.0117487
0.000482376
0.0121463
0.000442525
0.0125585
0.000402114
0.0129862
0.000361082
0.01343
0.00031936
0.0138908
0.000276871
0.0143696
0.000233526
0.0148674
0.000189227
0.0153852
0.000143859
0.0159242
9.73001e-05
0.0164859
4.93951e-05
0.0170717
0.017683
0.00156889
0.00490801
0.00153755
0.0050673
0.00150538
0.00523098
0.0014725
0.00539943
0.00143911
0.00557356
0.00140535
0.00575399
0.00137128
0.00594117
0.00133691
0.00613531
0.00130219
0.00633649
0.0012671
0.00654478
0.00123161
0.0067603
0.00119573
0.0069832
0.00115946
0.0072137
0.00112281
0.00745204
0.00108579
0.00769848
0.00104841
0.00795329
0.00101067
0.00821677
0.000972575
0.00848923
0.000934129
0.00877099
0.000895328
0.0090624
0.000856168
0.00936383
0.00081664
0.00967567
0.000776728
0.00999833
0.000736418
0.0103323
0.000695688
0.010678
0.00065451
0.0110359
0.000612853
0.0114067
0.000570677
0.0117908
0.00052794
0.012189
0.00048459
0.0126019
0.000440569
0.0130302
0.000395811
0.0134748
0.000350242
0.0139364
0.000303779
0.0144161
0.000256326
0.0149148
0.000207779
0.0154337
0.000158017
0.015974
0.000106907
0.0165371
5.42864e-05
0.0171244
0.0177373
0.00167667
0.00493948
0.0016443
0.00509967
0.00161101
0.00526427
0.00157689
0.00543355
0.00154209
0.00560835
0.00150681
0.00578928
0.00147114
0.00597684
0.00143509
0.00617136
0.00139863
0.00637295
0.00136172
0.00658169
0.00132435
0.00679767
0.00128652
0.00702104
0.00124822
0.007252
0.00120946
0.0074908
0.00117025
0.00773769
0.00113061
0.00799294
0.00109052
0.00825686
0.00105001
0.00852974
0.00100907
0.00881193
0.000967691
0.00910378
0.000925874
0.00940564
0.000883607
0.00971794
0.000840874
0.0100411
0.000797657
0.0103755
0.000753931
0.0107217
0.000709667
0.0110802
0.00066483
0.0114515
0.000619378
0.0118363
0.000573262
0.0122351
0.000526429
0.0126487
0.000478816
0.0130778
0.000430351
0.0135232
0.000380955
0.0139858
0.000330538
0.0144665
0.000279001
0.0149663
0.000226229
0.0154865
0.000172096
0.0160281
0.000116461
0.0165927
5.91511e-05
0.0171817
0.0177965
0.00178413
0.00497193
0.00175073
0.00513307
0.00171633
0.00529867
0.00168097
0.00546892
0.00164479
0.00564453
0.00160798
0.00582608
0.00157069
0.00601414
0.00153295
0.0062091
0.00149473
0.00641117
0.00145601
0.00662041
0.00141675
0.00683692
0.00137695
0.00706084
0.00133661
0.00729234
0.00129574
0.00753167
0.00125435
0.00777908
0.00121243
0.00803485
0.00117001
0.00829928
0.00112708
0.00857267
0.00108364
0.00885537
0.00103969
0.00914773
0.000995216
0.00945011
0.000950216
0.00976294
0.000904668
0.0100866
0.000858552
0.0104216
0.000811842
0.0107684
0.000764504
0.0111275
0.000716501
0.0114995
0.000667787
0.011885
0.00061831
0.0122846
0.000568013
0.012699
0.000516826
0.013129
0.000464675
0.0135754
0.000411475
0.014039
0.000357129
0.0145208
0.000301532
0.0150219
0.000244563
0.0155435
0.000186087
0.0160866
0.000125955
0.0166528
6.39855e-05
0.0172436
0.0178605
0.00189121
0.00500537
0.00185677
0.00516751
0.00182126
0.00533418
0.00178468
0.0055055
0.00174713
0.00568208
0.00170881
0.0058644
0.00166989
0.00605306
0.00163044
0.00624855
0.00159045
0.00645116
0.0015499
0.00666097
0.00150874
0.00687808
0.00146698
0.0071026
0.00142459
0.00733472
0.00138161
0.00757466
0.00133802
0.00782267
0.00129384
0.00807903
0.00124907
0.00834405
0.00120372
0.00861802
0.00115779
0.00890131
0.00111126
0.00919425
0.00106415
0.00949723
0.00101642
0.00981066
0.000968067
0.010135
0.000919063
0.0104706
0.00086938
0.0108181
0.000818982
0.0111779
0.000767828
0.0115507
0.00071587
0.011937
0.000663051
0.0123374
0.000609309
0.0127528
0.000554572
0.0131837
0.000498759
0.0136312
0.00044178
0.014096
0.000383532
0.0145791
0.000323904
0.0150816
0.000262767
0.0156046
0.000199979
0.0161494
0.000135382
0.0167174
6.87859e-05
0.0173102
0.0179293
0.00199783
0.00503979
0.00196235
0.00520299
0.00192574
0.00537079
0.00188795
0.00554329
0.00184904
0.00572098
0.00180922
0.00590422
0.00176868
0.0060936
0.00172751
0.00628972
0.00168574
0.00649293
0.00164334
0.00670337
0.00160028
0.00692114
0.00155654
0.00714634
0.00151211
0.00737915
0.001467
0.00761977
0.00142122
0.00786846
0.00137477
0.00812548
0.00132766
0.00839116
0.00127989
0.00866579
0.00123147
0.00894973
0.00118238
0.00924333
0.00113262
0.00954699
0.00108218
0.00986111
0.00103103
0.0101861
0.000979147
0.0105225
0.000926505
0.0108707
0.000873062
0.0112314
0.000818775
0.011605
0.000763592
0.0119921
0.000707452
0.0123936
0.00065029
0.0128099
0.000592027
0.013242
0.000532578
0.0136906
0.000471847
0.0141567
0.000409728
0.0146412
0.000346099
0.0151452
0.000280827
0.0156699
0.00021376
0.0162165
0.000144734
0.0167864
7.35485e-05
0.0173814
0.0180028
0.00210394
0.00507522
0.0020674
0.00523953
0.00202969
0.00540851
0.00199071
0.00558227
0.00195048
0.00576122
0.00190917
0.00594553
0.001867
0.00613577
0.00182411
0.00633261
0.00178054
0.00653649
0.00173629
0.00674763
0.00169131
0.00696612
0.00164558
0.00719207
0.0015991
0.00742563
0.00155187
0.007667
0.00150389
0.00791644
0.00145517
0.0081742
0.00140572
0.00844061
0.00135554
0.00871597
0.00130463
0.00900064
0.00125298
0.00929498
0.00120059
0.00959938
0.00114744
0.00991426
0.00109351
0.0102401
0.00103876
0.0105772
0.000983176
0.0109263
0.000926707
0.0112878
0.000869306
0.0116624
0.000810919
0.0120505
0.000751482
0.012453
0.000690923
0.0128705
0.000629162
0.0133038
0.000566106
0.0137537
0.000501655
0.0142212
0.000435695
0.0147072
0.0003681
0.0152128
0.000298729
0.0157392
0.000227421
0.0162878
0.000154005
0.0168599
7.82697e-05
0.0174572
0.0180811
0.00220947
0.00511165
0.00217188
0.00527712
0.00213306
0.00544732
0.0020929
0.00562244
0.00205135
0.00580276
0.00200858
0.0059883
0.0019648
0.00617955
0.00192018
0.00637723
0.00187481
0.00658186
0.00182868
0.00679375
0.00178177
0.00701303
0.00173406
0.00723978
0.00168552
0.00747417
0.00163616
0.00771636
0.00158599
0.00796661
0.001535
0.00822519
0.00148321
0.0084924
0.00143062
0.00876856
0.00137723
0.00905403
0.00132303
0.00934918
0.00126801
0.0096544
0.00121216
0.00997011
0.00115546
0.0102968
0.00109787
0.0106348
0.00103936
0.0109848
0.000979878
0.0113473
0.000919385
0.0117229
0.000857817
0.0121121
0.000795108
0.0125157
0.000731181
0.0129344
0.000665949
0.013369
0.000599318
0.0138203
0.00053118
0.0142893
0.000461415
0.0147769
0.000389891
0.0152843
0.000316459
0.0158127
0.000240952
0.0163633
0.000163186
0.0169376
8.29457e-05
0.0175374
0.018164
0.00231436
0.00514908
0.0022757
0.00531578
0.00223578
0.00548725
0.00219444
0.00566377
0.0021516
0.0058456
0.00210738
0.00603252
0.00206201
0.00622493
0.00201567
0.00642356
0.00196848
0.00662905
0.00192047
0.00684176
0.00187162
0.00706187
0.00182191
0.0072895
0.00177132
0.00752476
0.00171983
0.00776785
0.00166745
0.00801899
0.0016142
0.00827844
0.00156007
0.00854652
0.00150508
0.00882356
0.00144921
0.0091099
0.00139247
0.00940592
0.00133484
0.00971203
0.00127631
0.0100286
0.00121684
0.0103562
0.00115642
0.0106953
0.001095
0.0110463
0.00103254
0.0114098
0.000968975
0.0117864
0.000904252
0.0121768
0.000838298
0.0125817
0.000771032
0.0130017
0.000702363
0.0134377
0.000632191
0.0138905
0.000560401
0.0143611
0.000486869
0.0148505
0.000411455
0.0153597
0.000334004
0.0158901
0.00025434
0.0164429
0.000172272
0.0170197
8.75729e-05
0.0176221
0.0182516
0.00241854
0.0051875
0.00237882
0.0053555
0.00233779
0.00552828
0.00229528
0.00570628
0.00225116
0.00588971
0.00220553
0.00607816
0.00215857
0.00627188
0.00211052
0.00647162
0.00206151
0.00667806
0.00201161
0.00689167
0.00196081
0.00711267
0.0019091
0.00734121
0.00185643
0.00757743
0.00180282
0.00782147
0.00174824
0.00807356
0.00169273
0.00833396
0.00163627
0.00860298
0.00157887
0.00888095
0.00152054
0.00916823
0.00146126
0.0094652
0.00140103
0.00977226
0.00133982
0.0100898
0.00127762
0.0104184
0.00121439
0.0107585
0.00115008
0.0111106
0.00108465
0.0114752
0.00101804
0.011853
0.000950191
0.0122447
0.000881022
0.0126508
0.000810448
0.0130723
0.000738376
0.0135097
0.000664698
0.0139642
0.000589295
0.0144365
0.000512037
0.0149277
0.000432777
0.015439
0.000351351
0.0159715
0.000267577
0.0165267
0.000181255
0.017106
9.21477e-05
0.0177112
0.0183437
0.00252195
0.00522691
0.00248117
0.00539628
0.00243903
0.00557043
0.00239534
0.00574996
0.00234997
0.00593508
0.00230294
0.00612519
0.00225443
0.00632039
0.00220468
0.00652137
0.00215385
0.00672889
0.00210205
0.00694347
0.00204929
0.00716543
0.00199556
0.00739495
0.00194083
0.00763216
0.00188508
0.00787722
0.00182831
0.00813033
0.00177053
0.00839174
0.00171174
0.00866177
0.00165195
0.00894074
0.00159116
0.00922902
0.00152936
0.009527
0.00146654
0.00983508
0.00140267
0.0101537
0.00133775
0.0104834
0.00127172
0.0108245
0.00120454
0.0111777
0.00113617
0.0115436
0.00106655
0.0119227
0.0009956
0.0123156
0.000923247
0.0127232
0.0008494
0.0131461
0.000773961
0.0135852
0.000696816
0.0140413
0.000617841
0.0145155
0.0005369
0.0150087
0.000453838
0.0155221
0.000368486
0.0160569
0.000280652
0.0166146
0.000190128
0.0171965
9.66663e-05
0.0178047
0.0184404
0.00262453
0.00526727
0.0025827
0.00543811
0.00253944
0.00561369
0.00249458
0.00579482
0.00244795
0.00598172
0.00239955
0.00617359
0.00234952
0.00637041
0.00229809
0.0065728
0.00224545
0.00678153
0.00219174
0.00699718
0.00213701
0.00722016
0.00208126
0.0074507
0.00202445
0.00768897
0.00196656
0.0079351
0.0019076
0.00818929
0.00184756
0.00845178
0.00178645
0.00872288
0.00172427
0.00900292
0.00166103
0.00929227
0.00159671
0.00959131
0.00153132
0.00990048
0.00146481
0.0102202
0.00139718
0.010551
0.00132838
0.0108933
0.00125836
0.0112478
0.00118708
0.0116149
0.00111446
0.0119953
0.00104045
0.0123896
0.000964943
0.0127987
0.000887859
0.0132232
0.000809091
0.0136639
0.000728521
0.0141219
0.000646018
0.014598
0.000561439
0.0150932
0.000474624
0.0156089
0.000385396
0.0161461
0.000293555
0.0167064
0.000198883
0.0172912
0.000101126
0.0179024
0.0185415
0.00272619
0.00530854
0.00268334
0.00548096
0.00263897
0.00565806
0.00259293
0.00584086
0.00254505
0.0060296
0.00249529
0.00622335
0.00244378
0.00642192
0.0023907
0.00662588
0.00233626
0.00683596
0.00228064
0.0070528
0.00222393
0.00727687
0.00216614
0.00750849
0.00210725
0.00774787
0.00204722
0.00799512
0.00198607
0.00825045
0.00192377
0.00851408
0.00186034
0.00878631
0.00179578
0.00906748
0.0017301
0.00935795
0.00166329
0.00965813
0.00159533
0.00996844
0.0015262
0.0102893
0.00145588
0.0106213
0.00138433
0.0109649
0.00131149
0.0113206
0.00123732
0.011689
0.00116175
0.0120708
0.0010847
0.0124667
0.00100608
0.0128773
0.000925797
0.0133035
0.000843741
0.013746
0.000759788
0.0142058
0.000673803
0.0146839
0.000585636
0.0151814
0.000495119
0.0156994
0.000402068
0.0162392
0.000306276
0.0168022
0.000207515
0.01739
0.000105522
0.0180044
0.0186471
0.00282687
0.00535066
0.00278304
0.0055248
0.00273757
0.00570352
0.00269035
0.00588808
0.00264121
0.00607875
0.00259012
0.00627444
0.00253715
0.00647489
0.00248244
0.00668059
0.00242622
0.00689219
0.0023687
0.00711032
0.00231
0.00733556
0.00225017
0.00756833
0.00218918
0.00780885
0.00212702
0.00805729
0.00206366
0.0083138
0.00199911
0.00857863
0.00193337
0.00885205
0.00186645
0.0091344
0.00179834
0.00942606
0.00172903
0.00972743
0.00165853
0.0100389
0.00158679
0.0103611
0.00151381
0.0106943
0.00143953
0.0110392
0.0013639
0.0113962
0.00128687
0.0117661
0.00120837
0.0121493
0.00112832
0.0125467
0.00104663
0.012959
0.000963186
0.0133869
0.000877885
0.0138313
0.000790596
0.0142931
0.000701177
0.0147734
0.000609471
0.0152731
0.000515306
0.0157936
0.000418489
0.016336
0.000318804
0.0169019
0.000216016
0.0174928
0.000109851
0.0181106
0.0187569
0.00292647
0.00539353
0.00288171
0.00556955
0.00283517
0.00575006
0.00278675
0.0059365
0.00273635
0.00612915
0.00268394
0.00632684
0.00262954
0.00652929
0.00257324
0.00673689
0.00251527
0.00695016
0.00245586
0.00716972
0.00239518
0.00739624
0.0023333
0.00763021
0.00227021
0.00787194
0.0022059
0.0081216
0.00214035
0.00837935
0.00207355
0.00864543
0.00200551
0.0089201
0.00193622
0.00920369
0.00186569
0.00949659
0.00179391
0.00979921
0.00172087
0.010112
0.00164655
0.0104354
0.00157092
0.0107699
0.00149394
0.0111161
0.00141555
0.0114746
0.0013357
0.0118459
0.0012543
0.0122307
0.00117129
0.0126298
0.00108655
0.0130437
0.000999998
0.0134735
0.000911497
0.0139198
0.00082092
0.0143837
0.000728117
0.0148662
0.000632928
0.0153683
0.000535171
0.0158913
0.000434646
0.0164365
0.000331131
0.0170054
0.000224379
0.0175995
0.00011411
0.0182209
0.018871
0.00302486
0.00543696
0.00297929
0.00561512
0.00293173
0.00579763
0.00288213
0.00598611
0.00283047
0.00618081
0.00277675
0.00638056
0.00272093
0.00658511
0.00266306
0.00679476
0.00260336
0.00700986
0.00254208
0.00723101
0.00247941
0.0074589
0.00241547
0.00769415
0.00235028
0.00793713
0.00228382
0.00818805
0.00221608
0.0084471
0.00214703
0.00871447
0.00207669
0.00899044
0.00200505
0.00927533
0.00193211
0.00956953
0.00185787
0.00987344
0.00178232
0.0101875
0.00170544
0.0105123
0.00162719
0.0108482
0.00154753
0.0111958
0.0014664
0.0115557
0.00138375
0.0119286
0.0012995
0.012315
0.00121356
0.0127157
0.00112583
0.0131315
0.00103621
0.0135631
0.000944553
0.0140115
0.000850737
0.0144775
0.000754605
0.0149623
0.000655987
0.0154669
0.000554697
0.0159926
0.000450527
0.0165407
0.000343246
0.0171127
0.000232599
0.0177102
0.000118296
0.0183352
0.0189893
0.00312188
0.00548067
0.00307566
0.00566134
0.00302711
0.00584617
0.00297632
0.0060369
0.00292341
0.00623371
0.00286841
0.00643556
0.00281121
0.00664231
0.00275182
0.00685414
0.00269044
0.00707125
0.00262732
0.00729413
0.00256268
0.00752354
0.00249668
0.00776015
0.00242937
0.00800444
0.00236076
0.00825667
0.00229082
0.00851704
0.00221953
0.00878576
0.00214689
0.00906308
0.00207291
0.00934932
0.00199757
0.00964486
0.00192089
0.00995013
0.00184285
0.0102656
0.00176341
0.0105917
0.00168257
0.010929
0.00160025
0.0112781
0.00151643
0.0116395
0.00143102
0.012014
0.00134394
0.0124021
0.00125512
0.0128045
0.00116444
0.0132221
0.00107178
0.0136557
0.000977028
0.0141062
0.000880026
0.0145745
0.00078062
0.0150617
0.000678632
0.0155689
0.00057387
0.0160974
0.000466119
0.0166484
0.00035514
0.0172237
0.000240668
0.0178246
0.000122406
0.0184534
0.0191117
0.00321731
0.00317075
0.0057079
0.00312139
0.00589553
0.00306949
0.00608879
0.00301535
0.00628785
0.00295901
0.0064919
0.00290039
0.00670094
0.00283947
0.00691505
0.00277642
0.0071343
0.00271147
0.00735908
0.00264487
0.00759014
0.00257682
0.00782821
0.00250739
0.00807386
0.00243662
0.00832744
0.00236448
0.00858918
0.00229096
0.00885928
0.00221604
0.009138
0.00213972
0.00942563
0.00206201
0.00972257
0.0019829
0.0100292
0.00190238
0.0103461
0.00182043
0.0106737
0.00173701
0.0110124
0.00165208
0.011363
0.00156558
0.011726
0.00147744
0.0121021
0.00138759
0.0124919
0.00129592
0.0128962
0.00120233
0.0133157
0.0011067
0.0137514
0.0010089
0.014204
0.000908763
0.0146747
0.00080614
0.0151643
0.000700845
0.0156742
0.000592675
0.0162055
0.00048141
0.0167597
0.000366803
0.0173383
0.00024858
0.0179429
0.000126435
0.0185756
0.0192381
0.00326408
0.00321396
0.00594565
0.00316104
0.00614172
0.00310579
0.0063431
0.00304825
0.00654944
0.00298831
0.00676088
0.00292597
0.00697739
0.00286133
0.00719894
0.00279461
0.00742581
0.00272608
0.00765867
0.00265597
0.00789832
0.00258443
0.0081454
0.00251149
0.00840038
0.00243714
0.00866353
0.00236137
0.00893505
0.00228417
0.0092152
0.00220552
0.00950428
0.00212544
0.00980265
0.00204392
0.0101108
0.00196094
0.0104291
0.00187648
0.0107581
0.00179051
0.0110984
0.00170299
0.0114506
0.00161385
0.0118152
0.00152302
0.0121929
0.00143042
0.0125845
0.00133595
0.0129907
0.0012395
0.0134122
0.00114094
0.0138499
0.00104014
0.0143048
0.000936932
0.0147779
0.000831152
0.0152701
0.00072261
0.0157827
0.000611099
0.016317
0.000496391
0.0168744
0.000378228
0.0174564
0.000256329
0.0180648
0.000130381
0.0187015
0.0193685
0.00330577
0.00599606
0.00325193
0.00619556
0.00319541
0.00639961
0.00313642
0.00660843
0.003075
0.0068223
0.00301114
0.00704126
0.00294488
0.00726519
0.0028764
0.00749429
0.00280595
0.00772912
0.00273381
0.00797046
0.00266015
0.00821906
0.00258505
0.00847548
0.00250851
0.00874006
0.00243052
0.00901305
0.00235106
0.00929467
0.00227011
0.00958522
0.00218768
0.00988508
0.00210377
0.0101947
0.00201837
0.0105145
0.00193144
0.010845
0.00184296
0.0111869
0.00175288
0.0115406
0.00166114
0.0119069
0.00156767
0.0122864
0.00147237
0.0126798
0.00137515
0.0130879
0.00127589
0.0135114
0.00117446
0.0139514
0.00107072
0.0144086
0.000964496
0.0148841
0.000855623
0.015379
0.000743904
0.0158945
0.000629122
0.0164318
0.000511042
0.0169925
0.000389401
0.0175781
0.000263908
0.0181902
0.00013424
0.0188312
0.0195028
0.00339401
0.00334002
0.00624954
0.00328294
0.00645669
0.00322304
0.00666833
0.00316046
0.00688488
0.00309525
0.00710646
0.0030275
0.00733295
0.00295733
0.00756445
0.00288503
0.00780142
0.00281088
0.00804461
0.00273511
0.00829484
0.00265782
0.00855277
0.00257906
0.00881883
0.00249881
0.0090933
0.00241705
0.00937642
0.00233379
0.00966849
0.00224901
0.00996986
0.0021627
0.010281
0.00207487
0.0106023
0.00198547
0.0109344
0.00189449
0.0112779
0.00180188
0.0116333
0.00170756
0.0120012
0.00161146
0.0123825
0.0015135
0.0127778
0.00141357
0.0131878
0.00131154
0.0136135
0.00120728
0.0140556
0.00110065
0.0145152
0.000991473
0.0149933
0.000879568
0.0154909
0.000764733
0.0160093
0.000646749
0.0165498
0.00052537
0.0171139
0.000400326
0.0177031
0.000271316
0.0183193
0.000138012
0.0189645
0.0196408
0.00342814
0.0063045
0.00336957
0.00651527
0.00330809
0.00672981
0.00324396
0.00694901
0.00317722
0.0071732
0.00310786
0.00740231
0.00303599
0.00763632
0.00296184
0.00787557
0.00288571
0.00812074
0.00280787
0.00837269
0.00272846
0.00863218
0.00264754
0.00889974
0.00256512
0.00917572
0.00248116
0.00946038
0.00239565
0.00975399
0.00230859
0.0100569
0.00221998
0.0103696
0.00212979
0.0106925
0.00203802
0.0110262
0.00194462
0.0113713
0.00184954
0.0117283
0.00175272
0.0120981
0.00165408
0.0124811
0.00155353
0.0128783
0.00145096
0.0132904
0.00134624
0.0137182
0.00123923
0.0141626
0.00112979
0.0146246
0.00101773
0.0151053
0.000902877
0.0156057
0.000785011
0.0161272
0.000663908
0.0166709
0.000539317
0.0172385
0.00041096
0.0178315
0.000278527
0.0184517
0.000141684
0.0191013
0.0197825
0.0035142
0.0034565
0.00339478
0.00332978
0.00326184
0.00319109
0.00311762
0.00304165
0.00296348
0.0028834
0.00280164
0.0027183
0.00263342
0.00254698
0.00245898
0.0023694
0.00227825
0.0021855
0.00209114
0.00199514
0.00189745
0.00179799
0.0016967
0.00159347
0.00148818
0.00138072
0.00127093
0.00115865
0.00104371
0.000925905
0.000805024
0.000680828
0.000553061
0.000421435
0.000285626
0.0001453
0.000595536
-0.0046458
0.000573532
-0.00480046
0.000551777
-0.00496103
0.000530438
-0.00512836
0.000509515
-0.00530249
0.000488924
-0.00548318
0.000468665
-0.00567057
0.000448715
-0.00586461
0.000429071
-0.00606547
0.000409738
-0.00627334
0.000390724
-0.00648843
0.000372038
-0.00671097
0.000353686
-0.00694118
0.000335669
-0.00717928
0.000318014
-0.00742564
0.00030073
-0.00768045
0.000283828
-0.00794399
0.000267316
-0.00821659
0.000251206
-0.00849853
0.000235504
-0.00879015
0.000220223
-0.00909181
0.000205352
-0.00940384
0.000190911
-0.00972662
0.000176884
-0.0100606
0.000163289
-0.0104063
0.00015012
-0.0107641
0.00013737
-0.0111345
0.000125031
-0.011518
0.00011309
-0.0119153
0.000101532
-0.012327
9.03379e-05
-0.0127537
7.9483e-05
-0.0131963
6.89389e-05
-0.0136554
5.86707e-05
-0.0141319
4.86381e-05
-0.0146268
3.87932e-05
-0.0151412
2.9078e-05
-0.015676
1.94291e-05
-0.0162327
9.75867e-06
-0.0168123
-0.0174165
0.000488272
-0.00462477
0.000467312
-0.0047795
0.000446721
-0.00494044
0.000426636
-0.00510827
0.000407031
-0.00528288
0.000387816
-0.00546397
0.000369009
-0.00565176
0.000350586
-0.00584619
0.000332548
-0.00604743
0.000314902
-0.00625569
0.00029766
-0.00647119
0.00028083
-0.00669414
0.000264409
-0.00692476
0.000248412
-0.00716328
0.000232852
-0.00741008
0.000217749
-0.00766534
0.000203116
-0.00792936
0.000188961
-0.00820243
0.000175293
-0.00848486
0.000162125
-0.00877698
0.000149469
-0.00907915
0.000137319
-0.00939169
0.000125682
-0.00971499
0.000114556
-0.0100495
0.000103963
-0.0103957
9.38995e-05
-0.010754
8.43584e-05
-0.0111249
7.53348e-05
-0.011509
6.68198e-05
-0.0119068
5.88018e-05
-0.012319
5.12654e-05
-0.0127462
4.41907e-05
-0.0131892
3.75536e-05
-0.0136487
3.13248e-05
-0.0141257
2.54689e-05
-0.014621
1.99438e-05
-0.0151357
1.46992e-05
-0.0156708
9.67536e-06
-0.0162276
4.79512e-06
-0.0168074
-0.0174117
0.000381408
-0.00460468
0.00036149
-0.00475958
0.000342059
-0.00492101
0.000323216
-0.00508943
0.000304898
-0.00526456
0.000287058
-0.00544613
0.000269679
-0.00563439
0.000252759
-0.00582927
0.000236308
-0.00603098
0.000220334
-0.00623972
0.000204851
-0.00645571
0.000189868
-0.00667916
0.000175374
-0.00691027
0.000161369
-0.00714928
0.000147885
-0.00739659
0.000134951
-0.00765241
0.000122575
-0.00791699
0.000110765
-0.00819062
9.95295e-05
-0.00847363
8.8883e-05
-0.00876634
7.88355e-05
-0.0090691
6.94176e-05
-0.00938227
6.05518e-05
-0.00970612
5.2324e-05
-0.0100413
4.47266e-05
-0.0103881
3.77596e-05
-0.0107471
3.14197e-05
-0.0111186
2.5704e-05
-0.0115033
2.06077e-05
-0.0119017
1.61223e-05
-0.0123145
1.22365e-05
-0.0127423
8.93472e-06
-0.0131859
6.19722e-06
-0.013646
3.99958e-06
-0.0141235
2.31111e-06
-0.0146193
1.09737e-06
-0.0151344
3.04157e-07
-0.01567
-8.14927e-08
-0.0162272
-1.84651e-07
-0.0168073
-0.0174119
0.000274993
-0.00458551
0.000256107
-0.0047407
0.000237819
-0.00490272
0.000220213
-0.00507182
0.000203188
-0.00524754
0.00018668
-0.00542962
0.000170681
-0.00561839
0.000155239
-0.00581383
0.000140357
-0.0060161
0.000126037
-0.0062254
0.000112293
-0.00644196
9.91453e-05
-0.00666601
8.659e-05
-0.00689771
7.45036e-05
-0.00713719
6.30799e-05
-0.00738517
5.22975e-05
-0.00764163
4.21556e-05
-0.00790684
3.26613e-05
-0.00818113
2.38236e-05
-0.00846479
1.56503e-05
-0.00875816
8.13997e-06
-0.00906159
1.23747e-06
-0.00937537
-4.65198e-06
-0.00970023
-9.884e-06
-0.010036
-1.44349e-05
-0.0103836
-1.82782e-05
-0.0107432
-2.14021e-05
-0.0111155
-2.38016e-05
-0.0115009
-2.54755e-05
-0.0119001
-2.64272e-05
-0.0123136
-2.66635e-05
-0.0127421
-2.61946e-05
-0.0131863
-2.50357e-05
-0.0136471
-2.32061e-05
-0.0141253
-2.07297e-05
-0.0146218
-1.76388e-05
-0.0151375
-1.39674e-05
-0.0156737
-9.76824e-06
-0.0162314
-5.09792e-06
-0.016812
-0.017417
0.000169057
0.000151148
0.000133952
0.000117529
0.000101955
8.65256e-05
7.18652e-05
5.78677e-05
4.45009e-05
3.17519e-05
1.96125e-05
8.06015e-06
-2.80033e-06
-1.24715e-05
-2.16141e-05
-3.01109e-05
-3.79213e-05
-4.50179e-05
-5.13785e-05
-5.69839e-05
-6.18234e-05
-0.00905675
-6.58314e-05
-0.00937136
-6.91309e-05
-0.00969693
-7.15788e-05
-0.0100336
-7.32067e-05
-0.0103819
-7.40049e-05
-0.0107424
-7.39678e-05
-0.0111155
-7.30922e-05
-0.0115018
-7.13766e-05
-0.0119018
-6.88217e-05
-0.0123161
-6.54314e-05
-0.0127455
-6.12128e-05
-0.0131906
-5.61767e-05
-0.0136522
-5.03378e-05
-0.0141311
-4.37157e-05
-0.0146284
-3.63365e-05
-0.0151449
-2.82289e-05
-0.0156818
-1.94399e-05
-0.0162402
-1.0016e-05
-0.0168214
-0.017427
-0.000131638
-0.00013301
-0.000133539
-0.000133139
-0.000131814
-0.000129556
-0.000126357
-0.000122211
-0.000117113
-0.000111061
-0.000104055
-9.60992e-05
-8.71988e-05
-7.73647e-05
-6.66113e-05
-5.49595e-05
-4.24328e-05
-2.9071e-05
-1.49142e-05
)
;

boundaryField
{
    inlet
    {
        type            calculated;
        value           nonuniform 0();
    }
    outlet
    {
        type            calculated;
        value           nonuniform 0();
    }
    cylinder
    {
        type            calculated;
        value           nonuniform 0();
    }
    top
    {
        type            symmetryPlane;
        value           uniform 0;
    }
    bottom
    {
        type            symmetryPlane;
        value           nonuniform 0();
    }
    defaultFaces
    {
        type            empty;
        value           nonuniform 0();
    }
    procBoundary13to9
    {
        type            processor;
        value           nonuniform List<scalar> 
58
(
-0.00326082
-0.00316559
0.00652033
-0.00306828
-0.00286429
-0.00276951
0.006424
-0.00258086
-0.00248868
-0.00239536
-0.00230106
0.00647868
-0.0021359
-0.00204473
-0.00195287
-0.00186044
0.00645139
-0.0017175
-0.00162866
-0.00153946
-0.00144998
-0.00136028
-0.00127043
-0.00118048
-0.00109051
-0.00100056
0.00646829
-0.000901234
-0.000815921
-0.000730813
-0.000645964
-0.000561428
-0.000477258
-0.00645903
-0.000376562
-0.000288899
-0.000201773
-0.000580376
-0.000555225
-0.000530266
-0.000502822
-0.000472113
-0.000437387
-0.000396991
-0.000348574
-0.000289754
-0.000218157
-0.000131155
-2.68003e-05
9.67354e-05
0.00552418
-0.00331073
0.00575455
-0.00335618
-0.00344417
0.00604622
-0.0034831
-0.00356657
)
;
    }
    procBoundary13to10
    {
        type            processor;
        value           nonuniform List<scalar> 2(0.00667309 0.00688445);
    }
    procBoundary13to12
    {
        type            processor;
        value           nonuniform List<scalar> 
46
(
-0.00754708
-0.00665558
-0.0069292
0.000114078
-0.00721554
-0.00456724
-0.00472279
-0.00488552
-0.0050554
-0.00523197
-0.00541419
-0.00560373
-0.00579983
-0.00600273
-0.00621265
-0.00642982
-0.00665446
-0.00688685
-0.00712752
-0.00737603
-0.00763313
-0.00789903
-0.00817403
-0.00845843
-0.00875256
0.000129358
-0.00905447
-0.00936999
-0.0096964
-0.010034
-0.0103833
-0.0107447
-0.0111187
-0.0115059
-0.0119069
-0.0123222
-0.0127525
-0.0131985
-0.0136611
-0.014141
-0.0146391
-0.0151566
-0.0156943
-0.0162536
-0.0168356
-0.0174419
)
;
    }
    procBoundary13to14
    {
        type            processor;
        value           nonuniform List<scalar> 
35
(
0.00709068
0.00729625
0.00750423
0.00771645
0.00793398
0.00815752
0.0083877
0.00862521
0.00887077
0.00912502
0.00938853
0.00966173
0.00994502
0.0102388
0.0105434
0.0108594
0.0111873
0.0115276
0.0118811
0.0122482
0.0126298
0.0130265
0.013439
0.0138683
0.0143151
0.0147804
0.015265
0.0157702
0.016297
0.0168467
0.0174208
0.0180207
0.0186482
0.0193053
0.0199942
)
;
    }
}


// ************************************************************************* //
