/*--------------------------------*- C++ -*----------------------------------*\
  =========                 |
  \\      /  F ield         | OpenFOAM: The Open Source CFD Toolbox
   \\    /   O peration     | Website:  https://openfoam.org
    \\  /    A nd           | Version:  7
     \\/     M anipulation  |
\*---------------------------------------------------------------------------*/
FoamFile
{
    version     2.0;
    format      ascii;
    class       surfaceScalarField;
    location    "100";
    object      phi;
}
// * * * * * * * * * * * * * * * * * * * * * * * * * * * * * * * * * * * * * //

dimensions      [0 3 -1 0 0 0 0];

internalField   nonuniform List<scalar> 
3882
(
0.00569408
-0.000800901
0.0056064
-0.000754721
0.00552401
-0.000687179
0.00544875
-0.000598068
0.00538244
-0.000487548
0.00532686
-0.000356228
0.00528362
-0.00020537
0.00525399
-3.68858e-05
0.00523953
0.000147493
0.00524179
0.000344626
0.00526117
0.000549291
0.00529754
0.000755472
0.0053506
0.000956358
0.00542013
0.00114414
0.00550624
0.00131019
0.00560934
0.00144525
0.00572981
0.00153944
0.00586735
0.00158257
0.00602013
0.00156453
0.00618416
0.00147597
0.00635295
0.00130959
0.00651781
0.00106223
0.00666859
0.000736355
0.00679436
0.000340539
0.00688452
-0.000110473
0.00692991
-0.000595989
0.00692622
-0.00108904
0.0068745
-0.00156273
0.00678046
-0.00199503
0.00665287
-0.00237083
0.00650164
-0.00268259
0.00633609
-0.00292918
0.00616397
-0.00311385
0.00599108
-0.00324224
0.00582127
-0.00332095
0.00565683
-0.0033565
-0.00335444
0.00592797
-0.000715375
0.00584592
-0.000672673
0.00576917
-0.000610428
0.00569954
-0.000528438
0.00563887
-0.00042687
0.00558894
-0.000306304
0.00555146
-0.000167885
0.00552792
-1.33456e-05
0.00551998
0.000155434
0.00552918
0.000335423
0.00555637
0.000522103
0.00560183
0.000710012
0.00566544
0.000892744
0.00574676
0.00106282
0.00584512
0.00121183
0.00595969
0.00133067
0.00608935
0.00140978
0.00623229
0.00143963
0.00638555
0.00141127
0.00654453
0.00131699
0.0067027
0.00115141
0.00685191
0.000913025
0.00698299
0.000605275
0.00708653
0.000237001
0.00715385
-0.000177793
0.00717827
-0.000620403
0.00715731
-0.00106809
0.00709307
-0.00149849
0.00699127
-0.00189323
0.00685998
-0.00223954
0.00670793
-0.00253055
0.00654325
-0.0027645
0.00637268
-0.00294328
0.00620131
-0.00307086
0.00603259
-0.00315223
0.00586863
-0.00319255
0.00571059
-0.0031964
0.00555876
-0.00316755
0.00541284
-0.00310938
0.00527257
-0.00302383
0.00513771
-0.00291042
0.00500691
-0.00276951
0.00487892
-0.0026036
0.00475576
-0.00240843
0.00464038
-0.00216894
0.00452796
-0.00187935
0.00440538
-0.00156456
0.00426634
-0.00126094
0.00412693
-0.000968226
0.00402203
-0.000631643
0.00398416
-0.000180088
0.00402462
0.000417232
0.00413076
0.00112955
0.00427757
0.00189278
0.00443975
0.00265357
0.00339855
0.00616779
-0.000635299
0.0060912
-0.000596082
0.00601985
-0.000539082
0.00595554
-0.000464123
0.00590005
-0.000371381
0.00585517
-0.000261426
0.00582262
-0.000135338
0.005804
5.27657e-06
0.00580097
0.000158462
0.00581506
0.000321341
0.00584729
0.00048987
0.00589822
0.000659081
0.0059679
0.000823065
0.00605584
0.000974878
0.00616103
0.00110665
0.0062819
0.0012098
0.00641629
0.00127539
0.00656127
0.00129465
0.0067129
0.00125964
0.00686597
0.00116392
0.00701391
0.00100348
0.00714903
0.000777903
0.00726316
0.000491146
0.0073483
0.000151862
0.00739757
-0.000227067
0.00740632
-0.000629155
0.00737346
-0.00103523
0.0073016
-0.00142663
0.00719624
-0.00178787
0.00706458
-0.00210788
0.00691427
-0.00238024
0.00675237
-0.0026026
0.00658476
-0.00277568
0.00641598
-0.00290208
0.00624921
-0.00298545
0.00608647
-0.00302981
0.00592894
-0.00303887
0.0057771
-0.00301571
0.00563083
-0.00296311
0.00548991
-0.00288292
0.00535437
-0.00277488
0.00522337
-0.00263851
0.00509549
-0.00247571
0.00497191
-0.00228485
0.00485654
-0.00205357
0.00474823
-0.00177104
0.00463565
-0.00145198
0.00450765
-0.00113293
0.00437109
-0.000831673
0.00425529
-0.000515841
0.0041959
-0.000120701
0.00421305
0.000400085
0.00430187
0.00104074
0.00443994
0.00175471
0.00460069
0.00249281
0.00323515
0.0064143
-0.000560578
0.00634304
-0.00052482
0.00627693
-0.000472965
0.00621767
-0.000404871
0.00616703
-0.000320732
0.00612672
-0.000221119
0.00609845
-0.000107065
0.00608382
1.9905e-05
0.00608444
0.000157842
0.00610176
0.000304013
0.00613689
0.000454744
0.00619046
0.000605508
0.00626263
0.000750903
0.00635291
0.000884598
0.00646014
0.000999417
0.0065824
0.00108754
0.00671696
0.00114083
0.00686019
0.00115143
0.00700751
0.00111232
0.00715334
0.00101809
0.0072911
0.00086572
0.00741361
0.000655389
0.00751358
0.000391178
0.00758425
8.11886e-05
0.00762025
-0.000263062
0.00761839
-0.000627295
0.00757846
-0.000995304
0.00750327
-0.00135143
0.00739784
-0.00168245
0.00726854
-0.00197857
0.00712199
-0.00223369
0.00696435
-0.00244496
0.00680084
-0.00261216
0.00663555
-0.00273679
0.00647148
-0.00282138
0.00631061
-0.00286894
0.00615419
-0.00288245
0.00600288
-0.0028644
0.00585675
-0.00281698
0.00571569
-0.00274186
0.00557987
-0.00263906
0.00544897
-0.00250761
0.00532171
-0.00234845
0.00519844
-0.00216158
0.00508309
-0.00193822
0.0049776
-0.00166555
0.00487402
-0.0013484
0.0047589
-0.00101781
0.00463033
-0.000703098
0.00450911
-0.000394628
0.00443018
-4.17704e-05
0.00442111
0.000409156
0.00448664
0.000975213
0.00460995
0.0016314
0.00476515
0.00233762
0.00306979
0.00666796
-0.000491135
0.00660193
-0.000458784
0.0065409
-0.000411937
0.00648652
-0.000350492
0.00644045
-0.00027466
0.00640435
-0.00018502
0.00637984
-8.25613e-05
0.00636851
3.12444e-05
0.00637183
0.000154514
0.00639119
0.000284657
0.00642762
0.000418313
0.00648177
0.000551356
0.0065538
0.000678879
0.00664322
0.000795176
0.00674882
0.000893814
0.00686855
0.000967813
0.00699942
0.00100996
0.00713752
0.00101333
0.00727801
0.000971827
0.00741519
0.000880913
0.00754268
0.000738229
0.00765379
0.00054428
0.00774202
0.000302948
0.00780164
2.15696e-05
0.00782839
-0.000289815
0.00782006
-0.00061897
0.00777693
-0.000952171
0.00770168
-0.00127617
0.0075988
-0.00157956
0.0074738
-0.00185358
0.00733245
-0.00209234
0.00718016
-0.00229267
0.00702159
-0.00245359
0.0068605
-0.00257571
0.00669976
-0.00266064
0.00654136
-0.00271054
0.00638661
-0.00272771
0.00623635
-0.00271413
0.00609086
-0.00267149
0.00595017
-0.00260117
0.00581451
-0.0025034
0.00568401
-0.00237711
0.00555779
-0.00222224
0.0054356
-0.00203939
0.00532067
-0.00182329
0.00521696
-0.00156184
0.00512069
-0.00125213
0.00501892
-0.000916048
0.0049028
-0.000586978
0.00478292
-0.00027475
0.00468919
5.19598e-05
0.00465351
0.00044484
0.00469058
0.00093814
0.0047922
0.00152978
0.00493606
0.00219376
0.00290564
0.00692906
-0.000426896
0.00686815
-0.000397879
0.00681209
-0.000355872
0.00676241
-0.00030082
0.00672071
-0.000232952
0.00668852
-0.000152836
0.00666741
-6.14484e-05
0.00665884
3.98187e-05
0.00666419
0.000149159
0.00668471
0.000264142
0.00672133
0.000381686
0.00677465
0.000498039
0.00684476
0.00060877
0.00693116
0.000708777
0.00703261
0.000792359
0.00714705
0.000853375
0.00727147
0.000885541
0.00740195
0.000882848
0.00753369
0.000840094
0.00766112
0.000753475
0.00777825
0.000621106
0.00787889
0.000443641
0.00795725
0.000224587
0.00800837
-2.9558e-05
0.00802889
-0.000310327
0.00801708
-0.000607169
0.00797342
-0.000908508
0.00790031
-0.00120306
0.00780165
-0.0014809
0.00768219
-0.00173412
0.00754695
-0.0019571
0.00740071
-0.00214643
0.00724767
-0.00230055
0.00709133
-0.00241937
0.00693445
-0.00250375
0.00677904
-0.00255512
0.0066265
-0.00257517
0.00647779
-0.00256542
0.00633343
-0.00252713
0.0061936
-0.00246134
0.00605859
-0.00236839
0.00592882
-0.00224734
0.00580397
-0.00209738
0.00568353
-0.00191895
0.0055697
-0.00170946
0.00546723
-0.00145936
0.00537628
-0.00116118
0.00528687
-0.000826639
0.00518622
-0.000486324
0.00507476
-0.000163297
0.00497363
0.00015309
0.00491449
0.000503978
0.00492034
0.000932297
0.00499356
0.00145656
0.00511899
0.00206832
0.00274766
0.00719786
-0.000367769
0.00714197
-0.000341992
0.00709074
-0.000304641
0.00704561
-0.000255692
0.00700806
-0.0001954
0.00697955
-0.000124329
0.00696151
-4.3403e-05
0.0069553
4.60257e-05
0.00696218
0.000142276
0.00698325
0.000243077
0.00701932
0.000345609
0.00707089
0.000446473
0.00713797
0.000541692
0.00722001
0.000626734
0.00731579
0.000696583
0.00742327
0.000745896
0.00753955
0.000769257
0.00766088
0.000761518
0.00778268
0.000718293
0.00789975
0.000636407
0.00800652
0.000514332
0.00809737
0.000352794
0.00816722
0.00015474
0.00821165
-7.39931e-05
0.00822786
-0.000326535
0.00821445
-0.000593762
0.00817186
-0.000865912
0.00810214
-0.00113334
0.0080086
-0.00138736
0.00789532
-0.00162084
0.00776666
-0.00182844
0.00762685
-0.00200662
0.00747973
-0.00215343
0.00732855
-0.00226819
0.00717596
-0.00235116
0.007024
-0.00240316
0.00687415
-0.00242532
0.00672749
-0.00241876
0.00658473
-0.00238437
0.00644625
-0.00232285
0.00631239
-0.00223454
0.00618375
-0.0021187
0.00606053
-0.00197416
0.00594235
-0.00180077
0.00583045
-0.00159756
0.00572925
-0.00135816
0.00564183
-0.00107377
0.00556258
-0.000747391
0.00547833
-0.000402075
0.00538143
-6.63973e-05
0.00528208
0.000252441
0.00520669
0.000579375
0.0051826
0.000956381
0.00522285
0.00141631
0.00532253
0.00196864
0.00260266
0.00747467
-0.000313633
0.00742366
-0.000290989
0.00737711
-0.000258085
0.00733635
-0.000214932
0.00730275
-0.000161803
0.00727767
-9.92526e-05
0.00726242
-2.81479e-05
0.00725825
5.01973e-05
0.00726627
0.000134252
0.00728745
0.000221903
0.00732247
0.000310584
0.00737171
0.000397233
0.0074351
0.0004783
0.00751205
0.000549782
0.00760134
0.000607297
0.00770101
0.000646226
0.00780833
0.000661935
0.00791979
0.000650059
0.00803116
0.000606929
0.00813769
0.000529876
0.0082343
0.000417718
0.00831599
0.000271104
0.00837815
9.25824e-05
0.00841702
-0.000112866
0.00843006
-0.000339575
0.00841606
-0.00057976
0.00837531
-0.000825168
0.00830951
-0.00106754
0.00822142
-0.00129927
0.00811452
-0.00151394
0.00799259
-0.00170651
0.00785939
-0.00187342
0.00771839
-0.00201243
0.00757265
-0.00212245
0.00742471
-0.00220322
0.00727661
-0.00225506
0.00712991
-0.00227862
0.00698577
-0.00227463
0.00684508
-0.00224368
0.0067084
-0.00218618
0.0065762
-0.00210233
0.00644913
-0.00199163
0.00632779
-0.00185283
0.00621222
-0.00168519
0.00610302
-0.00148836
0.00600363
-0.00125878
0.00591859
-0.000988722
0.00584673
-0.000675538
0.00577761
-0.000332954
0.00569909
1.21258e-05
0.00561082
0.000340714
0.0055298
0.00066039
0.00548239
0.00100379
0.00548955
0.00140915
0.00555792
0.00190026
0.00247828
0.00775987
-0.000264337
0.00771357
-0.000244697
0.00767151
-0.000216016
0.00763491
-0.000178337
0.00760505
-0.00013194
0.00758316
-7.73593e-05
0.00757042
-1.54137e-05
0.00756799
5.26262e-05
0.00757684
0.000125404
0.00759779
0.000200955
0.00763141
0.000276959
0.00767797
0.000350676
0.00773731
0.000418955
0.00780882
0.00047828
0.00789127
0.000524842
0.00798283
0.00055467
0.00808095
0.000563817
0.00818239
0.000548616
0.00828333
0.000505985
0.00837947
0.000433738
0.00846629
0.000330901
0.00853934
0.000198049
0.00859444
3.74884e-05
0.00862841
-0.000146834
0.00863886
-0.000350029
0.00862469
-0.000565587
0.00858603
-0.000786513
0.00852422
-0.00100573
0.00844154
-0.00121659
0.00834093
-0.00141333
0.00822566
-0.00159124
0.00809906
-0.00174682
0.00796428
-0.00187765
0.00782416
-0.00198234
0.00768115
-0.00206021
0.00753726
-0.00211118
0.00739411
-0.00213546
0.00725295
-0.00213347
0.00711478
-0.00210551
0.00698036
-0.00205175
0.00685027
-0.00197224
0.00672523
-0.00186659
0.0066061
-0.00173369
0.00649334
-0.00157244
0.00638742
-0.00138244
0.00629067
-0.00116203
0.0062077
-0.000905749
0.00614067
-0.000608516
0.00608369
-0.00027597
0.00602429
7.15215e-05
0.00595436
0.000410644
0.00587991
0.000734843
0.00582092
0.00106278
0.0058012
0.00142888
0.00583731
0.00186415
0.00238073
0.00805384
-0.000219696
0.00801206
-0.000202921
0.00797427
-0.000178226
0.00794162
-0.000145681
0.00791524
-0.000105567
0.00789629
-5.84016e-05
0.00788581
-4.94103e-06
0.00788485
5.35885e-05
0.00789425
0.00011601
0.0079147
0.000180504
0.00794667
0.000244989
0.00799032
0.000307026
0.00804543
0.000363838
0.00811136
0.000412351
0.00818693
0.000449274
0.00827039
0.000471205
0.00835942
0.000474794
0.00845106
0.000456976
0.00854188
0.000415165
0.00862805
0.000347562
0.00870554
0.000253415
0.00877038
0.000133203
0.00881893
-1.10539e-05
0.00884836
-0.00017627
0.0088565
-0.000358163
0.00884225
-0.000551339
0.00880561
-0.000749877
0.0087476
-0.000947713
0.00867007
-0.00113906
0.00857548
-0.00131875
0.00846666
-0.00148243
0.00834655
-0.0016267
0.00821799
-0.00174909
0.00808361
-0.00184796
0.00794574
-0.00192234
0.00780637
-0.0019718
0.00766713
-0.00199622
0.00752935
-0.00199569
0.00739414
-0.0019703
0.00726241
-0.00192002
0.00713488
-0.00184472
0.00701234
-0.00174405
0.00689576
-0.00161711
0.00678602
-0.00146269
0.00668371
-0.00128013
0.0065904
-0.00106871
0.00650988
-0.000825235
0.00644609
-0.000544724
0.00639759
-0.000227468
0.00635503
0.000114078
0.00630692
0.000458758
0.00624979
0.000791975
0.00619399
0.00111858
0.00616019
0.00146267
0.00617025
0.00185409
0.00231127
0.00835694
-0.000179511
0.00831946
-0.000165448
0.00828573
-0.000144491
0.00825677
-0.000116725
0.00823364
-8.24333e-05
0.00821734
-4.21053e-05
0.00820892
3.47627e-06
0.00820915
5.3357e-05
0.00821885
0.000106317
0.00823858
0.000160773
0.00826871
0.000214861
0.00830931
0.000266422
0.00836013
0.000313021
0.00842049
0.000351989
0.00848927
0.000380491
0.00856486
0.000395625
0.00864508
0.000394571
0.00872732
0.000374732
0.00880848
0.000334005
0.00888518
0.000270867
0.00895383
0.000184765
0.009011
7.60322e-05
0.00905341
-5.34657e-05
0.00907855
-0.000201411
0.00908445
-0.000364059
0.00907004
-0.000536935
0.0090352
-0.000715033
0.00898065
-0.000893169
0.0089079
-0.00106631
0.00881899
-0.00122983
0.00871634
-0.00137978
0.00860252
-0.00151289
0.00848011
-0.00162668
0.00835153
-0.00171937
0.00821896
-0.00178978
0.00808435
-0.00183719
0.00794935
-0.00186122
0.00781534
-0.00186168
0.0076835
-0.00183846
0.00755487
-0.00179138
0.00743032
-0.00172017
0.00731071
-0.00162445
0.00719708
-0.00150348
0.00709055
-0.00135616
0.00699204
-0.00118162
0.00690273
-0.000979405
0.00682544
-0.000747953
0.00676437
-0.000483646
0.00672129
-0.00018439
0.0066914
0.000143963
0.00666421
0.000485948
0.00663082
0.000825369
0.00659208
0.00115732
0.00656113
0.00149362
0.006559
0.00185622
0.00226319
0.00866942
-0.000143572
0.00863603
-0.000132052
0.00860611
-0.000114578
0.00858062
-9.12309e-05
0.0085605
-6.23083e-05
0.00854663
-2.82435e-05
0.00853996
1.01466e-05
0.00854118
5.21357e-05
0.00855097
9.65312e-05
0.0085698
0.000141939
0.00859796
0.000186705
0.00863545
0.000228933
0.00868197
0.000266499
0.00873686
0.000297097
0.00879906
0.000318296
0.00886705
0.000327634
0.00893889
0.000322732
0.0090122
0.00030142
0.00908425
0.000261954
0.00915204
0.000203081
0.00921243
0.000124375
0.00926231
2.61497e-05
0.00929896
-9.0114e-05
0.00932
-0.000222456
0.00932369
-0.000367744
0.00930898
-0.000522233
0.00927565
-0.0006817
0.0092242
-0.000841719
0.00915581
-0.000997916
0.00907218
-0.0011462
0.00897537
-0.00128296
0.00886762
-0.00140514
0.00875124
-0.0015103
0.00862845
-0.00159658
0.0085013
-0.00166263
0.00837166
-0.00170756
0.00824118
-0.00173074
0.00811128
-0.00173178
0.0079832
-0.00171038
0.00785805
-0.00166624
0.00773686
-0.00159898
0.00762059
-0.00150817
0.0075103
-0.00139319
0.00740724
-0.0012531
0.00731262
-0.00108701
0.00722763
-0.000894407
0.0071543
-0.000674631
0.00709629
-0.000425627
0.00705686
-0.000144963
0.00703533
0.000165494
0.00702489
0.000496387
0.00701592
0.000834336
0.00700305
0.00117019
0.00699096
0.00150571
0.00699498
0.00185221
0.00222163
0.00899149
-0.000111662
0.00896195
-0.000102514
0.00893561
-8.8242e-05
0.00891334
-6.89559e-05
0.00889598
-4.4949e-05
0.00888436
-1.66262e-05
0.00887921
1.52968e-05
0.00888121
5.01365e-05
0.00889091
8.68317e-05
0.00890871
0.00012414
0.0089348
0.000160608
0.00896916
0.000194579
0.00901145
0.000224211
0.00906102
0.000247521
0.00911688
0.000262437
0.00917764
0.000266874
0.00924154
0.000258832
0.00930645
0.000236513
0.00936996
0.000198443
0.00942938
0.000143657
0.00948205
7.17063e-05
0.00952513
-1.6929e-05
0.00955632
-0.000121303
0.00957344
-0.000239581
0.00957492
-0.000369219
0.00955976
-0.000507075
0.00952765
-0.000649589
0.00947892
-0.000792985
0.00941447
-0.000933474
0.00933572
-0.00106745
0.0092444
-0.00119164
0.00914247
-0.00130321
0.00903196
-0.0013998
0.00891492
-0.00147953
0.00879325
-0.00154097
0.00866876
-0.00158306
0.00854304
-0.00160502
0.00841754
-0.00160628
0.00829356
-0.0015864
0.00817228
-0.00154496
0.00805481
-0.00148151
0.00794222
-0.00139557
0.00783563
-0.0012866
0.00773634
-0.00115382
0.00764573
-0.0009964
0.00756516
-0.00081383
0.00749631
-0.000605784
0.00744197
-0.000371286
0.00740575
-0.000108749
0.00738945
0.000181797
0.00739048
0.000495358
0.00740187
0.000822945
0.00741652
0.00115553
0.00743309
0.00148914
0.00745969
0.0018256
0.0021683
0.00932327
-8.35662e-05
0.00929735
-7.66012e-05
0.00927437
-6.52591e-05
0.0092551
-4.9684e-05
0.00924027
-3.01243e-05
0.00923063
-6.98298e-06
0.00922682
1.91057e-05
0.00922942
4.75391e-05
0.00923889
7.73595e-05
0.00925556
0.000107474
0.00927955
0.000136611
0.0093108
0.000163331
0.00934897
0.000186048
0.00939342
0.000203065
0.00944324
0.000212622
0.00949715
0.00021296
0.00955358
0.000202407
0.00961063
0.000179465
0.00966614
0.000142925
0.00971782
9.19773e-05
0.00976322
2.6308e-05
0.00980001
-5.37134e-05
0.00982602
-0.000147321
0.00983939
-0.000252951
0.00983867
-0.000368493
0.00982291
-0.00049132
0.00979176
-0.000618432
0.00974538
-0.000746612
0.00968449
-0.000872586
0.00961023
-0.000993183
0.00952405
-0.00110546
0.00942766
-0.00120682
0.00932286
-0.001295
0.00921149
-0.00136816
0.00909534
-0.00142482
0.00897611
-0.00146382
0.00885536
-0.00148427
0.00873453
-0.00148546
0.00861496
-0.00146683
0.00849788
-0.00142787
0.00838446
-0.00136809
0.00827587
-0.00128698
0.0081733
-0.00118402
0.00807805
-0.00105857
0.00799162
-0.000909966
0.00791549
-0.000737706
0.00785129
-0.000541574
0.00780124
-0.000321237
0.00776852
-7.60356e-05
0.00775595
0.000194371
0.00776406
0.000487247
0.00778966
0.000797342
0.0078274
0.0011178
0.00787381
0.00144273
0.00793155
0.00176787
0.00208903
0.00966489
-5.90604e-05
0.00964237
-5.408e-05
0.00962253
-4.54145e-05
0.00960601
-3.31627e-05
0.00959348
-1.75985e-05
0.00958564
8.56121e-07
0.00958298
2.17692e-05
0.00958602
4.45007e-05
0.00959514
6.82331e-05
0.00961061
9.20076e-05
0.0096325
0.000114719
0.00966071
0.000135125
0.00969489
0.000151866
0.00973446
0.000163496
0.00977855
0.000168529
0.00982602
0.000165486
0.00987546
0.000152973
0.00992517
0.000129749
0.00997328
9.48215e-05
0.0100177
4.75105e-05
0.0100564
-1.23627e-05
0.0100873
-8.46083e-05
0.0101085
-0.000168491
0.0101183
-0.00026274
0.0101154
-0.000365593
0.0100989
-0.000474854
0.0100685
-0.000587998
0.0100241
-0.000702282
0.00996644
-0.000814887
0.00989629
-0.000923034
0.00981493
-0.0010241
0.0097238
-0.00111569
0.00962452
-0.00119572
0.00951874
-0.00126238
0.0094081
-0.00131419
0.00929421
-0.00134994
0.00917859
-0.00136865
0.00906266
-0.00136953
0.00894776
-0.00135193
0.00883516
-0.00131528
0.0087261
-0.00125903
0.0086218
-0.00118268
0.0085235
-0.00108572
0.00843256
-0.000967631
0.00835047
-0.000827874
0.00827882
-0.00066606
0.00821928
-0.000482033
0.00817379
-0.000275746
0.00814504
-4.72891e-05
0.00813588
0.000203539
0.00814846
0.000474661
0.00818271
0.000763095
0.00823635
0.00106416
0.00830689
0.00137219
0.00839457
0.00168018
0.00197926
0.0100165
-3.79106e-05
0.00999718
-3.47247e-05
0.00998021
-2.84381e-05
0.00996624
-1.91956e-05
0.00995582
-7.18223e-06
0.00994955
7.12457e-06
0.00994787
2.34506e-05
0.00995121
4.11588e-05
0.0099599
5.95469e-05
0.00997412
7.77828e-05
0.00999393
9.49119e-05
0.0100192
0.000109868
0.0100496
0.000121493
0.0100845
0.000128562
0.0101232
0.000129821
0.0101647
0.000124037
0.0102076
0.000110049
0.0102505
8.68357e-05
0.0102917
5.35789e-05
0.0103295
9.73166e-06
0.010362
-4.48477e-05
0.0103874
-0.000110011
0.010404
-0.000185124
0.0104104
-0.000269134
0.0104054
-0.000360572
0.0103882
-0.000457602
0.0103583
-0.000558095
0.0103157
-0.000659722
0.0102609
-0.000760054
0.0101945
-0.000856667
0.0101176
-0.000947229
0.0100315
-0.00102957
0.00993754
-0.00110175
0.00983722
-0.00116206
0.00973206
-0.00120903
0.00962357
-0.00124144
0.0095132
-0.00125827
0.00940234
-0.00125867
0.00929234
-0.00124193
0.00918448
-0.00120742
0.00908003
-0.00115458
0.00898026
-0.00108292
0.00888647
-0.00099193
0.00880003
-0.00088119
0.00872244
-0.000750283
0.00865531
-0.00059893
0.00860039
-0.000427113
0.00855952
-0.000234877
0.0085349
-2.26664e-05
0.00852932
0.000209113
0.00854529
0.000458695
0.0085845
0.00072388
0.00864736
0.0010013
0.0087335
0.00128605
0.00884316
0.00157053
0.00184404
0.0103784
-1.98856e-05
0.010362
-1.82976e-05
0.0103477
-1.41196e-05
0.010336
-7.5031e-06
0.0103275
1.28543e-06
0.0103226
1.20278e-05
0.0103218
2.43135e-05
0.0103253
3.76341e-05
0.0103335
5.13754e-05
0.0103464
6.4819e-05
0.0103642
7.71465e-05
0.0103866
8.74475e-05
0.0104134
9.474e-05
0.0104439
9.79919e-05
0.0104776
9.61534e-05
0.0105134
8.81964e-05
0.0105503
7.31581e-05
0.010587
5.02029e-05
0.0106219
1.86618e-05
0.0106535
-2.18977e-05
0.0106803
-7.16187e-05
0.0107006
-0.000130338
0.010713
-0.000197537
0.0107162
-0.000272336
0.0107092
-0.00035351
0.0106911
-0.000439522
0.0106616
-0.000528578
0.0106205
-0.000618701
0.0105683
-0.000707804
0.0105054
-0.000793777
0.0104327
-0.000874559
0.0103514
-0.000948199
0.0102625
-0.00101291
0.0101675
-0.00106708
0.0100678
-0.0011093
0.00996471
-0.00113836
0.00985966
-0.00115323
0.00975401
-0.00115303
0.00964908
-0.001137
0.00954616
-0.0011045
0.00944655
-0.00105497
0.00935152
-0.000987889
0.00926241
-0.000902823
0.00918062
-0.0007994
0.00910764
-0.000677305
0.0090451
-0.000536382
0.00899467
-0.000376686
0.00895828
-0.000198492
0.00893786
-2.24131e-06
0.00893593
0.000211046
0.00895491
0.000439706
0.00899718
0.000681614
0.00906464
0.000933847
0.0091587
0.00119199
0.00928047
0.00144875
0.00169351
0.0107509
-4.74032e-06
0.0107371
-4.54147e-06
0.0107252
-2.23345e-06
0.0107157
2.04303e-06
0.0107088
8.1142e-06
0.0107051
1.57174e-05
0.010705
2.45029e-05
0.0107086
3.40325e-05
0.0107162
4.3777e-05
0.0107279
5.3119e-05
0.0107436
6.1361e-05
0.0107634
6.77327e-05
0.0107867
7.14045e-05
0.0108132
7.15107e-05
0.0108422
6.71774e-05
0.0108728
5.7547e-05
0.0109041
4.18318e-05
0.010935
1.93463e-05
0.0109641
-1.04474e-05
0.0109901
-4.79031e-05
0.0110116
-9.31353e-05
0.0110273
-0.000145996
0.0110358
-0.00020605
0.011036
-0.000272562
0.011027
-0.000344509
0.0110081
-0.000420605
0.0109789
-0.000499339
0.0109392
-0.000579031
0.0108893
-0.000657893
0.0108296
-0.000734094
0.0107609
-0.000805819
0.010684
-0.000871323
0.0106
-0.000928973
0.0105102
-0.000977279
0.0104158
-0.0010149
0.0103182
-0.00104067
0.0102185
-0.00105355
0.0101181
-0.00105267
0.0100184
-0.00103727
0.00992058
-0.00100668
0.00982595
-0.00096034
0.00973582
-0.000897761
0.00965154
-0.00081854
0.00957451
-0.000722367
0.0095062
-0.000608994
0.0094482
-0.00047839
0.00940226
-0.000330738
0.0093701
-0.000166335
0.00935371
1.41449e-05
0.00935528
0.000209479
0.00937706
0.000417922
0.00942145
0.000637223
0.00949087
0.000864432
0.00958758
0.00109528
0.00971334
0.00132299
0.00153777
0.0111342
7.75873e-06
0.0111229
6.75208e-06
0.0111132
7.44967e-06
0.0111055
9.74017e-06
0.0111002
1.34544e-05
0.0110975
1.83583e-05
0.0110979
2.4148e-05
0.0111015
3.04443e-05
0.0111085
3.67934e-05
0.0111189
4.26699e-05
0.0111328
4.74813e-05
0.0111499
5.05819e-05
0.0111701
5.12723e-05
0.0111927
4.88319e-05
0.0112174
4.25481e-05
0.0112432
3.16797e-05
0.0112695
1.56139e-05
0.011295
-6.22587e-06
0.0113188
-3.42537e-05
0.0113397
-6.8768e-05
0.0113564
-0.000109854
0.0113678
-0.000157381
0.0113727
-0.00021098
0.0113702
-0.000270035
0.0113594
-0.000333693
0.0113397
-0.000400873
0.0113106
-0.000470304
0.0112722
-0.000540561
0.0112244
-0.000610113
0.0111677
-0.000677376
0.0111026
-0.000740757
0.01103
-0.000798706
0.0109508
-0.000849747
0.010866
-0.000892508
0.0107768
-0.000925737
0.0106845
-0.000948314
0.0105902
-0.000959247
0.0104951
-0.000957667
0.0104007
-0.000942819
0.0103081
-0.000914054
0.0102186
-0.000870818
0.0101334
-0.000812645
0.0100541
-0.000739171
0.00998183
-0.000650133
0.00991821
-0.000545374
0.00986477
-0.000424943
0.00982309
-0.000289059
0.00979504
-0.000138287
0.00978236
2.68251e-05
0.00978711
0.000204727
0.00981134
0.000393691
0.00985725
0.000591317
0.00992717
0.00079451
0.0100234
0.000999003
0.010148
0.00119848
0.00138414
0.0115288
1.78447e-05
0.0115198
1.58248e-05
0.011512
1.51666e-05
0.011506
1.57709e-05
0.011502
1.74862e-05
0.0115002
2.01068e-05
0.011501
2.33684e-05
0.0115045
2.69455e-05
0.0115108
3.04523e-05
0.0115201
3.34436e-05
0.0115321
3.54224e-05
0.0115469
3.58443e-05
0.011564
3.41292e-05
0.0115832
2.96819e-05
0.0116038
2.19018e-05
0.0116253
1.02e-05
0.0116469
-5.95826e-06
0.0116676
-2.69755e-05
0.0116866
-5.32341e-05
0.0117028
-8.49592e-05
0.0117151
-0.000122213
0.0117226
-0.000164878
0.0117243
-0.000212641
0.0117192
-0.000264987
0.0117068
-0.000321197
0.0116863
-0.000380369
0.0116574
-0.00044143
0.01162
-0.000503172
0.0115742
-0.000564288
0.0115202
-0.000623408
0.0114586
-0.000679144
0.01139
-0.000730123
0.0113153
-0.000775022
0.0112354
-0.00081259
0.0111513
-0.000841671
0.0110642
-0.000861212
0.0109752
-0.000870267
0.0108855
-0.000868001
0.0107964
-0.000853683
0.010709
-0.00082668
0.0106247
-0.000786462
0.0105446
-0.000732596
0.0104702
-0.000664749
0.0104028
-0.000582711
0.0103438
-0.000486405
0.0102948
-0.000375926
0.0102573
-0.000251593
0.010233
-0.000113989
0.0102238
3.61043e-05
0.0102313
0.000197211
0.0102575
0.000367492
0.0103043
0.000544498
0.0103738
0.000725038
0.0104679
0.000904872
0.0105883
0.00107811
0.0012369
0.0119352
2.57468e-05
0.0119282
2.28989e-05
0.0119222
2.11219e-05
0.0119177
2.03267e-05
0.0119148
2.03802e-05
0.0119138
2.11032e-05
0.0119149
2.22683e-05
0.0119182
2.35984e-05
0.0119239
2.4767e-05
0.0119319
2.5401e-05
0.0119423
2.50813e-05
0.0119548
2.33612e-05
0.0119692
1.97464e-05
0.0119851
1.37718e-05
0.012002
4.93328e-06
0.0120196
-7.32322e-06
0.0120369
-2.32773e-05
0.0120533
-4.33582e-05
0.0120679
-6.78499e-05
0.0120798
-9.69277e-05
0.0120883
-0.000130634
0.0120922
-0.000168861
0.0120909
-0.000211344
0.0120836
-0.000257648
0.0120696
-0.000307172
0.0120484
-0.000359156
0.0120196
-0.000412697
0.0119832
-0.000466773
0.0119392
-0.000520266
0.0118878
-0.000572
0.0118294
-0.000620765
0.0117647
-0.000665354
0.0116942
-0.000704589
0.011619
-0.000737341
0.0115399
-0.000762552
0.0114579
-0.000779246
0.0113742
-0.000786537
0.0112898
-0.000783634
0.0112059
-0.000769841
0.0111238
-0.000744557
0.0110446
-0.000707281
0.0109697
-0.000657615
0.0109002
-0.000595262
0.0108375
-0.000520063
0.0107831
-0.000431995
0.0107384
-0.000331209
0.0107049
-0.000218084
0.0106842
-9.32593e-05
0.0106779
4.23868e-05
0.0106877
0.000187386
0.0107153
0.000339877
0.0107624
0.000497411
0.0108306
0.000656808
0.0109216
0.000813955
0.0110363
0.000963401
0.00109816
0.012354
3.16839e-05
0.0123487
2.81851e-05
0.0123443
2.55124e-05
0.012341
2.35865e-05
0.0123391
2.22914e-05
0.0123388
2.14731e-05
0.0123401
2.09377e-05
0.0123432
2.045e-05
0.0123483
1.97373e-05
0.0123552
1.84893e-05
0.0123639
1.63601e-05
0.0123743
1.29647e-05
0.0123861
7.92049e-06
0.0123991
8.25878e-07
0.0124128
-8.78611e-06
0.0124266
-2.11886e-05
0.0124401
-3.6761e-05
0.0124526
-5.58025e-05
0.0124633
-7.85377e-05
0.0124714
-0.0001051
0.0124763
-0.000135515
0.0124771
-0.000169687
0.0124732
-0.000207388
0.0124638
-0.00024825
0.0124484
-0.00029177
0.0124265
-0.000337308
0.0123979
-0.000384104
0.0123625
-0.000431291
0.0123201
-0.00047792
0.0122711
-0.000522978
0.0122158
-0.000565419
0.0121546
-0.000604187
0.0120882
-0.000638238
0.0120175
-0.000666564
0.0119431
-0.000688206
0.0118661
-0.000702271
0.0117875
-0.00070794
0.0117084
-0.000704476
0.0116298
-0.000691228
0.0115528
-0.000667634
0.0114788
-0.00063323
0.0114088
-0.000587651
0.0113442
-0.000530646
0.0112862
-0.000462093
0.0112363
-0.000382015
0.0111957
-0.000290614
0.0111659
-0.000188309
0.0111484
-7.57778e-05
0.0111448
4.60511e-05
0.0111564
0.000175722
0.0111849
0.000311402
0.0112316
0.000450696
0.0112979
0.000590532
0.0113848
0.00072702
0.011493
0.000855179
0.000968846
0.0127856
3.58641e-05
0.0127819
3.18819e-05
0.0127789
2.85221e-05
0.0127768
2.57149e-05
0.0127757
2.33602e-05
0.0127758
2.13266e-05
0.0127773
1.94509e-05
0.0127802
1.75357e-05
0.0127846
1.53541e-05
0.0127905
1.26502e-05
0.0127977
9.1369e-06
0.0128061
4.51055e-06
0.0128157
-1.61685e-06
0.012826
-9.48501e-06
0.0128366
-1.94434e-05
0.0128472
-3.17901e-05
0.0128573
-4.68047e-05
0.0128662
-6.47208e-05
0.0128734
-8.5713e-05
0.0128782
-0.000109882
0.0128799
-0.00013724
0.0128779
-0.000167698
0.0128716
-0.000201062
0.0128603
-0.00023702
0.0128437
-0.000275148
0.0128213
-0.000314908
0.0127929
-0.000355661
0.0127583
-0.000396674
0.0127175
-0.000437137
0.0126707
-0.000476187
0.0126182
-0.00051292
0.0125604
-0.000546416
0.0124979
-0.000575759
0.0124314
-0.000600053
0.0123617
-0.000618441
0.0122895
-0.000630114
0.0122159
-0.000634325
0.0121418
-0.000630398
0.0120683
-0.000617731
0.0119965
-0.000595811
0.0119275
-0.000564211
0.0118624
-0.000522607
0.0118026
-0.000470786
0.0117491
-0.000408661
0.0117034
-0.000336295
0.0116667
-0.000253925
0.0116404
-0.000161999
0.0116259
-6.12171e-05
0.0116244
4.74856e-05
0.0116375
0.000162679
0.0116663
0.000282594
0.011712
0.000404945
0.0117757
0.000526828
0.0118581
0.000644652
0.0119593
0.000753934
0.00084931
0.0132308
3.84832e-05
0.0132285
3.41746e-05
0.0132267
3.03214e-05
0.0132255
2.68624e-05
0.0132252
2.37122e-05
0.0132258
2.076e-05
0.0132273
1.78689e-05
0.01323
1.48766e-05
0.0132338
1.15951e-05
0.0132386
7.81839e-06
0.0132444
3.30664e-06
0.0132512
-2.25218e-06
0.0132586
-9.04249e-06
0.0132665
-1.73363e-05
0.0132744
-2.73985e-05
0.0132821
-3.94729e-05
0.0132891
-5.37787e-05
0.0132949
-7.04984e-05
0.0132989
-8.97658e-05
0.0133007
-0.000111654
0.0132996
-0.000136165
0.0132951
-0.000163217
0.0132867
-0.000192642
0.0132739
-0.000224176
0.0132562
-0.000257461
0.0132333
-0.000292046
0.013205
-0.000327391
0.0131712
-0.000362878
0.0131319
-0.000397821
0.0130872
-0.000431482
0.0130374
-0.000463085
0.0129828
-0.000491836
0.012924
-0.000516933
0.0128615
-0.00053759
0.0127961
-0.000553045
0.0127286
-0.000562574
0.0126598
-0.000565506
0.0125906
-0.000561227
0.0125221
-0.000549194
0.0124552
-0.000528938
0.012391
-0.000500079
0.0123308
-0.000462331
0.0122755
-0.000415516
0.0122264
-0.000359583
0.0121848
-0.000294623
0.0121517
-0.000220897
0.0121286
-0.000138866
0.0121166
-4.92294e-05
0.012117
4.70755e-05
0.012131
0.000148694
0.0121597
0.000253938
0.0122039
0.000360667
0.0122646
0.0004662
0.0123419
0.000567281
0.0124359
0.000659944
0.000739562
0.0136903
3.97234e-05
0.0136892
3.52346e-05
0.0136885
3.10658e-05
0.0136882
2.71645e-05
0.0136884
2.34584e-05
0.0136893
1.98552e-05
0.0136909
1.6241e-05
0.0136933
1.24832e-05
0.0136965
8.43318e-06
0.0137004
3.91818e-06
0.013705
-1.30885e-06
0.0137102
-7.40588e-06
0.0137157
-1.45656e-05
0.0137214
-2.30093e-05
0.0137269
-3.29423e-05
0.013732
-4.45584e-05
0.0137362
-5.80295e-05
0.0137392
-7.34967e-05
0.0137405
-9.10609e-05
0.0137397
-0.000110773
0.0137361
-0.000132627
0.0137294
-0.000156548
0.0137192
-0.000182389
0.0137049
-0.000209926
0.0136863
-0.000238859
0.0136631
-0.000268807
0.013635
-0.000299317
0.013602
-0.000329868
0.0135641
-0.00035988
0.0135213
-0.000388725
0.013474
-0.000415741
0.0134224
-0.000440244
0.013367
-0.000461541
0.0133084
-0.000478945
0.0132471
-0.000491785
0.0131839
-0.000499425
0.0131197
-0.000501264
0.0130552
-0.000496755
0.0129914
-0.000485413
0.0129293
-0.00046682
0.0128699
-0.00044064
0.0128142
-0.000406624
0.0127633
-0.000364631
0.0127184
-0.000314635
0.0126805
-0.000256752
0.0126508
-0.000191252
0.0126306
-0.000118597
0.0126208
-3.94906e-05
0.0126227
4.52024e-05
0.0126372
0.000134171
0.0126653
0.000225855
0.0127077
0.000318285
0.0127649
0.000409027
0.012837
0.000495183
0.0129236
0.000573296
0.000639421
0.0141648
3.97527e-05
0.0141649
3.5218e-05
0.014165
3.0896e-05
0.0141655
2.67422e-05
0.0141662
2.26959e-05
0.0141674
1.86809e-05
0.014169
1.46038e-05
0.0141712
1.03571e-05
0.0141738
5.81832e-06
0.0141768
8.60384e-07
0.0141803
-4.77814e-06
0.014184
-1.1127e-05
0.0141878
-1.8395e-05
0.0141916
-2.67485e-05
0.014195
-3.63493e-05
0.0141978
-4.7349e-05
0.0141996
-5.98807e-05
0.0142002
-7.40517e-05
0.0141991
-8.99367e-05
0.0141959
-0.00010757
0.0141902
-0.000126937
0.0141816
-0.000147971
0.0141697
-0.000170544
0.0141543
-0.000194466
0.0141349
-0.000219483
0.0141114
-0.000245276
0.0140835
-0.000271465
0.0140513
-0.000297611
0.0140146
-0.000323227
0.0139737
-0.000347782
0.0139286
-0.000370713
0.0138798
-0.000391435
0.0138276
-0.000409353
0.0137726
-0.000423873
0.0137152
-0.000434412
0.0136562
-0.000440412
0.0135963
-0.000441347
0.0135363
-0.000436735
0.013477
-0.000426147
0.0134194
-0.000409219
0.0133644
-0.000385655
0.013313
-0.000355247
0.0132663
-0.000317881
0.0132252
-0.000273556
0.0131908
-0.000222404
0.0131643
-0.000164696
0.0131466
-0.00010089
0.0131387
-3.16335e-05
0.0131417
4.22077e-05
0.0131564
0.000119469
0.0131836
0.0001987
0.0132237
0.00027812
0.0132772
0.000355564
0.0133439
0.000428487
0.0134233
0.000493919
0.0146554
3.8724e-05
0.0146564
3.42662e-05
0.0146573
2.9938e-05
0.0146584
2.5702e-05
0.0146595
2.15082e-05
0.0146609
1.72939e-05
0.0146626
1.29844e-05
0.0146644
8.49295e-06
0.0146665
3.72802e-06
0.0146688
-1.47035e-06
0.0146713
-7.20237e-06
0.0146737
-1.35727e-05
0.014676
-2.07217e-05
0.0146781
-2.87807e-05
0.0146796
-3.78765e-05
0.0146804
-4.81264e-05
0.0146801
-5.96317e-05
0.0146785
-7.24732e-05
0.0146753
-8.67043e-05
0.0146701
-0.000102346
0.0146625
-0.00011938
0.0146523
-0.000137744
0.0146391
-0.000157328
0.0146226
-0.000177971
0.0146026
-0.000199459
0.0145788
-0.000221525
0.0145512
-0.000243851
0.0145197
-0.000266071
0.0144842
-0.000287776
0.014445
-0.000308518
0.0144021
-0.000327824
0.0143558
-0.000345197
0.0143066
-0.000360131
0.0142548
-0.000372116
0.0142011
-0.000380652
0.0141459
-0.000385256
0.0140901
-0.000385473
0.0140342
-0.000380883
0.0139792
-0.000371116
0.0139258
-0.000355853
0.013875
-0.000334845
0.0138277
-0.000307916
0.0137848
-0.000274981
0.0137473
-0.000236057
0.0137161
-0.00019128
0.0136924
-0.00014092
0.0136769
-8.54132e-05
0.0136706
-2.53625e-05
0.0136744
3.84234e-05
0.013689
0.000104897
0.0137149
0.00017275
0.0137526
0.000240398
0.0138023
0.000305941
0.0138636
0.000367184
0.000421606
0.015163
3.67752e-05
0.0151647
3.25055e-05
0.0151663
2.83031e-05
0.0151679
2.41367e-05
0.0151695
1.9966e-05
0.015171
1.57397e-05
0.0151726
1.13981e-05
0.0151742
6.87349e-06
0.0151758
2.09593e-06
0.0151775
-3.09207e-06
0.015179
-8.71902e-06
0.0151803
-1.48968e-05
0.0151813
-2.17295e-05
0.0151819
-2.93188e-05
0.0151817
-3.77626e-05
0.0151808
-4.715e-05
0.0151787
-5.75574e-05
0.0151753
-6.90439e-05
0.0151702
-8.16468e-05
0.0151632
-9.53765e-05
0.0151541
-0.000110212
0.0151424
-0.000126099
0.015128
-0.00014294
0.0151107
-0.0001606
0.0150901
-0.000178899
0.0150662
-0.000197616
0.0150388
-0.000216486
0.015008
-0.000235204
0.0149736
-0.000253429
0.0149359
-0.00027079
0.0148949
-0.000286888
0.0148511
-0.000301307
0.0148045
-0.000313621
0.0147558
-0.000323397
0.0147054
-0.000330211
0.0146538
-0.000333651
0.0146016
-0.000333327
0.0145496
-0.000328883
0.0144985
-0.000319998
0.0144491
-0.000306403
0.0144021
-0.000287891
0.0143585
-0.000264313
0.0143191
-0.000235613
0.0142849
-0.000201817
0.0142567
-0.000163058
0.0142354
-0.000119611
0.0142218
-7.18607e-05
0.0142168
-2.03677e-05
0.0142211
3.41293e-05
0.0142353
9.07081e-05
0.0142599
0.000148206
0.014295
0.000205241
0.0143408
0.000260175
0.0143968
0.000311139
0.000356026
0.0156885
3.40293e-05
0.015691
3.00476e-05
0.0156932
2.60882e-05
0.0156952
2.21261e-05
0.0156971
1.81283e-05
0.0156988
1.40541e-05
0.0157003
9.85628e-06
0.0157017
5.48195e-06
0.0157029
8.7995e-07
0.0157039
-4.09527e-06
0.0157046
-9.43423e-06
0.015705
-1.52384e-05
0.0157048
-2.15871e-05
0.0157041
-2.85583e-05
0.0157025
-3.62258e-05
0.0157
-4.46566e-05
0.0156964
-5.39069e-05
0.0156914
-6.40193e-05
0.0156847
-7.50183e-05
0.0156763
-8.69071e-05
0.0156657
-9.96642e-05
0.0156528
-0.000113239
0.0156375
-0.000127551
0.0156193
-0.000142486
0.0155983
-0.000157893
0.0155743
-0.000173591
0.0155472
-0.00018936
0.0155169
-0.00020495
0.0154836
-0.00022008
0.0154472
-0.000234442
0.0154081
-0.000247706
0.0153663
-0.000259529
0.0153222
-0.000269552
0.0152762
-0.000277418
0.0152288
-0.000282769
0.0151804
-0.000285261
0.0151316
-0.000284564
0.0150831
-0.000280379
0.0150356
-0.000272437
0.0149897
-0.000260513
0.0149462
-0.000244435
0.014906
-0.000224088
0.0148698
-0.000199429
0.0148385
-0.000170491
0.0148128
-0.000137418
0.0147937
-0.000100441
0.0147817
-5.99274e-05
0.0147778
-1.63714e-05
0.0147823
2.95665e-05
0.0147959
7.70912e-05
0.0148189
0.000125191
0.0148515
0.00017268
0.0148935
0.000218171
0.0149445
0.000260104
0.00029673
0.0162334
3.05943e-05
0.0162364
2.69896e-05
0.0162391
2.33775e-05
0.0162415
1.97375e-05
0.0162436
1.60439e-05
0.0162454
1.22646e-05
0.0162469
8.36297e-06
0.0162481
4.29853e-06
0.0162489
2.89752e-08
0.0162494
-4.55887e-06
0.0162494
-9.45066e-06
0.0162489
-1.47281e-05
0.0162478
-2.04512e-05
0.0162459
-2.66784e-05
0.0162431
-3.34649e-05
0.0162393
-4.08599e-05
0.0162343
-4.8904e-05
0.0162279
-5.76269e-05
0.01622
-6.70438e-05
0.0162102
-7.71532e-05
0.0161985
-8.79335e-05
0.0161846
-9.93409e-05
0.0161683
-0.000111307
0.0161496
-0.000123737
0.0161282
-0.000136508
0.0161041
-0.000149471
0.0160772
-0.000162448
0.0160474
-0.000175234
0.016015
-0.000187602
0.0159798
-0.000199301
0.0159422
-0.000210062
0.0159023
-0.000219604
0.0158603
-0.000227633
0.0158168
-0.000233856
0.015772
-0.00023798
0.0157264
-0.000239718
0.0156807
-0.000238802
0.0156353
-0.000234982
0.0155909
-0.000228039
0.0155482
-0.000217788
0.0155078
-0.000204088
0.0154706
-0.000186853
0.0154372
-0.000166051
0.0154084
-0.000141728
0.015385
-0.000114008
0.0153677
-8.30948e-05
0.0153571
-4.9329e-05
0.0153538
-1.31287e-05
0.0153585
2.4929e-05
0.0153714
6.41736e-05
0.0153928
0.000103743
0.0154229
0.000142648
0.0154613
0.000179733
0.0155077
0.000213718
0.000243186
0.0167987
2.65647e-05
0.0168023
2.3416e-05
0.0168054
2.02422e-05
0.0168081
1.70275e-05
0.0168104
1.37519e-05
0.0168123
1.03908e-05
0.0168137
6.91645e-06
0.0168147
3.29947e-06
0.0168153
-5.08115e-07
0.0168153
-4.55628e-06
0.0168147
-8.86596e-06
0.0168135
-1.34871e-05
0.0168115
-1.84645e-05
0.0168086
-2.38415e-05
0.0168048
-2.96584e-05
0.0167999
-3.59506e-05
0.0167938
-4.27467e-05
0.0167862
-5.00667e-05
0.0167771
-5.79192e-05
0.0167662
-6.62997e-05
0.0167535
-7.51882e-05
0.0167387
-8.45475e-05
0.0167217
-9.43211e-05
0.0167024
-0.000104432
0.0166807
-0.000114782
0.0166564
-0.00012525
0.0166297
-0.000135695
0.0166004
-0.000145955
0.0165687
-0.000155846
0.0165345
-0.00016517
0.0164982
-0.000173713
0.0164598
-0.000181247
0.0164197
-0.000187541
0.0163782
-0.000192357
0.0163357
-0.00019546
0.0162926
-0.000196621
0.0162494
-0.000195622
0.0162067
-0.000192264
0.016165
-0.000186369
0.016125
-0.000177792
0.0160874
-0.000166422
0.0160527
-0.000152191
0.0160218
-0.000135083
0.0159952
-0.000115142
0.0159736
-9.2474e-05
0.0159578
-6.72679e-05
0.0159483
-3.97975e-05
0.0159456
-1.04251e-05
0.0159501
2.03597e-05
0.0159623
5.20156e-05
0.0159822
8.38286e-05
0.0160099
0.000114989
0.016045
0.000144564
0.0160872
0.000171527
0.000194758
0.017386
2.20217e-05
0.01739
1.93982e-05
0.0173935
1.67424e-05
0.0173965
1.4042e-05
0.017399
1.1282e-05
0.0174009
8.44454e-06
0.0174023
5.50835e-06
0.0174032
2.45271e-06
0.0174034
-7.62594e-07
0.017403
-4.16379e-06
0.017402
-7.77427e-06
0.0174001
-1.16283e-05
0.0173974
-1.5758e-05
0.0173937
-2.01945e-05
0.017389
-2.49661e-05
0.0173832
-3.00976e-05
0.0173761
-3.56085e-05
0.0173675
-4.15116e-05
0.0173574
-4.78113e-05
0.0173456
-5.45016e-05
0.017332
-6.15653e-05
0.0173164
-6.89719e-05
0.0172988
-7.66763e-05
0.0172789
-8.46181e-05
0.0172569
-9.27207e-05
0.0172325
-0.000100891
0.0172058
-0.000109019
0.0171769
-0.000116979
0.0171457
-0.000124631
0.0171123
-0.00013182
0.017077
-0.000138382
0.0170399
-0.000144141
0.0170012
-0.000148918
0.0169614
-0.000152527
0.0169207
-0.000154788
0.0168796
-0.000155522
0.0168386
-0.00015456
0.0167981
-0.000151748
0.0167586
-0.000146949
0.0167209
-0.00014005
0.0166854
-0.000130968
0.0166529
-0.000119653
0.0166239
-0.000106094
0.0165991
-9.03401e-05
0.0165791
-7.24637e-05
0.0165645
-5.26445e-05
0.0165558
-3.10846e-05
0.0165534
-8.08449e-06
0.0165578
1.59531e-05
0.0165692
4.06129e-05
0.0165877
6.53254e-05
0.0166133
8.94504e-05
0.0166456
0.000112266
0.0166841
0.000132975
0.000150723
0.0179968
1.70358e-05
0.0180012
1.49981e-05
0.018005
1.29287e-05
0.0180082
1.08187e-05
0.0180109
8.65757e-06
0.0180129
6.43229e-06
0.0180143
4.12831e-06
0.018015
1.73172e-06
0.018015
-7.87779e-07
0.0180143
-3.44594e-06
0.0180128
-6.26031e-06
0.0180104
-9.25446e-06
0.0180071
-1.24504e-05
0.0180028
-1.58691e-05
0.0179973
-1.953e-05
0.0179907
-2.34494e-05
0.0179827
-2.76399e-05
0.0179733
-3.21095e-05
0.0179624
-3.68595e-05
0.0179497
-4.18846e-05
0.0179353
-4.71707e-05
0.0179191
-5.26944e-05
0.0179008
-5.84221e-05
0.0178805
-6.43087e-05
0.0178581
-7.0298e-05
0.0178335
-7.63213e-05
0.0178068
-8.22985e-05
0.017778
-8.81377e-05
0.0177471
-9.37362e-05
0.0177142
-9.89814e-05
0.0176796
-0.000103752
0.0176434
-0.000107922
0.0176058
-0.000111357
0.0175672
-0.000113924
0.0175279
-0.000115489
0.0174883
-0.000115922
0.0174488
-0.000115099
0.01741
-0.000112907
0.0173723
-0.000109246
0.0173363
-0.000104034
0.0173025
-9.72116e-05
0.0172716
-8.87432e-05
0.0172442
-7.86266e-05
0.0172207
-6.6895e-05
0.0172019
-5.36187e-05
0.0171881
-3.89155e-05
0.01718
-2.29592e-05
0.0171779
-5.96847e-06
0.0171821
1.17504e-05
0.0171928
2.98921e-05
0.0172101
4.80291e-05
0.0172339
6.56895e-05
0.0172638
8.23407e-05
0.0172994
9.74013e-05
0.000110251
0.0186328
1.1667e-05
0.0186375
1.02673e-05
0.0186416
8.84272e-06
0.018645
7.3876e-06
0.0186478
5.89505e-06
0.0186499
4.3569e-06
0.0186512
2.76379e-06
0.0186519
1.10464e-06
0.0186517
-6.35697e-07
0.0186507
-2.46887e-06
0.0186489
-4.40632e-06
0.0186461
-6.46252e-06
0.0186423
-8.65139e-06
0.0186374
-1.0986e-05
0.0186313
-1.34781e-05
0.018624
-1.61376e-05
0.0186154
-1.89721e-05
0.0186052
-2.19858e-05
0.0185936
-2.5179e-05
0.0185802
-2.85474e-05
0.0185651
-3.20811e-05
0.0185482
-3.57643e-05
0.0185294
-3.95742e-05
0.0185085
-4.34812e-05
0.0184857
-4.74479e-05
0.0184608
-5.14291e-05
0.0184339
-5.5372e-05
0.0184049
-5.92164e-05
0.0183741
-6.28947e-05
0.0183414
-6.63332e-05
0.0183071
-6.94524e-05
0.0182714
-7.21686e-05
0.0182344
-7.4395e-05
0.0181966
-7.60433e-05
0.0181581
-7.70256e-05
0.0181194
-7.72562e-05
0.018081
-7.66538e-05
0.0180432
-7.51442e-05
0.0180066
-7.26622e-05
0.0179718
-6.9154e-05
0.0179391
-6.458e-05
0.0179093
-5.89215e-05
0.0178828
-5.21752e-05
0.0178603
-4.43649e-05
0.0178422
-3.55425e-05
0.0178291
-2.57861e-05
0.0178214
-1.52023e-05
0.0178194
-3.96569e-06
0.0178234
7.74077e-06
0.0178335
1.97078e-05
0.0178499
3.1651e-05
0.0178724
4.32573e-05
0.0179005
5.41756e-05
0.0179339
6.40252e-05
7.24001e-05
0.0192958
5.97124e-06
0.0193008
5.25346e-06
0.0193051
4.52194e-06
0.0193087
3.7739e-06
0.0193116
3.0059e-06
0.0193138
2.21391e-06
0.0193151
1.39371e-06
0.0193157
5.41836e-07
0.0193154
-3.54648e-07
0.0193142
-1.29695e-06
0.0193121
-2.29163e-06
0.019309
-3.34584e-06
0.0193048
-4.46607e-06
0.0192995
-5.65864e-06
0.0192929
-6.92921e-06
0.0192851
-8.2825e-06
0.0192758
-9.72198e-06
0.0192651
-1.12495e-05
0.0192528
-1.2865e-05
0.0192388
-1.45661e-05
0.0192231
-1.63476e-05
0.0192055
-1.82014e-05
0.0191861
-2.01162e-05
0.0191647
-2.20769e-05
0.0191413
-2.40648e-05
0.0191159
-2.60574e-05
0.0190886
-2.80284e-05
0.0190593
-2.99477e-05
0.0190282
-3.17816e-05
0.0189953
-3.34933e-05
0.0189609
-3.50434e-05
0.0189251
-3.639e-05
0.0188882
-3.74899e-05
0.0188505
-3.82991e-05
0.0188122
-3.87738e-05
0.0187739
-3.88711e-05
0.0187358
-3.85508e-05
0.0186984
-3.77757e-05
0.0186622
-3.65131e-05
0.0186278
-3.47368e-05
0.0185957
-3.24275e-05
0.0185663
-2.95761e-05
0.0185403
-2.61798e-05
0.0185182
-2.22544e-05
0.0185005
-1.78232e-05
0.0184876
-1.29259e-05
0.0184801
-7.62223e-06
0.0184781
-1.99419e-06
0.018482
3.86152e-06
0.0184918
9.84291e-06
0.0185077
1.58052e-05
0.0185293
2.1593e-05
0.0185565
2.70287e-05
0.0185886
3.19245e-05
3.60793e-05
0.0199878
0.0199931
0.0199976
0.0200014
0.0200044
0.0200066
0.020008
0.0200085
0.0200082
0.0200069
0.0200046
0.0200013
0.0199968
0.0199911
0.0199842
0.0199759
0.0199662
0.019955
0.0199421
0.0199275
0.0199112
0.019893
0.0198729
0.0198508
0.0198267
0.0198007
0.0197726
0.0197427
0.0197109
0.0196774
0.0196424
0.019606
0.0195685
0.0195302
0.0194914
0.0194525
0.019414
0.0193762
0.0193397
0.019305
0.0192725
0.019243
0.0192168
0.0191945
0.0191767
0.0191638
0.0191562
0.0191542
0.019158
0.0191679
0.0191837
0.0192053
0.0192323
0.0192642
)
;

boundaryField
{
    inlet
    {
        type            calculated;
        value           nonuniform 0();
    }
    outlet
    {
        type            calculated;
        value           nonuniform 0();
    }
    cylinder
    {
        type            calculated;
        value           nonuniform 0();
    }
    top
    {
        type            symmetryPlane;
        value           nonuniform 0();
    }
    bottom
    {
        type            symmetryPlane;
        value           uniform 0;
    }
    defaultFaces
    {
        type            empty;
        value           nonuniform 0();
    }
    procBoundary2to1
    {
        type            processor;
        value           nonuniform List<scalar> 
36
(
-0.00578518
-0.0060135
-0.00624787
-0.00648903
-0.00673741
-0.0069933
-0.00725698
-0.0075288
-0.00780916
-0.00809848
-0.00839712
-0.00870536
-0.0090234
-0.00935136
-0.0096894
-0.0100377
-0.0103965
-0.010766
-0.0111467
-0.0115389
-0.0119431
-0.0123599
-0.0127898
-0.0132334
-0.0136915
-0.0141649
-0.0146544
-0.015161
-0.0156858
-0.0162299
-0.0167947
-0.0173815
-0.0179918
-0.0186274
-0.0192901
-0.0199819
)
;
    }
    procBoundary2to3
    {
        type            processor;
        value           nonuniform List<scalar> 
36
(
0.00459941
0.00476409
0.00493051
0.00510022
0.00527697
0.00546754
0.0056823
0.00593487
0.0062397
0.00660709
0.00703653
0.00751302
0.00801083
0.00850434
0.00897837
0.00943101
0.00986909
0.0103016
0.0107355
0.011175
0.0116223
0.0120789
0.0125457
0.0130237
0.0135142
0.000548538
0.0139359
0.0144624
0.0150038
0.0155612
0.0161357
0.0167282
0.0173398
0.0179717
0.0186249
0.0193003
)
;
    }
    procBoundary2to6
    {
        type            processor;
        value           nonuniform List<scalar> 
57
(
0.000892006
0.000842398
0.000769566
0.000673327
0.00055386
0.000411812
0.000248609
6.65183e-05
-0.000133039
-0.000346879
-0.000568671
-0.000791843
-0.00100942
-0.00121367
-0.0013963
-0.00154835
-0.00165992
-0.00172011
-0.00171731
-0.00164
-0.00147838
-0.0012271
-0.000887132
-0.000466304
2.03043e-05
0.0005506
0.00109274
0.00161445
0.00208908
0.00249841
0.00283382
0.00309473
0.00328597
0.00341513
0.00349075
0.00352094
0.00351238
0.00549889
0.00331937
0.00325531
0.0031641
0.00304528
0.00290031
0.00273159
0.00253158
0.00228432
0.00199177
0.00168715
0.00139998
0.00110763
0.000736544
0.000217954
-0.000457687
-0.0012357
-0.00203959
-0.00281575
-0.00355821
)
;
    }
}


// ************************************************************************* //
