/*--------------------------------*- C++ -*----------------------------------*\
  =========                 |
  \\      /  F ield         | OpenFOAM: The Open Source CFD Toolbox
   \\    /   O peration     | Website:  https://openfoam.org
    \\  /    A nd           | Version:  7
     \\/     M anipulation  |
\*---------------------------------------------------------------------------*/
FoamFile
{
    version     2.0;
    format      ascii;
    class       volVectorField;
    location    "5";
    object      U;
}
// * * * * * * * * * * * * * * * * * * * * * * * * * * * * * * * * * * * * * //

dimensions      [0 1 -1 0 0 0 0];

internalField   nonuniform List<vector> 
1987
(
(-0.00593762 -0.0182679 -2.62276e-22)
(0.0647137 -0.0178361 1.86891e-22)
(0.134101 -0.017157 1.04865e-22)
(0.201297 -0.0162856 -1.34543e-22)
(0.265555 -0.0152798 6.40769e-22)
(0.326341 -0.0141947 -8.94559e-22)
(0.383317 -0.0130784 2.44429e-22)
(0.436319 -0.0119697 1.98064e-22)
(0.485326 -0.0108982 4.92838e-22)
(0.530428 -0.00988446 2.99502e-22)
(0.571793 -0.00894105 -1.45706e-21)
(0.609643 -0.0080747 -2.32825e-22)
(0.644234 -0.00728742 7.6924e-22)
(0.675836 -0.00657776 -3.22494e-22)
(0.704718 -0.00594181 3.47814e-22)
(0.731141 -0.00537411 2.17629e-22)
(0.755347 -0.00486822 -8.42439e-23)
(0.777559 -0.00441727 -6.93682e-22)
(0.797973 -0.0040143 -1.61334e-23)
(0.816762 -0.00365249 5.08362e-22)
(0.83407 -0.00332539 2.85451e-22)
(0.85002 -0.0030271 1.00252e-22)
(0.864709 -0.00275248 -3.24152e-22)
(0.878214 -0.00249731 1.0298e-22)
(0.890597 -0.00225843 1.16307e-22)
(0.901909 -0.00203378 -3.24803e-22)
(0.912195 -0.00182228 -1.50578e-22)
(0.921497 -0.00162373 3.42528e-22)
(0.929863 -0.00143845 -7.84578e-23)
(0.937342 -0.00126708 -2.40713e-22)
(0.943993 -0.00111033 1.17467e-22)
(0.949879 -0.000968804 -4.22627e-23)
(0.955068 -0.000842826 1.06994e-22)
(0.959635 -0.000732341 -4.06132e-23)
(0.963652 -0.000636825 7.08117e-23)
(0.967192 -0.000555271 -6.66757e-23)
(0.970323 -0.000486249 1.37883e-23)
(0.973106 -0.000428045 -7.11215e-24)
(0.975594 -0.000378844 3.91351e-23)
(0.977828 -0.000336915 -1.44833e-23)
(0.979844 -0.000300757 2.12487e-23)
(0.981668 -0.00026917 1.06549e-23)
(0.983322 -0.000241266 -3.35236e-23)
(0.984823 -0.000216421 3.37505e-23)
(0.986185 -0.000194214 -8.52752e-24)
(0.987422 -0.000174343 2.13556e-25)
(0.988546 -0.000156582 -9.04462e-24)
(0.989567 -0.000140748 2.53092e-24)
(0.990496 -0.000126601 -1.17597e-23)
(0.991341 -0.000114086 -4.76434e-24)
(0.992109 -0.000102619 1.36089e-23)
(0.992808 -9.23476e-05 1.01182e-23)
(0.993448 -8.32354e-05 -6.09308e-24)
(0.994033 -7.51061e-05 2.99013e-24)
(0.994567 -6.78124e-05 -7.39889e-24)
(0.995056 -6.12541e-05 1.10715e-23)
(-0.2541 -0.0497348 -4.89293e-21)
(-0.191349 -0.0525038 1.58722e-21)
(-0.125014 -0.0542375 9.72597e-22)
(-0.0563118 -0.0549232 -3.39531e-22)
(0.0134363 -0.0545134 -8.01131e-22)
(0.0829586 -0.0532195 7.06792e-23)
(0.151165 -0.0511839 -9.19396e-23)
(0.217156 -0.048573 2.40747e-23)
(0.280206 -0.0455628 -7.16025e-22)
(0.3398 -0.0423183 8.8523e-24)
(0.395616 -0.0389824 3.09788e-22)
(0.447506 -0.0356713 1.85164e-21)
(0.495458 -0.032473 -1.63026e-21)
(0.539568 -0.0294484 -1.16613e-21)
(0.58001 -0.0266348 1.7412e-21)
(0.617005 -0.024052 -9.20021e-22)
(0.65081 -0.0217056 7.23333e-22)
(0.68169 -0.0195911 -1.6146e-21)
(0.709913 -0.0176968 1.31667e-21)
(0.735734 -0.016006 -4.69427e-22)
(0.759392 -0.0144997 -1.15168e-22)
(0.781104 -0.0131572 1.46043e-22)
(0.801065 -0.0119577 -6.5133e-22)
(0.819441 -0.010881 -1.53915e-23)
(0.836376 -0.00990774 8.81138e-22)
(0.851989 -0.0090204 -7.30189e-22)
(0.866375 -0.00820363 8.28384e-23)
(0.879609 -0.00744482 3.52098e-22)
(0.891753 -0.0067345 5.16742e-23)
(0.902856 -0.00606646 -4.99189e-22)
(0.912961 -0.00543752 6.1524e-22)
(0.922109 -0.00484693 -3.3768e-22)
(0.930346 -0.00429564 6.40263e-23)
(0.937719 -0.00378555 -9.65704e-23)
(0.944284 -0.00331876 3.09992e-22)
(0.950101 -0.00289706 -5.01045e-22)
(0.955237 -0.00252146 1.01503e-22)
(0.959763 -0.00219184 9.32274e-23)
(0.963748 -0.00190671 -7.60439e-23)
(0.967265 -0.00166309 2.16557e-23)
(0.970379 -0.00145679 -2.93072e-23)
(0.973149 -0.00128273 -1.24179e-23)
(0.975627 -0.00113552 1.50431e-22)
(0.977854 -0.00101001 9.97539e-23)
(0.979864 -0.000901735 -1.95418e-24)
(0.981684 -0.000807119 -1.80102e-22)
(0.983334 -0.000723514 1.40659e-22)
(0.984832 -0.000649059 -1.69836e-22)
(0.986193 -0.000582495 3.92602e-23)
(0.987428 -0.000522928 2.72303e-24)
(0.988551 -0.000469673 3.56863e-23)
(0.989571 -0.000422194 -4.36954e-23)
(0.990499 -0.000379772 4.76801e-23)
(0.991344 -0.000342232 -4.0532e-23)
(0.992111 -0.000307919 2.50111e-23)
(0.99281 -0.000277055 5.51314e-25)
(0.993449 -0.000249713 -1.33803e-23)
(0.994034 -0.000225327 1.79433e-23)
(0.994568 -0.000203446 -8.6961e-25)
(0.995057 -0.00018377 -5.10953e-24)
(-0.210133 -0.0821279 -3.2749e-21)
(-0.148921 -0.0866812 -3.22787e-21)
(-0.0843317 -0.0895628 2.48511e-21)
(-0.017506 -0.090668 -2.47018e-21)
(0.0502209 -0.0899241 1.28114e-21)
(0.117566 -0.0877682 8.51304e-22)
(0.183523 -0.0843799 -8.65631e-22)
(0.247224 -0.0800423 9.5703e-22)
(0.307983 -0.07505 -1.49506e-21)
(0.36532 -0.069677 3.77466e-21)
(0.418945 -0.0641598 -9.27487e-23)
(0.468733 -0.0586895 -4.80257e-21)
(0.514694 -0.0534106 1.29123e-21)
(0.556934 -0.0484228 -2.49474e-21)
(0.595633 -0.0437868 3.04032e-22)
(0.631016 -0.0395339 8.90677e-22)
(0.663335 -0.0356727 3.99524e-21)
(0.692853 -0.0321949 -2.89641e-21)
(0.719829 -0.0290806 5.95825e-22)
(0.744511 -0.0263023 2.1928e-22)
(0.76713 -0.0238279 8.57237e-23)
(0.787896 -0.0216236 2.39964e-22)
(0.806994 -0.0196548 -1.98819e-21)
(0.824587 -0.0178881 2.93505e-21)
(0.840811 -0.0162918 -9.59602e-22)
(0.85578 -0.0148371 -5.12898e-22)
(0.869587 -0.0134985 -6.26106e-22)
(0.882304 -0.0122554 3.80165e-22)
(0.89399 -0.0110918 -4.36673e-22)
(0.90469 -0.00999761 1.84311e-21)
(0.914447 -0.00896723 -1.5205e-21)
(0.923298 -0.00799931 4.62906e-22)
(0.931286 -0.00709529 -3.52652e-22)
(0.938453 -0.00625817 2.41626e-22)
(0.944852 -0.00549138 7.1299e-22)
(0.950536 -0.00479791 2.23512e-22)
(0.955569 -0.00417953 -3.61718e-22)
(0.960014 -0.00363617 -1.4682e-22)
(0.963939 -0.00316553 2.0295e-22)
(0.96741 -0.00276294 -2.11519e-22)
(0.97049 -0.0024216 -1.54555e-22)
(0.973234 -0.00213329 8.54832e-23)
(0.975693 -0.00188921 3.95999e-22)
(0.977905 -0.00168095 -2.10657e-22)
(0.979904 -0.00150115 2.06088e-22)
(0.981715 -0.00134393 -2.51441e-22)
(0.983359 -0.00120494 9.0523e-23)
(0.984852 -0.00108111 1.2688e-22)
(0.986208 -0.000970366 -2.68904e-22)
(0.98744 -0.000871229 -3.13739e-23)
(0.98856 -0.000782572 -3.35555e-23)
(0.989579 -0.000703509 1.75695e-22)
(0.990505 -0.000632871 -9.81494e-23)
(0.991349 -0.000570321 1.41936e-23)
(0.992115 -0.000513489 1.0927e-22)
(0.992813 -0.000461813 -9.78727e-23)
(0.993452 -0.000416229 -6.5759e-23)
(0.994036 -0.00037559 9.58786e-23)
(0.99457 -0.00033912 2.96191e-23)
(0.995059 -0.000306325 3.04605e-23)
(-0.0900368 -0.119713 -8.14438e-22)
(-0.0279574 -0.123763 -1.17068e-21)
(0.036209 -0.125019 -5.63756e-21)
(0.101074 -0.124022 3.24011e-22)
(0.16535 -0.121011 2.40142e-22)
(0.228163 -0.116281 -4.52002e-21)
(0.28868 -0.110243 7.04975e-21)
(0.346266 -0.103308 1.28304e-22)
(0.400487 -0.0958584 -1.55349e-21)
(0.451096 -0.088221 -1.16016e-21)
(0.497999 -0.0806596 7.17081e-22)
(0.541227 -0.0733719 1.85841e-21)
(0.580906 -0.0664943 1.08639e-21)
(0.617221 -0.0601087 -5.17671e-21)
(0.650398 -0.0542564 4.36895e-21)
(0.680685 -0.0489476 -5.54523e-21)
(0.708337 -0.0441695 2.86858e-21)
(0.733605 -0.0398937 1.71887e-21)
(0.756725 -0.0360815 -7.12815e-22)
(0.777918 -0.0326883 -5.59708e-21)
(0.797382 -0.029667 2.91069e-21)
(0.815293 -0.02697 -1.93183e-22)
(0.831804 -0.0245514 2.67844e-21)
(0.847044 -0.0223673 -7.33671e-22)
(0.861122 -0.0203782 4.44974e-22)
(0.874124 -0.0185491 7.57038e-22)
(0.886119 -0.0168511 -1.298e-21)
(0.897163 -0.0152626 -3.58962e-22)
(0.9073 -0.0137687 2.78471e-22)
(0.916567 -0.0123618 -3.56345e-22)
(0.924999 -0.0110395 -8.48708e-22)
(0.932634 -0.00980355 1.08645e-21)
(0.93951 -0.0086578 -1.03518e-21)
(0.945671 -0.0076069 1.41149e-21)
(0.951166 -0.00665498 -7.43631e-22)
(0.95605 -0.00580464 2.93258e-24)
(0.96038 -0.00505611 -8.25646e-23)
(0.964218 -0.00440656 1.55045e-22)
(0.967623 -0.00384991 3.8739e-22)
(0.970652 -0.00337714 -8.32068e-22)
(0.97336 -0.00297717 5.07955e-22)
(0.97579 -0.00263808 -1.29076e-22)
(0.977981 -0.00234838 1.8803e-22)
(0.979963 -0.00209801 1.84636e-22)
(0.981762 -0.00187889 -3.19565e-22)
(0.983395 -0.00168503 2.42577e-22)
(0.984881 -0.00151221 -7.66635e-23)
(0.986231 -0.00135756 -1.82705e-22)
(0.987458 -0.00121906 1.59873e-22)
(0.988575 -0.00109515 -2.31427e-22)
(0.98959 -0.000984606 2.19433e-23)
(0.990514 -0.000885847 8.2287e-23)
(0.991356 -0.000798303 -3.18347e-24)
(0.992122 -0.00072017 1.30988e-22)
(0.992819 -0.000646656 -6.22704e-23)
(0.993457 -0.000582809 -3.45896e-23)
(0.99404 -0.000525924 6.10664e-23)
(0.994574 -0.000474862 -8.26086e-23)
(0.995062 -0.000428943 8.56219e-23)
(-0.0189038 -0.151317 5.43795e-21)
(0.0401167 -0.156119 6.03733e-21)
(0.10096 -0.157641 -1.44553e-21)
(0.162139 -0.156426 -1.85698e-21)
(0.222655 -0.152565 -7.77599e-22)
(0.281615 -0.146522 -1.70583e-21)
(0.338249 -0.138827 8.10663e-22)
(0.391987 -0.13001 -4.28611e-22)
(0.442451 -0.120557 -1.30431e-22)
(0.489438 -0.110883 -6.05393e-21)
(0.532892 -0.10132 1.44253e-20)
(0.572867 -0.0921161 -1.12279e-20)
(0.609504 -0.0834421 -1.38403e-21)
(0.642993 -0.0753987 9.42922e-21)
(0.67356 -0.0680351 -5.21278e-21)
(0.701447 -0.0613619 -4.98181e-21)
(0.726896 -0.0553612 4.26156e-21)
(0.750146 -0.0499956 -3.97336e-22)
(0.771421 -0.0452152 9.22437e-22)
(0.790927 -0.0409633 4.6401e-21)
(0.808848 -0.0371801 1.32139e-21)
(0.82535 -0.0338054 -3.9369e-21)
(0.840574 -0.0307811 -1.45493e-21)
(0.854641 -0.0280525 -2.3137e-21)
(0.867651 -0.0255696 3.25857e-21)
(0.879686 -0.0232884 4.95242e-22)
(0.890813 -0.0211724 1.13193e-21)
(0.901081 -0.0191938 8.836e-22)
(0.910533 -0.0173337 -3.33522e-21)
(0.919203 -0.0155817 2.72568e-21)
(0.927122 -0.0139342 -1.87109e-21)
(0.934323 -0.0123928 -2.59994e-22)
(0.940839 -0.0109621 -1.87336e-22)
(0.946706 -0.00964754 1.34668e-21)
(0.951965 -0.00845443 -5.56623e-22)
(0.956663 -0.00738627 -3.76315e-22)
(0.960849 -0.00644378 -4.18963e-22)
(0.964576 -0.00562395 1.46847e-21)
(0.967897 -0.00491972 -9.94615e-22)
(0.970864 -0.00432027 8.28334e-22)
(0.973523 -0.00381207 -7.87223e-22)
(0.975917 -0.00338043 9.4789e-22)
(0.97808 -0.00301105 -1.04094e-21)
(0.980042 -0.00269139 4.72964e-22)
(0.981824 -0.0024113 -3.3131e-22)
(0.983444 -0.00216327 3.89384e-22)
(0.984919 -0.00194198 1.02235e-22)
(0.986261 -0.00174382 1.85053e-22)
(0.987483 -0.00156625 -6.68086e-22)
(0.988594 -0.0014073 2.08585e-22)
(0.989606 -0.0012654 1.16088e-22)
(0.990526 -0.00113865 -9.3012e-23)
(0.991366 -0.00102606 7.76511e-23)
(0.99213 -0.0009267 -7.17453e-23)
(0.992827 -0.000831592 4.22355e-23)
(0.993463 -0.000749483 7.59289e-25)
(0.994045 -0.000676356 -1.84749e-24)
(0.994578 -0.000610698 2.71787e-23)
(0.995066 -0.000551649 -1.54716e-23)
(0.0607673 -0.180765 4.09108e-21)
(0.116179 -0.186326 -9.42402e-21)
(0.172957 -0.188334 6.36951e-21)
(0.229927 -0.186825 -1.5073e-21)
(0.286105 -0.182129 -1.10471e-22)
(0.340641 -0.174819 -1.49537e-21)
(0.39285 -0.165537 5.85437e-21)
(0.442233 -0.154923 -9.99897e-21)
(0.488475 -0.143564 3.50844e-21)
(0.531422 -0.131959 8.06795e-21)
(0.571051 -0.120505 -6.83355e-21)
(0.60744 -0.109497 4.32558e-21)
(0.64074 -0.0991365 -1.60964e-21)
(0.671146 -0.089541 3.0785e-21)
(0.698875 -0.0807664 -3.80399e-21)
(0.724158 -0.0728225 -4.88646e-21)
(0.747224 -0.0656855 2.33622e-21)
(0.768296 -0.0593092 -1.98932e-21)
(0.787578 -0.0536329 1.50281e-21)
(0.805263 -0.0485879 5.01633e-23)
(0.821518 -0.0441024 -1.81569e-21)
(0.836496 -0.0401046 2.80898e-21)
(0.850324 -0.0365251 -3.4005e-21)
(0.863116 -0.0332987 3.38459e-21)
(0.874962 -0.030366 -6.27711e-22)
(0.88594 -0.0276746 -6.98947e-22)
(0.89611 -0.0251808 2.17782e-21)
(0.905522 -0.0228509 -8.05637e-22)
(0.914214 -0.0206616 2.26367e-22)
(0.922218 -0.0185996 1.24762e-22)
(0.929563 -0.0166599 1.0748e-21)
(0.936275 -0.0148433 -1.60513e-21)
(0.942382 -0.0131546 -5.70985e-22)
(0.947914 -0.0116 -4.71559e-22)
(0.952904 -0.0101857 1.31402e-21)
(0.957388 -0.00891622 -1.27233e-21)
(0.961407 -0.00779292 3.33056e-22)
(0.965005 -0.00681299 1.10768e-21)
(0.968228 -0.00596885 -6.16425e-22)
(0.971119 -0.00524836 -6.44991e-22)
(0.973722 -0.00463603 2.59134e-22)
(0.976073 -0.00411478 1.41521e-22)
(0.978203 -0.00366787 7.20279e-22)
(0.980138 -0.00328046 -2.51872e-22)
(0.9819 -0.00294056 -3.08341e-22)
(0.983505 -0.00263921 1.81958e-22)
(0.984967 -0.00237009 -1.512e-22)
(0.9863 -0.0021289 1.64184e-22)
(0.987513 -0.00191262 1.68913e-24)
(0.988618 -0.00171888 -3.75802e-23)
(0.989625 -0.0015458 -1.08949e-23)
(0.990542 -0.0013912 -2.96358e-23)
(0.991378 -0.00125352 -1.61444e-23)
(0.992141 -0.0011315 -1.13511e-22)
(0.992836 -0.00101658 2.89384e-22)
(0.99347 -0.000916291 -1.82685e-22)
(0.994052 -0.00082691 1.68877e-22)
(0.994584 -0.000746653 -9.33827e-23)
(0.99507 -0.000674466 2.53547e-23)
(0.145709 -0.207773 -2.04806e-21)
(0.196978 -0.214411 3.83663e-21)
(0.249302 -0.216745 6.86778e-21)
(0.301602 -0.214941 -3.0968e-21)
(0.352958 -0.209457 -2.728e-21)
(0.40261 -0.200954 3.56584e-22)
(0.449964 -0.190179 2.22425e-22)
(0.494606 -0.177881 -4.90309e-21)
(0.536288 -0.164741 -6.28564e-22)
(0.574906 -0.151336 -4.31911e-22)
(0.610472 -0.138125 1.16867e-20)
(0.643081 -0.125443 -9.62919e-22)
(0.672891 -0.11352 -2.72186e-21)
(0.700092 -0.10249 -4.12781e-21)
(0.724891 -0.0924142 -5.67027e-21)
(0.747502 -0.0833 3.03049e-21)
(0.768133 -0.0751182 2.12224e-21)
(0.786985 -0.0678138 -3.22709e-21)
(0.804245 -0.0613159 7.63907e-21)
(0.820083 -0.0555449 -2.86706e-21)
(0.834651 -0.0504176 1.58744e-21)
(0.848084 -0.0458515 -3.1613e-21)
(0.860497 -0.041767 2.74578e-21)
(0.871991 -0.0380895 2.2056e-22)
(0.882651 -0.034751 6.4934e-22)
(0.892546 -0.0316913 3.09946e-22)
(0.901733 -0.02886 -1.03759e-21)
(0.91026 -0.0262178 9.66975e-22)
(0.918162 -0.0237371 -2.03549e-21)
(0.92547 -0.0214013 -1.71467e-21)
(0.93221 -0.0192034 1.01821e-21)
(0.938405 -0.0171433 6.97762e-22)
(0.944077 -0.0152252 -9.14915e-22)
(0.94925 -0.0134558 1.76966e-23)
(0.953948 -0.0118419 1.30752e-21)
(0.9582 -0.0103889 -2.07323e-22)
(0.962036 -0.00909912 -8.49003e-22)
(0.965492 -0.00797026 7.93223e-22)
(0.968606 -0.00699467 -3.05514e-22)
(0.971414 -0.00615941 2.45648e-22)
(0.973953 -0.00544751 -1.29997e-21)
(0.976254 -0.00483996 6.99274e-22)
(0.978347 -0.0043179 -5.41101e-22)
(0.980252 -0.00386451 -1.12794e-22)
(0.981991 -0.0034661 2.92469e-22)
(0.983577 -0.00311242 -5.06065e-22)
(0.985025 -0.00279623 6.85495e-22)
(0.986346 -0.00251258 -6.78347e-22)
(0.98755 -0.002258 4.70781e-22)
(0.988648 -0.00202979 8.23631e-23)
(0.989649 -0.00182574 -1.01217e-22)
(0.990561 -0.00164346 1.29908e-22)
(0.991394 -0.00148073 -1.46805e-22)
(0.992155 -0.00133592 -1.47462e-22)
(0.992848 -0.00120174 1.57007e-23)
(0.99348 -0.00108328 -9.82486e-24)
(0.994059 -0.000977611 3.2468e-22)
(0.99459 -0.000882751 -1.86849e-22)
(0.995076 -0.000797418 -2.91148e-23)
(0.233345 -0.232491 1.77307e-20)
(0.280222 -0.240017 -4.58703e-20)
(0.327764 -0.242627 1.83973e-20)
(0.375014 -0.240561 -6.30065e-22)
(0.421161 -0.234351 -2.80093e-21)
(0.465555 -0.22475 3.80003e-22)
(0.507713 -0.212606 3.95436e-21)
(0.547315 -0.198765 -3.70886e-21)
(0.584188 -0.183997 -1.0092e-21)
(0.618281 -0.16895 1.49424e-20)
(0.649638 -0.154136 -1.80556e-20)
(0.678367 -0.13993 -3.58648e-21)
(0.704625 -0.126585 6.80935e-21)
(0.728595 -0.11425 -5.52769e-21)
(0.750465 -0.10299 7.45573e-21)
(0.770425 -0.0928116 -1.97009e-21)
(0.788659 -0.0836796 3.54323e-21)
(0.80534 -0.0755312 3.01322e-21)
(0.820631 -0.0682863 -1.36488e-20)
(0.834678 -0.0618552 4.66852e-21)
(0.847615 -0.0561449 -4.31332e-22)
(0.859555 -0.0510631 2.75705e-21)
(0.870603 -0.0465213 8.94566e-21)
(0.880844 -0.0424366 -1.34154e-20)
(0.890354 -0.0387332 4.82905e-21)
(0.899197 -0.0353443 3.0042e-22)
(0.907425 -0.0322134 4.16025e-21)
(0.915083 -0.0292958 -3.31015e-21)
(0.922205 -0.0265596 1.18001e-21)
(0.928822 -0.0239848 -1.93285e-21)
(0.934957 -0.021562 2.24984e-22)
(0.940631 -0.0192893 -3.36667e-22)
(0.945862 -0.0171703 2.59414e-21)
(0.950668 -0.0152114 -2.04216e-21)
(0.955066 -0.0134197 9.44053e-22)
(0.959076 -0.0118014 1.53501e-22)
(0.962721 -0.0103599 3.9375e-22)
(0.966027 -0.00909368 -1.56775e-21)
(0.969024 -0.00799546 1.08148e-21)
(0.971743 -0.00705201 -1.02075e-21)
(0.974212 -0.00624537 1.30809e-22)
(0.97646 -0.00555503 6.66819e-22)
(0.97851 -0.00496041 -2.2497e-22)
(0.980383 -0.00444295 9.99432e-23)
(0.982095 -0.00398747 4.20776e-22)
(0.983661 -0.00358255 -5.87614e-22)
(0.985092 -0.00322011 -5.27759e-23)
(0.986399 -0.00289463 2.36515e-22)
(0.987593 -0.00260224 -5.53829e-23)
(0.988682 -0.00233992 2.83486e-22)
(0.989676 -0.00210515 1.94824e-24)
(0.990584 -0.00189534 -4.12393e-23)
(0.991412 -0.00170776 -6.54899e-23)
(0.992171 -0.00154074 -1.58493e-22)
(0.992861 -0.00138727 9.3716e-23)
(0.993491 -0.00125052 2.95002e-23)
(0.994069 -0.00112849 -1.90558e-24)
(0.994598 -0.00101902 6.7275e-23)
(0.995083 -0.000920524 -4.3844e-23)
(0.321853 -0.254658 1.18718e-20)
(0.364151 -0.262955 -3.27192e-22)
(0.406664 -0.265816 -7.34865e-22)
(0.448575 -0.263516 -2.23419e-21)
(0.489209 -0.256656 4.60542e-22)
(0.528055 -0.246073 1.3179e-21)
(0.564756 -0.232707 -4.45633e-21)
(0.599097 -0.217492 7.20801e-21)
(0.630988 -0.201274 2.43389e-21)
(0.66043 -0.184766 -9.10522e-22)
(0.687499 -0.168526 -2.81605e-21)
(0.712313 -0.152964 -8.0837e-21)
(0.735023 -0.138351 2.59261e-21)
(0.755795 -0.124852 3.90966e-21)
(0.774796 -0.112534 -1.22668e-20)
(0.792184 -0.101403 4.85661e-21)
(0.808112 -0.0914183 8.57696e-21)
(0.822724 -0.0825108 -1.02358e-20)
(0.836152 -0.0745924 -7.78022e-22)
(0.848517 -0.0675654 6.32053e-21)
(0.859927 -0.061328 -3.23641e-21)
(0.870479 -0.0557799 1.04058e-20)
(0.880257 -0.0508247 -1.02084e-20)
(0.889335 -0.0463724 5.30231e-21)
(0.897777 -0.042341 4.47396e-21)
(0.905639 -0.0386577 -4.5018e-21)
(0.912971 -0.0352606 3.13455e-21)
(0.919812 -0.0321005 -5.85861e-22)
(0.926197 -0.029141 -5.99834e-21)
(0.932155 -0.0263588 3.34512e-21)
(0.93771 -0.0237415 -6.12182e-22)
(0.942881 -0.0212853 2.90619e-21)
(0.947682 -0.0189921 -2.99741e-21)
(0.952126 -0.0168677 -2.16892e-21)
(0.956226 -0.0149191 3.28021e-21)
(0.959994 -0.0131533 -1.3936e-21)
(0.963445 -0.0115746 -5.59517e-22)
(0.966598 -0.0101825 3.13839e-21)
(0.969476 -0.00897045 -1.84463e-21)
(0.972101 -0.00792542 -9.65077e-22)
(0.974497 -0.00702893 6.12859e-22)
(0.976688 -0.00625941 5.12871e-22)
(0.978693 -0.00559487 -7.59091e-22)
(0.98053 -0.00501532 2.14501e-23)
(0.982213 -0.00450428 4.59938e-22)
(0.983756 -0.00404928 -3.54963e-22)
(0.985168 -0.00364149 5.96625e-23)
(0.986461 -0.00327488 -1.3258e-22)
(0.987642 -0.0029452 1.88776e-22)
(0.988722 -0.00264915 2.1872e-22)
(0.989709 -0.00238394 -4.05616e-22)
(0.99061 -0.00214681 2.74024e-23)
(0.991434 -0.00193461 2.13811e-22)
(0.992189 -0.00174563 6.1564e-23)
(0.992877 -0.00157333 -1.46098e-22)
(0.993505 -0.001418 -7.39182e-23)
(0.99408 -0.00127957 4.43883e-23)
(0.994608 -0.00115547 8.61159e-23)
(0.995092 -0.0010438 -1.0069e-22)
(0.409811 -0.274167 -3.06556e-20)
(0.447407 -0.283124 3.57539e-20)
(0.484715 -0.286194 -3.2115e-20)
(0.521076 -0.283684 7.12359e-21)
(0.55598 -0.276257 7.37997e-21)
(0.589071 -0.264825 -5.15299e-21)
(0.620136 -0.250405 3.54384e-21)
(0.649077 -0.234007 3.46211e-21)
(0.675886 -0.216542 -1.14864e-20)
(0.700622 -0.198776 -2.22342e-21)
(0.723385 -0.181307 3.18353e-23)
(0.744303 -0.164572 -5.63034e-21)
(0.763515 -0.148861 2.05147e-20)
(0.781165 -0.134346 -1.28652e-20)
(0.797391 -0.121103 -3.33419e-21)
(0.812319 -0.109135 1.15709e-20)
(0.826065 -0.0983973 -6.64281e-21)
(0.838738 -0.0888161 1.6102e-21)
(0.850437 -0.0802974 2.41589e-21)
(0.861254 -0.0727364 -2.59198e-21)
(0.871272 -0.0660251 4.22632e-21)
(0.880563 -0.0600562 -3.109e-21)
(0.889194 -0.0547273 -5.27765e-21)
(0.897224 -0.0499427 7.26542e-21)
(0.904706 -0.0456152 8.44594e-22)
(0.911685 -0.0416673 -4.2383e-21)
(0.918207 -0.0380327 -2.51079e-21)
(0.924307 -0.0346578 3.55036e-21)
(0.93002 -0.0315026 3.03452e-22)
(0.935374 -0.0285401 -4.41529e-21)
(0.940391 -0.025755 4.85631e-21)
(0.945091 -0.0231408 -4.25931e-21)
(0.949487 -0.0206974 5.66783e-21)
(0.953587 -0.0184293 -4.09e-21)
(0.9574 -0.0163433 2.53384e-21)
(0.960933 -0.0144465 -1.8006e-21)
(0.964194 -0.0127442 1.46085e-22)
(0.967196 -0.0112371 -3.58034e-22)
(0.969952 -0.00991969 2.64575e-21)
(0.972482 -0.00877949 -8.18168e-22)
(0.974804 -0.00779792 -8.00287e-22)
(0.976935 -0.00695276 8.52599e-23)
(0.978893 -0.00622095 -3.50496e-22)
(0.980692 -0.00558132 1.24419e-21)
(0.982345 -0.00501624 2.11331e-22)
(0.983862 -0.00451236 -1.90299e-22)
(0.985255 -0.00406017 -6.69315e-22)
(0.986531 -0.00365315 6.82408e-22)
(0.987699 -0.00328674 -4.91813e-22)
(0.988768 -0.0029574 -4.62528e-22)
(0.989746 -0.00266206 1.12605e-21)
(0.990641 -0.0023978 -5.47937e-22)
(0.991459 -0.00216125 7.93995e-23)
(0.99221 -0.00195025 1.4331e-22)
(0.992896 -0.00176512 -1.08266e-22)
(0.99352 -0.00158615 -8.58493e-23)
(0.994094 -0.00143089 -5.40772e-24)
(0.99462 -0.00129213 1.33528e-22)
(0.995102 -0.00116727 -1.10117e-22)
(0.496109 -0.290978 6.98091e-20)
(0.528918 -0.300457 -2.20706e-20)
(0.560898 -0.303683 -5.41433e-21)
(0.591568 -0.300987 -7.96806e-22)
(0.620603 -0.293085 1.00482e-20)
(0.647822 -0.280949 -6.87277e-21)
(0.673163 -0.265662 -2.06254e-21)
(0.696648 -0.248292 3.18086e-21)
(0.718356 -0.229801 3.16857e-21)
(0.738399 -0.210997 5.15348e-21)
(0.756901 -0.192509 -2.43446e-21)
(0.773994 -0.174797 -6.4681e-22)
(0.7898 -0.158165 3.46646e-21)
(0.804436 -0.142793 -1.97558e-21)
(0.81801 -0.128762 -5.14888e-21)
(0.830609 -0.116075 -9.91051e-21)
(0.842311 -0.104686 1.14894e-20)
(0.853188 -0.0945165 -1.22378e-20)
(0.863303 -0.085469 1.00306e-20)
(0.872716 -0.0774343 4.91201e-21)
(0.881481 -0.0702993 -4.13117e-21)
(0.889649 -0.063952 3.11643e-21)
(0.897266 -0.0582853 -2.45809e-21)
(0.904373 -0.0531995 -1.27806e-21)
(0.911011 -0.0486032 8.32152e-22)
(0.917217 -0.0444156 -2.26577e-21)
(0.923027 -0.0405668 5.35956e-21)
(0.928475 -0.0369999 -2.63134e-21)
(0.933593 -0.0336715 3.45167e-21)
(0.938408 -0.0305511 -3.30136e-21)
(0.942943 -0.0276203 -1.18398e-21)
(0.947216 -0.0248696 -3.2216e-21)
(0.95124 -0.0222966 3.60236e-21)
(0.955023 -0.019904 -2.76476e-21)
(0.958568 -0.0176975 4.58871e-23)
(0.961877 -0.0156845 1.02647e-21)
(0.964956 -0.013871 1.25711e-21)
(0.96781 -0.0122589 -2.75961e-22)
(0.970448 -0.010844 5.44797e-22)
(0.972883 -0.00961459 8.69291e-22)
(0.975129 -0.00855246 -1.11687e-21)
(0.977199 -0.00763503 7.17414e-22)
(0.979108 -0.00683851 -1.0397e-21)
(0.980868 -0.00614074 3.57082e-22)
(0.982488 -0.00552317 5.08009e-22)
(0.98398 -0.00497161 -1.27762e-21)
(0.98535 -0.00447597 7.6723e-22)
(0.986609 -0.0040293 -7.19316e-24)
(0.987763 -0.00362676 -6.86803e-22)
(0.98882 -0.00326458 7.06675e-22)
(0.989789 -0.00293944 -3.02895e-22)
(0.990676 -0.00264826 -1.08898e-22)
(0.991488 -0.00238761 2.05256e-22)
(0.992233 -0.00215458 4.13753e-22)
(0.992917 -0.00195212 -1.87326e-22)
(0.99354 -0.00175438 -5.24454e-22)
(0.994109 -0.00158255 3.90546e-22)
(0.994633 -0.00142903 -2.96079e-22)
(0.995113 -0.00129095 8.30145e-23)
(0.579866 -0.305068 2.36708e-20)
(0.607811 -0.314922 -4.61867e-20)
(0.634379 -0.318242 2.20332e-20)
(0.65928 -0.315386 4.09981e-21)
(0.682387 -0.307111 -1.40525e-21)
(0.703705 -0.294433 6.14798e-22)
(0.723326 -0.278481 -1.10261e-22)
(0.741392 -0.260364 2.71716e-21)
(0.758062 -0.241082 2.13456e-21)
(0.773498 -0.22147 -1.05741e-20)
(0.787847 -0.202183 1.25698e-21)
(0.801234 -0.183697 1.22733e-20)
(0.813766 -0.166328 -1.21577e-20)
(0.825528 -0.150259 5.71302e-21)
(0.836592 -0.135579 6.26351e-21)
(0.847008 -0.122293 -2.52258e-21)
(0.856813 -0.110354 -3.1112e-21)
(0.866039 -0.0996807 -6.41459e-21)
(0.874713 -0.0901747 7.7343e-22)
(0.882862 -0.081724 4.60133e-21)
(0.890513 -0.074213 1.01219e-22)
(0.897691 -0.0675266 -9.6313e-22)
(0.904421 -0.0615548 3.55559e-22)
(0.910728 -0.056195 -2.03783e-21)
(0.916639 -0.0513534 2.54522e-21)
(0.922179 -0.0469466 -2.95455e-22)
(0.927379 -0.0429026 6.91418e-22)
(0.932266 -0.0391616 1.43091e-21)
(0.93687 -0.0356775 -5.01785e-21)
(0.941216 -0.0324168 1.36197e-21)
(0.945328 -0.0293578 4.36172e-22)
(0.949224 -0.0264881 -3.87591e-21)
(0.952917 -0.0238023 4.40657e-21)
(0.956411 -0.021301 1.40402e-21)
(0.959711 -0.0189887 -1.28691e-21)
(0.962814 -0.0168723 -9.92089e-22)
(0.965721 -0.0149583 4.81736e-22)
(0.968434 -0.0132501 1.34978e-21)
(0.970957 -0.0117447 -2.88347e-21)
(0.973299 -0.0104315 1.56178e-21)
(0.97547 -0.00929298 5.53973e-22)
(0.97748 -0.00830643 -6.05268e-22)
(0.979339 -0.00744759 -1.65616e-21)
(0.981057 -0.00669355 2.34608e-21)
(0.982644 -0.00602496 -1.5359e-21)
(0.984108 -0.00542691 3.13293e-22)
(0.985456 -0.00488876 -1.57063e-22)
(0.986695 -0.00440322 2.24049e-22)
(0.987834 -0.00396514 3.13201e-22)
(0.988878 -0.00357058 -7.52143e-22)
(0.989837 -0.00321603 1.40644e-22)
(0.990716 -0.00289817 6.64558e-22)
(0.991521 -0.00261356 -2.18772e-22)
(0.99226 -0.00235839 -4.59362e-22)
(0.992941 -0.00213161 2.04058e-22)
(0.993562 -0.00192287 -2.77935e-22)
(0.994128 -0.00173455 4.94762e-22)
(0.994649 -0.00156617 -2.86347e-22)
(0.995127 -0.00141484 -1.15264e-22)
(0.660357 -0.316427 5.31819e-20)
(0.68336 -0.326502 -4.79174e-20)
(0.704464 -0.329861 1.47042e-20)
(0.72358 -0.326882 1.17178e-20)
(0.740784 -0.318348 -4.42578e-21)
(0.756265 -0.305304 -2.92415e-21)
(0.770264 -0.288901 8.55075e-22)
(0.783034 -0.270274 1.08075e-21)
(0.794811 -0.250442 -1.62057e-21)
(0.805798 -0.230261 1.69327e-21)
(0.816156 -0.210399 -1.10035e-22)
(0.826007 -0.191344 6.67912e-21)
(0.835434 -0.173421 -1.36856e-21)
(0.844488 -0.156818 -3.71848e-21)
(0.853203 -0.141628 -1.41102e-21)
(0.861591 -0.12786 5.29862e-21)
(0.869649 -0.115469 -8.98563e-21)
(0.877368 -0.104375 7.24588e-21)
(0.884739 -0.0944775 1.48401e-22)
(0.891758 -0.0856661 -8.01393e-21)
(0.898421 -0.0778239 6.88959e-21)
(0.90473 -0.0708349 -4.53803e-21)
(0.91069 -0.0645876 1.63929e-21)
(0.916308 -0.058978 -7.6619e-22)
(0.921597 -0.0539111 7.19466e-21)
(0.926573 -0.0493023 -4.77167e-21)
(0.931255 -0.045078 5.66803e-21)
(0.935667 -0.0411768 -5.15982e-21)
(0.939834 -0.0375503 -5.54705e-22)
(0.943781 -0.0341626 -1.52718e-22)
(0.94753 -0.0309889 4.03007e-21)
(0.951099 -0.0280135 2.47816e-22)
(0.954501 -0.0252282 -5.22955e-21)
(0.95774 -0.022631 1.15215e-21)
(0.960818 -0.0202246 1.85628e-21)
(0.963733 -0.0180153 -3.55764e-21)
(0.966481 -0.0160102 2.59604e-21)
(0.969062 -0.0142134 -8.25038e-22)
(0.971476 -0.0126237 -4.29939e-22)
(0.973728 -0.0112315 1.15621e-21)
(0.975825 -0.0100202 3.60728e-22)
(0.977774 -0.00896734 -1.24074e-21)
(0.979583 -0.00804837 8.0694e-22)
(0.98126 -0.0072398 -8.09908e-22)
(0.982813 -0.00652157 8.54046e-22)
(0.984247 -0.00587817 1.31197e-22)
(0.985571 -0.00529847 -4.28741e-22)
(0.986791 -0.00477481 -1.67098e-23)
(0.987912 -0.00430181 1.35809e-22)
(0.988944 -0.00387535 5.01757e-22)
(0.989891 -0.00349174 1.32491e-22)
(0.990761 -0.00314747 -4.49689e-22)
(0.991559 -0.002839 -4.55888e-22)
(0.992292 -0.00256207 3.35454e-22)
(0.992968 -0.00231477 2.90729e-22)
(0.993586 -0.00209646 -5.57218e-22)
(0.994149 -0.00188728 2.76483e-22)
(0.994667 -0.00170359 2.7077e-22)
(0.995143 -0.00153895 -3.12001e-22)
(0.754939 -0.335202 2.45945e-20)
(0.770568 -0.338561 1.12348e-20)
(0.783953 -0.335513 -6.17632e-21)
(0.795366 -0.326852 -9.92594e-21)
(0.805166 -0.313629 1.8434e-21)
(0.813732 -0.297001 1.36002e-21)
(0.821415 -0.278105 -1.82144e-21)
(0.828519 -0.25797 -2.88268e-21)
(0.835279 -0.237457 -3.19353e-22)
(0.841867 -0.217243 8.70893e-22)
(0.848393 -0.197822 -4.4867e-23)
(0.854916 -0.179525 -7.20478e-21)
(0.861451 -0.162547 9.52108e-21)
(0.867993 -0.146981 4.32181e-21)
(0.874515 -0.132845 -6.48667e-21)
(0.880975 -0.120097 -5.68915e-21)
(0.887325 -0.108659 1.37478e-20)
(0.893523 -0.098435 -4.18606e-21)
(0.899531 -0.0893147 -3.76815e-21)
(0.90532 -0.0811832 -6.97165e-21)
(0.910867 -0.0739251 3.20987e-21)
(0.916157 -0.0674292 3.24531e-21)
(0.921182 -0.0615914 5.64726e-21)
(0.925941 -0.0563166 -8.0578e-21)
(0.930438 -0.0515199 -3.22764e-23)
(0.934684 -0.0471273 1.2494e-21)
(0.938697 -0.0430765 1.98753e-21)
(0.942497 -0.0393176 5.15483e-22)
(0.946107 -0.0358125 -5.11339e-21)
(0.949548 -0.0325338 1.71993e-21)
(0.952838 -0.0294626 3.95934e-21)
(0.955988 -0.0265878 -5.44695e-23)
(0.959003 -0.0239044 -6.48966e-22)
(0.961885 -0.0214133 1.09154e-22)
(0.96463 -0.0191198 1.10445e-21)
(0.967232 -0.0170309 -2.42333e-21)
(0.96969 -0.0151519 -8.7543e-22)
(0.972001 -0.0134829 1.60802e-21)
(0.974167 -0.0120159 -1.4983e-22)
(0.976192 -0.010735 -4.35727e-22)
(0.978081 -0.00961834 -5.7758e-22)
(0.97984 -0.00864119 4.97593e-22)
(0.981476 -0.00777965 -7.07957e-22)
(0.982993 -0.00701308 5.62219e-22)
(0.984398 -0.0063254 -8.30107e-22)
(0.985697 -0.00570504 5.52973e-22)
(0.986895 -0.005144 -3.15589e-22)
(0.988 -0.00463669 -1.90712e-22)
(0.989016 -0.00417881 6.03266e-22)
(0.989952 -0.00376652 1.70283e-24)
(0.990812 -0.00339613 -1.1163e-22)
(0.991602 -0.00306394 -4.63951e-22)
(0.992328 -0.00276564 3.49672e-23)
(0.992998 -0.00249878 2.94207e-22)
(0.993613 -0.0022666 2.88885e-22)
(0.994175 -0.0020406 8.78522e-23)
(0.994688 -0.0018414 -2.41599e-22)
(0.995161 -0.00166332 -1.50593e-22)
(0.822006 -0.34105 -2.25315e-20)
(0.832209 -0.344398 9.42025e-21)
(0.839997 -0.341359 1.21385e-20)
(0.84582 -0.332719 1.35813e-20)
(0.850188 -0.319516 -3.75384e-20)
(0.853596 -0.302891 1.43103e-20)
(0.856481 -0.283971 -1.60492e-21)
(0.859198 -0.263775 -1.70893e-21)
(0.86201 -0.243164 7.36183e-22)
(0.865092 -0.222815 8.52358e-21)
(0.868539 -0.203224 -2.13389e-21)
(0.872384 -0.184727 -3.52528e-21)
(0.876607 -0.167524 -1.39374e-21)
(0.881161 -0.151712 -2.27454e-21)
(0.885982 -0.137314 -2.4745e-21)
(0.89099 -0.124298 1.13099e-20)
(0.896103 -0.11259 -9.5182e-21)
(0.901245 -0.102098 1.68973e-21)
(0.906349 -0.0927169 -5.56906e-21)
(0.91136 -0.0843343 1.23158e-20)
(0.916235 -0.0768377 -7.69768e-21)
(0.920939 -0.0701176 -2.91581e-21)
(0.92545 -0.0640709 3.95149e-22)
(0.929752 -0.0586035 4.31024e-21)
(0.933841 -0.053631 -5.98949e-22)
(0.937719 -0.0490798 1.5171e-21)
(0.941396 -0.0448876 -4.44341e-22)
(0.944888 -0.0410035 -3.71972e-22)
(0.948215 -0.0373878 1.15752e-21)
(0.951396 -0.0340108 -1.32265e-21)
(0.954447 -0.0308509 1.92804e-21)
(0.957381 -0.0278937 -5.01743e-22)
(0.960202 -0.0251314 4.15036e-22)
(0.96291 -0.0225626 -9.22926e-22)
(0.965502 -0.0201914 6.29305e-22)
(0.967972 -0.0180247 1.18134e-21)
(0.970316 -0.0160688 -1.48509e-22)
(0.97253 -0.0143248 -2.60938e-21)
(0.974614 -0.0127863 -2.4708e-22)
(0.976569 -0.0114385 1.08541e-22)
(0.9784 -0.0102601 1.3666e-21)
(0.98011 -0.00922647 -4.46302e-22)
(0.981704 -0.00831334 3.49803e-22)
(0.983185 -0.0074996 -1.51559e-22)
(0.98456 -0.00676864 -6.15235e-22)
(0.985833 -0.00610846 2.85606e-22)
(0.987009 -0.00551076 3.88856e-22)
(0.988096 -0.00496974 -6.78767e-22)
(0.989097 -0.00448092 7.04431e-23)
(0.99002 -0.00404032 1.67985e-22)
(0.990869 -0.0036441 5.71196e-22)
(0.991651 -0.00328839 -4.86435e-22)
(0.99237 -0.00296894 1.02143e-22)
(0.993033 -0.00268233 -6.72105e-23)
(0.993644 -0.00242854 2.22664e-22)
(0.994203 -0.00219526 -1.45398e-22)
(0.994713 -0.00197961 3.14514e-22)
(0.995182 -0.00178795 -3.25474e-22)
(0.884091 -0.344102 -5.89512e-20)
(0.888998 -0.347466 -4.59931e-20)
(0.891417 -0.344538 4.66067e-20)
(0.891946 -0.336084 5.00625e-21)
(0.891217 -0.323105 -5.60947e-20)
(0.889821 -0.306713 2.12439e-20)
(0.888262 -0.288007 5.37975e-21)
(0.886936 -0.267987 -3.92595e-21)
(0.886124 -0.247502 -4.50174e-21)
(0.885999 -0.227224 3.72031e-21)
(0.886641 -0.207649 4.56871e-21)
(0.888051 -0.189116 -7.62731e-21)
(0.890178 -0.171829 -6.41567e-21)
(0.892934 -0.155891 1.39322e-20)
(0.896216 -0.141332 -2.69e-21)
(0.899913 -0.128129 -7.96513e-21)
(0.903911 -0.116218 -5.91985e-21)
(0.908102 -0.105512 1.21643e-20)
(0.912394 -0.0959126 -3.05722e-21)
(0.91671 -0.0873135 3.88851e-21)
(0.920985 -0.0796059 -4.61379e-22)
(0.925169 -0.0726833 7.00729e-21)
(0.929227 -0.0664449 -5.49801e-21)
(0.933131 -0.0607983 1.82792e-21)
(0.936866 -0.0556605 -5.50369e-22)
(0.940426 -0.050959 2.55219e-23)
(0.943816 -0.0466318 -2.90789e-21)
(0.947047 -0.0426278 -8.35639e-22)
(0.950134 -0.0389063 3.91461e-21)
(0.953093 -0.0354357 -3.43329e-21)
(0.955941 -0.0321917 2.496e-21)
(0.958689 -0.029157 -5.45939e-22)
(0.96134 -0.0263208 1.61581e-22)
(0.963896 -0.0236796 2.67878e-23)
(0.966351 -0.0212357 -2.18115e-22)
(0.9687 -0.0189959 -3.52853e-22)
(0.970939 -0.0169669 1.77586e-21)
(0.973062 -0.0151514 -2.59429e-21)
(0.975067 -0.0135442 9.59193e-22)
(0.976957 -0.0121318 -2.06764e-22)
(0.97873 -0.0108934 6.52912e-23)
(0.980392 -0.00980472 1.55226e-22)
(0.981943 -0.00884122 -8.31399e-22)
(0.983389 -0.00798133 9.67978e-22)
(0.984733 -0.00720798 1.88239e-24)
(0.98598 -0.00650877 1.79213e-22)
(0.987134 -0.00587509 -6.68359e-22)
(0.988201 -0.00530091 7.4154e-22)
(0.989186 -0.00478161 -9.32381e-23)
(0.990095 -0.00431309 -2.62332e-22)
(0.990934 -0.00389133 1.27871e-22)
(0.991706 -0.00351233 -6.888e-22)
(0.992417 -0.00317177 6.16979e-22)
(0.993073 -0.00286576 -4.7225e-22)
(0.993679 -0.00259201 -2.01254e-22)
(0.994235 -0.00235175 3.62296e-24)
(0.994742 -0.00211927 3.39451e-22)
(0.995207 -0.001913 1.73091e-22)
(0.940815 -0.34446 -1.35762e-19)
(0.940657 -0.347903 2.74525e-21)
(0.938032 -0.345214 4.41054e-20)
(0.933651 -0.337117 -3.46828e-20)
(0.92824 -0.324569 3.52551e-20)
(0.92246 -0.308633 5.06919e-21)
(0.916866 -0.290368 4.58623e-21)
(0.911884 -0.270748 -9.01872e-21)
(0.907807 -0.2506 -2.3846e-21)
(0.9048 -0.230587 -2.69727e-21)
(0.902924 -0.211201 5.45448e-21)
(0.902153 -0.192781 6.5137e-21)
(0.902401 -0.17554 -7.48334e-21)
(0.903546 -0.159586 -1.01749e-20)
(0.905448 -0.144956 1.94424e-20)
(0.907965 -0.13164 -1.92833e-21)
(0.910956 -0.119584 -4.96943e-21)
(0.914289 -0.108713 -4.98806e-21)
(0.917847 -0.0989349 7.6197e-21)
(0.921532 -0.09015 -3.57643e-22)
(0.925265 -0.0822558 4.80548e-21)
(0.928981 -0.0751501 4.73884e-22)
(0.93263 -0.0687353 -1.84275e-20)
(0.936177 -0.0629214 2.65792e-21)
(0.939597 -0.0576276 8.34387e-22)
(0.942878 -0.0527827 7.66762e-21)
(0.946017 -0.0483258 -4.25015e-21)
(0.949021 -0.0442061 -6.74246e-22)
(0.9519 -0.0403822 2.01615e-21)
(0.954668 -0.0368209 -4.80214e-22)
(0.95734 -0.0334959 7.3455e-22)
(0.959925 -0.030387 -1.01493e-21)
(0.962427 -0.0274805 -5.61605e-22)
(0.964847 -0.0247704 3.16289e-21)
(0.967179 -0.0222575 -1.66775e-21)
(0.969418 -0.0199481 2.69446e-22)
(0.971559 -0.0178493 -7.47376e-22)
(0.973596 -0.0159649 -1.15749e-21)
(0.975528 -0.0142913 5.41979e-22)
(0.977353 -0.0128159 1.78741e-21)
(0.979071 -0.0115191 -5.79788e-22)
(0.980684 -0.0103765 4.20652e-22)
(0.982195 -0.00936365 -1.66902e-21)
(0.983605 -0.0084585 9.22816e-22)
(0.984917 -0.00764357 -4.22104e-22)
(0.986137 -0.00690604 -3.64259e-22)
(0.987268 -0.006237 1.35797e-21)
(0.988316 -0.0056302 -6.95989e-22)
(0.989284 -0.00508088 1.75147e-22)
(0.990179 -0.00458478 5.19857e-22)
(0.991006 -0.00413778 -4.87123e-22)
(0.991768 -0.00373571 -3.8905e-22)
(0.992471 -0.00337414 1.24489e-22)
(0.99312 -0.003049 -1.3661e-22)
(0.993718 -0.00275756 5.07434e-22)
(0.99427 -0.00250111 8.54524e-23)
(0.994775 -0.00226143 -1.09926e-22)
(0.995236 -0.0020384 -1.26146e-22)
(0.991904 -0.342275 -6.79588e-20)
(0.987022 -0.34589 2.42316e-20)
(0.979775 -0.343583 2.75876e-20)
(0.97095 -0.336022 2.90865e-20)
(0.961334 -0.324104 -5.28138e-20)
(0.951642 -0.308834 -1.04265e-20)
(0.942464 -0.291224 1.43264e-20)
(0.934244 -0.272209 6.2668e-21)
(0.927281 -0.252592 -1.75365e-21)
(0.921731 -0.23302 -5.67535e-22)
(0.917632 -0.213979 2.1563e-21)
(0.914933 -0.195809 -2.45451e-21)
(0.913516 -0.178728 -6.63925e-21)
(0.913228 -0.162856 9.09011e-21)
(0.913897 -0.148238 -1.11327e-20)
(0.915353 -0.134874 2.14574e-20)
(0.917433 -0.122728 -4.49752e-21)
(0.919985 -0.111733 -2.1015e-22)
(0.922872 -0.10181 6.031e-21)
(0.925979 -0.0928664 -1.17167e-20)
(0.929212 -0.0848071 -8.84534e-21)
(0.932495 -0.0775354 9.36071e-21)
(0.935769 -0.0709578 9.14079e-21)
(0.938987 -0.0649874 -7.04775e-21)
(0.942119 -0.0595458 -1.2227e-20)
(0.945145 -0.0545638 9.74012e-21)
(0.948057 -0.0499818 2.23205e-21)
(0.950856 -0.0457498 3.02594e-21)
(0.95355 -0.041826 -1.30678e-20)
(0.956149 -0.0381763 1.27638e-20)
(0.958664 -0.0347722 -6.88115e-21)
(0.961105 -0.0315911 -1.11127e-21)
(0.963473 -0.0286166 4.241e-21)
(0.965769 -0.0258402 -1.67643e-21)
(0.967989 -0.0232611 6.97041e-22)
(0.970127 -0.0208846 -2.07569e-21)
(0.972176 -0.0187185 -9.57565e-23)
(0.974133 -0.0167674 1.81928e-22)
(0.975994 -0.015029 1.13674e-21)
(0.977757 -0.0134922 -5.18896e-23)
(0.979422 -0.0121379 -9.41871e-23)
(0.980988 -0.0109425 -1.17975e-21)
(0.982457 -0.00988107 6.07137e-22)
(0.983831 -0.00893142 -8.7504e-22)
(0.985113 -0.0080756 6.35972e-22)
(0.986306 -0.00730038 -1.60992e-22)
(0.987413 -0.00659655 7.02579e-23)
(0.98844 -0.00595763 4.10856e-22)
(0.989392 -0.0053787 -7.76881e-24)
(0.990272 -0.00485538 -2.84376e-22)
(0.991086 -0.00438342 6.54638e-23)
(0.991837 -0.00395849 -1.98494e-23)
(0.992531 -0.00357609 1.33528e-22)
(0.993172 -0.003232 -1.73399e-22)
(0.993763 -0.00292297 3.99463e-22)
(0.99431 -0.00264605 -2.87124e-22)
(0.994812 -0.00240187 -9.56656e-23)
(0.99527 -0.00216483 8.08332e-23)
(1.02806 -0.341654 2.25064e-20)
(1.01669 -0.339876 -8.51146e-20)
(1.00395 -0.333022 3.60873e-20)
(0.990659 -0.321921 -4.93929e-20)
(0.977562 -0.307511 3.78425e-20)
(0.965275 -0.290748 -4.2222e-22)
(0.954253 -0.272524 5.24908e-21)
(0.944794 -0.253612 -5.33792e-21)
(0.93704 -0.234639 -1.02347e-21)
(0.931012 -0.216082 -1.57416e-21)
(0.92663 -0.198282 -1.94388e-21)
(0.923751 -0.181463 9.31993e-22)
(0.922194 -0.165756 -7.02942e-21)
(0.921763 -0.151222 1.40127e-20)
(0.922263 -0.137869 1.55565e-21)
(0.923514 -0.125677 -1.38061e-20)
(0.925347 -0.114597 1.41645e-20)
(0.927612 -0.104558 -4.81846e-21)
(0.930179 -0.0954796 -1.64313e-21)
(0.932944 -0.0872741 -3.58544e-21)
(0.935818 -0.0798515 -3.81923e-21)
(0.938735 -0.0731232 9.68078e-21)
(0.941642 -0.067006 8.54033e-21)
(0.944502 -0.0614242 -1.61293e-20)
(0.947287 -0.0563109 3.35136e-21)
(0.949987 -0.0516082 6.43989e-21)
(0.952596 -0.0472668 2.01216e-21)
(0.955118 -0.0432453 -1.32851e-20)
(0.957562 -0.0395086 1.0116e-20)
(0.959934 -0.0360268 -2.78749e-21)
(0.962242 -0.0327749 -1.90506e-21)
(0.964488 -0.029734 -1.3241e-22)
(0.966671 -0.0268932 -2.15371e-21)
(0.968786 -0.0242497 7.12326e-21)
(0.970829 -0.0218083 -6.15666e-21)
(0.972792 -0.0195767 2.68555e-21)
(0.974673 -0.0175605 -2.07502e-21)
(0.976466 -0.0157587 1.22192e-21)
(0.978169 -0.0141616 1.58903e-22)
(0.979781 -0.0127509 -9.51611e-22)
(0.981302 -0.0115032 8.37657e-23)
(0.982731 -0.0103939 5.04203e-22)
(0.984069 -0.00940042 2.01907e-22)
(0.98532 -0.00850429 -7.60003e-22)
(0.986485 -0.00769194 8.28411e-23)
(0.987568 -0.00695383 -2.24332e-22)
(0.988575 -0.00628325 1.27061e-22)
(0.989508 -0.00567509 1.21901e-22)
(0.990373 -0.00512488 1.43912e-22)
(0.991174 -0.0046282 -2.37604e-22)
(0.991914 -0.00418064 4.45947e-22)
(0.992599 -0.00377757 -3.76846e-22)
(0.993231 -0.0034146 -6.23524e-23)
(0.993815 -0.00308805 -9.33191e-23)
(0.994354 -0.00279501 3.17233e-22)
(0.994852 -0.0025344 -1.90229e-23)
(0.995308 -0.00229938 -1.82049e-22)
(1.06386 -0.335455 3.32663e-20)
(1.04894 -0.334349 7.28054e-20)
(1.03286 -0.328359 -9.38064e-20)
(1.01644 -0.31824 2.88738e-20)
(1.00047 -0.304862 2.45648e-21)
(0.985555 -0.289116 5.42906e-21)
(0.972172 -0.271847 1.12027e-22)
(0.960603 -0.253791 -6.28628e-21)
(0.95098 -0.235552 7.66088e-22)
(0.943301 -0.217599 -1.42329e-21)
(0.937467 -0.200271 1.97714e-21)
(0.933312 -0.183802 -5.73414e-22)
(0.930635 -0.168335 -8.66442e-21)
(0.929218 -0.153944 5.9836e-21)
(0.928852 -0.140653 1.33195e-21)
(0.92934 -0.128457 -3.71963e-21)
(0.930503 -0.117323 6.20039e-21)
(0.932182 -0.107194 1.39927e-21)
(0.934237 -0.0980018 -6.06422e-21)
(0.936552 -0.0896668 7.39353e-21)
(0.939033 -0.0821068 8.25814e-22)
(0.941606 -0.0752388 4.26474e-21)
(0.94421 -0.0689836 -2.50275e-21)
(0.946804 -0.0632687 -1.85829e-21)
(0.949357 -0.0580296 -3.53489e-21)
(0.95185 -0.0532102 2.34688e-21)
(0.954276 -0.0487624 8.26859e-22)
(0.956635 -0.0446451 -5.67928e-21)
(0.95893 -0.0408227 6.06999e-21)
(0.961167 -0.0372641 -1.64035e-21)
(0.96335 -0.0339424 -6.2793e-21)
(0.965481 -0.0308363 6.21752e-22)
(0.967557 -0.0279323 4.2546e-21)
(0.969574 -0.0252261 -1.08533e-21)
(0.971526 -0.0227214 -3.34368e-21)
(0.973408 -0.0204257 3.19431e-21)
(0.975215 -0.0183458 3.87801e-21)
(0.976943 -0.0164818 -5.42664e-21)
(0.978588 -0.0148251 -6.51505e-22)
(0.980149 -0.0133587 4.8405e-21)
(0.981625 -0.0120594 6.68221e-22)
(0.983014 -0.0109028 -3.70661e-21)
(0.984317 -0.00986587 2.22117e-21)
(0.985537 -0.00892993 -6.70271e-22)
(0.986674 -0.00808091 6.63705e-22)
(0.987734 -0.00730896 3.32521e-22)
(0.988719 -0.00660712 -1.9453e-22)
(0.989634 -0.00597009 -6.25316e-22)
(0.990483 -0.00539327 -8.15439e-23)
(0.99127 -0.00487214 -3.1757e-22)
(0.991999 -0.00440214 5.77108e-22)
(0.992673 -0.00397855 5.41914e-23)
(0.993297 -0.00359682 -5.09157e-23)
(0.993873 -0.00325306 1.55691e-22)
(0.994405 -0.00294404 -3.40506e-22)
(0.994896 -0.00266608 4.12413e-22)
(0.995349 -0.00242276 -2.76963e-22)
(1.09464 -0.327575 3.49957e-20)
(1.07677 -0.327267 3.45204e-20)
(1.05793 -0.322278 -6.52823e-20)
(1.03896 -0.313286 4.48337e-20)
(1.02063 -0.301084 -3.84233e-20)
(1.00359 -0.286501 1.74259e-20)
(0.988271 -0.270324 -1.48677e-20)
(0.974967 -0.25325 1.51371e-20)
(0.96379 -0.235861 -4.18578e-21)
(0.954722 -0.218612 8.65211e-22)
(0.947646 -0.201843 -1.16958e-22)
(0.94238 -0.185797 1.78182e-21)
(0.938708 -0.170629 -4.96518e-21)
(0.936403 -0.156433 -4.0032e-21)
(0.935243 -0.143249 8.94074e-21)
(0.93502 -0.131084 -8.92293e-21)
(0.935551 -0.119925 -3.07508e-21)
(0.93667 -0.109729 1.98026e-20)
(0.938229 -0.100441 -1.09201e-20)
(0.940107 -0.0919916 7.02719e-21)
(0.942202 -0.0843065 -8.37112e-21)
(0.944434 -0.0773088 5.00223e-21)
(0.94674 -0.0709238 -8.82386e-21)
(0.94907 -0.0650825 6.48398e-21)
(0.951391 -0.0597229 -6.51263e-21)
(0.95368 -0.0547908 1.07083e-20)
(0.955926 -0.0502394 -1.11925e-20)
(0.958123 -0.0460282 7.49054e-21)
(0.960273 -0.0421215 1.44295e-21)
(0.962378 -0.0384871 -2.2265e-22)
(0.964441 -0.0350964 -3.17962e-21)
(0.96646 -0.0319259 -1.76322e-21)
(0.968434 -0.02896 2.48504e-21)
(0.970356 -0.0261924 2.08733e-21)
(0.972222 -0.0236256 -3.84019e-21)
(0.974025 -0.0212673 2.66541e-21)
(0.97576 -0.0191247 -3.70557e-21)
(0.977425 -0.0171994 3.74119e-21)
(0.979014 -0.0154839 -3.57806e-22)
(0.980525 -0.0139622 1.50451e-22)
(0.981956 -0.0126117 -1.15078e-21)
(0.983306 -0.0114081 2.25506e-21)
(0.984575 -0.0103282 -1.07618e-21)
(0.985763 -0.00935281 6.15091e-22)
(0.986874 -0.00846753 1.53865e-22)
(0.987909 -0.00766212 -5.79409e-22)
(0.988873 -0.00692935 4.45159e-22)
(0.98977 -0.00626377 -7.73174e-22)
(0.990602 -0.00566059 7.37826e-22)
(0.991375 -0.00511522 1.80118e-22)
(0.992092 -0.00462296 -3.64294e-23)
(0.992755 -0.00417899 -2.10398e-22)
(0.993369 -0.00377864 -2.53221e-22)
(0.993937 -0.00341779 2.87523e-22)
(0.994462 -0.00309273 -2.11054e-22)
(0.994946 -0.00280004 -3.8843e-22)
(0.995393 -0.00253558 4.18213e-22)
(0.995804 -0.00230272 -1.11861e-22)
(1.12072 -0.318307 -1.34117e-19)
(1.1005 -0.3189 -1.11684e-20)
(1.0795 -0.315023 3.25688e-20)
(1.05853 -0.307273 6.65823e-20)
(1.03838 -0.296367 -2.26947e-20)
(1.01966 -0.283063 -5.60015e-21)
(1.00282 -0.26809 -2.80576e-20)
(0.988133 -0.252103 1.40355e-20)
(0.975693 -0.235654 4.13858e-21)
(0.96547 -0.21919 -6.33692e-21)
(0.957335 -0.203051 -9.50806e-22)
(0.951099 -0.187487 2.4757e-21)
(0.946539 -0.17267 4.26544e-21)
(0.943423 -0.158712 -1.78548e-21)
(0.941525 -0.145671 -5.55135e-21)
(0.940633 -0.13357 7.36556e-21)
(0.940558 -0.12241 -5.33505e-21)
(0.941132 -0.112169 6.27757e-21)
(0.942206 -0.102802 -4.33128e-21)
(0.943652 -0.0942522 -7.6387e-21)
(0.945364 -0.0864534 -2.79546e-21)
(0.947257 -0.0793354 1.37878e-20)
(0.949263 -0.0728285 -2.27895e-21)
(0.951329 -0.0668672 -7.09944e-21)
(0.953416 -0.0613922 5.42932e-21)
(0.9555 -0.0563515 4.82572e-21)
(0.957563 -0.0516995 1.05247e-21)
(0.959599 -0.0473965 -1.16322e-20)
(0.961604 -0.0434068 8.09231e-21)
(0.963578 -0.0396976 -6.68078e-21)
(0.965522 -0.0362386 1.12231e-22)
(0.967432 -0.0330047 2.00767e-21)
(0.969304 -0.0299778 5.00044e-21)
(0.971134 -0.0271499 -4.80323e-21)
(0.972915 -0.0245224 6.05167e-21)
(0.974641 -0.0221027 -1.93631e-21)
(0.976308 -0.0198985 -5.48426e-21)
(0.97791 -0.0179125 7.96406e-23)
(0.979445 -0.0161388 8.18447e-22)
(0.980907 -0.0145621 -3.33413e-22)
(0.982295 -0.0131608 4.71616e-21)
(0.983606 -0.0119105 -4.75777e-22)
(0.984841 -0.0107878 1.94033e-22)
(0.985999 -0.00977329 -1.32198e-21)
(0.987082 -0.00885205 -1.56193e-22)
(0.988093 -0.00801349 -1.38069e-22)
(0.989036 -0.0072501 3.50068e-22)
(0.989913 -0.00655621 -1.41068e-21)
(0.99073 -0.00592691 1.18194e-21)
(0.991488 -0.00535748 -1.46022e-22)
(0.992192 -0.00484311 -2.51082e-22)
(0.992844 -0.00437889 6.39261e-23)
(0.993449 -0.00396002 8.69443e-23)
(0.994008 -0.00358217 4.14602e-24)
(0.994525 -0.00324139 2.43174e-22)
(0.995002 -0.00293408 -2.33e-22)
(0.995443 -0.00265623 2.22612e-23)
(0.995848 -0.00240724 2.87989e-22)
(1.12052 -0.309508 1.00719e-20)
(1.09792 -0.306826 -6.95956e-20)
(1.0755 -0.300407 5.73956e-21)
(1.05401 -0.290889 1.95201e-20)
(1.03406 -0.278953 7.25501e-21)
(1.01608 -0.265268 -9.23172e-22)
(1.00033 -0.250445 -1.84427e-21)
(0.986883 -0.235008 1.78237e-20)
(0.975708 -0.219391 -5.97725e-21)
(0.96667 -0.203936 -8.56634e-22)
(0.959581 -0.188903 3.21291e-21)
(0.954219 -0.17448 -2.88004e-21)
(0.950353 -0.160795 -7.99175e-22)
(0.94776 -0.147929 -1.10545e-21)
(0.946226 -0.135921 -3.53957e-22)
(0.945564 -0.124785 -3.61634e-21)
(0.945604 -0.114517 1.42114e-20)
(0.946198 -0.105088 1.45374e-21)
(0.947214 -0.0964507 -6.50336e-21)
(0.948542 -0.0885491 -7.66805e-21)
(0.950094 -0.0813199 -5.27073e-22)
(0.951797 -0.0746986 7.93371e-21)
(0.953596 -0.0686235 -4.99503e-22)
(0.955447 -0.0630384 -2.04895e-21)
(0.957322 -0.0578929 3.12124e-21)
(0.959201 -0.0531433 -5.06226e-21)
(0.961073 -0.0487507 1.07416e-21)
(0.962931 -0.0446794 -2.86654e-21)
(0.964774 -0.0408964 3.18312e-21)
(0.966598 -0.0373701 -3.40388e-21)
(0.968398 -0.0340736 1.7092e-21)
(0.970171 -0.0309869 -3.1486e-21)
(0.97191 -0.0281 8.01986e-21)
(0.973607 -0.025413 -4.16817e-21)
(0.975258 -0.0229329 -1.08336e-21)
(0.976857 -0.020668 -1.36467e-21)
(0.978399 -0.0186222 5.67082e-21)
(0.979879 -0.0167906 -3.79903e-21)
(0.981294 -0.0151593 8.02233e-22)
(0.982639 -0.0137073 1.15797e-21)
(0.983913 -0.0124104 -1.57001e-21)
(0.985113 -0.0112452 2.43689e-21)
(0.986241 -0.0101917 -1.86312e-21)
(0.987298 -0.00923479 -5.59601e-22)
(0.988285 -0.00836332 1.03215e-21)
(0.989206 -0.00756954 -6.7167e-22)
(0.990065 -0.00684756 -5.30482e-22)
(0.990865 -0.00619232 -7.84039e-23)
(0.991608 -0.00559897 8.4457e-22)
(0.992299 -0.00506262 3.07374e-22)
(0.99294 -0.00457825 2.0772e-22)
(0.993534 -0.00414094 -1.97428e-22)
(0.994085 -0.00374619 -8.15232e-23)
(0.994594 -0.00338987 -2.23903e-22)
(0.995064 -0.00306819 -3.36058e-23)
(0.995497 -0.00277737 4.55655e-22)
(0.995897 -0.00251465 -2.32205e-22)
(1.13725 -0.299342 2.05939e-20)
(1.11359 -0.297913 -5.55089e-21)
(1.09022 -0.292886 1.80823e-20)
(1.06785 -0.284817 -3.74575e-20)
(1.04707 -0.274311 1.04028e-20)
(1.02829 -0.261974 -9.09212e-22)
(1.01175 -0.248369 -1.83372e-20)
(0.997522 -0.233994 -1.04271e-21)
(0.985565 -0.21927 1.52643e-20)
(0.975753 -0.204541 -4.77406e-21)
(0.967904 -0.190076 1.99343e-21)
(0.961805 -0.17608 -4.03816e-22)
(0.957236 -0.1627 -3.98856e-21)
(0.953977 -0.150035 4.02064e-21)
(0.951824 -0.138145 -3.77179e-22)
(0.950586 -0.127056 -4.22616e-22)
(0.950099 -0.11678 4.74769e-22)
(0.950214 -0.107302 6.50735e-21)
(0.9508 -0.0985903 -1.37995e-20)
(0.951743 -0.090596 1.47883e-20)
(0.952952 -0.0832641 -1.30414e-20)
(0.954349 -0.0765355 6.04732e-21)
(0.955877 -0.0703527 2.18628e-21)
(0.957489 -0.0646621 -2.47094e-21)
(0.959152 -0.0594159 -1.11232e-21)
(0.960844 -0.0545716 -2.37214e-21)
(0.962549 -0.0500914 -1.74589e-21)
(0.964259 -0.0459401 8.81517e-21)
(0.965968 -0.0420842 -9.00924e-21)
(0.967671 -0.0384916 5.05883e-21)
(0.969362 -0.0351334 3.3877e-21)
(0.971035 -0.031988 -7.56724e-21)
(0.972683 -0.0290432 1.81049e-21)
(0.974298 -0.026298 2.52058e-21)
(0.975874 -0.0237588 9.08104e-22)
(0.977406 -0.0214342 -4.32578e-21)
(0.978888 -0.0193291 3.30889e-21)
(0.980316 -0.0174402 -9.13392e-22)
(0.981683 -0.0157545 -5.10441e-23)
(0.982987 -0.0142519 4.26444e-22)
(0.984224 -0.0129085 7.2234e-22)
(0.985391 -0.0117008 -5.16031e-22)
(0.986489 -0.0106085 -6.33447e-22)
(0.987519 -0.00961603 5.01328e-22)
(0.988483 -0.00871183 1.48629e-23)
(0.989383 -0.00788785 -1.63024e-21)
(0.990223 -0.00713794 1.08085e-21)
(0.991006 -0.0064569 7.46635e-22)
(0.991735 -0.00583976 -1.0963e-21)
(0.992413 -0.00528153 7.70712e-22)
(0.993042 -0.00477708 -1.82093e-22)
(0.993626 -0.00432141 -1.04035e-21)
(0.994167 -0.00390983 1.01401e-21)
(0.994667 -0.00353806 -2.45713e-22)
(0.99513 -0.00320219 -1.6704e-22)
(0.995557 -0.00289829 1.52485e-22)
(0.99595 -0.00262349 -2.63499e-22)
(1.15112 -0.288642 1.04528e-19)
(1.1269 -0.288497 -7.7477e-20)
(1.10303 -0.284897 1.28802e-20)
(1.0802 -0.278312 1.42732e-20)
(1.05895 -0.269271 -1.47511e-20)
(1.03966 -0.258313 1.76165e-20)
(1.02257 -0.245958 -3.86141e-21)
(1.00774 -0.232675 -2.2495e-20)
(0.995136 -0.218873 4.37582e-21)
(0.984651 -0.204898 6.02463e-21)
(0.976114 -0.19103 -1.68535e-21)
(0.96933 -0.177488 -2.51016e-22)
(0.964091 -0.164439 -3.2473e-21)
(0.96019 -0.151999 6.0194e-21)
(0.95743 -0.140247 -4.40054e-21)
(0.955627 -0.129227 5.13464e-21)
(0.954617 -0.11896 1.38041e-22)
(0.954254 -0.10945 4.06325e-22)
(0.954408 -0.100675 2.72423e-21)
(0.954965 -0.092598 -1.03155e-20)
(0.955827 -0.0851716 -7.02159e-23)
(0.956917 -0.0783424 -2.02781e-22)
(0.958172 -0.0720573 5.17368e-21)
(0.959542 -0.0662659 3.17466e-21)
(0.96099 -0.0609224 -2.24257e-21)
(0.962492 -0.0559861 -7.62966e-22)
(0.964028 -0.0514202 -3.91707e-21)
(0.965587 -0.0471901 2.8391e-21)
(0.967161 -0.0432624 3.89158e-21)
(0.968742 -0.0396041 -3.05218e-21)
(0.970322 -0.0361853 2.93885e-21)
(0.971895 -0.0329821 -3.97507e-21)
(0.973452 -0.0299808 5.23296e-21)
(0.974985 -0.0271787 -3.4362e-21)
(0.976488 -0.0245814 1.07736e-21)
(0.977954 -0.022198 5.65066e-22)
(0.979377 -0.0200344 -4.96745e-21)
(0.980753 -0.0180883 3.46989e-21)
(0.982074 -0.0163484 -2.51386e-21)
(0.983337 -0.0147952 1.48059e-21)
(0.984537 -0.0134053 1.47365e-21)
(0.985672 -0.0121551 -1.19873e-21)
(0.986741 -0.0110241 -1.66682e-21)
(0.987745 -0.00999617 5.22926e-22)
(0.988685 -0.00905937 3.38479e-22)
(0.989565 -0.0082053 -8.03476e-22)
(0.990386 -0.00742758 4.88765e-24)
(0.991153 -0.00672083 3.54759e-22)
(0.991867 -0.00607998 -2.39999e-22)
(0.992531 -0.00549992 8.52698e-22)
(0.993149 -0.00497545 -1.47156e-22)
(0.993722 -0.00450144 2.1498e-22)
(0.994253 -0.00407309 1.12717e-22)
(0.994745 -0.00368595 -7.05775e-22)
(0.9952 -0.00333598 5.06957e-22)
(0.99562 -0.00301917 8.71519e-23)
(0.996007 -0.00273251 -2.36844e-23)
(1.13824 -0.278716 4.1478e-20)
(1.11429 -0.276546 1.47468e-20)
(1.09134 -0.271449 -1.504e-20)
(1.06991 -0.263877 -2.52239e-20)
(1.05037 -0.254308 -2.03195e-20)
(1.03291 -0.243214 7.48951e-21)
(1.01762 -0.231037 1.37818e-20)
(1.00448 -0.218178 -2.03799e-21)
(0.993401 -0.204981 -4.82837e-21)
(0.984232 -0.191734 8.53208e-22)
(0.976801 -0.178674 5.61587e-22)
(0.970919 -0.165981 9.4607e-22)
(0.966393 -0.153793 -2.37527e-21)
(0.963037 -0.142204 3.46957e-22)
(0.960675 -0.131275 -2.61478e-21)
(0.959146 -0.12104 8.98143e-21)
(0.958308 -0.111515 -2.57778e-21)
(0.95803 -0.102693 -9.89623e-22)
(0.958198 -0.0945468 6.78853e-21)
(0.958714 -0.0870369 -1.34095e-20)
(0.959494 -0.0801161 6.31597e-21)
(0.960474 -0.0737358 -7.95374e-21)
(0.9616 -0.0678491 9.14103e-21)
(0.962832 -0.0624126 1.89033e-21)
(0.964142 -0.0573874 -3.06046e-21)
(0.965508 -0.052738 -3.59848e-21)
(0.966915 -0.0484307 9.04064e-22)
(0.968351 -0.0444322 3.63094e-21)
(0.969809 -0.0407092 2.19876e-22)
(0.971278 -0.0372305 -3.68208e-21)
(0.97275 -0.0339707 -1.0777e-21)
(0.974216 -0.0309141 -1.12704e-21)
(0.975667 -0.0280563 3.37271e-21)
(0.977097 -0.0254022 8.21567e-23)
(0.978498 -0.022961 4.21638e-22)
(0.979864 -0.0207393 -2.33899e-21)
(0.981187 -0.0187365 9.80013e-22)
(0.982463 -0.0169423 9.39621e-22)
(0.983686 -0.0153384 1.93288e-21)
(0.98485 -0.0139019 -1.56752e-21)
(0.985953 -0.0126092 2.37689e-22)
(0.986994 -0.0114394 -1.36443e-22)
(0.987972 -0.010376 -8.21136e-22)
(0.98889 -0.00940662 7.40579e-22)
(0.989749 -0.0085225 9.17712e-22)
(0.990553 -0.007717 -1.31347e-21)
(0.991303 -0.00698457 1.25724e-21)
(0.992002 -0.00632001 -9.40587e-22)
(0.992653 -0.00571812 -8.67191e-23)
(0.993259 -0.00517362 -1.14216e-24)
(0.993822 -0.00468128 2.98005e-24)
(0.994343 -0.00423616 6.19502e-23)
(0.994826 -0.00383368 1.29223e-22)
(0.995273 -0.00346966 -4.30059e-22)
(0.995686 -0.00314004 -6.87652e-24)
(0.996067 -0.0028416 2.81114e-22)
(1.14799 -0.268599 -1.29857e-20)
(1.12429 -0.267831 -1.61247e-20)
(1.10153 -0.264198 6.76685e-20)
(1.08016 -0.258078 -2.85884e-20)
(1.06054 -0.249887 -2.32818e-20)
(1.04286 -0.240055 1.60329e-20)
(1.02723 -0.228996 -1.83135e-20)
(1.01363 -0.217097 1.90165e-20)
(1.00201 -0.204703 -1.55158e-20)
(0.992257 -0.192109 4.96076e-21)
(0.984209 -0.179562 -8.74621e-22)
(0.977705 -0.167261 -1.65472e-22)
(0.972568 -0.155357 -2.23892e-21)
(0.968627 -0.143963 -1.10926e-21)
(0.965713 -0.133154 2.46572e-21)
(0.963671 -0.122979 -5.557e-23)
(0.962359 -0.113463 8.23584e-22)
(0.961651 -0.104615 2.17576e-21)
(0.961431 -0.0964163 -5.66751e-21)
(0.961599 -0.0888376 -2.0468e-21)
(0.962071 -0.0818376 1.2434e-20)
(0.962775 -0.0753724 -7.10126e-21)
(0.963657 -0.0693986 5.91955e-22)
(0.964673 -0.0638758 -7.65882e-22)
(0.96579 -0.0587669 5.41513e-21)
(0.966984 -0.0540379 -4.12026e-21)
(0.968237 -0.0496561 -3.33746e-21)
(0.969536 -0.0455889 6.04082e-21)
(0.97087 -0.041803 -4.60904e-22)
(0.972227 -0.0382661 -2.18569e-21)
(0.973598 -0.0349515 -1.92863e-21)
(0.974973 -0.0318413 4.00878e-21)
(0.976343 -0.0289296 -4.26483e-21)
(0.9777 -0.0262203 4.51056e-21)
(0.979036 -0.0237224 -4.6424e-21)
(0.980345 -0.0214436 3.87886e-21)
(0.981618 -0.0193845 -5.00558e-22)
(0.982849 -0.0175363 1.26475e-21)
(0.984032 -0.0158818 -5.13229e-21)
(0.985161 -0.0143986 3.41705e-21)
(0.986233 -0.0130633 -2.14842e-21)
(0.987246 -0.0118547 1.45657e-21)
(0.9882 -0.0107558 3.8199e-22)
(0.989095 -0.00975389 4.59052e-22)
(0.989935 -0.00883973 -3.53081e-22)
(0.99072 -0.00800646 -1.52288e-21)
(0.991454 -0.00724836 6.71873e-23)
(0.992139 -0.00656008 1.49718e-21)
(0.992778 -0.00593634 -1.2688e-21)
(0.993372 -0.00537178 9.48959e-22)
(0.993923 -0.00486108 -1.08173e-21)
(0.994435 -0.00439918 4.2847e-22)
(0.99491 -0.00398135 -7.40183e-23)
(0.995349 -0.00360329 -5.8965e-23)
(0.995754 -0.0032609 -3.4002e-22)
(0.996128 -0.00295076 3.83776e-22)
(1.15651 -0.258601 -3.05324e-20)
(1.13333 -0.259199 1.10962e-20)
(1.11097 -0.256992 3.9324e-20)
(1.08984 -0.252286 -4.54933e-21)
(1.07028 -0.245443 -3.59048e-20)
(1.05248 -0.236847 1.31455e-20)
(1.03658 -0.226887 3.13531e-20)
(1.02259 -0.215937 -3.58205e-20)
(1.01048 -0.204341 5.62181e-21)
(1.00017 -0.1924 1.00509e-20)
(0.991529 -0.180372 -1.33358e-21)
(0.984423 -0.168468 3.27803e-22)
(0.978692 -0.156856 -1.60546e-21)
(0.974177 -0.145664 3.88472e-21)
(0.970719 -0.134983 2.18466e-21)
(0.968171 -0.124875 -4.61747e-22)
(0.966391 -0.115375 1.2223e-21)
(0.965256 -0.106501 -2.59835e-21)
(0.96465 -0.0982508 -7.65695e-21)
(0.964472 -0.0906032 9.34388e-21)
(0.964636 -0.0835247 2.01288e-21)
(0.965066 -0.0769761 -4.37994e-21)
(0.965704 -0.0709174 -1.25296e-21)
(0.966504 -0.0653104 3.46948e-21)
(0.967429 -0.0601199 -8.82963e-22)
(0.968451 -0.0553131 1.1194e-21)
(0.969551 -0.0508586 -2.42856e-21)
(0.970712 -0.0467241 3.70539e-21)
(0.971921 -0.0428766 -9.75403e-21)
(0.973165 -0.0392833 6.97528e-21)
(0.974435 -0.0359157 -2.40792e-21)
(0.975719 -0.0327542 -2.55561e-21)
(0.977009 -0.0297908 2.59911e-21)
(0.978294 -0.0270283 -3.90645e-22)
(0.979566 -0.0244756 1.97012e-21)
(0.980818 -0.022141 -5.05456e-21)
(0.982041 -0.0200265 3.77653e-21)
(0.983228 -0.018125 -2.8128e-21)
(0.984372 -0.0164203 3.32301e-21)
(0.985467 -0.0148908 -1.73811e-21)
(0.986508 -0.0135132 -7.70952e-22)
(0.987494 -0.0122661 1.11124e-21)
(0.988424 -0.0111321 -1.03369e-22)
(0.989298 -0.0100979 -1.07408e-21)
(0.990118 -0.00915407 8.40052e-22)
(0.990886 -0.00829332 -5.42186e-22)
(0.991605 -0.00750977 1.49033e-22)
(0.992276 -0.00679799 1.40615e-21)
(0.992902 -0.00615259 -2.39805e-22)
(0.993484 -0.00556813 3.85782e-22)
(0.994026 -0.00503921 -1.54656e-21)
(0.994528 -0.00456065 1.13222e-21)
(0.994994 -0.00412761 -3.79027e-22)
(0.995425 -0.00373567 5.51504e-22)
(0.995823 -0.00338063 -1.3958e-22)
(0.996191 -0.00305894 -6.72954e-22)
(1.16412 -0.249802 -7.87818e-20)
(1.14165 -0.251742 9.80454e-20)
(1.11984 -0.250919 -1.58415e-21)
(1.09907 -0.247573 -6.47298e-21)
(1.07965 -0.24201 -1.64661e-20)
(1.06182 -0.234577 2.2953e-20)
(1.0457 -0.225639 -3.95184e-20)
(1.03136 -0.215562 3.03914e-21)
(1.0188 -0.20469 1.13692e-20)
(1.00796 -0.193329 -2.52534e-21)
(0.998758 -0.18175 2.93936e-21)
(0.99107 -0.17018 5.11973e-21)
(0.984759 -0.158801 -3.37729e-22)
(0.979682 -0.147758 -3.16537e-22)
(0.975691 -0.137155 2.64263e-21)
(0.972642 -0.127069 -2.66945e-21)
(0.970402 -0.117546 5.60366e-21)
(0.968844 -0.108612 -4.24591e-22)
(0.967854 -0.100276 -3.00514e-21)
(0.967332 -0.0925265 -1.11e-21)
(0.967187 -0.0853395 6.49518e-21)
(0.967344 -0.078682 -5.80211e-21)
(0.967739 -0.0725172 5.82688e-23)
(0.968322 -0.0668085 -5.65527e-21)
(0.969055 -0.0615219 1.75783e-21)
(0.969906 -0.0566254 6.79802e-24)
(0.970852 -0.0520881 4.43994e-21)
(0.971875 -0.0478783 3.35679e-21)
(0.972959 -0.0439628 -8.9355e-21)
(0.974091 -0.0403083 8.26223e-21)
(0.97526 -0.0368845 -7.95955e-21)
(0.976454 -0.0336698 5.28351e-21)
(0.977662 -0.0306538 -1.67186e-21)
(0.978876 -0.0278376 -2.55182e-21)
(0.980085 -0.0252295 3.52033e-21)
(0.981281 -0.0228384 2.11964e-22)
(0.982455 -0.0206677 -1.843e-21)
(0.983599 -0.0187118 2.61652e-21)
(0.984704 -0.016956 -2.95717e-21)
(0.985765 -0.0153795 1.3789e-21)
(0.986777 -0.0139591 -2.39582e-22)
(0.987736 -0.0126733 -1.04852e-21)
(0.988642 -0.0115041 1.11436e-21)
(0.989496 -0.0104378 -8.09911e-22)
(0.990297 -0.00946441 2.07665e-22)
(0.991049 -0.00857635 -5.91862e-22)
(0.991753 -0.00776754 1.2656e-21)
(0.992411 -0.00703242 -7.70479e-22)
(0.993024 -0.00636551 2.26576e-23)
(0.993596 -0.0057613 8.23774e-22)
(0.994127 -0.00521432 -2.07469e-22)
(0.99462 -0.00471927 6.91868e-23)
(0.995078 -0.00427121 3.29073e-22)
(0.995501 -0.00386556 -6.80047e-22)
(0.995892 -0.00349807 1.26297e-22)
(0.996253 -0.00316504 -4.03906e-22)
(1.1494 -0.242747 -6.87733e-20)
(1.12825 -0.243325 3.68873e-22)
(1.10792 -0.24138 -2.01001e-20)
(1.08873 -0.237171 2.22204e-20)
(1.07091 -0.231004 3.64292e-20)
(1.05463 -0.223218 5.14081e-21)
(1.03998 -0.214158 -2.47947e-21)
(1.027 -0.204157 -3.26207e-21)
(1.01567 -0.193524 -7.91487e-21)
(1.00593 -0.182534 7.77704e-21)
(0.997674 -0.171424 -9.07181e-22)
(0.990799 -0.160393 -2.15995e-21)
(0.98517 -0.149598 1.52723e-21)
(0.980651 -0.139159 -1.09209e-21)
(0.977108 -0.129167 2.6235e-21)
(0.974408 -0.119682 -1.16745e-21)
(0.97243 -0.110743 3.18666e-21)
(0.971059 -0.102366 -6.61852e-21)
(0.970192 -0.09455 2.37376e-21)
(0.969738 -0.087279 3.42746e-21)
(0.969618 -0.0805271 -1.37283e-21)
(0.969768 -0.0742627 4.94461e-21)
(0.970134 -0.0684533 -8.28032e-21)
(0.970674 -0.0630676 2.9391e-21)
(0.971352 -0.0580757 3.55039e-21)
(0.972144 -0.0534481 -2.36571e-21)
(0.973027 -0.0491546 -3.66744e-21)
(0.973986 -0.0451625 1.69723e-21)
(0.975005 -0.0414382 -1.15192e-23)
(0.976072 -0.0379506 -9.14777e-22)
(0.977175 -0.0346757 -1.46747e-22)
(0.978303 -0.0316009 8.87292e-22)
(0.979445 -0.0287254 2.61937e-21)
(0.980592 -0.0260565 -3.76874e-21)
(0.981733 -0.0236034 4.43427e-22)
(0.982859 -0.0213711 3.10972e-22)
(0.983959 -0.0193553 2.03712e-21)
(0.985027 -0.0175431 -2.47506e-22)
(0.986054 -0.0159145 -1.92816e-21)
(0.987036 -0.0144467 5.15892e-22)
(0.987969 -0.0131179 -6.17158e-22)
(0.988853 -0.0119098 8.81109e-22)
(0.989686 -0.0108079 3.54832e-22)
(0.99047 -0.00980188 -8.6285e-22)
(0.991206 -0.00888374 3.13548e-22)
(0.991895 -0.00804714 -1.15686e-21)
(0.99254 -0.00728637 1.56176e-21)
(0.993142 -0.00659586 -5.99074e-22)
(0.993703 -0.00597001 6.64563e-22)
(0.994225 -0.00540325 -5.26763e-22)
(0.99471 -0.00489017 -2.77367e-22)
(0.995159 -0.0044257 -3.91169e-23)
(0.995575 -0.00400513 -3.04846e-23)
(0.995959 -0.00362409 5.5247e-22)
(0.996314 -0.00327876 -5.95737e-22)
(1.15725 -0.22353 0)
(1.13686 -0.225463 0)
(1.11706 -0.225083 0)
(1.09815 -0.222574 0)
(1.08039 -0.218173 0)
(1.06398 -0.212154 0)
(1.04904 -0.204804 0)
(1.03565 -0.196413 0)
(1.02382 -0.187259 0)
(1.01352 -0.1776 0)
(1.00469 -0.167666 0)
(0.997221 -0.157655 0)
(0.991012 -0.147729 0)
(0.985937 -0.138019 0)
(0.981869 -0.128627 0)
(0.978681 -0.119629 0)
(0.976255 -0.111076 0)
(0.974476 -0.102999 0)
(0.973242 -0.0954086 0)
(0.972458 -0.0883005 0)
(0.972045 -0.0816592 0)
(0.971934 -0.0754642 0)
(0.972067 -0.0696923 0)
(0.972399 -0.0643198 0)
(0.972893 -0.059323 0)
(0.973519 -0.0546777 0)
(0.974253 -0.0503576 0)
(0.975077 -0.0463335 0)
(0.975974 -0.0425738 0)
(0.976932 -0.039048 0)
(0.977937 -0.0357322 0)
(0.978979 -0.0326131 0)
(0.980045 -0.0296895 0)
(0.981126 -0.0269689 0)
(0.982208 -0.0244613 0)
(0.983282 -0.0221728 0)
(0.984337 -0.0201009 0)
(0.985365 -0.0182339 0)
(0.986356 -0.0165528 0)
(0.987307 -0.0150355 0)
(0.988213 -0.0136603 0)
(0.989072 -0.0124087 0)
(0.989884 -0.0112663 0)
(0.99065 -0.0102225 0)
(0.991369 -0.00926901 0)
(0.992044 -0.0083995 0)
(0.992676 -0.00760813 0)
(0.993266 -0.00688924 0)
(0.993816 -0.00623716 0)
(0.994328 -0.00564622 0)
(0.994804 -0.00511092 0)
(0.995245 -0.00462605 0)
(0.995653 -0.00418677 0)
(0.996031 -0.00378861 0)
(0.996379 -0.00342763 0)
(0.9967 -0.00310016 0)
(1.15931 -0.213063 0)
(1.14 -0.215047 0)
(1.12116 -0.214893 0)
(1.10307 -0.21277 0)
(1.08597 -0.208891 0)
(1.07006 -0.203503 0)
(1.05546 -0.196862 0)
(1.04225 -0.18923 0)
(1.03047 -0.180858 0)
(1.0201 -0.171977 0)
(1.01108 -0.162797 0)
(1.00336 -0.153499 0)
(0.996839 -0.144233 0)
(0.991409 -0.135124 0)
(0.986962 -0.126269 0)
(0.983387 -0.117742 0)
(0.980575 -0.109596 0)
(0.978421 -0.101864 0)
(0.97683 -0.0945631 0)
(0.97571 -0.0876945 0)
(0.974984 -0.08125 0)
(0.974584 -0.0752159 0)
(0.974453 -0.0695751 0)
(0.974545 -0.0643094 0)
(0.974819 -0.0593996 0)
(0.975245 -0.0548252 0)
(0.975798 -0.0505628 0)
(0.976455 -0.0465854 0)
(0.977201 -0.0428633 0)
(0.97802 -0.0393673 0)
(0.9789 -0.0360745 0)
(0.97983 -0.0329725 0)
(0.980797 -0.0300603 0)
(0.98179 -0.027346 0)
(0.982795 -0.0248399 0)
(0.983802 -0.0225483 0)
(0.984797 -0.020469 0)
(0.985772 -0.018591 0)
(0.986718 -0.0168959 0)
(0.987629 -0.0153624 0)
(0.9885 -0.0139697 0)
(0.989329 -0.0127 0)
(0.990115 -0.0115395 0)
(0.990857 -0.0104777 0)
(0.991557 -0.00950681 0)
(0.992214 -0.00862054 0)
(0.99283 -0.00781311 0)
(0.993406 -0.00707891 0)
(0.993944 -0.00641228 0)
(0.994444 -0.00580758 0)
(0.99491 -0.00525932 0)
(0.995341 -0.00476227 0)
(0.995741 -0.0043116 0)
(0.996111 -0.00390283 0)
(0.996452 -0.00353196 0)
(0.996767 -0.00319532 0)
(1.15908 -0.202237 0)
(1.1409 -0.204453 0)
(1.12308 -0.204703 0)
(1.10591 -0.203126 0)
(1.08959 -0.199902 0)
(1.07432 -0.195242 0)
(1.06022 -0.189375 0)
(1.04737 -0.182531 0)
(1.03581 -0.174939 0)
(1.02555 -0.16681 0)
(1.01654 -0.158339 0)
(1.00874 -0.149697 0)
(1.00206 -0.141029 0)
(0.996424 -0.132457 0)
(0.991727 -0.124077 0)
(0.987875 -0.115966 0)
(0.98477 -0.108179 0)
(0.982317 -0.100754 0)
(0.980427 -0.093712 0)
(0.979016 -0.0870597 0)
(0.97801 -0.080795 0)
(0.977345 -0.0749095 0)
(0.976965 -0.0693917 0)
(0.976824 -0.0642276 0)
(0.976883 -0.0594019 0)
(0.97711 -0.0548971 0)
(0.977478 -0.0506924 0)
(0.977964 -0.046763 0)
(0.978551 -0.0430808 0)
(0.979224 -0.0396181 0)
(0.97997 -0.0363528 0)
(0.980778 -0.0332727 0)
(0.981635 -0.0303773 0)
(0.982529 -0.0276744 0)
(0.983448 -0.0251744 0)
(0.984378 -0.0228836 0)
(0.985306 -0.0208005 0)
(0.986222 -0.0189144 0)
(0.987116 -0.0172082 0)
(0.987981 -0.0156612 0)
(0.988812 -0.0142536 0)
(0.989607 -0.0129682 0)
(0.990362 -0.0117917 0)
(0.991079 -0.0107141 0)
(0.991755 -0.00972772 0)
(0.992393 -0.00882635 0)
(0.992991 -0.00800433 0)
(0.993552 -0.0072561 0)
(0.994076 -0.00657607 0)
(0.994564 -0.00595865 0)
(0.995018 -0.00539835 0)
(0.99544 -0.00488999 0)
(0.995831 -0.0044287 0)
(0.996192 -0.00401003 0)
(0.996526 -0.00362993 0)
(0.996834 -0.00328472 0)
(1.15783 -0.191373 0)
(1.14076 -0.193838 0)
(1.12398 -0.194492 0)
(1.10773 -0.19345 0)
(1.09222 -0.190863 0)
(1.07763 -0.186914 0)
(1.06407 -0.181802 0)
(1.05164 -0.175733 0)
(1.04037 -0.168911 0)
(1.03029 -0.161529 0)
(1.02137 -0.153767 0)
(1.01356 -0.145784 0)
(1.00682 -0.137722 0)
(1.00105 -0.129696 0)
(0.996177 -0.121803 0)
(0.992119 -0.11412 0)
(0.988785 -0.106705 0)
(0.98609 -0.0995991 0)
(0.983952 -0.092828 0)
(0.982293 -0.0864036 0)
(0.981043 -0.0803289 0)
(0.980142 -0.0746012 0)
(0.979537 -0.0692139 0)
(0.979182 -0.0641577 0)
(0.979039 -0.059421 0)
(0.979077 -0.0549896 0)
(0.979266 -0.0508454 0)
(0.979585 -0.046966 0)
(0.980015 -0.0433253 0)
(0.98054 -0.0398972 0)
(0.981148 -0.0366605 0)
(0.981829 -0.0336035 0)
(0.98257 -0.0307255 0)
(0.983359 -0.0280342 0)
(0.984183 -0.0255398 0)
(0.985028 -0.0232491 0)
(0.985882 -0.0211609 0)
(0.986731 -0.0192656 0)
(0.987567 -0.0175467 0)
(0.98838 -0.015985 0)
(0.989166 -0.0145611 0)
(0.98992 -0.0132588 0)
(0.990641 -0.0120651 0)
(0.991327 -0.0109704 0)
(0.991977 -0.00996713 0)
(0.992591 -0.00904932 0)
(0.993169 -0.00821139 0)
(0.993712 -0.00744785 0)
(0.99422 -0.00675317 0)
(0.994694 -0.00612182 0)
(0.995136 -0.00554838 0)
(0.995547 -0.00502764 0)
(0.995927 -0.00455478 0)
(0.99628 -0.00412531 0)
(0.996606 -0.00373517 0)
(0.996906 -0.00338066 0)
(1.15605 -0.180883 0)
(1.14007 -0.183546 0)
(1.1243 -0.184543 0)
(1.10897 -0.18397 0)
(1.09427 -0.181954 0)
(1.08036 -0.178651 0)
(1.06736 -0.174235 0)
(1.05537 -0.168887 0)
(1.04443 -0.162789 0)
(1.03457 -0.156118 0)
(1.02577 -0.149038 0)
(1.018 -0.141697 0)
(1.01123 -0.134228 0)
(1.00538 -0.126744 0)
(1.00038 -0.119338 0)
(0.996155 -0.112088 0)
(0.992634 -0.105054 0)
(0.989736 -0.0982781 0)
(0.987385 -0.09179 0)
(0.985511 -0.0856061 0)
(0.984047 -0.0797343 0)
(0.982936 -0.0741769 0)
(0.982127 -0.0689322 0)
(0.981578 -0.0639952 0)
(0.981249 -0.059358 0)
(0.981109 -0.0550094 0)
(0.981131 -0.050934 0)
)
;

boundaryField
{
    inlet
    {
        type            uniformFixedValue;
        uniformValue    constant (1 0 0);
        value           nonuniform 0();
    }
    outlet
    {
        type            pressureInletOutletVelocity;
        value           nonuniform 0();
    }
    cylinder
    {
        type            fixedValue;
        value           nonuniform 0();
    }
    top
    {
        type            symmetryPlane;
    }
    bottom
    {
        type            symmetryPlane;
    }
    defaultFaces
    {
        type            empty;
    }
    procBoundary10to6
    {
        type            processor;
        value           nonuniform List<vector> 
61
(
(-0.277181 -0.0166551 -2.27225e-21)
(-0.213648 -0.0175852 1.66617e-21)
(-0.146422 -0.018167 -9.14783e-23)
(-0.0767422 -0.0183928 -2.10078e-22)
(-0.0767422 -0.0183928 -2.10078e-22)
(-0.00593764 0.0182676 -2.67603e-22)
(0.0647137 0.0178359 -1.86891e-22)
(0.134101 0.017157 -1.04865e-22)
(0.201297 0.0162856 1.34543e-22)
(0.265555 0.0152799 -6.40769e-22)
(0.326341 0.0141949 8.94559e-22)
(0.383317 0.0130786 -2.44429e-22)
(0.436319 0.01197 -1.98064e-22)
(0.485326 0.0108985 -4.92838e-22)
(0.530428 0.00988476 -2.99502e-22)
(0.571793 0.00894134 1.45706e-21)
(0.609643 0.00807498 2.32825e-22)
(0.644234 0.00728768 -7.6924e-22)
(0.675836 0.00657798 3.22494e-22)
(0.704718 0.00594199 -3.47814e-22)
(0.731141 0.00537425 -2.17629e-22)
(0.755347 0.00486832 8.42439e-23)
(0.777559 0.00441734 6.93682e-22)
(0.797973 0.00401434 1.61334e-23)
(0.816762 0.00365249 -5.08362e-22)
(0.83407 0.00332537 -2.85451e-22)
(0.85002 0.00302706 -1.00252e-22)
(0.864709 0.00275243 3.24152e-22)
(0.878214 0.00249726 -1.0298e-22)
(0.890597 0.00225838 -1.16307e-22)
(0.901909 0.00203372 3.24803e-22)
(0.912195 0.00182223 1.50578e-22)
(0.921497 0.00162368 -3.42528e-22)
(0.929863 0.0014384 7.84578e-23)
(0.937342 0.00126704 2.40713e-22)
(0.943993 0.0011103 -1.17467e-22)
(0.949879 0.000968773 4.22627e-23)
(0.955068 0.0008428 -1.06994e-22)
(0.959635 0.000732318 4.06132e-23)
(0.963652 0.000636805 -7.08117e-23)
(0.967192 0.000555253 6.66757e-23)
(0.970323 0.000486233 -1.37883e-23)
(0.973106 0.000428031 7.11215e-24)
(0.975594 0.000378831 -3.91351e-23)
(0.977828 0.000336904 1.44833e-23)
(0.979844 0.000300746 -2.12487e-23)
(0.981668 0.00026916 -1.06549e-23)
(0.983322 0.000241256 3.35236e-23)
(0.984823 0.000216412 -3.37505e-23)
(0.986185 0.000194205 8.52752e-24)
(0.987422 0.000174335 -2.13556e-25)
(0.988546 0.000156574 9.04462e-24)
(0.989567 0.000140741 -2.53092e-24)
(0.990496 0.000126594 1.17597e-23)
(0.991341 0.00011408 4.76434e-24)
(0.992109 0.000102613 -1.36089e-23)
(0.992808 9.23415e-05 -1.01182e-23)
(0.993448 8.32297e-05 6.09308e-24)
(0.994033 7.51007e-05 -2.99013e-24)
(0.994567 6.78073e-05 7.39889e-24)
(0.995056 6.12492e-05 -1.10715e-23)
)
;
    }
    procBoundary10to9
    {
        type            processor;
        value           nonuniform List<vector> 
38
(
(-0.312108 -0.04596 -2.19233e-21)
(-0.266847 -0.0759154 5.40476e-22)
(-0.148991 -0.113407 7.37666e-21)
(-0.148991 -0.113407 7.37666e-21)
(-0.0749512 -0.143216 1.36924e-20)
(0.00796166 -0.17121 -8.14071e-21)
(0.0966218 -0.196862 -1.67466e-20)
(0.188113 -0.2201 1.22225e-20)
(0.280631 -0.24101 -2.68627e-20)
(0.372669 -0.259443 -1.53529e-20)
(0.463081 -0.275379 8.72239e-20)
(0.550999 -0.288821 -4.6133e-20)
(0.635738 -0.299771 6.72494e-20)
(0.736954 -0.325045 4.19844e-20)
(0.736954 -0.325045 4.19844e-20)
(0.809088 -0.330918 -1.14855e-19)
(0.876233 -0.33406 -3.08608e-20)
(0.937918 -0.334522 -8.01362e-21)
(0.993755 -0.332413 -3.51805e-21)
(1.03722 -0.337752 -2.44602e-20)
(1.03722 -0.337752 -2.44602e-20)
(1.07678 -0.331148 7.06721e-20)
(1.11073 -0.322755 1.40531e-19)
(1.13938 -0.312881 3.18531e-20)
(1.1425 -0.307939 4.02111e-20)
(1.1425 -0.307939 4.02111e-20)
(1.16043 -0.296747 4.98534e-20)
(1.17498 -0.284989 7.14608e-20)
(1.16257 -0.277575 1.47652e-20)
(1.16257 -0.277575 1.47652e-20)
(1.17206 -0.266202 -9.56595e-20)
(1.18001 -0.254976 9.12484e-20)
(1.18679 -0.244937 1.83807e-20)
(1.17102 -0.239463 -3.07251e-20)
(1.17102 -0.239463 -3.07251e-20)
(1.17788 -0.219166 0)
(1.17876 -0.20883 0)
(1.17735 -0.197967 0)
)
;
    }
    procBoundary10to11
    {
        type            processor;
        value           nonuniform List<vector> 
36
(
(0.995504 -5.53456e-05 2.8754e-24)
(0.995504 -0.000166044 -2.59122e-24)
(0.995506 -0.000276778 5.08358e-23)
(0.995508 -0.000387572 1.63372e-23)
(0.995512 -0.000498448 5.80054e-23)
(0.995516 -0.000609428 1.01546e-22)
(0.995521 -0.000720534 -8.79706e-23)
(0.995527 -0.000831783 1.40101e-22)
(0.995535 -0.000943194 7.70128e-23)
(0.995543 -0.00105478 2.42088e-24)
(0.995553 -0.00116656 -3.45591e-22)
(0.995565 -0.00127853 -1.02205e-22)
(0.995579 -0.0013907 -2.43646e-22)
(0.995595 -0.00150309 -2.62584e-22)
(0.995614 -0.00161569 -3.10641e-22)
(0.995636 -0.00172855 -9.16215e-24)
(0.995661 -0.00184156 8.06365e-23)
(0.99569 -0.00195481 8.02266e-23)
(0.995723 -0.00207026 -5.32237e-23)
(0.995763 -0.0021899 -2.6468e-22)
(0.995763 -0.0021899 -2.6468e-22)
(0.99618 -0.00208031 3.55856e-22)
(0.996221 -0.00218319 2.92764e-22)
(0.996264 -0.00227869 8.32667e-23)
(0.996312 -0.00237488 -1.57056e-22)
(0.996363 -0.00247278 2.39486e-22)
(0.996417 -0.00257112 4.19311e-22)
(0.996473 -0.00266959 -5.07862e-22)
(0.996529 -0.00276725 -2.55108e-22)
(0.996586 -0.00286304 -2.99622e-22)
(0.996641 -0.00296559 2.7218e-22)
(0.996641 -0.00296559 2.7218e-22)
(0.996996 -0.00280291 0)
(0.997056 -0.0028896 0)
(0.997118 -0.00297108 0)
(0.997183 -0.00305843 0)
)
;
    }
    procBoundary10to13
    {
        type            processor;
        value           nonuniform List<vector> 2((1.17493 -0.187027 0) (1.17201 -0.176502 0));
    }
    procBoundary10to14
    {
        type            processor;
        value           nonuniform List<vector> 
57
(
(0.98129 -0.0471119 0)
(0.981569 -0.0435194 0)
(0.98195 -0.040132 0)
(0.982423 -0.0369297 0)
(0.982976 -0.0339012 0)
(0.983598 -0.031046 0)
(0.984279 -0.0283713 0)
(0.985004 -0.0258872 0)
(0.98576 -0.0236005 0)
(0.986533 -0.0215108 0)
(0.987311 -0.0196092 0)
(0.988081 -0.0178802 0)
(0.988837 -0.0163057 0)
(0.989571 -0.0148673 0)
(0.99028 -0.0135494 0)
(0.990961 -0.0123396 0)
(0.991611 -0.0112286 0)
(0.99223 -0.0102091 0)
(0.992817 -0.00927535 0)
(0.993371 -0.00842179 0)
(0.993893 -0.00764309 0)
(0.994383 -0.00693382 0)
(0.994841 -0.00628851 0)
(0.995268 -0.0057018 0)
(0.995666 -0.00516856 0)
(0.996035 -0.00468394 0)
(0.996377 -0.00424348 0)
(0.996694 -0.0038431 0)
(0.996986 -0.00347909 0)
(1.15393 -0.170742 0)
(1.13899 -0.173562 0)
(1.1242 -0.174855 0)
(1.10977 -0.174697 0)
(1.09587 -0.173196 0)
(1.08264 -0.170483 0)
(1.07022 -0.166709 0)
(1.05869 -0.162034 0)
(1.0481 -0.156619 0)
(1.03848 -0.150622 0)
(1.02984 -0.144194 0)
(1.02215 -0.137473 0)
(1.01538 -0.130582 0)
(1.00948 -0.123628 0)
(1.00438 -0.116705 0)
(1.00003 -0.109887 0)
(0.996351 -0.103236 0)
(0.993277 -0.0967952 0)
(0.99074 -0.0905973 0)
(0.988673 -0.0846624 0)
(0.987016 -0.0790028 0)
(0.985714 -0.0736255 0)
(0.98472 -0.0685332 0)
(0.983991 -0.0637249 0)
(0.98349 -0.0591962 0)
(0.983185 -0.0549387 0)
(0.98129 -0.0471119 0)
(0.98305 -0.0509398 0)
)
;
    }
}


// ************************************************************************* //
