/*--------------------------------*- C++ -*----------------------------------*\
  =========                 |
  \\      /  F ield         | OpenFOAM: The Open Source CFD Toolbox
   \\    /   O peration     | Website:  https://openfoam.org
    \\  /    A nd           | Version:  7
     \\/     M anipulation  |
\*---------------------------------------------------------------------------*/
FoamFile
{
    version     2.0;
    format      ascii;
    class       surfaceScalarField;
    location    "130";
    object      phi;
}
// * * * * * * * * * * * * * * * * * * * * * * * * * * * * * * * * * * * * * //

dimensions      [0 3 -1 0 0 0 0];

internalField   nonuniform List<scalar> 
3869
(
-3.28209e-05
-0.00610001
-0.00631923
1.05716e-05
-0.00547436
-2.64063e-05
-0.00565866
-6.52115e-05
-0.00585349
-0.000105877
-0.00605934
-0.00627672
5.89233e-05
-0.0049478
2.41684e-05
-0.00510104
-1.24901e-05
-0.00526355
-5.10388e-05
-0.00543582
-9.15126e-05
-0.00561818
-0.000133927
-0.00581107
-0.000178316
-0.00601495
-0.00623034
7.76933e-05
-0.00463335
4.38704e-05
-0.00476917
7.87478e-06
-0.00491181
-3.01067e-05
-0.00506305
-7.00637e-05
-0.0052236
-0.00011201
-0.00539387
-0.000155972
-0.00557422
-0.000201985
-0.00576506
-0.000250091
-0.00596685
-0.00618011
9.93414e-05
-0.0043351
6.81741e-05
-0.00446914
3.36743e-05
-0.00459885
-3.34912e-06
-0.00473214
-4.24972e-05
-0.00487266
-8.37148e-05
-0.00502184
-0.000126975
-0.00518034
-0.000172305
-0.00534854
-0.000219745
-0.00552678
-0.000269344
-0.00571546
-0.000321157
-0.00591503
-0.00612603
0.000115594
-0.00397149
9.25453e-05
-0.00415863
6.25652e-05
-0.00430512
2.80084e-05
-0.00443458
-9.70792e-06
-0.00456114
-4.98588e-05
-0.00469199
-9.21989e-05
-0.00483032
-0.000136638
-0.0049774
-0.000183189
-0.00513379
-0.000231891
-0.00529984
-0.000282797
-0.00547588
-0.000335968
-0.00566229
-0.000391471
-0.00585953
-0.000449372
-0.00606813
-0.00628858
0.000104759
-0.00370577
8.70915e-05
-0.00395383
5.994e-05
-0.00413148
2.63377e-05
-0.00427152
-1.15406e-05
-0.0043967
-5.24179e-05
-0.00452026
-9.57116e-05
-0.0046487
-0.000141205
-0.00478483
-0.000188851
-0.00492975
-0.000238678
-0.00508396
-0.000290738
-0.00524778
-0.000345093
-0.00542152
-0.000401816
-0.00560557
-0.000460989
-0.00580036
-0.000522693
-0.00600642
-0.00622428
8.67827e-05
-0.00286816
9.11657e-05
-0.00335325
8.11211e-05
-0.00369572
5.89224e-05
-0.00393163
2.78109e-05
-0.00410037
-9.3152e-06
-0.00423439
-5.04414e-05
-0.00435558
-9.4459e-05
-0.00447624
-0.000140864
-0.00460229
-0.000189492
-0.0047362
-0.000240329
-0.00487891
-0.000293415
-0.00503087
-0.000348814
-0.00519238
-0.000406598
-0.00536374
-0.000466853
-0.00554531
-0.00052967
-0.00573754
-0.000595149
-0.00594095
-0.00615607
3.71105e-05
-0.00144936
6.03068e-05
-0.00224506
7.35428e-05
-0.00288139
7.266e-05
-0.00335237
5.76953e-05
-0.00368076
3.11295e-05
-0.00390506
-3.8106e-06
-0.00406543
-4.43613e-05
-0.00419384
-8.86892e-05
-0.00431125
-0.000135807
-0.00442912
-0.000185297
-0.0045528
-0.000237041
-0.00468446
-0.000291048
-0.00482491
-0.000347374
-0.00497455
-0.00040609
-0.00513366
-0.000467281
-0.00530255
-0.00053104
-0.00548155
-0.000597475
-0.0056711
-0.000666697
-0.00587172
-0.00608396
1.18341e-05
-0.000540489
3.31734e-05
-0.0014707
5.20617e-05
-0.00226395
6.02512e-05
-0.00288958
5.42466e-05
-0.00334636
3.45267e-05
-0.00366104
3.75586e-06
-0.00387429
-3.48921e-05
-0.00402678
-7.8791e-05
-0.00414994
-0.000126263
-0.00426378
-0.000176445
-0.00437894
-0.000228993
-0.00450026
-0.000283831
-0.00462962
-0.000340986
-0.00476775
-0.000400528
-0.00491501
-0.000462538
-0.00507165
-0.000527109
-0.00523798
-0.000594344
-0.00541432
-0.000664362
-0.00560109
-0.000737292
-0.00579879
-0.000813249
-0.00600801
-0.00622928
1.07465e-05
-0.000551235
2.91381e-05
-0.00148909
4.37258e-05
-0.00227854
4.69545e-05
-0.00289281
3.59668e-05
-0.00333538
1.16636e-05
-0.00363674
-2.31782e-05
-0.00383945
-6.54162e-05
-0.00398454
-0.000112583
-0.00410278
-0.000163148
-0.00421321
-0.000216357
-0.00432573
-0.000271937
-0.00444468
-0.000329842
-0.00457171
-0.000390121
-0.00470747
-0.000452852
-0.00485227
-0.000518128
-0.00500638
-0.000586049
-0.00517006
-0.000656728
-0.00534364
-0.000730294
-0.00552752
-0.000806891
-0.0057222
-0.000886655
-0.00592824
-0.00614627
9.62078e-06
-0.000560856
2.50234e-05
-0.00150449
3.53335e-05
-0.00228885
3.37059e-05
-0.00289118
1.78432e-05
-0.00331951
-1.08617e-05
-0.00360803
-4.96324e-05
-0.00380068
-9.53609e-05
-0.00393881
-0.000145722
-0.00405242
-0.000199329
-0.00415961
-0.000255531
-0.00426953
-0.000314111
-0.0043861
-0.000375056
-0.00451077
-0.00043843
-0.0046441
-0.000504322
-0.00478638
-0.000572832
-0.00493786
-0.000644071
-0.00509882
-0.000718159
-0.00526955
-0.000795234
-0.00545045
-0.000875454
-0.00564198
-0.000958974
-0.00584472
-0.00605935
8.46103e-06
-0.000569317
2.08441e-05
-0.00151687
2.69105e-05
-0.00229492
2.05543e-05
-0.00288483
2.98538e-07
-0.00329926
-3.299e-05
-0.00357474
-7.55977e-05
-0.00375807
-0.000124713
-0.0038897
-0.000178195
-0.00399893
-0.000234795
-0.00410301
-0.000293952
-0.00421037
-0.0003555
-0.00432455
-0.000419454
-0.00444681
-0.000485891
-0.00457766
-0.000554912
-0.00471736
-0.000626624
-0.00486615
-0.000701145
-0.0050243
-0.000778604
-0.00519209
-0.000859146
-0.0053699
-0.00094294
-0.00555818
-0.00103016
-0.0057575
-0.00112095
-0.00596856
-0.00619179
7.27229e-06
-0.00057659
1.66182e-05
-0.00152622
1.84862e-05
-0.00229679
7.48447e-06
-0.00287383
-1.76827e-05
-0.00327409
-5.48021e-05
-0.00353762
-0.000101048
-0.00371183
-0.000153454
-0.00383729
-0.00020999
-0.0039424
-0.000269533
-0.00404346
-0.000331606
-0.0041483
-0.000396089
-0.00426006
-0.000463018
-0.00437988
-0.000532485
-0.0045082
-0.000604598
-0.00464525
-0.000679476
-0.00479127
-0.000757242
-0.00494653
-0.000838031
-0.0051113
-0.000921996
-0.00528594
-0.00100931
-0.00547086
-0.00110018
-0.00566664
-0.00119476
-0.00587397
-0.0060934
6.0616e-06
-0.000582651
1.237e-05
-0.00153253
1.00828e-05
-0.0022945
-5.45484e-06
-0.00285829
-3.50183e-05
-0.00324453
-7.61817e-05
-0.00349646
-0.000125965
-0.00366204
-0.00018157
-0.00378169
-0.000241095
-0.00388287
-0.000303533
-0.00398103
-0.000368481
-0.00408335
-0.000435861
-0.00419268
-0.000505729
-0.00431002
-0.000578189
-0.00443574
-0.000653358
-0.00457008
-0.000731362
-0.00471327
-0.000812331
-0.00486556
-0.000896408
-0.00502723
-0.000983751
-0.0051986
-0.00107454
-0.00538007
-0.00116899
-0.00557219
-0.0012673
-0.00577567
-0.00599109
4.83123e-06
-0.000587482
8.11746e-06
-0.00153581
1.89186e-06
-0.00228827
-1.83189e-05
-0.00283808
-5.20838e-05
-0.00321076
-9.71182e-05
-0.00345143
-0.000150334
-0.00360883
-0.000209049
-0.00372297
-0.0002715
-0.00382042
-0.000336783
-0.00391574
-0.000404565
-0.00401557
-0.000474802
-0.00412245
-0.00054757
-0.00423725
-0.000622983
-0.00436032
-0.000701167
-0.00449189
-0.000782255
-0.00463218
-0.000866386
-0.00478143
-0.000953706
-0.00493991
-0.00104438
-0.00510792
-0.00113859
-0.00528586
-0.00123655
-0.00547423
-0.0013385
-0.00567372
-0.00144466
-0.00588494
-0.00610813
3.58499e-06
-0.000591067
3.82196e-06
-0.00153605
-6.57371e-06
-0.00227788
-3.09562e-05
-0.0028137
-6.88345e-05
-0.00317288
-0.0001176
-0.00340266
-0.000174139
-0.00355229
-0.000235883
-0.00366123
-0.000301195
-0.00375511
-0.000369273
-0.00384766
-0.000439845
-0.003945
-0.000512898
-0.00404939
-0.000588524
-0.00416162
-0.000666847
-0.004282
-0.000748003
-0.00441074
-0.000832131
-0.00454805
-0.000919377
-0.00469418
-0.00100989
-0.00484939
-0.00110385
-0.00501397
-0.00120143
-0.00518828
-0.00130285
-0.00537281
-0.00140836
-0.0055682
-0.00151827
-0.00577503
-0.00599393
2.32305e-06
-0.00059339
-3.05828e-07
-0.00153342
-1.48218e-05
-0.00226336
-4.33892e-05
-0.00278513
-8.52476e-05
-0.00313103
-0.000137612
-0.0033503
-0.00019737
-0.00349253
-0.00026206
-0.00359654
-0.000330172
-0.003687
-0.000400995
-0.00377684
-0.00047431
-0.00387168
-0.000550134
-0.00397357
-0.000628573
-0.00408318
-0.000709762
-0.00420081
-0.000793843
-0.00432666
-0.000880964
-0.00446093
-0.000971278
-0.00460387
-0.00106494
-0.00475572
-0.00116213
-0.00491678
-0.00126303
-0.00508738
-0.00136784
-0.005268
-0.00147684
-0.0054592
-0.00159041
-0.00566145
-0.0058758
9.53627e-07
-0.000594344
-4.73019e-06
-0.00152774
-2.29603e-05
-0.00224513
-5.55941e-05
-0.00275249
-0.000101304
-0.00308532
-0.000157142
-0.00329446
-0.000220015
-0.00342966
-0.000287574
-0.00352898
-0.000358423
-0.00361615
-0.000431937
-0.00370333
-0.000507948
-0.00379567
-0.000586496
-0.00389502
-0.000667702
-0.00400198
-0.000751708
-0.00411681
-0.000838665
-0.0042397
-0.000928729
-0.00437087
-0.00102206
-0.00451054
-0.00111882
-0.00465896
-0.00121919
-0.00481641
-0.00132336
-0.00498322
-0.00143151
-0.00515984
-0.00154393
-0.00534679
-0.00166107
-0.00554431
-0.00178298
-0.0057539
-0.00597961
-4.5747e-07
-0.000593887
-8.97978e-06
-0.00151921
-3.09694e-05
-0.00222314
-6.75533e-05
-0.00271591
-0.000116987
-0.00303588
-0.000176177
-0.00323527
-0.000242067
-0.00336377
-0.000312416
-0.00345863
-0.00038594
-0.00354262
-0.000462092
-0.00362717
-0.000540748
-0.00371702
-0.000621971
-0.0038138
-0.000705892
-0.00391806
-0.000792665
-0.00403003
-0.000882447
-0.00414992
-0.000975402
-0.00427791
-0.0010717
-0.00441424
-0.00117151
-0.00455915
-0.00127501
-0.00471291
-0.00138239
-0.00487584
-0.00149383
-0.0050484
-0.0016096
-0.00523101
-0.00173022
-0.00542369
-0.00185584
-0.00562828
-0.00585109
-1.59768e-06
-0.000592289
-1.31487e-05
-0.00150766
-3.8838e-05
-0.00219745
-7.92524e-05
-0.0026755
-0.000132281
-0.00298285
-0.000194707
-0.00317284
-0.000263517
-0.00329495
-0.00033658
-0.00338557
-0.000412716
-0.00346649
-0.000491451
-0.00354844
-0.000572699
-0.00363577
-0.000656544
-0.00372995
-0.000743129
-0.00383147
-0.000832615
-0.00394055
-0.000925167
-0.00405737
-0.00102096
-0.00418212
-0.00112016
-0.00431504
-0.00122296
-0.00445635
-0.00132954
-0.00460632
-0.00144009
-0.00476529
-0.00155479
-0.00493371
-0.0016739
-0.0051119
-0.00179792
-0.00529967
-0.00192711
-0.00549909
-0.00571872
-0.00205948
-2.84354e-06
-0.000589445
-1.72626e-05
-0.00149324
-4.65558e-05
-0.00216816
-9.06793e-05
-0.00263137
-0.000147175
-0.00292636
-0.000212723
-0.0031073
-0.000284359
-0.00322332
-0.000360059
-0.00330987
-0.000438744
-0.0033878
-0.000520004
-0.00346718
-0.00060379
-0.00355198
-0.000690203
-0.00364354
-0.000779396
-0.00374228
-0.000871539
-0.0038484
-0.000966805
-0.0039621
-0.00106537
-0.00408356
-0.00116742
-0.00421299
-0.00127316
-0.00435062
-0.00138276
-0.00449672
-0.00149643
-0.00465162
-0.00161437
-0.00481577
-0.00173689
-0.00498938
-0.00186439
-0.00517217
-0.00199653
-0.00536695
-0.00558331
-0.00213194
-4.10395e-06
-0.000585341
-2.13174e-05
-0.00147603
-5.41123e-05
-0.00213536
-0.000101822
-0.00258366
-0.00016166
-0.00286652
-0.000230217
-0.00303874
-0.000304587
-0.00314895
-0.000382849
-0.00323161
-0.000464018
-0.00330663
-0.000547744
-0.00338345
-0.00063401
-0.00346572
-0.000722934
-0.00355462
-0.000814678
-0.00365053
-0.000909419
-0.00375366
-0.00100734
-0.00386418
-0.00110862
-0.00398227
-0.00121346
-0.00410815
-0.00132206
-0.00424202
-0.00143462
-0.00438416
-0.00155135
-0.00453489
-0.00167252
-0.0046946
-0.00179853
-0.00486337
-0.00192974
-0.00504096
-0.0020662
-0.0052305
-0.00545187
-0.00219763
-5.35703e-06
-0.000579984
-2.53038e-05
-0.00145608
-6.14975e-05
-0.00209917
-0.00011267
-0.00253249
-0.000175726
-0.00280346
-0.000247183
-0.00296728
-0.000324196
-0.00307194
-0.000404944
-0.00315086
-0.000488532
-0.00322305
-0.000574663
-0.00329732
-0.00066335
-0.00337703
-0.000754725
-0.00346324
-0.000848959
-0.0035563
-0.000946236
-0.00365639
-0.00104675
-0.00376367
-0.00115068
-0.00387834
-0.00125824
-0.00400059
-0.00136963
-0.00413063
-0.00148507
-0.00426872
-0.00160479
-0.00441517
-0.00172911
-0.00457027
-0.00185846
-0.00473403
-0.00199251
-0.0049069
-0.00212977
-0.00509324
-0.00529439
-0.00228725
-6.59494e-06
-0.000573389
-2.92131e-05
-0.00143347
-6.87015e-05
-0.00205968
-0.000123214
-0.00247798
-0.000189366
-0.00273731
-0.000263615
-0.00289303
-0.00034318
-0.00299237
-0.000426339
-0.0030677
-0.000512278
-0.00313711
-0.000600752
-0.00320885
-0.000691798
-0.00328598
-0.000785563
-0.00336948
-0.000882225
-0.00345964
-0.000981975
-0.00355664
-0.00108501
-0.00366064
-0.00119153
-0.00377182
-0.00130174
-0.00389038
-0.00141586
-0.00401651
-0.00153411
-0.00415047
-0.00165673
-0.00429254
-0.00178406
-0.00444295
-0.0019163
-0.00460178
-0.00205316
-0.00477004
-0.00219615
-0.00495025
-0.00513831
-0.00235222
-7.81343e-06
-0.000565576
-3.30376e-05
-0.00140824
-7.57151e-05
-0.002017
-0.000133444
-0.00242025
-0.000202572
-0.00266818
-0.000279507
-0.0028161
-0.000361535
-0.00291034
-0.00044703
-0.0029822
-0.000535252
-0.00304889
-0.000626004
-0.0031181
-0.000719346
-0.00319264
-0.000815436
-0.00327339
-0.00091446
-0.00336061
-0.00101662
-0.00345448
-0.00112211
-0.00355515
-0.00123114
-0.00366279
-0.00134393
-0.00377759
-0.0014607
-0.00389974
-0.00158168
-0.00402949
-0.00170714
-0.00416709
-0.00183737
-0.00431271
-0.00197256
-0.00446659
-0.00211288
-0.00462973
-0.00226007
-0.00480306
-0.0049824
-0.00241599
-9.00948e-06
-0.000556567
-3.67705e-05
-0.00138048
-8.253e-05
-0.00197124
-0.000143352
-0.00235943
-0.000215337
-0.0025962
-0.000294855
-0.00273658
-0.000379257
-0.00282594
-0.000467011
-0.00289445
-0.000557448
-0.00295845
-0.000650412
-0.00302513
-0.000745984
-0.00309707
-0.000844333
-0.00317504
-0.000945652
-0.00325929
-0.00105015
-0.00334999
-0.00115802
-0.00344727
-0.00126949
-0.00355132
-0.00138479
-0.00366229
-0.00150413
-0.0037804
-0.00162776
-0.00390586
-0.00175594
-0.0040389
-0.00188897
-0.00417969
-0.00202703
-0.00432853
-0.00217053
-0.00448623
-0.00232072
-0.00465287
-0.00482512
-0.002478
-1.01805e-05
-0.000546386
-4.04054e-05
-0.00135026
-8.91382e-05
-0.00192251
-0.000152932
-0.00229563
-0.000227657
-0.00252147
-0.000309654
-0.00265458
-0.000396343
-0.00273925
-0.000486279
-0.00280451
-0.00057886
-0.00286587
-0.000673968
-0.00293003
-0.000771702
-0.00299934
-0.000872241
-0.0030745
-0.000975787
-0.00315575
-0.00108255
-0.00324323
-0.00119274
-0.00333709
-0.00130657
-0.00343748
-0.00142429
-0.00354458
-0.00154612
-0.00365857
-0.00167231
-0.00377967
-0.00180314
-0.00390808
-0.00193886
-0.00404397
-0.00207972
-0.00418766
-0.00222619
-0.00433976
-0.00237906
-0.0045
-0.00466585
-0.00253833
-1.13241e-05
-0.000535062
-4.39366e-05
-0.00131764
-9.55328e-05
-0.00187092
-0.000162177
-0.00222899
-0.000239527
-0.00244413
-0.0003239
-0.00257021
-0.000412789
-0.00265036
-0.00050483
-0.00271247
-0.000599483
-0.00277122
-0.000696664
-0.00283284
-0.000796492
-0.00289951
-0.000899151
-0.00297184
-0.00100485
-0.00305005
-0.0011138
-0.00313427
-0.00122623
-0.00322466
-0.00134236
-0.00332135
-0.00146242
-0.00342452
-0.00158666
-0.00353433
-0.00171532
-0.003651
-0.00184869
-0.00377471
-0.00198701
-0.00390564
-0.00213058
-0.0040441
-0.00227981
-0.00419053
-0.00243524
-0.00434457
-0.00450428
-0.0025968
-1.24381e-05
-0.000522624
-4.73587e-05
-0.00128272
-0.000101707
-0.00181657
-0.000171082
-0.00215961
-0.000250941
-0.00236427
-0.000337591
-0.00248356
-0.000428591
-0.00255936
-0.00052266
-0.0026184
-0.000619311
-0.00267456
-0.000718495
-0.00273366
-0.000820344
-0.00279766
-0.000925052
-0.00286713
-0.00103283
-0.00294227
-0.0011439
-0.0030232
-0.00125849
-0.00311007
-0.00137683
-0.00320301
-0.00149915
-0.00330219
-0.00162571
-0.00340778
-0.00175676
-0.00351995
-0.00189257
-0.0036389
-0.00203341
-0.00376481
-0.00217957
-0.00389794
-0.00233142
-0.00403868
-0.00248937
-0.00418662
-0.00434028
-0.00265337
-1.35202e-05
-0.000509104
-5.0667e-05
-0.00124558
-0.000107656
-0.00175958
-0.000179639
-0.00208763
-0.000261896
-0.00228201
-0.000350723
-0.00239473
-0.000443748
-0.00246634
-0.000539764
-0.00252239
-0.00063834
-0.00257599
-0.000739454
-0.00263255
-0.00084325
-0.00269386
-0.000949932
-0.00276045
-0.00105972
-0.00283248
-0.00117283
-0.00291009
-0.0012895
-0.0029934
-0.00140997
-0.00308255
-0.00153447
-0.00317769
-0.00166327
-0.00327898
-0.00179661
-0.00338661
-0.00193477
-0.00350074
-0.00207803
-0.00362155
-0.00222667
-0.0037493
-0.00238104
-0.00388431
-0.00254146
-0.0040262
-0.00417379
-0.00270795
-1.45683e-05
-0.000494535
-5.38569e-05
-0.00120629
-0.000113373
-0.00170006
-0.000187846
-0.00201316
-0.000272388
-0.00219747
-0.000363292
-0.00230383
-0.000458255
-0.00237137
-0.00055614
-0.0024245
-0.000656565
-0.00247556
-0.000759533
-0.00252958
-0.000865203
-0.00258819
-0.000973783
-0.00265187
-0.0010855
-0.00272077
-0.00120057
-0.00279501
-0.00131925
-0.00287472
-0.00144176
-0.00296003
-0.00156836
-0.00305109
-0.0016993
-0.00314804
-0.00183485
-0.00325106
-0.00197527
-0.00336031
-0.00212085
-0.00347597
-0.00227187
-0.00359828
-0.00242865
-0.00372752
-0.0025915
-0.00386336
-0.00400482
-0.00276048
-1.55806e-05
-0.000478955
-5.69243e-05
-0.00116494
-0.000118854
-0.00163813
-0.000195698
-0.00193631
-0.000282414
-0.00211075
-0.000375297
-0.00221095
-0.000472111
-0.00227456
-0.000571784
-0.00232483
-0.000673981
-0.00237337
-0.000778728
-0.00242483
-0.000886194
-0.00248073
-0.000996595
-0.00254147
-0.00111016
-0.00260721
-0.00122712
-0.00267805
-0.00134771
-0.00275413
-0.00147219
-0.00283556
-0.00160079
-0.00292248
-0.00173379
-0.00301504
-0.00187145
-0.0031134
-0.00201404
-0.00321772
-0.00216185
-0.00332817
-0.00231515
-0.00344498
-0.00247426
-0.00356841
-0.00263947
-0.00369814
-0.0038334
-0.00281089
-1.65551e-05
-0.0004624
-5.98653e-05
-0.00112163
-0.000124095
-0.0015739
-0.000203191
-0.00185722
-0.00029197
-0.00202197
-0.000386736
-0.00211618
-0.000485312
-0.00217598
-0.000586693
-0.00222345
-0.000690583
-0.00226948
-0.000797031
-0.00231838
-0.000906217
-0.00237154
-0.00101836
-0.00242933
-0.00113369
-0.00249187
-0.00125245
-0.00255929
-0.00137488
-0.0026317
-0.00150123
-0.00270921
-0.00163176
-0.00279195
-0.00176673
-0.00288007
-0.00190641
-0.00297373
-0.00205107
-0.00307306
-0.002201
-0.00317823
-0.00235649
-0.00328949
-0.00251784
-0.00340706
-0.00268535
-0.00353064
-0.0036596
-0.00285914
-1.74902e-05
-0.000444909
-6.26765e-05
-0.00107645
-0.00012909
-0.00150749
-0.000210321
-0.00177599
-0.000301055
-0.00193124
-0.000397604
-0.00201963
-0.000497856
-0.00207573
-0.000600863
-0.00212044
-0.000706367
-0.00216397
-0.000814438
-0.00221031
-0.000925263
-0.00226072
-0.00103907
-0.00231552
-0.00115609
-0.00237485
-0.00127657
-0.00243882
-0.00140075
-0.00250751
-0.00152889
-0.00258106
-0.00166125
-0.00265959
-0.00179809
-0.00274323
-0.0019397
-0.00283212
-0.00208634
-0.00292642
-0.0022383
-0.00302627
-0.00239588
-0.00313191
-0.00255937
-0.00324357
-0.00272908
-0.00336093
-0.00348351
-0.00290518
-1.83843e-05
-0.000426525
-6.53544e-05
-0.00102948
-0.000133838
-0.001439
-0.000217085
-0.00169274
-0.000309665
-0.00183866
-0.000407902
-0.00192139
-0.000509741
-0.00197389
-0.000614291
-0.00201589
-0.000721329
-0.00205693
-0.000830942
-0.0021007
-0.000943326
-0.00214833
-0.00105871
-0.00220014
-0.00117734
-0.00225623
-0.00129945
-0.0023167
-0.0014253
-0.00238167
-0.00155514
-0.00245122
-0.00168924
-0.00252549
-0.00182787
-0.0026046
-0.0019713
-0.00268869
-0.00211982
-0.0027779
-0.00227372
-0.00287237
-0.00243329
-0.00297234
-0.00259883
-0.00307802
-0.00277066
-0.0031891
-0.00330521
-0.00294896
-1.92358e-05
-0.000407289
-6.78963e-05
-0.000980817
-0.000138333
-0.00136857
-0.00022348
-0.00160759
-0.000317798
-0.00174434
-0.000417626
-0.00182157
-0.000520964
-0.00187056
-0.000626974
-0.00190988
-0.000735465
-0.00194844
-0.000846539
-0.00198963
-0.000960399
-0.00203447
-0.00107728
-0.00208326
-0.00119743
-0.00213608
-0.00132109
-0.00219305
-0.00144851
-0.00225424
-0.00157997
-0.00231977
-0.00171572
-0.00238974
-0.00185604
-0.00246428
-0.00200121
-0.00254352
-0.00215151
-0.00262759
-0.00230724
-0.00271664
-0.0024687
-0.00281089
-0.0026362
-0.00291053
-0.00281004
-0.00301526
-0.00312481
-0.00299044
-2.00433e-05
-0.000387246
-7.02992e-05
-0.000930561
-0.000142574
-0.00129629
-0.000229504
-0.00152066
-0.000325453
-0.00164839
-0.000426775
-0.00172024
-0.000531524
-0.00176581
-0.00063891
-0.0018025
-0.000748771
-0.00183858
-0.000861223
-0.00187717
-0.000976477
-0.00191922
-0.00109477
-0.00196496
-0.00121635
-0.0020145
-0.00134147
-0.00206793
-0.00147039
-0.00212532
-0.00160337
-0.00218679
-0.00174067
-0.00225243
-0.00188259
-0.00232237
-0.0020294
-0.00239671
-0.00218139
-0.0024756
-0.00233885
-0.00255917
-0.0025021
-0.00264764
-0.00267144
-0.00274118
-0.0028472
-0.0028395
-0.00294241
-0.0030296
-2.08056e-05
-0.00036644
-7.25606e-05
-0.000878806
-0.000146556
-0.0012223
-0.000235153
-0.00143207
-0.000332627
-0.00155092
-0.000435347
-0.00161752
-0.000541419
-0.00165973
-0.000650095
-0.00169382
-0.000761242
-0.00172743
-0.000874989
-0.00176343
-0.000991553
-0.00180265
-0.00111117
-0.00184534
-0.0012341
-0.00189157
-0.0013606
-0.00194143
-0.00149091
-0.00199501
-0.00162532
-0.00205238
-0.00176409
-0.00211366
-0.00190751
-0.00217895
-0.00205586
-0.00224837
-0.00220943
-0.00232203
-0.00236853
-0.00240008
-0.00253346
-0.00248271
-0.00270454
-0.0025701
-0.00288211
-0.00266194
-0.00275813
-0.00306639
-2.15213e-05
-0.000344919
-7.46781e-05
-0.00082565
-0.000150278
-0.0011467
-0.000240427
-0.00134192
-0.000339319
-0.00145203
-0.000443341
-0.0015135
-0.000550645
-0.00155243
-0.000660527
-0.00158394
-0.000772877
-0.00161508
-0.000887834
-0.00164847
-0.00100562
-0.00168487
-0.00112648
-0.00172448
-0.00125068
-0.00176738
-0.00137845
-0.00181366
-0.00151008
-0.00186338
-0.00164582
-0.00191664
-0.00178596
-0.00197352
-0.00193078
-0.00203413
-0.00208057
-0.00209858
-0.00223563
-0.00216697
-0.00239625
-0.00223945
-0.00256276
-0.0023162
-0.00273548
-0.00239738
-0.00291474
-0.00248268
-0.00257209
-0.00310079
-2.21895e-05
-0.00032273
-7.66497e-05
-0.000771189
-0.000153738
-0.00106961
-0.000245323
-0.00125033
-0.000345527
-0.00135182
-0.000450755
-0.00140827
-0.000559203
-0.00144398
-0.000670204
-0.00147294
-0.00078367
-0.00150162
-0.000899753
-0.00153239
-0.00101868
-0.00156594
-0.0011407
-0.00160246
-0.00126606
-0.00164202
-0.00139503
-0.00168469
-0.00152787
-0.00173054
-0.00166486
-0.00177965
-0.00180627
-0.0018321
-0.0019524
-0.001888
-0.00210353
-0.00194745
-0.00225997
-0.00201054
-0.00242202
-0.0020774
-0.00258999
-0.00214823
-0.00276424
-0.00222313
-0.00294507
-0.00230185
-0.00238439
-0.00313277
-2.28091e-05
-0.000299921
-7.84734e-05
-0.000715525
-0.000156932
-0.000991151
-0.000249838
-0.00115743
-0.00035125
-0.00125041
-0.000457587
-0.00130194
-0.000567089
-0.00133448
-0.000679122
-0.00136091
-0.00079362
-0.00138712
-0.000910742
-0.00141527
-0.00103072
-0.00144597
-0.0011538
-0.00147938
-0.00128025
-0.00151557
-0.00141032
-0.00155462
-0.00154429
-0.00159657
-0.00168242
-0.00164151
-0.00182502
-0.00168951
-0.00197235
-0.00174067
-0.00212472
-0.00179508
-0.00228243
-0.00185283
-0.0024458
-0.00191404
-0.00261514
-0.00197888
-0.00279079
-0.00204748
-0.00297308
-0.00211956
-0.00219517
-0.0031623
-2.33791e-05
-0.000276541
-8.01474e-05
-0.000658757
-0.00015986
-0.000911438
-0.000253973
-0.00106331
-0.000356486
-0.0011479
-0.000463837
-0.00119458
-0.000574303
-0.00122402
-0.000687281
-0.00124793
-0.000802723
-0.00127168
-0.000920797
-0.00129719
-0.00104174
-0.00132503
-0.00116579
-0.00135532
-0.00129323
-0.00138814
-0.00142431
-0.00142353
-0.00155931
-0.00146157
-0.00169851
-0.00150231
-0.00184218
-0.00154584
-0.00199062
-0.00159223
-0.00214412
-0.00164157
-0.00230301
-0.00169394
-0.00246758
-0.00174946
-0.00263817
-0.00180829
-0.00281512
-0.00187053
-0.00299876
-0.00193592
-0.00200455
-0.00318938
-2.38987e-05
-0.000252643
-8.16701e-05
-0.000600986
-0.000162519
-0.000830589
-0.000257724
-0.000968109
-0.000361234
-0.00104439
-0.000469503
-0.00108632
-0.000580842
-0.00111268
-0.000694678
-0.00113409
-0.000810977
-0.00115538
-0.000929914
-0.00117826
-0.00105173
-0.00120321
-0.00117667
-0.00123037
-0.00130501
-0.0012598
-0.00143701
-0.00129153
-0.00157295
-0.00132563
-0.0017131
-0.00136217
-0.00185775
-0.00140119
-0.00200719
-0.00144278
-0.00216174
-0.00148702
-0.00232168
-0.00153399
-0.00248736
-0.00158379
-0.00265909
-0.00163656
-0.00283722
-0.0016924
-0.00302207
-0.00175106
-0.00181266
-0.00321397
-2.43672e-05
-0.000228275
-8.30401e-05
-0.000542313
-0.000164908
-0.000748721
-0.00026109
-0.000871927
-0.000365492
-0.000939984
-0.000474584
-0.000977224
-0.000586706
-0.00100055
-0.000701311
-0.00101949
-0.000818379
-0.00103831
-0.000938091
-0.00105854
-0.00106069
-0.00108061
-0.00118643
-0.00110463
-0.00131558
-0.00113065
-0.0014484
-0.00115871
-0.00158518
-0.00118886
-0.00172619
-0.00122116
-0.00187172
-0.00125566
-0.00202207
-0.00129243
-0.00217754
-0.00133155
-0.00233845
-0.00137309
-0.00250511
-0.00141713
-0.00267787
-0.00146381
-0.00285706
-0.00151321
-0.00304302
-0.0015651
-0.00161962
-0.00323606
-2.47838e-05
-0.000203492
-8.4256e-05
-0.000482841
-0.000167026
-0.000665951
-0.000264071
-0.000774881
-0.000369261
-0.000834794
-0.000479078
-0.000867407
-0.000591893
-0.00088774
-0.000707177
-0.000904202
-0.000824926
-0.00092056
-0.000945325
-0.000938144
-0.00106862
-0.000957321
-0.00119506
-0.000978187
-0.00132493
-0.00100078
-0.00145848
-0.00102515
-0.00159601
-0.00105134
-0.00173778
-0.00107938
-0.00188409
-0.00110935
-0.00203524
-0.00114128
-0.00219154
-0.00117525
-0.0023533
-0.00121133
-0.00252084
-0.00124959
-0.0026945
-0.00129015
-0.00287464
-0.00133307
-0.00306157
-0.00137817
-0.00142555
-0.00325563
-2.5148e-05
-0.000178344
-8.53168e-05
-0.000422672
-0.00016887
-0.000582397
-0.000266666
-0.000677086
-0.000372539
-0.000728921
-0.000482986
-0.00075696
-0.000596401
-0.000774325
-0.000712277
-0.000788326
-0.000830617
-0.00080222
-0.000951613
-0.000817148
-0.00107551
-0.000833424
-0.00120257
-0.000851127
-0.00133306
-0.000870295
-0.00146725
-0.000890962
-0.00160542
-0.000913165
-0.00174786
-0.000936947
-0.00189485
-0.000962352
-0.0020467
-0.000989431
-0.00220372
-0.00101824
-0.00236622
-0.00104883
-0.00253452
-0.00108128
-0.00270898
-0.00111569
-0.00288994
-0.00115212
-0.00307773
-0.00119038
-0.0012306
-0.00327268
-2.54592e-05
-0.000152884
-8.62215e-05
-0.00036191
-0.000170441
-0.000498177
-0.000268873
-0.000578654
-0.000375325
-0.000622469
-0.000486306
-0.000645979
-0.000600231
-0.0006604
-0.000716608
-0.000671949
-0.00083545
-0.000683378
-0.000956952
-0.000695646
-0.00108136
-0.000709013
-0.00120894
-0.000723546
-0.00133996
-0.000739276
-0.00147469
-0.000756231
-0.00161342
-0.000774442
-0.00175642
-0.000793945
-0.00190399
-0.000814779
-0.00205644
-0.000836984
-0.00221407
-0.000860608
-0.0023772
-0.000885699
-0.00254616
-0.000912319
-0.00272129
-0.000940558
-0.00290295
-0.000970458
-0.00309147
-0.00100186
-0.00103489
-0.00328718
-2.5717e-05
-0.000127167
-8.69692e-05
-0.000300657
-0.000171737
-0.000413409
-0.000270691
-0.0004797
-0.000377619
-0.000515541
-0.000489038
-0.00053456
-0.00060338
-0.000546058
-0.000720169
-0.00055516
-0.000839423
-0.000564124
-0.000961341
-0.000573727
-0.00108617
-0.000584181
-0.00121418
-0.000595537
-0.00134564
-0.000607821
-0.00148081
-0.000621055
-0.00161999
-0.000635265
-0.00176346
-0.000650478
-0.00191151
-0.000666727
-0.00206445
-0.000684046
-0.00222258
-0.000702472
-0.00238624
-0.000722045
-0.00255574
-0.000742818
-0.00273143
-0.000764864
-0.00291367
-0.000788217
-0.00310279
-0.000812743
-0.000838543
-0.00329914
-2.59211e-05
-0.000101246
-8.75593e-05
-0.000239019
-0.000172758
-0.00032821
-0.000272121
-0.000380337
-0.00037942
-0.000408242
-0.00049118
-0.0004228
-0.000605848
-0.000431389
-0.000722958
-0.00043805
-0.000842535
-0.000444547
-0.000964779
-0.000451483
-0.00108994
-0.000459018
-0.00121829
-0.000467192
-0.00135008
-0.000476024
-0.00148561
-0.00048553
-0.00162514
-0.00049573
-0.00176898
-0.000506645
-0.0019174
-0.0005183
-0.00207073
-0.000530721
-0.00222926
-0.000543937
-0.00239333
-0.00055798
-0.00256326
-0.00057289
-0.00273939
-0.000588727
-0.00292209
-0.000605517
-0.00311169
-0.000623149
-0.0006417
-0.00330853
-2.60711e-05
-7.51752e-05
-8.79913e-05
-0.000177099
-0.000173503
-0.000242699
-0.000273161
-0.000280679
-0.000380727
-0.000300677
-0.000492732
-0.000310794
-0.000607635
-0.000316486
-0.000724976
-0.00032071
-0.000844784
-0.000324739
-0.000967262
-0.000329005
-0.00109266
-0.000333618
-0.00122125
-0.000338605
-0.00135329
-0.000343979
-0.00148907
-0.000349752
-0.00162887
-0.000355936
-0.00177296
-0.000362546
-0.00192167
-0.000369599
-0.00207527
-0.000377114
-0.0022341
-0.000385111
-0.00239846
-0.000393613
-0.00256871
-0.000402649
-0.00274517
-0.000412265
-0.0029282
-0.000422479
-0.00311815
-0.000433206
-0.000444491
-0.00331536
-2.61668e-05
-8.82647e-05
-0.000173971
-0.000273811
-0.00038154
-0.000493694
-0.000608739
-0.000201441
-0.00072622
-0.000203229
-0.00084617
-0.00020479
-0.000968791
-0.000206383
-0.00109434
-0.000208071
-0.00122307
-0.000209869
-0.00135527
-0.000211783
-0.0014912
-0.000213818
-0.00163116
-0.000215982
-0.00177542
-0.000218282
-0.00192429
-0.000220728
-0.00207808
-0.00022333
-0.00223709
-0.000226102
-0.00240164
-0.000229056
-0.00257208
-0.000232211
-0.00274875
-0.000235597
-0.002932
-0.000239227
-0.00312217
-0.000243042
-0.000247051
-0.00331961
-0.000609161
-0.000726692
-0.000846691
-0.000969365
-0.00109496
-0.00122376
-0.00135601
-0.001492
-0.00163202
-0.00177635
-0.00192529
-0.00207914
-0.00223823
-0.00240287
-0.00257339
-0.00275014
-0.00293349
-0.00312374
-0.00332124
-0.00450388
-0.0021291
-0.00450672
-0.00469757
-0.0021881
-0.00451626
-0.00470072
-0.00445178
0.00158096
-0.00164543
-0.00441629
0.00143802
-0.00147352
-0.00440067
0.00143142
-0.00144704
-0.00438666
0.00131805
-0.00133206
-0.00438274
0.00126902
-0.00127293
-0.00438129
0.00117043
-0.00117189
-0.00438551
0.0011048
-0.00110058
-0.00439168
0.00101384
-0.00100767
-0.00440094
0.000943674
-0.000934416
-0.00441129
0.000860306
-0.000849955
-0.00442308
0.000792568
-0.000780784
-0.00443514
0.00071846
-0.000706394
-0.00444756
0.000657601
-0.000645185
-0.00445962
0.000594364
-0.000582298
-0.00447134
0.000542936
-0.000531222
-0.00448226
0.000491065
-0.000480142
-0.0044924
0.000449323
-0.000439186
-0.00450146
0.000406888
-0.000397823
-0.00450951
0.000371468
-0.00036342
-0.00451636
0.000332324
-0.000325473
-0.00452211
0.000294913
-0.000289164
-0.00452662
0.000248036
-0.00024353
-0.00452999
0.000195674
-0.000192305
-0.00453206
0.000126998
-0.000124923
4.68542e-05
-4.6069e-05
-0.00464694
-0.00461071
-0.00458696
-0.00456986
-0.00456207
-0.00455773
-0.00455937
-0.0045634
-0.00457092
-0.00457982
-0.00459048
-0.00460164
-0.00461339
-0.00462493
-0.00463627
-0.00464692
-0.00465687
-0.0046658
-0.00467376
-0.00468054
-0.00468624
-0.00469071
-0.00469405
-0.0046961
-0.00337565
0.000109188
-0.00342301
9.83836e-05
-0.00346708
9.08895e-05
-0.0035056
8.12539e-05
-0.00354052
7.35712e-05
-0.00357073
6.49446e-05
-0.00359739
5.79302e-05
-0.00361991
5.07019e-05
-0.0036391
4.51611e-05
-0.00365457
3.99749e-05
-0.00366696
3.67197e-05
-0.00367595
3.43554e-05
-0.00368208
3.42247e-05
-0.00368507
3.53659e-05
-0.00368533
3.88587e-05
-0.00368262
4.35296e-05
-0.0036773
4.9748e-05
-0.00366914
5.60815e-05
-0.00365842
6.18608e-05
-0.0036449
6.53583e-05
-0.00362878
6.50116e-05
-0.00360982
5.87594e-05
-0.00358812
4.47103e-05
-0.00356338
2.15277e-05
-1.08065e-05
-0.0033739
0.000163484
-0.0034212
0.000145676
-0.00346523
0.000134927
-0.00350374
0.000119756
-0.00353865
0.000108485
-0.00356886
9.51512e-05
-0.00359554
8.4615e-05
-0.00361808
7.32463e-05
-0.00363731
6.43816e-05
-0.00365282
5.54859e-05
-0.00366524
4.91461e-05
-0.00367429
4.34051e-05
-0.00368047
4.04016e-05
-0.00368352
3.84184e-05
-0.00368385
3.91881e-05
-0.00368123
4.0905e-05
-0.003676
4.4522e-05
-0.00366796
4.80397e-05
-0.00365736
5.12651e-05
-0.00364398
5.19752e-05
-0.00362802
4.90532e-05
-0.00360923
3.99722e-05
-0.00358773
2.32016e-05
-0.00356318
-3.02194e-06
-3.84485e-05
-0.00336958
0.000217706
-0.00341683
0.000192926
-0.00346086
0.000178953
-0.00349937
0.000158275
-0.00353433
0.000143441
-0.0035646
0.00012542
-0.00359137
0.000111382
-0.00361401
9.5887e-05
-0.00363334
8.37151e-05
-0.00364898
7.11215e-05
-0.00366154
6.17081e-05
-0.00367073
5.26024e-05
-0.00367707
4.67362e-05
-0.00368029
4.16415e-05
-0.00368081
3.9703e-05
-0.00367839
3.84848e-05
-0.00367338
3.95185e-05
-0.00366559
4.02462e-05
-0.00365526
4.09376e-05
-0.00364217
3.88847e-05
-0.00362653
3.34112e-05
-0.00360809
2.15274e-05
-0.00358694
2.05748e-06
-0.00356278
-2.71878e-05
-6.56902e-05
-0.00336268
0.000271858
-0.0034099
0.000240148
-0.00345395
0.000222998
-0.00349252
0.000196848
-0.00352757
0.000178489
-0.00355796
0.000155807
-0.00358487
0.000138296
-0.00360768
0.000118697
-0.00362721
0.000103241
-0.00364305
8.69672e-05
-0.00365584
7.44982e-05
-0.00366528
6.20445e-05
-0.00367188
5.33321e-05
-0.00367538
4.51444e-05
-0.0036762
4.05184e-05
-0.0036741
3.63901e-05
-0.00366945
3.48649e-05
-0.00366204
3.28366e-05
-0.00365212
3.10211e-05
-0.00363948
2.62376e-05
-0.00362431
1.82442e-05
-0.00360638
3.59358e-06
-0.00358577
-1.85479e-05
-0.00356218
-5.07806e-05
-9.2334e-05
-0.00335322
0.000325943
-0.00340043
0.000287354
-0.00344452
0.000267088
-0.00348318
0.000235513
-0.00351837
0.000213675
-0.00354893
0.00018637
-0.00357606
0.000165423
-0.00359911
0.000141748
-0.00361891
0.000123039
-0.00363505
0.000103108
-0.00364816
8.76083e-05
-0.00365794
7.18285e-05
-0.0036649
6.02927e-05
-0.0036688
4.90364e-05
-0.00367003
4.17491e-05
-0.00366838
3.4742e-05
-0.0036642
3.06882e-05
-0.00365731
2.59461e-05
-0.00364795
2.1658e-05
-0.0036359
1.4184e-05
-0.00362136
3.71202e-06
-0.0036041
-1.36694e-05
-0.00358422
-3.84312e-05
-0.00356138
-7.36149e-05
-0.000118183
-0.0033412
0.000379961
-0.0033884
0.000334555
-0.00343257
0.00031125
-0.00347136
0.000274307
-0.00350673
0.000249049
-0.00353753
0.000217166
-0.00356494
0.000192829
-0.0035883
0.000165115
-0.00360845
0.000143189
-0.00362497
0.000119631
-0.0036385
0.00010113
-0.00364872
8.20519e-05
-0.00365615
6.77215e-05
-0.00366054
5.34268e-05
-0.0036623
4.35099e-05
-0.00366122
3.36613e-05
-0.00365765
2.71148e-05
-0.00365141
1.9709e-05
-0.00364274
1.29916e-05
-0.00363143
2.87605e-06
-0.00361768
-1.00433e-05
-0.00360127
-3.00803e-05
-0.00358228
-5.74194e-05
-0.00356039
-9.5504e-05
-0.00014304
-0.00332663
0.000433911
-0.00337384
0.000381764
-0.0034181
0.00035551
-0.00345706
0.000313268
-0.00349267
0.000284659
-0.00352376
0.000248253
-0.00355151
0.000220579
-0.00357526
0.000188869
-0.00359584
0.000163771
-0.00361283
0.000136619
-0.00362686
0.000115156
-0.00363762
9.2812e-05
-0.00364562
7.57215e-05
-0.00365062
5.84247e-05
-0.00365302
4.59154e-05
-0.00365263
3.3269e-05
-0.00364978
2.42705e-05
-0.00364434
1.42593e-05
-0.00363652
5.17248e-06
-0.00362607
-7.56748e-06
-0.00361328
-2.28376e-05
-0.00359788
-4.54793e-05
-0.00357996
-7.53368e-05
-0.0035592
-0.000116262
-0.000166709
-0.00330951
0.000487791
-0.00335674
0.000428991
-0.00340112
0.000399893
-0.00344029
0.000352434
-0.00347618
0.000320554
-0.00350762
0.000279689
-0.00353578
0.00024874
-0.00356
0.000213083
-0.00358109
0.000184864
-0.00359863
0.000154161
-0.00361325
0.000129778
-0.00362465
0.000104206
-0.00363332
8.43957e-05
-0.00363903
6.41388e-05
-0.0036422
4.90798e-05
-0.00364262
3.36856e-05
-0.00364062
2.22795e-05
-0.00363611
9.74053e-06
-0.00362924
-1.69394e-06
-0.00361984
-1.69621e-05
-0.00360816
-3.45257e-05
-0.00359394
-5.97e-05
-0.00357726
-9.20087e-05
-0.00355782
-0.000135705
-0.000188996
-0.00328986
0.000541594
-0.00333712
0.000476249
-0.00338165
0.000444425
-0.00342106
0.000391842
-0.00345729
0.00035678
-0.00348913
0.00031153
-0.00351777
0.000277378
-0.00354251
0.000237831
-0.0035642
0.000206547
-0.00358238
0.00017234
-0.00359769
0.000145087
-0.00360981
0.000116332
-0.00361926
9.38465e-05
-0.0036258
7.06777e-05
-0.00362984
5.3117e-05
-0.00363118
3.5031e-05
-0.00363017
2.12683e-05
-0.00362671
6.27489e-06
-0.00362094
-7.45734e-06
-0.00361274
-2.51631e-05
-0.00360232
-4.49503e-05
-0.00358944
-7.25782e-05
-0.00357419
-0.000107261
-0.00355624
-0.000153648
-0.000209707
-0.00326769
0.000595315
-0.00331499
0.000523546
-0.00335969
0.000489132
-0.00339938
0.000431531
-0.00343599
0.000393388
-0.00346829
0.000343835
-0.00349747
0.000306558
-0.00352283
0.000263185
-0.00354518
0.000228902
-0.00356409
0.000191242
-0.00358017
0.000161173
-0.00359313
0.000129285
-0.00360346
0.000104176
-0.00361093
7.81495e-05
-0.00361595
5.81401e-05
-0.00361834
3.74252e-05
-0.00361844
2.13631e-05
-0.00361615
3.98255e-06
-0.00361164
-1.19679e-05
-0.00360478
-3.20243e-05
-0.00359577
-5.39575e-05
-0.0035844
-8.39502e-05
-0.00357074
-0.000120922
-0.00355447
-0.000169909
-0.000228647
-0.00324301
0.000648945
-0.00329036
0.000570893
-0.00333526
0.000534036
-0.00337527
0.000471537
-0.0034123
0.000430424
-0.00344513
0.000376661
-0.00347492
0.000336346
-0.00350095
0.000289219
-0.00352405
0.000252006
-0.00354377
0.000210954
-0.00356072
0.000178129
-0.0035746
0.000143164
-0.00358591
0.000115485
-0.00359442
8.66617e-05
-0.00360054
6.42615e-05
-0.0036041
4.09875e-05
-0.00360543
2.26915e-05
-0.00360444
2.98467e-06
-0.00360132
-1.50815e-05
-0.00359595
-3.73996e-05
-0.00358851
-6.13938e-05
-0.00357881
-9.36535e-05
-0.00356691
-0.000132819
-0.00355251
-0.000184306
-0.000245626
-0.00321583
0.000702474
-0.00326324
0.000618298
-0.00330836
0.000579162
-0.00334872
0.000511897
-0.00338624
0.000467938
-0.00341964
0.000410064
-0.0034501
0.000366809
-0.00347689
0.000316003
-0.00350082
0.000275941
-0.00352143
0.00023156
-0.00353934
0.000196044
-0.00355424
0.000158064
-0.00356663
0.000127875
-0.00357629
9.63214e-05
-0.00358363
7.1593e-05
-0.00358847
4.58363e-05
-0.00359116
2.53804e-05
-0.00359158
3.40411e-06
-0.00359001
-1.66577e-05
-0.00358626
-4.1144e-05
-0.00358055
-6.71064e-05
-0.00357268
-0.000101526
-0.00356271
-0.000142782
-0.00355036
-0.000196658
-0.000260453
-0.00318618
0.000755891
-0.00323365
0.00066577
-0.00327903
0.000624533
-0.00331978
0.000552648
-0.00335781
0.000505976
-0.00339185
0.000444102
-0.00342306
0.000398013
-0.00345066
0.000343612
-0.00347551
0.000300784
-0.00349709
0.000253145
-0.00351606
0.000215008
-0.00353207
0.000174081
-0.00354565
0.000141447
-0.00355656
0.000107235
-0.00356521
8.02451e-05
-0.00357146
5.2089e-05
-0.00357564
2.95535e-05
-0.0035776
5.37041e-06
-0.0035777
-1.65626e-05
-0.00357573
-4.31128e-05
-0.00357189
-7.0944e-05
-0.00356601
-0.000107409
-0.00355815
-0.000150642
-0.00354802
-0.000206787
-0.000272939
-0.00315408
0.000809182
-0.00320162
0.000713314
-0.00324726
0.00067017
-0.00328844
0.000593825
-0.00332705
0.000544588
-0.00336178
0.000478831
-0.00339379
0.000430022
-0.00342229
0.000372116
-0.00344812
0.000326614
-0.00347077
0.000275794
-0.00349087
0.00023511
-0.0035081
0.000191312
-0.00352296
0.000156298
-0.00353523
0.000119508
-0.00354531
9.0328e-05
-0.00355308
5.98615e-05
-0.00355886
3.5332e-05
-0.00356251
9.01745e-06
-0.00356441
-1.46666e-05
-0.00356436
-4.31626e-05
-0.00356254
-7.27564e-05
-0.00355881
-0.000111143
-0.00355322
-0.000156231
-0.00354549
-0.000214516
-0.000282897
-0.00311954
0.000862334
-0.00316716
0.000760938
-0.00321309
0.000716097
-0.00325473
0.000635462
-0.00329396
0.00058382
-0.00332943
0.000514305
-0.00336231
0.000462904
-0.00339179
0.000401589
-0.00341868
0.00035351
-0.00344248
0.000299593
-0.00346381
0.00025644
-0.00348235
0.000209851
-0.00349858
0.00017253
-0.00351232
0.000133245
-0.00352394
0.000101951
-0.00353335
6.9268e-05
-0.00354085
4.28336e-05
-0.00354632
1.44844e-05
-0.00355014
-1.08443e-05
-0.00355215
-4.11519e-05
-0.00355251
-7.23946e-05
-0.00355108
-0.00011257
-0.00354793
-0.000159383
-0.00354278
-0.000219669
-0.000290141
-0.00308259
0.000915328
-0.0031303
0.000808645
-0.00317653
0.000762332
-0.00321866
0.000677593
-0.00325856
0.00062372
-0.00329484
0.00055058
-0.00332866
0.000496722
-0.00335917
0.000432102
-0.00338721
0.000381549
-0.00341224
0.000324625
-0.00343489
0.000279085
-0.00345483
0.000229793
-0.00347254
0.000190238
-0.00348784
0.000148551
-0.00350111
0.000115222
-0.00351227
8.04221e-05
-0.00352161
5.21757e-05
-0.00352904
2.19093e-05
-0.00353491
-4.96923e-06
-0.00353912
-3.69446e-05
-0.0035418
-6.9711e-05
-0.00354284
-0.000111536
-0.00354228
-0.000159935
-0.00353988
-0.000222072
-0.000294489
-0.00304326
0.000968149
-0.00309106
0.000856438
-0.00313762
0.000808896
-0.00318028
0.000720247
-0.00322089
0.000664335
-0.00325802
0.00058771
-0.00329284
0.000531542
-0.00332446
0.000463727
-0.00335372
0.000410807
-0.00338007
0.000350977
-0.00340412
0.000303133
-0.00342556
0.000251233
-0.00344484
0.000209521
-0.00346182
0.000165529
-0.00347685
0.000130247
-0.00348986
9.34365e-05
-0.00350116
6.34777e-05
-0.00351067
3.1417e-05
-0.00351873
3.09372e-06
-0.00352527
-3.04115e-05
-0.00353042
-6.45564e-05
-0.00353407
-0.000107886
-0.00353628
-0.000157723
-0.0035368
-0.000221554
-0.000295757
-0.00300159
0.00102078
-0.00304947
0.000904319
-0.00309638
0.00085581
-0.00313959
0.000763453
-0.00318096
0.000705711
-0.003219
0.000625746
-0.00325488
0.000567426
-0.00328769
0.000496535
-0.00331824
0.000441361
-0.003346
0.000378731
-0.00337154
0.000328669
-0.00339457
0.000274263
-0.00341552
0.000230475
-0.00343427
0.00018428
-0.00345116
0.000147134
-0.00346614
0.000108423
-0.00347952
7.68546e-05
-0.00349126
4.3159e-05
-0.00350159
1.34244e-05
-0.00351061
-2.1394e-05
-0.00351838
-5.67855e-05
-0.0035248
-0.000101469
-0.00352993
-0.000152587
-0.00353354
-0.000217944
-0.000293767
-0.0029576
0.00107319
-0.00300556
0.000952282
-0.00305284
0.000903092
-0.00309662
0.000807235
-0.00313881
0.000747894
-0.0031778
0.000664743
-0.00321481
0.000604436
-0.00324888
0.0005306
-0.0032808
0.000473285
-0.00331004
0.000407971
-0.00333715
0.000355779
-0.00336186
0.000298977
-0.00338458
0.000253194
-0.00340521
0.000204906
-0.00342406
0.000165988
-0.00344113
0.000125493
-0.0034567
9.24205e-05
-0.00347077
5.72292e-05
-0.00348356
2.62128e-05
-0.00349516
-9.78639e-06
-0.00350569
-4.62617e-05
-0.00351502
-9.21344e-05
-0.00352324
-0.000144369
-0.00353011
-0.000211076
-0.000288342
-0.00291133
0.00112538
-0.00295937
0.00100032
-0.00300704
0.000950762
-0.00305142
0.000851613
-0.00309445
0.000790928
-0.00313446
0.000704751
-0.00317266
0.000642631
-0.00320805
0.000565991
-0.00324141
0.000506651
-0.00327222
0.000438781
-0.00330099
0.000384548
-0.00332748
0.000325464
-0.00335206
0.000277774
-0.00337466
0.000227505
-0.00339558
0.000186911
-0.00341484
0.000144754
-0.00343271
0.00011029
-0.00344923
7.37415e-05
-0.0034646
4.15884e-05
-0.00347894
4.5502e-06
-0.00349235
-3.28535e-05
-0.00350475
-7.97304e-05
-0.00351621
-0.000132913
-0.0035265
-0.000200784
-0.000279307
-0.00286284
0.00117733
-0.00291094
0.00104842
-0.00295902
0.000998841
-0.00300401
0.000896606
-0.00304793
0.000834852
-0.00308901
0.000745823
-0.00312844
0.000682069
-0.00316523
0.000602782
-0.00320011
0.000541531
-0.00323258
0.000471243
-0.00326309
0.000415059
-0.00329144
0.000353817
-0.00331797
0.000304308
-0.00334264
0.000252176
-0.00336574
0.000210006
-0.0033873
0.000166314
-0.00340759
0.000130576
-0.00342666
9.28117e-05
-0.00344476
5.96974e-05
-0.00346192
2.17053e-05
-0.00347838
-1.63982e-05
-0.00349399
-6.41166e-05
-0.00350884
-0.000118064
-0.00352272
-0.000186905
-0.00026649
-0.00281217
0.00122903
-0.00286031
0.00109655
-0.00290881
0.00104735
-0.00295443
0.000942227
-0.00299928
0.000879702
-0.00304147
0.000788011
-0.00308221
0.000722802
-0.00312047
0.000641044
-0.00315693
0.000577997
-0.00319113
0.000505438
-0.00322346
0.000447396
-0.00325377
0.000384122
-0.00328235
0.000332886
-0.00330919
0.000279016
-0.00333455
0.000235374
-0.00335852
0.000190277
-0.00338133
0.00015339
-0.00340308
0.000114558
-0.00342401
8.06327e-05
-0.00344417
4.18582e-05
-0.00346378
3.21624e-06
-0.00348274
-4.5154e-05
-0.00350114
-9.9668e-05
-0.00351877
-0.000169279
-0.000249721
-0.0027594
0.00128048
-0.00280753
0.00114468
-0.00285648
0.0010963
-0.00290274
0.000988488
-0.00294855
0.000925508
-0.00299191
0.000831371
-0.00303398
0.000764881
-0.00307379
0.000680847
-0.00311191
0.000616115
-0.00314791
0.000541444
-0.00318215
0.000481637
-0.0032145
0.000416466
-0.00324521
0.0003636
-0.00327431
0.000308117
-0.00330205
0.000263113
-0.00332852
0.000216746
-0.00335397
0.00017884
-0.00337851
0.000139094
-0.00340238
0.000104506
-0.00342568
6.51596e-05
-0.00344855
2.6086e-05
-0.00347103
-2.26781e-05
-0.00349312
-7.75802e-05
-0.00351465
-0.000147748
-0.000228834
-0.00270461
0.00133171
-0.00275266
0.00119273
-0.00280207
0.00114571
-0.00284898
0.0010354
-0.00289576
0.000972287
-0.00294035
0.000875956
-0.00298382
0.000808352
-0.00302523
0.00072226
-0.00306507
0.000655955
-0.00310297
0.000579338
-0.00313919
0.000517864
-0.00317366
0.000450933
-0.0032066
0.000396537
-0.00323805
0.000339573
-0.00326826
0.000293319
-0.00329734
0.000245823
-0.00332553
0.000207032
-0.00335296
0.000166531
-0.0033799
0.000131438
-0.00340644
9.17026e-05
-0.00343274
5.23896e-05
-0.00345885
3.4255e-06
-0.00348477
-5.16559e-05
-0.00351036
-0.000122156
-0.000203664
-0.00264789
0.0013828
-0.00269579
0.00124062
-0.00274565
0.00119558
-0.00279323
0.00108298
-0.00284099
0.00102005
-0.00288685
0.000921822
-0.00293176
0.00085326
-0.00297485
0.000765349
-0.00301648
0.000697581
-0.00305633
0.000619194
-0.00309462
0.000556154
-0.00313129
0.000487605
-0.00316654
0.000431782
-0.00320044
0.000373471
-0.0032332
0.000326087
-0.00326499
0.000277605
-0.00329602
0.000238068
-0.00332647
0.000196978
-0.00335658
0.000161546
-0.00338648
0.000121602
-0.00341635
8.22681e-05
-0.0034462
3.32705e-05
-0.00347612
-2.17382e-05
-0.00350592
-9.23521e-05
-0.000174051
-0.00258939
0.00143387
-0.00263701
0.00128824
-0.00268728
0.00124584
-0.00273556
0.00113126
-0.00278429
0.00106878
-0.00283149
0.000969024
-0.00287787
0.000899644
-0.0029227
0.000810174
-0.00296618
0.000741057
-0.00300806
0.000661081
-0.00304849
0.000596579
-0.00308744
0.000526557
-0.00312507
0.000469417
-0.0031615
0.000409897
-0.00319692
0.000361506
-0.0032315
0.000312185
-0.00326548
0.000272049
-0.00329904
0.000230539
-0.00333243
0.000194941
-0.00336581
0.000154979
-0.00339937
0.000115824
-0.00343312
6.70213e-05
-0.00346715
1.22954e-05
-0.00350132
-5.81861e-05
-0.000139837
-0.00252923
0.0014851
-0.00257643
0.00133544
-0.00262702
0.00129643
-0.00267604
0.00118029
-0.00272573
0.00111846
-0.00277431
0.00101761
-0.00282222
0.000947545
-0.00286883
0.000856791
-0.00291422
0.000786443
-0.0029582
0.000705062
-0.00300083
0.00063921
-0.00304214
0.000567864
-0.00308224
0.000509521
-0.00312128
0.000448932
-0.00315943
0.000399661
-0.0031969
0.000349656
-0.00323393
0.00030907
-0.0032707
0.000267316
-0.00330749
0.00023173
-0.00334446
0.000191951
-0.00338182
0.000153177
-0.0034196
0.000104806
-0.00345789
5.05836e-05
-0.00349656
-1.95122e-05
-0.000100866
-0.0024676
0.00153671
-0.00251434
0.00138218
-0.00256504
0.00134713
-0.00261481
0.00123005
-0.00266539
0.00116904
-0.00271538
0.0010676
-0.00276483
0.000996994
-0.00281328
0.000905243
-0.00286063
0.000833795
-0.00290677
0.000751201
-0.00295168
0.000684118
-0.00299542
0.000611599
-0.00303807
0.000552171
-0.00307979
0.00049066
-0.00312077
0.000440641
-0.00316122
0.000390107
-0.00320138
0.000349227
-0.00324148
0.00030741
-0.00328176
0.000272018
-0.00332244
0.00023263
-0.00336371
0.000194449
-0.00340565
0.000146745
-0.00344834
9.32662e-05
-0.00349166
2.38079e-05
-5.69875e-05
-0.00240558
0.00159006
-0.00245159
0.00142819
-0.00250193
0.00139747
-0.00255235
0.00128048
-0.00260378
0.00122047
-0.00265515
0.00111897
-0.00270614
0.00104798
-0.00275642
0.000955522
-0.00280575
0.000883127
-0.00285406
0.000799512
-0.00290127
0.00073133
-0.00294747
0.000657797
-0.00299271
0.000597412
-0.00303718
0.000535132
-0.00308105
0.000484506
-0.00312455
0.000433608
-0.00316792
0.000392597
-0.00321141
0.000350904
-0.00325529
0.000315899
-0.00329978
0.000277116
-0.00334508
0.000239751
-0.00339129
0.000192954
-0.0034385
0.00014047
-0.0034866
7.19125e-05
-8.05444e-06
-0.00234262
-0.00238795
-0.00243752
-0.0024891
-0.00254156
-0.00259448
-0.00264707
-0.00269922
-0.00275051
-0.00280095
-0.00285041
-0.002899
-0.00294677
-0.00299394
-0.00304066
-0.00308719
-0.00313378
-0.0031807
-0.00322822
-0.00327658
-0.00332599
-0.00337656
-0.0034284
-0.00348141
)
;

boundaryField
{
    inlet
    {
        type            calculated;
        value           nonuniform List<scalar> 
32
(
-0.00453285
-0.00469687
-0.00353553
-0.00353553
-0.00353553
-0.00353553
-0.00353553
-0.00353553
-0.00353553
-0.00353553
-0.00353553
-0.00353553
-0.00353553
-0.00353553
-0.00353553
-0.00353553
-0.00353553
-0.00353553
-0.00353553
-0.00353553
-0.00353553
-0.00353553
-0.00353553
-0.00353553
-0.00353553
-0.00353553
-0.00353553
-0.00353553
-0.00353553
-0.00353553
-0.00353553
-0.00353553
)
;
    }
    outlet
    {
        type            calculated;
        value           nonuniform 0();
    }
    cylinder
    {
        type            calculated;
        value           uniform 0;
    }
    top
    {
        type            symmetryPlane;
        value           nonuniform 0();
    }
    bottom
    {
        type            symmetryPlane;
        value           nonuniform 0();
    }
    defaultFaces
    {
        type            empty;
        value           nonuniform 0();
    }
    procBoundary8to4
    {
        type            processor;
        value           nonuniform List<scalar> 
51
(
-4.90084e-05
-0.000115001
-0.000156992
-0.000180839
-0.000192948
-0.00019864
0.000494066
-8.63463e-05
-8.56978e-05
-8.47904e-05
-8.37097e-05
-8.24717e-05
-8.10782e-05
-7.9529e-05
-7.78244e-05
-7.59652e-05
-7.39525e-05
-7.17881e-05
-6.94751e-05
-6.70171e-05
-6.4419e-05
-6.16887e-05
-5.8841e-05
-5.58834e-05
-5.27884e-05
-4.95473e-05
-5.47793e-05
-5.10276e-05
-4.68138e-05
-4.27348e-05
-3.86512e-05
-3.47431e-05
-3.12616e-05
-2.81815e-05
-2.59741e-05
-2.45041e-05
-2.43367e-05
-2.5357e-05
-2.8102e-05
-3.23746e-05
-3.85996e-05
-4.62369e-05
-5.50689e-05
-6.42358e-05
-7.25821e-05
-7.88833e-05
-8.11277e-05
-7.77208e-05
-6.64065e-05
-4.62737e-05
-1.70379e-05
)
;
    }
    procBoundary8to9
    {
        type            processor;
        value           nonuniform List<scalar> 
29
(
0.00613692
0.00635786
0.00550953
0.00569564
-4.09384e-06
0.00589229
0.00498059
0.00513579
-4.57409e-05
0.00530021
0.00466459
-9.17078e-05
0.00480299
0.00436135
-0.000108933
0.00450031
0.00398446
-0.00012559
0.00418168
-0.000128555
0.00371072
0.0028498
-0.000109711
0.00334887
0.00142512
-6.8425e-05
0.00222187
-1.28764e-05
0.000528655
)
;
    }
    procBoundary8to12
    {
        type            processor;
        value           nonuniform List<scalar> 
55
(
-7.14556e-05
-0.000148387
-0.000224693
-0.000300324
-0.000375233
0.00634892
-0.000509713
-0.000586985
-0.000663365
-0.000738803
0.00630831
-0.000892282
-0.000969659
-0.0010459
0.00628617
-0.00121534
-0.00129315
-0.00136961
0.00621833
-0.00155485
-0.00163248
-0.00170854
0.00610433
-0.0019077
-0.00198436
0.00450346
-0.00205906
0.0046929
-0.00212443
-0.00218494
0.00152718
0.00140179
0.00140767
0.00130094
0.00126123
0.00116609
0.00110645
0.00101787
0.000951189
0.000869206
0.000803232
0.00072962
0.000669347
0.000605906
0.000554282
0.000501709
0.000459276
0.000415814
0.000379429
0.000339105
0.000300617
0.000252499
0.000199015
0.000129048
4.76259e-05
)
;
    }
}


// ************************************************************************* //
