/*--------------------------------*- C++ -*----------------------------------*\
  =========                 |
  \\      /  F ield         | OpenFOAM: The Open Source CFD Toolbox
   \\    /   O peration     | Website:  https://openfoam.org
    \\  /    A nd           | Version:  7
     \\/     M anipulation  |
\*---------------------------------------------------------------------------*/
FoamFile
{
    version     2.0;
    format      ascii;
    class       volVectorField;
    location    "50";
    object      U;
}
// * * * * * * * * * * * * * * * * * * * * * * * * * * * * * * * * * * * * * //

dimensions      [0 1 -1 0 0 0 0];

internalField   nonuniform List<vector> 
1987
(
(0.98521 -0.212394 1.98992e-20)
(0.992524 -0.214407 -7.7709e-20)
(0.999823 -0.216152 1.88649e-19)
(1.00455 -0.230157 8.5369e-20)
(1.00712 -0.217654 -1.41447e-19)
(1.01245 -0.231433 -6.3065e-20)
(1.01441 -0.218927 6.61326e-20)
(1.01869 -0.245296 -1.08497e-20)
(1.02031 -0.232448 -1.32506e-20)
(1.02168 -0.219976 -1.50938e-20)
(1.02694 -0.246009 1.13889e-20)
(1.02809 -0.233211 4.86866e-21)
(1.02892 -0.220805 -8.86222e-21)
(1.03511 -0.246466 -1.77936e-20)
(1.03581 -0.233731 2.39551e-20)
(1.03613 -0.221418 1.78828e-21)
(1.04263 -0.26061 -7.05458e-21)
(1.04318 -0.246675 -2.46834e-21)
(1.04345 -0.234016 -2.10026e-21)
(1.04331 -0.221822 -5.09676e-21)
(1.05105 -0.260423 2.24347e-22)
(1.05115 -0.246646 5.16921e-21)
(1.05101 -0.234076 1.0744e-21)
(1.05043 -0.222023 3.44404e-21)
(1.05934 -0.25999 -1.44297e-20)
(1.05902 -0.246387 4.21457e-21)
(1.05848 -0.233919 5.92905e-21)
(1.05749 -0.222026 -4.1048e-21)
(1.0675 -0.259319 1.7768e-20)
(1.06676 -0.245908 -1.77138e-21)
(1.06585 -0.233554 -3.89536e-21)
(1.0645 -0.221837 2.48147e-21)
(1.07707 -0.272175 -1.93024e-20)
(1.07552 -0.258424 -2.25146e-20)
(1.07439 -0.245217 1.44033e-20)
(1.07313 -0.232991 1.58557e-20)
(1.07143 -0.221464 -4.23192e-21)
(1.08532 -0.270801 1.46483e-20)
(1.0834 -0.257313 1.74527e-20)
(1.08189 -0.244327 -4.49362e-20)
(1.0803 -0.232239 -1.84353e-20)
(1.07828 -0.220911 1.59786e-20)
(1.0934 -0.269212 -4.38889e-21)
(1.09112 -0.256 6.0488e-21)
(1.08926 -0.243246 1.6655e-20)
(1.08736 -0.231307 5.2633e-21)
(1.08505 -0.220187 -1.35174e-20)
(1.1013 -0.267423 -2.77368e-20)
(1.09868 -0.254497 1.14146e-20)
(1.09649 -0.241987 1.15923e-20)
(1.09431 -0.230204 3.43833e-20)
(1.09173 -0.219295 -6.31328e-21)
(1.10901 -0.265446 -1.70045e-21)
(1.10608 -0.252814 2.68547e-20)
(1.10359 -0.240562 1.27396e-20)
(1.10115 -0.22894 -4.70645e-20)
(1.09831 -0.218244 -7.42838e-21)
(1.11653 -0.263294 -1.91361e-20)
(1.11332 -0.250966 1.37527e-21)
(1.11053 -0.238982 -1.57916e-20)
(1.10788 -0.227526 1.47961e-20)
(1.10478 -0.217037 2.66134e-20)
(1.12794 -0.273449 2.5337e-20)
(1.12387 -0.260982 4.83891e-20)
(1.12038 -0.248961 -5.34989e-20)
(1.11732 -0.237265 9.88481e-21)
(1.11445 -0.225964 2.60233e-20)
(1.11121 -0.215696 -1.7614e-20)
(1.12727 -0.246811 -3.69298e-20)
(1.12395 -0.235399 1.52834e-20)
(1.12086 -0.224305 -9.17406e-21)
(1.11759 -0.214242 3.34111e-20)
(0.970157 -0.181365 0)
(0.966881 -0.1603 0)
(0.961091 -0.150786 0)
(0.959698 -0.133174 0)
(0.957673 -0.121948 0)
(0.958411 -0.107503 0)
(0.958807 -0.0966557 0)
(0.961008 -0.0847209 0)
(0.962908 -0.0751138 0)
(0.965962 -0.0653254 0)
(0.968684 -0.0572233 0)
(0.972098 -0.049309 0)
(0.975128 -0.0426927 0)
(0.97853 -0.0363896 0)
(0.981505 -0.0311094 0)
(0.984636 -0.0261554 0)
(0.987311 -0.0220095 0)
(0.990003 -0.0181487 0)
(0.99223 -0.0149159 0)
(0.994387 -0.0119066 0)
(0.996077 -0.00936916 0)
(0.997634 -0.00697699 0)
(0.998714 -0.00490547 0)
(0.999597 -0.00287162 0)
(0.999958 -0.000982559 0)
(0.976746 -0.176667 0)
(0.973247 -0.157661 0)
(0.9672 -0.148816 0)
(0.965288 -0.132195 0)
(0.962723 -0.121621 0)
(0.962857 -0.107583 0)
(0.962723 -0.0971399 0)
(0.964384 -0.0853748 0)
(0.965817 -0.0759574 0)
(0.968429 -0.0662105 0)
(0.970765 -0.0581593 0)
(0.973834 -0.0502123 0)
(0.976561 -0.0435692 0)
(0.979703 -0.0371954 0)
(0.982449 -0.0318515 0)
(0.985389 -0.0268128 0)
(0.987897 -0.0225908 0)
(0.990453 -0.0186458 0)
(0.992562 -0.0153387 0)
(0.994625 -0.0122528 0)
(0.996235 -0.00964778 0)
(0.997732 -0.00718786 0)
(0.998763 -0.00505549 0)
(0.999615 -0.00296014 0)
(0.999958 -0.001013 0)
(0.983085 -0.172431 0)
(0.979374 -0.154944 0)
(0.973163 -0.146633 0)
(0.970815 -0.131007 0)
(0.967787 -0.121003 0)
(0.96737 -0.107444 0)
(0.966741 -0.0973943 0)
(0.967873 -0.0858447 0)
(0.968852 -0.0766351 0)
(0.971012 -0.0669603 0)
(0.972963 -0.0589825 0)
(0.975669 -0.0510248 0)
(0.978089 -0.0443734 0)
(0.980952 -0.0379444 0)
(0.983461 -0.0325501 0)
(0.986195 -0.027437 0)
(0.988528 -0.0231478 0)
(0.990936 -0.0191251 0)
(0.99292 -0.015749 0)
(0.99488 -0.0125903 0)
(0.996405 -0.0099209 0)
(0.997836 -0.00739532 0)
(0.998816 -0.00520372 0)
(0.999634 -0.00304786 0)
(0.999958 -0.00104322 0)
(0.989183 -0.168208 0)
(0.985304 -0.152008 0)
(0.978995 -0.144229 0)
(0.976264 -0.12957 0)
(0.972839 -0.120098 0)
(0.971922 -0.10708 0)
(0.970824 -0.0974205 0)
(0.971447 -0.0861369 0)
(0.971983 -0.0771534 0)
(0.973689 -0.0675842 0)
(0.975257 -0.0597013 0)
(0.977589 -0.0517551 0)
(0.979695 -0.0451131 0)
(0.982266 -0.0386434 0)
(0.984533 -0.0332109 0)
(0.987046 -0.0280327 0)
(0.989198 -0.0236839 0)
(0.991447 -0.0195891 0)
(0.993301 -0.0161485 0)
(0.99515 -0.0129201 0)
(0.996587 -0.0101888 0)
(0.997946 -0.0075992 0)
(0.998872 -0.00534981 0)
(0.999653 -0.00313435 0)
(0.999959 -0.00107307 0)
(0.995055 -0.163907 0)
(0.991031 -0.148856 0)
(0.984682 -0.141629 0)
(0.981611 -0.127895 0)
(0.977851 -0.118938 0)
(0.976476 -0.106501 0)
(0.974941 -0.0972302 0)
(0.975079 -0.0862586 0)
(0.975183 -0.0775148 0)
(0.976442 -0.0680849 0)
(0.977627 -0.0603155 0)
(0.97958 -0.0524033 0)
(0.98137 -0.0457871 0)
(0.983639 -0.0392914 0)
(0.985657 -0.0338327 0)
(0.98794 -0.0285985 0)
(0.989905 -0.0241981 0)
(0.991984 -0.0200366 0)
(0.993704 -0.0165363 0)
(0.995434 -0.0132412 0)
(0.996779 -0.0104508 0)
(0.99806 -0.00779883 0)
(0.998933 -0.00549329 0)
(0.999672 -0.00321924 0)
(0.99996 -0.00110243 0)
(1.00071 -0.159539 0)
(0.996548 -0.145523 0)
(0.990203 -0.138852 0)
(0.98683 -0.125994 0)
(0.982795 -0.117544 0)
(0.981 -0.105708 0)
(0.979064 -0.0968259 0)
(0.978743 -0.0862049 0)
(0.97843 -0.0777122 0)
(0.979252 -0.0684548 0)
(0.980058 -0.0608156 0)
(0.981632 -0.0529616 0)
(0.983104 -0.0463869 0)
(0.985064 -0.0398815 0)
(0.986829 -0.0344089 0)
(0.988873 -0.0291292 0)
(0.990645 -0.0246857 0)
(0.992547 -0.020464 0)
(0.994127 -0.0169093 0)
(0.995732 -0.0135514 0)
(0.996981 -0.0107052 0)
(0.998181 -0.00799302 0)
(0.998996 -0.00563337 0)
(0.999693 -0.00330209 0)
(0.999962 -0.00113116 0)
(1.00613 -0.155106 0)
(1.00185 -0.14204 0)
(0.99554 -0.13591 0)
(0.991901 -0.123876 0)
(0.987647 -0.11593 0)
(0.985466 -0.104699 0)
(0.98317 -0.0962089 0)
(0.982416 -0.085969 0)
(0.981705 -0.0777387 0)
(0.982104 -0.0686857 0)
(0.982537 -0.0611924 0)
(0.983736 -0.0534216 0)
(0.984888 -0.0469041 0)
(0.986536 -0.0404068 0)
(0.988043 -0.0349329 0)
(0.989842 -0.0296195 0)
(0.991417 -0.0251421 0)
(0.993135 -0.0208675 0)
(0.99457 -0.0172646 0)
(0.996043 -0.0138483 0)
(0.997194 -0.01095 0)
(0.998307 -0.00818042 0)
(0.999064 -0.00576912 0)
(0.999713 -0.00338236 0)
(0.999964 -0.00115909 0)
(1.01132 -0.150603 0)
(1.00692 -0.138421 0)
(1.00068 -0.132811 0)
(0.996808 -0.121553 0)
(0.992383 -0.114106 0)
(0.989851 -0.103476 0)
(0.987236 -0.0953827 0)
(0.986075 -0.0855464 0)
(0.984991 -0.0775901 0)
(0.984983 -0.0687707 0)
(0.985053 -0.0614384 0)
(0.985882 -0.0537764 0)
(0.986715 -0.0473312 0)
(0.988051 -0.0408608 0)
(0.989297 -0.0353986 0)
(0.990845 -0.0300644 0)
(0.992219 -0.0255625 0)
(0.993746 -0.0212436 0)
(0.995033 -0.0175989 0)
(0.996369 -0.0141295 0)
(0.997418 -0.0111835 0)
(0.998438 -0.00835963 0)
(0.999135 -0.00589957 0)
(0.999735 -0.00345947 0)
(0.999966 -0.00118604 0)
(1.01625 -0.146028 0)
(1.01177 -0.13468 0)
(1.0056 -0.129562 0)
(1.00154 -0.119039 0)
(0.996982 -0.112083 0)
(0.994137 -0.102043 0)
(0.991243 -0.094352 0)
(0.989703 -0.0849345 0)
(0.988273 -0.0772645 0)
(0.987875 -0.068704 0)
(0.987594 -0.0615479 0)
(0.988061 -0.0540192 0)
(0.988579 -0.0476613 0)
(0.989603 -0.0412376 0)
(0.990586 -0.0357997 0)
(0.991882 -0.0304589 0)
(0.993048 -0.0259425 0)
(0.994381 -0.0215885 0)
(0.995514 -0.017909 0)
(0.996708 -0.0143925 0)
(0.997651 -0.0114034 0)
(0.998576 -0.00852918 0)
(0.999209 -0.00602363 0)
(0.999757 -0.0035328 0)
(0.999969 -0.00121178 0)
(1.02093 -0.141384 0)
(1.01637 -0.130828 0)
(1.0103 -0.126171 0)
(1.00608 -0.116347 0)
(1.00143 -0.109869 0)
(0.998309 -0.100407 0)
(0.995174 -0.0931218 0)
(0.993283 -0.084133 0)
(0.991535 -0.0767609 0)
(0.990766 -0.0684808 0)
(0.990151 -0.0615158 0)
(0.990265 -0.0541439 0)
(0.990473 -0.0478882 0)
(0.991188 -0.041531 0)
(0.991907 -0.0361305 0)
(0.992948 -0.0307979 0)
(0.993904 -0.0262771 0)
(0.995038 -0.0218983 0)
(0.996014 -0.0181914 0)
(0.99706 -0.0146347 0)
(0.997893 -0.0116077 0)
(0.998719 -0.00868749 0)
(0.999287 -0.00614013 0)
(0.999781 -0.00360172 0)
(0.999972 -0.00123609 0)
(1.02535 -0.13668 0)
(1.02073 -0.126876 0)
(1.01478 -0.122647 0)
(1.01043 -0.113491 0)
(1.00571 -0.107475 0)
(1.00235 -0.0985773 0)
(0.999012 -0.0916973 0)
(0.996803 -0.0831428 0)
(0.994764 -0.0760791 0)
(0.993644 -0.0680973 0)
(0.992712 -0.061338 0)
(0.992485 -0.0541444 0)
(0.992391 -0.0480059 0)
(0.9928 -0.0417349 0)
(0.993256 -0.036385 0)
(0.994041 -0.0310761 0)
(0.994785 -0.0265614 0)
(0.995716 -0.0221691 0)
(0.99653 -0.0184426 0)
(0.997426 -0.0148532 0)
(0.998145 -0.0117939 0)
(0.998868 -0.00883288 0)
(0.999368 -0.00624782 0)
(0.999806 -0.00366551 0)
(0.999975 -0.00125871 0)
(1.0295 -0.131924 0)
(1.02484 -0.122833 0)
(1.01902 -0.119 0)
(1.01458 -0.110484 0)
(1.00982 -0.104909 0)
(1.00626 -0.0965618 0)
(1.00274 -0.0900842 0)
(1.00025 -0.0819664 0)
(0.997947 -0.0752198 0)
(0.996499 -0.0675508 0)
(0.995269 -0.0610111 0)
(0.994713 -0.0540154 0)
(0.994325 -0.048009 0)
(0.994435 -0.0418435 0)
(0.99463 -0.0365574 0)
(0.995159 -0.0312883 0)
(0.995687 -0.0267906 0)
(0.996414 -0.0223967 0)
(0.997062 -0.0186588 0)
(0.997804 -0.0150451 0)
(0.998406 -0.0119595 0)
(0.999024 -0.00896357 0)
(0.999452 -0.00634533 0)
(0.999831 -0.00372345 0)
(0.999978 -0.00127936 0)
(1.03339 -0.127123 0)
(1.02871 -0.11871 0)
(1.02303 -0.115242 0)
(1.01852 -0.107336 0)
(1.01375 -0.102182 0)
(1.01002 -0.0943701 0)
(1.00636 -0.0882888 0)
(1.00361 -0.0806077 0)
(1.00107 -0.0741842 0)
(0.999319 -0.0668395 0)
(0.997809 -0.0605324 0)
(0.996939 -0.0537523 0)
(0.996269 -0.0478925 0)
(0.996085 -0.041851 0)
(0.996023 -0.0366424 0)
(0.996298 -0.0314291 0)
(0.99661 -0.0269597 0)
(0.99713 -0.0225767 0)
(0.997609 -0.0188362 0)
(0.998195 -0.0152074 0)
(0.998676 -0.012102 0)
(0.999185 -0.00907767 0)
(0.999539 -0.00643123 0)
(0.999858 -0.00377476 0)
(0.999981 -0.00129773 0)
(1.03701 -0.122286 0)
(1.03234 -0.114516 0)
(1.02681 -0.111384 0)
(1.02225 -0.104059 0)
(1.0175 -0.0993044 0)
(1.01363 -0.0920115 0)
(1.00984 -0.0863178 0)
(1.00687 -0.079071 0)
(1.00412 -0.0729744 0)
(1.00209 -0.0659631 0)
(1.00032 -0.0598998 0)
(0.999155 -0.0533509 0)
(0.998214 -0.047652 0)
(0.997744 -0.041752 0)
(0.99743 -0.0366345 0)
(0.997453 -0.0314932 0)
(0.997549 -0.0270637 0)
(0.997862 -0.0227049 0)
(0.99817 -0.0189708 0)
(0.998596 -0.0153368 0)
(0.998953 -0.0122186 0)
(0.999351 -0.0091732 0)
(0.999629 -0.006504 0)
(0.999887 -0.0038186 0)
(0.999984 -0.00131352 0)
(1.04038 -0.117422 0)
(1.03573 -0.110259 0)
(1.03035 -0.107434 0)
(1.02578 -0.100663 0)
(1.02105 -0.096286 0)
(1.01707 -0.0894953 0)
(1.01319 -0.0841785 0)
(1.01003 -0.0773617 0)
(1.00709 -0.0715932 0)
(1.00481 -0.0649218 0)
(1.0028 -0.0591122 0)
(1.00135 -0.0528081 0)
(1.00015 -0.0472835 0)
(0.999407 -0.0415414 0)
(0.998846 -0.0365289 0)
(0.998622 -0.0314754 0)
(0.998502 -0.0270977 0)
(0.998608 -0.0227765 0)
(0.998743 -0.0190586 0)
(0.999008 -0.01543 0)
(0.999237 -0.0123064 0)
(0.999522 -0.00924808 0)
(0.999721 -0.00656205 0)
(0.999916 -0.00385411 0)
(0.999986 -0.00132637 0)
(1.0435 -0.112537 0)
(1.03888 -0.105947 0)
(1.03366 -0.103404 0)
(1.02909 -0.0971592 0)
(1.0244 -0.0931372 0)
(1.02034 -0.0868304 0)
(1.0164 -0.0818784 0)
(1.01307 -0.0754853 0)
(1.00997 -0.0700439 0)
(1.00746 -0.0637169 0)
(1.00523 -0.0581687 0)
(1.00352 -0.0521212 0)
(1.00207 -0.0467836 0)
(1.00107 -0.0412147 0)
(1.00027 -0.0363207 0)
(0.999798 -0.0313706 0)
(0.999466 -0.0270572 0)
(0.999365 -0.0227873 0)
(0.999325 -0.0190956 0)
(0.999428 -0.0154836 0)
(0.999528 -0.0123627 0)
(0.999698 -0.00930012 0)
(0.999815 -0.00660372 0)
(0.999947 -0.00388038 0)
(0.999989 -0.00133593 0)
(1.04637 -0.107639 0)
(1.04181 -0.101588 0)
(1.03674 -0.0993028 0)
(1.0322 -0.0935558 0)
(1.02756 -0.0898677 0)
(1.02345 -0.0840258 0)
(1.01945 -0.0794256 0)
(1.01598 -0.0734478 0)
(1.01275 -0.0683308 0)
(1.01003 -0.0623502 0)
(1.0076 -0.0570696 0)
(1.00565 -0.0512886 0)
(1.00397 -0.0461495 0)
(1.00271 -0.0407679 0)
(1.00168 -0.0360056 0)
(1.00098 -0.0311739 0)
(1.00044 -0.0269373 0)
(1.00013 -0.0227326 0)
(0.999915 -0.0190778 0)
(0.999855 -0.015494 0)
(0.999824 -0.0123844 0)
(0.999878 -0.00932706 0)
(0.999912 -0.00662732 0)
(0.999978 -0.00389645 0)
(0.999991 -0.00134183 0)
(1.04901 -0.102732 0)
(1.04451 -0.0971894 0)
(1.0396 -0.0951383 0)
(1.03509 -0.0898619 0)
(1.03052 -0.086487 0)
(1.02638 -0.08109 0)
(1.02235 -0.0768278 0)
(1.01877 -0.0712554 0)
(1.01541 -0.0664583 0)
(1.01252 -0.0608244 0)
(1.00991 -0.0558156 0)
(1.00773 -0.0503092 0)
(1.00584 -0.0453788 0)
(1.00434 -0.0401972 0)
(1.00309 -0.0355797 0)
(1.00216 -0.0308808 0)
(1.00141 -0.0267338 0)
(1.0009 -0.022608 0)
(1.00051 -0.0190013 0)
(1.00029 -0.0154578 0)
(1.00012 -0.0123686 0)
(1.00006 -0.00932655 0)
(1.00001 -0.00663112 0)
(1.00001 -0.00390133 0)
(0.999994 -0.00134369 0)
(1.05142 -0.0978226 0)
(1.04699 -0.0927559 0)
(1.04224 -0.0909183 0)
(1.03778 -0.0860854 0)
(1.03329 -0.0830038 0)
(1.02913 -0.0780314 0)
(1.02508 -0.0740928 0)
(1.02141 -0.0689145 0)
(1.01796 -0.0644315 0)
(1.01491 -0.0591424 0)
(1.01214 -0.0544081 0)
(1.00976 -0.0491826 0)
(1.00767 -0.04447 0)
(1.00595 -0.0394998 0)
(1.00448 -0.0350393 0)
(1.00333 -0.0304869 0)
(1.00238 -0.0264423 0)
(1.00167 -0.0224091 0)
(1.00111 -0.0188623 0)
(1.00073 -0.0153713 0)
(1.00043 -0.0123124 0)
(1.00025 -0.00929619 0)
(1.00011 -0.00661336 0)
(1.00004 -0.00389398 0)
(0.999996 -0.00134114 0)
(1.0536 -0.0929138 0)
(1.04926 -0.0882929 0)
(1.04466 -0.0866494 0)
(1.04027 -0.0822338 0)
(1.03586 -0.0794262 0)
(1.0317 -0.0748578 0)
(1.02766 -0.0712284 0)
(1.02392 -0.0664315 0)
(1.02039 -0.0622557 0)
(1.01721 -0.0573078 0)
(1.01428 -0.0528491 0)
(1.01173 -0.0479089 0)
(1.00945 -0.0434218 0)
(1.00752 -0.0386733 0)
(1.00585 -0.0343813 0)
(1.00448 -0.0299884 0)
(1.00334 -0.026059 0)
(1.00244 -0.0221319 0)
(1.00171 -0.0186568 0)
(1.00116 -0.0152309 0)
(1.00073 -0.0122128 0)
(1.00044 -0.00923355 0)
(1.00021 -0.00657229 0)
(1.00008 -0.00387332 0)
(0.999997 -0.00133379 0)
(1.05557 -0.0880086 0)
(1.05132 -0.0838047 0)
(1.04688 -0.0823375 0)
(1.04256 -0.0783136 0)
(1.03823 -0.0757617 0)
(1.0341 -0.0715767 0)
(1.03006 -0.0682419 0)
(1.02628 -0.0638129 0)
(1.02268 -0.0599362 0)
(1.01939 -0.0553244 0)
(1.01634 -0.0511411 0)
(1.01362 -0.046489 0)
(1.01117 -0.0422337 0)
(1.00905 -0.0377157 0)
(1.00719 -0.033603 0)
(1.00562 -0.0293818 0)
(1.00429 -0.0255801 0)
(1.00321 -0.0217723 0)
(1.00231 -0.0183813 0)
(1.0016 -0.0150332 0)
(1.00104 -0.0120669 0)
(1.00062 -0.00913617 0)
(1.00031 -0.00650618 0)
(1.00011 -0.00383827 0)
(0.999999 -0.00132127 0)
(1.05734 -0.0831089 0)
(1.05319 -0.0792946 0)
(1.04889 -0.0779873 0)
(1.04466 -0.0743306 0)
(1.04042 -0.072017 0)
(1.03631 -0.0681948 0)
(1.0323 -0.0651401 0)
(1.02849 -0.0610649 0)
(1.02484 -0.0574786 0)
(1.02146 -0.0531964 0)
(1.0183 -0.0492869 0)
(1.01544 -0.0449242 0)
(1.01283 -0.0409059 0)
(1.01053 -0.0366257 0)
(1.00849 -0.0327023 0)
(1.00674 -0.028664 0)
(1.00522 -0.0250023 0)
(1.00396 -0.0213267 0)
(1.0029 -0.0180324 0)
(1.00204 -0.0147748 0)
(1.00134 -0.0118719 0)
(1.00081 -0.0090016 0)
(1.00041 -0.00641332 0)
(1.00015 -0.0037877 0)
(1 -0.00130322 0)
(1.05892 -0.0782158 0)
(1.05487 -0.074765 0)
(1.05071 -0.0736027 0)
(1.04656 -0.0702897 0)
(1.04242 -0.0681979 0)
(1.03835 -0.0647186 0)
(1.03437 -0.0619296 0)
(1.03054 -0.0581933 0)
(1.02687 -0.0548882 0)
(1.02341 -0.0509281 0)
(1.02016 -0.0472897 0)
(1.01717 -0.0432163 0)
(1.01443 -0.0394388 0)
(1.01196 -0.0354027 0)
(1.00976 -0.0316774 0)
(1.00783 -0.0278325 0)
(1.00614 -0.0243227 0)
(1.0047 -0.0207917 0)
(1.00348 -0.0176067 0)
(1.00247 -0.0144525 0)
(1.00165 -0.0116252 0)
(1.001 -0.00882748 0)
(1.00051 -0.00629205 0)
(1.00018 -0.0037205 0)
(1 -0.00127929 0)
(1.06031 -0.0733293 0)
(1.05636 -0.0702176 0)
(1.05234 -0.0691865 0)
(1.04829 -0.0661948 0)
(1.04423 -0.0643093 0)
(1.04022 -0.0611533 0)
(1.03628 -0.058616 0)
(1.03245 -0.055204 0)
(1.02875 -0.0521703 0)
(1.02523 -0.0485238 0)
(1.02191 -0.0451529 0)
(1.01881 -0.0413672 0)
(1.01594 -0.0378334 0)
(1.01333 -0.0340463 0)
(1.01097 -0.0305272 0)
(1.00888 -0.0268852 0)
(1.00703 -0.0235386 0)
(1.00542 -0.0201643 0)
(1.00405 -0.0171013 0)
(1.0029 -0.0140633 0)
(1.00194 -0.011324 0)
(1.00119 -0.00861151 0)
(1.00061 -0.00614077 0)
(1.00022 -0.00363555 0)
(1 -0.00124915 0)
(1.06153 -0.0684485 0)
(1.05769 -0.0656528 0)
(1.0538 -0.0647405 0)
(1.04983 -0.062049 0)
(1.04588 -0.0603552 0)
(1.04192 -0.0575039 0)
(1.03802 -0.0552045 0)
(1.0342 -0.052102 0)
(1.0305 -0.0493298 0)
(1.02693 -0.0459877 0)
(1.02355 -0.04288 0)
(1.02035 -0.0393795 0)
(1.01738 -0.0360911 0)
(1.01464 -0.0325566 0)
(1.01214 -0.0292509 0)
(1.00989 -0.0258204 0)
(1.00788 -0.0226478 0)
(1.00613 -0.0194418 0)
(1.0046 -0.0165134 0)
(1.00331 -0.0136044 0)
(1.00223 -0.010966 0)
(1.00137 -0.00835153 0)
(1.00071 -0.00595795 0)
(1.00025 -0.00353179 0)
(1 -0.0012125 0)
(1.06258 -0.0635714 0)
(1.05885 -0.0610701 0)
(1.05508 -0.0602655 0)
(1.05121 -0.0578543 0)
(1.04735 -0.0563385 0)
(1.04345 -0.0537739 0)
(1.03961 -0.0516995 0)
(1.0358 -0.0488919 0)
(1.0321 -0.0463712 0)
(1.02851 -0.043324 0)
(1.02507 -0.0404743 0)
(1.0218 -0.0372557 0)
(1.01873 -0.0342134 0)
(1.01587 -0.0309343 0)
(1.01324 -0.0278481 0)
(1.01085 -0.024637 0)
(1.00871 -0.0216487 0)
(1.0068 -0.018622 0)
(1.00514 -0.0158407 0)
(1.00371 -0.0130733 0)
(1.00252 -0.010549 0)
(1.00155 -0.00804554 0)
(1.0008 -0.00574216 0)
(1.00028 -0.00340821 0)
(1 -0.00116904 0)
(1.06349 -0.058695 0)
(1.05986 -0.0564681 0)
(1.05621 -0.0557609 0)
(1.05244 -0.0536115 0)
(1.04866 -0.0522613 0)
(1.04483 -0.0499663 0)
(1.04104 -0.0481044 0)
(1.03726 -0.0455776 0)
(1.03357 -0.0432984 0)
(1.02995 -0.0405363 0)
(1.02647 -0.0379392 0)
(1.02314 -0.0349983 0)
(1.01999 -0.0322022 0)
(1.01703 -0.0291804 0)
(1.01428 -0.026319 0)
(1.01177 -0.0233343 0)
(1.00949 -0.0205398 0)
(1.00745 -0.0177031 0)
(1.00565 -0.0150811 0)
(1.0041 -0.0124678 0)
(1.00279 -0.0100709 0)
(1.00172 -0.00769175 0)
(1.00089 -0.0054921 0)
(1.00032 -0.00326388 0)
(1 -0.00111853 0)
(1.06425 -0.0538152 0)
(1.06073 -0.0518441 0)
(1.05718 -0.0512254 0)
(1.05351 -0.0493204 0)
(1.04981 -0.0481243 0)
(1.04606 -0.0460829 0)
(1.04232 -0.0444218 0)
(1.03857 -0.0421621 0)
(1.03489 -0.0401147 0)
(1.03127 -0.0376281 0)
(1.02776 -0.0352778 0)
(1.02438 -0.03261 0)
(1.02115 -0.0300594 0)
(1.0181 -0.027296 0)
(1.01526 -0.0246641 0)
(1.01263 -0.021912 0)
(1.01023 -0.0193203 0)
(1.00806 -0.0166838 0)
(1.00614 -0.014233 0)
(1.00447 -0.0117862 0)
(1.00305 -0.00953013 0)
(1.00189 -0.00728861 0)
(1.00098 -0.0052066 0)
(1.00035 -0.00309796 0)
(1.00001 -0.00106072 0)
(1.06489 -0.0489264 0)
(1.06147 -0.0471941 0)
(1.05802 -0.0466558 0)
(1.05443 -0.0449795 0)
(1.05083 -0.0439269 0)
(1.04714 -0.0421243 0)
(1.04345 -0.0406531 0)
(1.03974 -0.0386476 0)
(1.03608 -0.0368227 0)
(1.03246 -0.034602 0)
(1.02893 -0.0324927 0)
(1.0255 -0.0300933 0)
(1.02222 -0.027787 0)
(1.0191 -0.0252825 0)
(1.01616 -0.0228841 0)
(1.01343 -0.0203702 0)
(1.01092 -0.0179898 0)
(1.00864 -0.015563 0)
(1.0066 -0.0132952 0)
(1.00482 -0.0110271 0)
(1.0033 -0.0089252 0)
(1.00205 -0.00683484 0)
(1.00107 -0.00488466 0)
(1.00038 -0.00290976 0)
(1.00001 -0.000995421 0)
(1.06541 -0.0440219 0)
(1.06209 -0.0425129 0)
(1.05873 -0.042048 0)
(1.05523 -0.0405858 0)
(1.0517 -0.0396673 0)
(1.04808 -0.0380899 0)
(1.04445 -0.0367986 0)
(1.04078 -0.0350352 0)
(1.03714 -0.0334241 0)
(1.03352 -0.0314603 0)
(1.02998 -0.0295862 0)
(1.02653 -0.0274502 0)
(1.0232 -0.0253869 0)
(1.02 -0.0231414 0)
(1.01699 -0.02098 0)
(1.01416 -0.0187093 0)
(1.01155 -0.0165483 0)
(1.00917 -0.0143404 0)
(1.00703 -0.0122668 0)
(1.00515 -0.0101894 0)
(1.00354 -0.00825514 0)
(1.00219 -0.00632947 0)
(1.00115 -0.00452552 0)
(1.00041 -0.00269873 0)
(1.00001 -0.00092248 0)
(1.06583 -0.0390935 0)
(1.0626 -0.0377938 0)
(1.05932 -0.0373961 0)
(1.05591 -0.0361351 0)
(1.05245 -0.0353422 0)
(1.04889 -0.0339776 0)
(1.04531 -0.0328571 0)
(1.04169 -0.031325 0)
(1.03807 -0.0299196 0)
(1.03447 -0.0282041 0)
(1.03092 -0.0265599 0)
(1.02744 -0.0246826 0)
(1.02407 -0.0228609 0)
(1.02082 -0.0208742 0)
(1.01774 -0.0189529 0)
(1.01483 -0.0169303 0)
(1.01214 -0.0149961 0)
(1.00966 -0.0130161 0)
(1.00743 -0.0111477 0)
(1.00545 -0.00927283 0)
(1.00375 -0.00751934 0)
(1.00233 -0.0057719 0)
(1.00122 -0.00412864 0)
(1.00043 -0.00246449 0)
(1.00001 -0.000841789 0)
(1.06616 -0.0341311 0)
(1.06301 -0.0330284 0)
(1.05981 -0.0326926 0)
(1.05647 -0.0316212 0)
(1.05308 -0.0309466 0)
(1.04958 -0.0297839 0)
(1.04605 -0.0288263 0)
(1.04247 -0.0275155 0)
(1.03888 -0.0263088 0)
(1.03529 -0.0248339 0)
(1.03174 -0.0234147 0)
(1.02824 -0.0217919 0)
(1.02484 -0.0202103 0)
(1.02155 -0.0184826 0)
(1.01841 -0.0168044 0)
(1.01544 -0.0150343 0)
(1.01266 -0.0133341 0)
(1.0101 -0.0115905 0)
(1.00779 -0.00993806 0)
(1.00573 -0.00827727 0)
(1.00395 -0.00671768 0)
(1.00246 -0.00516192 0)
(1.00129 -0.00369381 0)
(1.00046 -0.00220689 0)
(1.00001 -0.000753297 0)
(1.06641 -0.0291227 0)
(1.06334 -0.0282062 0)
(1.0602 -0.027928 0)
(1.05693 -0.0270363 0)
(1.0536 -0.0264739 0)
(1.05016 -0.0255035 0)
(1.04667 -0.024702 0)
(1.04313 -0.023604 0)
(1.03957 -0.0225898 0)
(1.03599 -0.0213491 0)
(1.03244 -0.0201508 0)
(1.02894 -0.0187787 0)
(1.02551 -0.0174365 0)
(1.02219 -0.0159679 0)
(1.019 -0.0145358 0)
(1.01597 -0.0130227 0)
(1.01313 -0.0115636 0)
(1.0105 -0.0100647 0)
(1.00811 -0.00863869 0)
(1.00597 -0.00720336 0)
(1.00412 -0.00585055 0)
(1.00257 -0.00449978 0)
(1.00135 -0.00322115 0)
(1.00048 -0.00192598 0)
(1.00001 -0.000657027 0)
(1.06659 -0.0240541 0)
(1.06359 -0.0233148 0)
(1.06051 -0.0230908 0)
(1.0573 -0.0223704 0)
(1.05402 -0.0219152 0)
(1.05063 -0.0211294 0)
(1.04719 -0.0204784 0)
(1.04367 -0.0195863 0)
(1.04014 -0.0187597 0)
(1.03658 -0.0177477 0)
(1.03303 -0.0167671 0)
(1.02952 -0.0156432 0)
(1.02608 -0.01454 0)
(1.02273 -0.0133313 0)
(1.0195 -0.0121486 0)
(1.01642 -0.0108972 0)
(1.01352 -0.00968623 0)
(1.01083 -0.00844038 0)
(1.00838 -0.00725105 0)
(1.00619 -0.00605236 0)
(1.00428 -0.00491896 0)
(1.00267 -0.00378626 0)
(1.0014 -0.00271118 0)
(1.0005 -0.00162208 0)
(1.00001 -0.000553081 0)
(1.06672 -0.0189085 0)
(1.06378 -0.0183393 0)
(1.06074 -0.0181668 0)
(1.05759 -0.0176114 0)
(1.05434 -0.0172596 0)
(1.051 -0.0166522 0)
(1.04759 -0.0161477 0)
(1.04411 -0.0154562 0)
(1.0406 -0.0148137 0)
(1.03705 -0.0140267 0)
(1.03351 -0.0132619 0)
(1.03 -0.0123847 0)
(1.02654 -0.0115212 0)
(1.02317 -0.0105741 0)
(1.01991 -0.00964461 0)
(1.01679 -0.0086599 0)
(1.01385 -0.00770423 0)
(1.01112 -0.00671977 0)
(1.00861 -0.00577727 0)
(1.00636 -0.00482625 0)
(1.0044 -0.00392459 0)
(1.00275 -0.00302275 0)
(1.00145 -0.0021649 0)
(1.00051 -0.00129582 0)
(1.00001 -0.000441659 0)
(1.06681 -0.013666 0)
(1.06391 -0.013262 0)
(1.06091 -0.0131395 0)
(1.0578 -0.0127444 0)
(1.05459 -0.0124936 0)
(1.05128 -0.0120605 0)
(1.0479 -0.0116999 0)
(1.04444 -0.0112057 0)
(1.04094 -0.0107454 0)
(1.03741 -0.0101815 0)
(1.03388 -0.00963228 0)
(1.03037 -0.00900185 0)
(1.0269 -0.00837988 0)
(1.02351 -0.00769708 0)
(1.02023 -0.00702546 0)
(1.01708 -0.00631318 0)
(1.01411 -0.00562033 0)
(1.01133 -0.00490582 0)
(1.00879 -0.00422025 0)
(1.0065 -0.00352776 0)
(1.00451 -0.00286983 0)
(1.00282 -0.00221124 0)
(1.00148 -0.00158379 0)
(1.00052 -0.000948151 0)
(1.00001 -0.00032309 0)
(1.06686 -0.00830414 0)
(1.06399 -0.00806205 0)
(1.06102 -0.00798878 0)
(1.05793 -0.00775141 0)
(1.05475 -0.00760053 0)
(1.05147 -0.00733986 0)
(1.0481 -0.00712256 0)
(1.04467 -0.00682457 0)
(1.04118 -0.00654672 0)
(1.03766 -0.00620605 0)
(1.03413 -0.00587387 0)
(1.03062 -0.00549226 0)
(1.02715 -0.00511526 0)
(1.02374 -0.004701 0)
(1.02045 -0.00429296 0)
(1.01728 -0.00385976 0)
(1.01429 -0.00343781 0)
(1.01149 -0.00300222 0)
(1.00892 -0.00258371 0)
(1.0066 -0.00216051 0)
(1.00458 -0.00175794 0)
(1.00287 -0.00135459 0)
(1.00151 -0.000970083 0)
(1.00053 -0.000580595 0)
(1.00001 -0.000197905 0)
(1.06688 -0.00279575 0)
(1.06403 -0.00271393 0)
(1.06107 -0.00269018 0)
(1.058 -0.00261027 0)
(1.05483 -0.00256011 0)
(1.05156 -0.00247257 0)
(1.04821 -0.00239993 0)
(1.04478 -0.00229992 0)
(1.0413 -0.00220682 0)
(1.03779 -0.00209243 0)
(1.03426 -0.00198096 0)
(1.03075 -0.00185271 0)
(1.02727 -0.00172602 0)
(1.02387 -0.00158664 0)
(1.02056 -0.00144932 0)
(1.01739 -0.00130339 0)
(1.01438 -0.00116119 0)
(1.01157 -0.00101427 0)
(1.00898 -0.000873051 0)
(1.00665 -0.000730115 0)
(1.00461 -0.000594095 0)
(1.00289 -0.000457702 0)
(1.00152 -0.000327709 0)
(1.00054 -0.000196037 0)
(1.00001 -6.68725e-05 0)
(1.12157 -0.202747 1.155e-20)
(1.11982 -0.196626 -7.1387e-21)
(1.11864 -0.190454 -1.47379e-20)
(1.1178 -0.18452 1.89243e-20)
(1.11705 -0.178645 -2.00906e-22)
(1.11649 -0.172737 -1.25252e-20)
(1.11595 -0.167024 -4.62738e-21)
(1.11543 -0.161378 1.68445e-20)
(1.1156 -0.203924 4.65249e-21)
(1.11412 -0.197723 -1.92871e-20)
(1.11324 -0.191444 3.31866e-21)
(1.11265 -0.185481 1.37803e-20)
(1.11232 -0.179546 -1.10695e-20)
(1.11198 -0.173548 3.61437e-21)
(1.11165 -0.167778 2.087e-21)
(1.11132 -0.162082 5.22302e-21)
(1.11099 -0.156458 -1.83763e-21)
(1.11065 -0.150905 -6.78818e-21)
(1.11029 -0.145423 6.75814e-21)
(1.10992 -0.140017 -1.7901e-21)
(1.10956 -0.134666 -4.21624e-21)
(1.10916 -0.129356 2.59263e-21)
(1.10873 -0.124109 -5.96292e-21)
(1.10827 -0.118927 4.16337e-21)
(1.10779 -0.113803 -4.30334e-21)
(1.10728 -0.108734 1.6669e-21)
(1.10675 -0.103717 1.69392e-21)
(1.1062 -0.0987492 5.22455e-21)
(1.10562 -0.0938288 -7.05155e-21)
(1.10502 -0.0889539 3.05038e-21)
(1.1044 -0.0841257 -9.57583e-22)
(1.10378 -0.0793276 -3.15959e-21)
(1.10312 -0.074557 4.10466e-21)
(1.10245 -0.0698225 -1.05047e-21)
(1.10177 -0.0651148 8.19456e-23)
(1.10109 -0.060428 -6.5557e-23)
(1.10041 -0.0557562 -1.59217e-21)
(1.09973 -0.0510929 5.24615e-23)
(1.09907 -0.0464309 -2.09208e-22)
(1.09843 -0.0417617 1.9044e-21)
(1.09782 -0.0370759 4.7951e-23)
(1.09725 -0.0323625 -8.80597e-22)
(1.09672 -0.0276091 -2.77118e-22)
(1.09626 -0.0228003 1.29928e-21)
(1.09587 -0.0179233 2.00233e-21)
(1.09558 -0.0129429 -5.59426e-22)
(1.09537 -0.00788331 -3.23255e-21)
(1.09529 -0.00259344 2.94555e-22)
(1.10953 -0.204967 -2.62882e-20)
(1.10839 -0.198705 1.30649e-20)
(1.10782 -0.192396 6.56613e-21)
(1.10753 -0.18628 -1.5697e-20)
(1.10752 -0.180284 4.41957e-21)
(1.1074 -0.174336 3.30196e-22)
(1.10729 -0.168498 -7.7262e-21)
(1.10717 -0.16275 5.98978e-21)
(1.10704 -0.15708 -1.01512e-20)
(1.10689 -0.151485 -8.3733e-22)
(1.10672 -0.145964 1.18424e-20)
(1.10652 -0.140516 -5.38738e-21)
(1.10631 -0.135128 7.6465e-21)
(1.10606 -0.129793 -2.95441e-21)
(1.10578 -0.124519 2.74178e-21)
(1.10546 -0.11931 -3.2433e-21)
(1.10512 -0.11416 6.62664e-21)
(1.10474 -0.109067 -2.31951e-21)
(1.10433 -0.104027 -4.01134e-21)
(1.10389 -0.0990384 2.26856e-21)
(1.10342 -0.0940982 1.07697e-21)
(1.10292 -0.0892047 -1.34446e-21)
(1.10239 -0.0843557 -2.79224e-21)
(1.10185 -0.079541 -2.36734e-22)
(1.10128 -0.0747574 2.88824e-21)
(1.10069 -0.0700073 5.64888e-23)
(1.10009 -0.0652848 -9.14617e-22)
(1.09947 -0.0605838 2.93529e-21)
(1.09885 -0.0558983 1.01231e-21)
(1.09824 -0.0512219 -3.85884e-22)
(1.09763 -0.046547 1.25795e-22)
(1.09704 -0.0418653 3.52831e-21)
(1.09647 -0.0371672 1.38507e-21)
(1.09594 -0.0324417 9.05041e-22)
(1.09545 -0.0276762 1.15701e-22)
(1.09502 -0.0228554 -1.83709e-21)
(1.09466 -0.017966 -2.32901e-21)
(1.09438 -0.012974 -2.60116e-21)
(1.09419 -0.00790071 3.37124e-21)
(1.09412 -0.00259795 3.00234e-22)
(1.10345 -0.205827 -4.71795e-21)
(1.10261 -0.199542 8.56775e-21)
(1.10237 -0.193228 -2.05367e-20)
(1.10242 -0.187047 2.25878e-21)
(1.10259 -0.181004 2.56859e-20)
(1.10274 -0.175034 -8.93947e-21)
(1.10287 -0.169156 -1.27142e-20)
(1.10297 -0.163368 -4.50609e-21)
(1.10305 -0.15766 1.63916e-20)
(1.10309 -0.152029 -1.64224e-20)
(1.10311 -0.146473 1.13093e-20)
(1.10309 -0.140989 -1.6975e-21)
(1.10304 -0.135569 -2.88722e-21)
(1.10295 -0.13021 1.15187e-21)
(1.10282 -0.124913 3.50906e-21)
(1.10265 -0.119679 -8.08797e-21)
(1.10244 -0.114505 7.17349e-21)
(1.10219 -0.10939 -1.73747e-21)
(1.1019 -0.104329 5.22661e-22)
(1.10157 -0.0993206 -1.29397e-21)
(1.10121 -0.0943617 -1.11714e-21)
(1.10081 -0.0894503 2.26624e-21)
(1.10038 -0.0845829 -3.98717e-21)
(1.09993 -0.0797523 2.97925e-21)
(1.09944 -0.0749548 1.72857e-21)
(1.09893 -0.0701901 -1.99101e-21)
(1.0984 -0.0654534 2.97695e-22)
(1.09786 -0.0607386 3.92235e-22)
(1.0973 -0.0560399 -8.71774e-22)
(1.09674 -0.0513505 3.02758e-21)
(1.09619 -0.046663 -2.10727e-21)
(1.09565 -0.041969 -1.80665e-21)
(1.09513 -0.0372586 4.37796e-23)
(1.09463 -0.0325211 -7.90196e-22)
(1.09418 -0.0277436 2.2813e-21)
(1.09378 -0.0229109 -4.11586e-22)
(1.09345 -0.018009 7.10235e-22)
(1.09319 -0.0130055 -9.83433e-22)
(1.09301 -0.00791824 -2.51838e-21)
(1.09296 -0.00260303 -1.04413e-21)
(1.0973 -0.20658 -1.3489e-20)
(1.09674 -0.200277 1.32791e-20)
(1.09684 -0.193952 6.25161e-21)
(1.09721 -0.187729 -1.20783e-20)
(1.09763 -0.181653 -2.31964e-21)
(1.09803 -0.175664 5.42517e-21)
(1.09839 -0.169758 -3.58327e-21)
(1.09872 -0.163937 2.21007e-21)
(1.09902 -0.158197 1.30162e-20)
(1.09926 -0.152535 -1.54141e-20)
(1.09947 -0.146949 1.23877e-20)
(1.09963 -0.141436 -9.65345e-21)
(1.09975 -0.135989 4.93179e-21)
(1.09983 -0.130607 4.85367e-21)
(1.09985 -0.125288 -9.49451e-23)
(1.09982 -0.120032 -1.32159e-20)
(1.09975 -0.114838 7.48307e-21)
(1.09963 -0.109702 -9.42928e-21)
(1.09946 -0.104622 1.13829e-20)
(1.09925 -0.0995952 -4.52111e-21)
(1.099 -0.094619 -2.37643e-22)
(1.0987 -0.0896906 2.17979e-21)
(1.09837 -0.0848064 -1.69993e-21)
(1.09801 -0.0799606 -1.40697e-21)
(1.09761 -0.0751495 3.77076e-22)
(1.09717 -0.0703709 -1.00078e-21)
(1.09672 -0.0656204 -7.64409e-24)
(1.09624 -0.0608923 -1.47623e-21)
(1.09575 -0.0561806 -7.05178e-22)
(1.09525 -0.0514786 1.40574e-21)
(1.09475 -0.0467787 1.95261e-21)
(1.09426 -0.0420725 -1.50723e-21)
(1.09378 -0.0373501 -3.25129e-21)
(1.09333 -0.0326006 1.21112e-22)
(1.09291 -0.0278111 -8.62008e-22)
(1.09254 -0.0229666 -1.76781e-22)
(1.09223 -0.0180523 -1.25518e-22)
(1.092 -0.0130372 2.23417e-21)
(1.09183 -0.00793587 2.48744e-21)
(1.09179 -0.00260868 7.09503e-22)
(1.09108 -0.207207 -1.80086e-20)
(1.09081 -0.200902 -5.92849e-21)
(1.09126 -0.194572 1.23549e-20)
(1.09193 -0.188333 2.96211e-22)
(1.09261 -0.182235 1.05533e-21)
(1.09327 -0.176224 -1.32672e-20)
(1.09388 -0.170296 7.18211e-21)
(1.09444 -0.164452 3.85913e-21)
(1.09495 -0.158688 7.30569e-22)
(1.0954 -0.153002 1.95236e-22)
(1.0958 -0.147391 -8.73612e-21)
(1.09615 -0.141854 1.30021e-20)
(1.09645 -0.136385 -6.22783e-21)
(1.09668 -0.130982 7.26837e-21)
(1.09686 -0.125644 -1.02326e-21)
(1.09698 -0.120369 2.67796e-21)
(1.09705 -0.115156 -8.18716e-21)
(1.09706 -0.110002 3.52872e-22)
(1.09702 -0.104905 2.05553e-22)
(1.09693 -0.0998618 5.69689e-21)
(1.09679 -0.0948695 -1.91787e-21)
(1.0966 -0.0899254 -4.44928e-21)
(1.09636 -0.0850258 6.81306e-21)
(1.09609 -0.0801657 -2.69165e-21)
(1.09577 -0.0753412 1.55399e-21)
(1.09542 -0.0705494 2.54548e-22)
(1.09504 -0.0657857 -2.9959e-21)
(1.09463 -0.0610448 2.49213e-21)
(1.0942 -0.0563205 -3.63013e-21)
(1.09376 -0.0516061 -2.11992e-21)
(1.09332 -0.0468941 -1.79295e-21)
(1.09287 -0.0421758 -3.31484e-22)
(1.09244 -0.0374415 4.01884e-21)
(1.09203 -0.0326802 -9.67183e-22)
(1.09164 -0.0278788 1.42643e-21)
(1.09131 -0.0230224 2.87445e-21)
(1.09102 -0.0180958 -3.56788e-23)
(1.0908 -0.0130691 -8.01355e-22)
(1.09066 -0.00795361 1.27831e-21)
(1.09062 -0.00261492 -5.94158e-22)
(1.08478 -0.207706 -3.57758e-21)
(1.08482 -0.201418 1.37129e-21)
(1.08562 -0.195089 -1.11598e-20)
(1.08659 -0.188847 -3.4905e-21)
(1.08755 -0.182737 1.11098e-20)
(1.08846 -0.176714 3.57259e-21)
(1.08932 -0.170772 -8.55942e-21)
(1.09011 -0.164911 3.8084e-21)
(1.09084 -0.15913 -5.89585e-21)
(1.09151 -0.153426 1.06098e-20)
(1.09211 -0.147798 -1.1511e-20)
(1.09265 -0.142241 3.47954e-21)
(1.09312 -0.136755 1.54397e-21)
(1.09352 -0.131335 -3.97537e-21)
(1.09386 -0.12598 8.38709e-21)
(1.09413 -0.12069 -5.82549e-21)
(1.09434 -0.115461 4.00056e-21)
(1.09449 -0.110291 -9.09277e-21)
(1.09458 -0.105178 8.85807e-21)
(1.0946 -0.10012 1.03658e-22)
(1.09457 -0.095113 -6.51946e-21)
(1.09449 -0.0901545 6.28036e-21)
(1.09435 -0.0852406 -1.06124e-21)
(1.09417 -0.0803671 -2.93667e-21)
(1.09394 -0.0755298 -2.74055e-22)
(1.09367 -0.0707253 4.77296e-22)
(1.09336 -0.0659491 3.24908e-21)
(1.09302 -0.0611958 -3.57992e-21)
(1.09266 -0.0564593 -4.48348e-22)
(1.09228 -0.0517328 5.98893e-22)
(1.09188 -0.0470089 1.41056e-21)
(1.09149 -0.0422788 -1.0597e-21)
(1.0911 -0.0375328 -1.37967e-21)
(1.09073 -0.0327597 -1.16869e-21)
(1.09038 -0.0279465 -9.07443e-22)
(1.09007 -0.0230783 1.07695e-21)
(1.08981 -0.0181394 9.21941e-22)
(1.08961 -0.0131011 6.87736e-22)
(1.08948 -0.00797145 9.8722e-22)
(1.08946 -0.00262172 -4.36628e-22)
(1.0784 -0.208068 -2.84465e-21)
(1.07878 -0.201817 9.99653e-21)
(1.07992 -0.195501 -1.44137e-20)
(1.08119 -0.189268 9.357e-21)
(1.08243 -0.183157 7.19309e-22)
(1.0836 -0.17713 4.65318e-21)
(1.08471 -0.171182 -1.41383e-20)
(1.08575 -0.165313 2.57046e-22)
(1.08671 -0.159522 2.35067e-21)
(1.08759 -0.153807 4.79643e-21)
(1.08839 -0.148166 -5.4735e-22)
(1.08912 -0.142597 -7.06115e-21)
(1.08977 -0.137097 6.73415e-21)
(1.09035 -0.131664 -3.89513e-21)
(1.09085 -0.126296 2.39999e-21)
(1.09128 -0.120992 -4.46637e-21)
(1.09163 -0.11575 1.0231e-20)
(1.09191 -0.110567 -3.78114e-21)
(1.09213 -0.105441 -5.647e-22)
(1.09227 -0.100369 -2.40729e-21)
(1.09236 -0.095349 -5.39126e-22)
(1.09238 -0.0903774 3.05682e-21)
(1.09234 -0.0854506 -4.47342e-21)
(1.09225 -0.0805645 2.91583e-21)
(1.09211 -0.0757151 -4.21794e-21)
(1.09192 -0.0708986 2.79777e-21)
(1.09168 -0.0661103 2.32228e-21)
(1.09142 -0.0613451 9.77841e-22)
(1.09112 -0.0565967 -5.15933e-21)
(1.09079 -0.0518586 1.98103e-21)
(1.09045 -0.047123 1.63877e-22)
(1.09011 -0.0423813 3.69279e-21)
(1.08976 -0.0376237 -1.18102e-21)
(1.08943 -0.032839 -1.41375e-21)
(1.08912 -0.0280142 1.30894e-21)
(1.08883 -0.0231343 -7.57863e-22)
(1.0886 -0.0181831 -3.68004e-21)
(1.08842 -0.0131333 -1.03897e-21)
(1.0883 -0.00798937 -5.67616e-21)
(1.08829 -0.00262907 -1.61083e-21)
(1.07196 -0.208288 9.54609e-21)
(1.07267 -0.202095 -8.35706e-21)
(1.07416 -0.195802 2.49101e-21)
(1.07574 -0.189591 2.18069e-21)
(1.07726 -0.18349 -4.99311e-21)
(1.07871 -0.177469 3.00068e-21)
(1.08007 -0.171524 1.48589e-21)
(1.08135 -0.165656 1.63016e-21)
(1.08254 -0.159863 -6.05611e-21)
(1.08364 -0.154143 2.46474e-21)
(1.08465 -0.148496 -7.99311e-23)
(1.08557 -0.142919 -4.96299e-21)
(1.08641 -0.13741 8.01609e-21)
(1.08716 -0.131968 -6.26873e-21)
(1.08783 -0.126591 1.07916e-21)
(1.08841 -0.121277 -8.97091e-22)
(1.08891 -0.116023 6.27495e-21)
(1.08933 -0.110829 -4.21451e-21)
(1.08967 -0.105692 4.43429e-21)
(1.08994 -0.100609 3.52927e-21)
(1.09014 -0.0955772 1.04313e-21)
(1.09027 -0.0905938 -9.61613e-22)
(1.09033 -0.0856552 -2.07253e-21)
(1.09034 -0.0807575 1.42001e-21)
(1.09028 -0.0758968 2.63523e-21)
(1.09017 -0.0710689 -2.66878e-21)
(1.09001 -0.0662692 -1.58298e-21)
(1.08982 -0.0614925 1.84776e-21)
(1.08958 -0.0567328 -1.74082e-22)
(1.08932 -0.0519833 8.46429e-22)
(1.08903 -0.0472363 -3.32003e-21)
(1.08873 -0.0424832 3.61978e-21)
(1.08843 -0.0377142 -7.41065e-22)
(1.08813 -0.032918 3.5427e-22)
(1.08785 -0.0280817 -7.09657e-22)
(1.0876 -0.0231901 -1.7437e-21)
(1.08739 -0.0182268 1.54897e-21)
(1.08723 -0.0131655 1.82765e-22)
(1.08713 -0.00800736 3.24989e-21)
(1.08712 -0.00263695 1.76154e-21)
(1.06546 -0.20836 3.01152e-21)
(1.06652 -0.202248 3.90847e-21)
(1.06836 -0.19599 -6.28863e-21)
(1.07024 -0.189812 4.99981e-21)
(1.07205 -0.183733 3.16441e-21)
(1.07376 -0.177729 -9.71824e-21)
(1.07538 -0.171796 2.95649e-21)
(1.07691 -0.165937 5.42603e-21)
(1.07833 -0.160149 -2.91124e-21)
(1.07966 -0.154432 -2.20451e-21)
(1.08088 -0.148785 4.78346e-21)
(1.08201 -0.143206 -3.56671e-21)
(1.08303 -0.137693 -1.33968e-21)
(1.08396 -0.132246 2.61005e-21)
(1.08479 -0.126863 -1.58214e-21)
(1.08553 -0.121542 -2.86816e-21)
(1.08618 -0.116281 4.82824e-22)
(1.08674 -0.111078 5.51315e-21)
(1.08722 -0.105932 -3.59084e-21)
(1.08761 -0.100839 -3.1904e-22)
(1.08793 -0.095797 -2.33802e-21)
(1.08816 -0.0908033 2.61814e-21)
(1.08833 -0.0858542 -5.44512e-21)
(1.08843 -0.080946 6.50852e-21)
(1.08846 -0.0760746 -2.13049e-21)
(1.08843 -0.071236 2.11946e-21)
(1.08835 -0.0664255 -4.58942e-21)
(1.08822 -0.061638 1.94408e-21)
(1.08805 -0.0568672 1.70671e-21)
(1.08784 -0.0521067 1.28959e-22)
(1.08761 -0.0473486 2.41873e-22)
(1.08736 -0.0425844 2.27897e-21)
(1.0871 -0.0378042 1.63737e-21)
(1.08684 -0.0329967 -2.50412e-21)
(1.0866 -0.0281489 7.65402e-22)
(1.08638 -0.0232458 -2.75789e-22)
(1.08619 -0.0182705 -2.135e-21)
(1.08605 -0.0131977 1.14325e-21)
(1.08596 -0.00802541 -5.70415e-22)
(1.08596 -0.00264533 -4.21653e-22)
(1.0589 -0.208279 1.1091e-22)
(1.06031 -0.202271 -3.27381e-22)
(1.0625 -0.196059 -1.25412e-21)
(1.06469 -0.189929 4.65932e-21)
(1.06679 -0.183883 1.78342e-21)
(1.06878 -0.177906 -4.74131e-21)
(1.07066 -0.171996 -3.54329e-21)
(1.07244 -0.166154 3.32635e-21)
(1.0741 -0.160379 -4.80387e-21)
(1.07565 -0.154672 5.87759e-21)
(1.07709 -0.149031 -5.00303e-21)
(1.07842 -0.143456 1.47979e-21)
(1.07964 -0.137945 5.90936e-21)
(1.08075 -0.132497 -2.81175e-21)
(1.08175 -0.127112 -4.15043e-21)
(1.08265 -0.121787 4.79364e-21)
(1.08345 -0.116521 7.66161e-22)
(1.08415 -0.111312 -2.98753e-21)
(1.08476 -0.106159 2.33536e-21)
(1.08528 -0.101058 3.02021e-21)
(1.08571 -0.0960081 -3.23697e-21)
(1.08606 -0.0910056 -6.6504e-22)
(1.08633 -0.0860472 -3.76916e-21)
(1.08652 -0.0811294 4.10725e-21)
(1.08664 -0.0762483 6.55593e-22)
(1.08669 -0.0713997 -8.10863e-21)
(1.08669 -0.0665791 -5.09893e-22)
(1.08663 -0.0617811 1.8829e-21)
(1.08652 -0.0569999 -1.90976e-21)
(1.08637 -0.0522287 4.02958e-21)
(1.0862 -0.0474598 -2.37221e-21)
(1.08599 -0.0426847 -1.72152e-21)
(1.08578 -0.0378935 -3.6148e-22)
(1.08556 -0.0330749 2.73863e-21)
(1.08535 -0.0282158 1.14411e-22)
(1.08515 -0.0233012 -4.12849e-22)
(1.08499 -0.018314 2.35737e-21)
(1.08486 -0.0132299 -7.97575e-22)
(1.08478 -0.00804348 -2.36345e-21)
(1.08479 -0.00265416 5.97656e-22)
(1.0523 -0.208041 3.89756e-21)
(1.05406 -0.20216 -8.5387e-22)
(1.05661 -0.196007 6.3451e-22)
(1.0591 -0.189937 -4.61796e-23)
(1.06148 -0.183936 -8.33787e-23)
(1.06375 -0.177997 1.03818e-21)
(1.0659 -0.17212 2.78778e-23)
(1.06793 -0.166304 -6.34097e-23)
(1.06984 -0.160551 -3.90509e-21)
(1.07162 -0.154861 3.28656e-21)
(1.07328 -0.149233 -3.04671e-21)
(1.07481 -0.143668 2.71431e-21)
(1.07622 -0.138163 -1.49261e-21)
(1.07752 -0.13272 7.24866e-22)
(1.07869 -0.127336 3.15495e-21)
(1.07976 -0.122011 -2.01379e-21)
(1.08071 -0.116743 -2.03806e-22)
(1.08156 -0.111531 5.36665e-22)
(1.0823 -0.106373 -4.46508e-21)
(1.08295 -0.101267 4.87092e-21)
(1.0835 -0.0962101 -5.90118e-21)
(1.08396 -0.0912002 4.73445e-21)
(1.08433 -0.0862338 -4.45051e-21)
(1.08462 -0.0813076 2.37991e-21)
(1.08483 -0.0764176 3.45788e-21)
(1.08496 -0.0715598 1.30533e-21)
(1.08503 -0.0667296 -4.52361e-21)
(1.08504 -0.0619218 4.27704e-22)
(1.085 -0.0571305 3.13732e-21)
(1.08491 -0.052349 1.15815e-21)
(1.08479 -0.0475697 1.49392e-21)
(1.08463 -0.042784 1.38967e-21)
(1.08446 -0.037982 -1.12699e-21)
(1.08428 -0.0331524 -9.88272e-22)
(1.0841 -0.0282821 6.65337e-24)
(1.08393 -0.0233562 -7.3731e-22)
(1.08379 -0.0183573 1.95075e-21)
(1.08368 -0.0132619 2.45144e-21)
(1.08362 -0.00806156 3.27259e-21)
(1.08363 -0.00266342 9.12448e-22)
(1.04565 -0.207643 -1.07356e-20)
(1.04778 -0.20191 4.22181e-21)
(1.05066 -0.19583 -3.48328e-21)
(1.05346 -0.189833 3.8251e-21)
(1.05614 -0.18389 3.71798e-21)
(1.05869 -0.178001 -1.14876e-21)
(1.06111 -0.172166 -1.3763e-21)
(1.0634 -0.166386 -4.82853e-22)
(1.06555 -0.160664 1.26397e-21)
(1.06756 -0.154998 2.14935e-22)
(1.06944 -0.14939 -8.33772e-22)
(1.07118 -0.14384 -1.97361e-22)
(1.07279 -0.138348 -1.89585e-22)
(1.07427 -0.132913 -7.15002e-22)
(1.07563 -0.127535 1.46175e-21)
(1.07686 -0.122213 -1.97664e-21)
(1.07797 -0.116947 2.94496e-21)
(1.07896 -0.111734 2.45043e-21)
(1.07984 -0.106574 -2.6122e-21)
(1.08062 -0.101464 2.98262e-22)
(1.08129 -0.0964025 1.67684e-21)
(1.08186 -0.0913867 -3.43999e-22)
(1.08233 -0.0864137 -2.70484e-21)
(1.08272 -0.0814801 2.13183e-21)
(1.08302 -0.0765822 -9.8299e-22)
(1.08324 -0.071716 4.1217e-22)
(1.08338 -0.066877 2.00182e-21)
(1.08347 -0.0620599 -2.64513e-21)
(1.08349 -0.057259 2.19285e-21)
(1.08346 -0.0524676 -3.89482e-21)
(1.08338 -0.0476782 1.49996e-21)
(1.08328 -0.0428821 -3.24985e-21)
(1.08315 -0.0380695 2.26958e-21)
(1.083 -0.0332291 1.60174e-21)
(1.08286 -0.0283479 1.39485e-23)
(1.08272 -0.0234108 1.04143e-21)
(1.08259 -0.0184003 -7.1762e-22)
(1.08251 -0.0132936 -3.70977e-21)
(1.08245 -0.00807963 -5.98009e-22)
(1.08247 -0.00267303 -3.27706e-21)
(1.03897 -0.207082 5.03787e-21)
(1.04146 -0.201519 -3.17558e-21)
(1.04469 -0.195525 1.98018e-21)
(1.04779 -0.189614 -2.8755e-21)
(1.05076 -0.183741 -2.02316e-22)
(1.05359 -0.177914 -6.6965e-22)
(1.05628 -0.172132 5.04477e-21)
(1.05883 -0.166399 -3.42258e-21)
(1.06123 -0.160715 -6.23952e-22)
(1.06348 -0.155082 5.45269e-22)
(1.06558 -0.1495 9.03966e-22)
(1.06753 -0.143972 -6.68345e-22)
(1.06935 -0.138497 -3.00321e-21)
(1.07102 -0.133075 3.18278e-21)
(1.07255 -0.127707 1.46403e-21)
(1.07395 -0.122393 -2.44609e-21)
(1.07522 -0.117131 -4.45694e-22)
(1.07636 -0.11192 -1.36755e-21)
(1.07738 -0.10676 2.01119e-21)
(1.07829 -0.101649 -2.44383e-21)
(1.07908 -0.0965848 1.53649e-21)
(1.07976 -0.0915648 -7.90969e-22)
(1.08034 -0.0865865 -1.88607e-21)
(1.08082 -0.0816467 6.77931e-22)
(1.08122 -0.0767419 2.91335e-21)
(1.08152 -0.0718681 -3.18296e-21)
(1.08174 -0.0670208 -2.50019e-21)
(1.08189 -0.0621951 2.51496e-22)
(1.08198 -0.0573851 2.49509e-21)
(1.08201 -0.0525842 -1.34999e-21)
(1.08199 -0.047785 -2.59201e-21)
(1.08193 -0.0429788 7.77684e-22)
(1.08184 -0.0381559 -6.17498e-22)
(1.08173 -0.033305 -2.35335e-22)
(1.08162 -0.028413 -3.09941e-21)
(1.0815 -0.0234648 -1.80007e-21)
(1.08141 -0.018443 2.28277e-21)
(1.08133 -0.0133251 -8.59275e-22)
(1.08129 -0.00809764 -2.1215e-21)
(1.08131 -0.00268296 8.65532e-22)
(1.03227 -0.206356 -1.15961e-20)
(1.03511 -0.200982 2.38438e-20)
(1.03868 -0.195089 2.39099e-21)
(1.04208 -0.189278 -1.09326e-20)
(1.04535 -0.183489 7.73174e-21)
(1.04846 -0.177736 -6.05245e-21)
(1.05142 -0.172018 -2.00274e-21)
(1.05423 -0.166339 5.21816e-21)
(1.05688 -0.160702 -2.23587e-21)
(1.05937 -0.155109 -6.04594e-22)
(1.0617 -0.149561 -2.465e-21)
(1.06387 -0.144061 1.13422e-21)
(1.06589 -0.138609 8.2372e-22)
(1.06775 -0.133206 7.03856e-22)
(1.06947 -0.127852 -2.10627e-21)
(1.07104 -0.122549 3.00199e-21)
(1.07247 -0.117295 -1.1267e-21)
(1.07376 -0.11209 9.68384e-22)
(1.07493 -0.106933 -1.82075e-21)
(1.07596 -0.101822 1.27161e-21)
(1.07688 -0.0967567 -1.10023e-21)
(1.07767 -0.0917341 1.30085e-21)
(1.07836 -0.0867519 1.94816e-21)
(1.07894 -0.0818072 -1.03083e-21)
(1.07942 -0.0768964 1.36349e-22)
(1.07981 -0.0720158 -2.00079e-22)
(1.08011 -0.0671611 1.14383e-21)
(1.08033 -0.0623273 -2.93234e-21)
(1.08048 -0.0575086 6.05928e-21)
(1.08057 -0.0526987 1.98937e-21)
(1.0806 -0.04789 -3.60322e-21)
(1.08059 -0.0430741 6.43807e-23)
(1.08054 -0.0382411 -9.17411e-22)
(1.08047 -0.0333799 4.11263e-22)
(1.08039 -0.0284772 2.27242e-21)
(1.0803 -0.0235182 3.48355e-21)
(1.08022 -0.0184851 -1.64712e-21)
(1.08016 -0.0133563 1.24141e-21)
(1.08013 -0.00811558 1.38527e-21)
(1.08016 -0.00269312 -6.42601e-22)
(1.02554 -0.205464 7.82758e-22)
(1.02875 -0.200298 2.3658e-20)
(1.03264 -0.194522 -1.69015e-20)
(1.03634 -0.188824 1.58393e-20)
(1.0399 -0.183132 -8.34902e-21)
(1.04329 -0.177462 1.15539e-20)
(1.04653 -0.171818 -8.12329e-22)
(1.04961 -0.166203 -2.76778e-21)
(1.05251 -0.160622 -4.92007e-21)
(1.05525 -0.155077 7.73178e-21)
(1.05781 -0.149571 -2.87905e-21)
(1.0602 -0.144105 6.98231e-22)
(1.06243 -0.138682 -1.77486e-22)
(1.06449 -0.133303 -3.44391e-22)
(1.06638 -0.127969 1.51089e-22)
(1.06813 -0.122681 -1.33354e-21)
(1.06972 -0.117438 6.05821e-22)
(1.07116 -0.112241 1.48452e-21)
(1.07247 -0.10709 -1.20349e-21)
(1.07364 -0.101982 1.41051e-21)
(1.07467 -0.096918 -2.96521e-21)
(1.07559 -0.0918945 1.66805e-21)
(1.07638 -0.0869098 -2.76266e-22)
(1.07706 -0.0819613 -2.05864e-21)
(1.07763 -0.0770455 1.43799e-21)
(1.0781 -0.072159 -1.27469e-21)
(1.07848 -0.0672975 1.11998e-21)
(1.07878 -0.0624562 5.23803e-21)
(1.07899 -0.0576295 -3.71046e-21)
(1.07914 -0.0528109 -2.22009e-21)
(1.07922 -0.0479931 5.23505e-21)
(1.07926 -0.0431677 -9.47637e-22)
(1.07925 -0.0383249 -1.4349e-21)
(1.07922 -0.0334535 -5.84435e-23)
(1.07916 -0.0285405 -2.47357e-21)
(1.0791 -0.0235708 -2.27785e-21)
(1.07904 -0.0185267 -2.00794e-22)
(1.079 -0.013387 5.92115e-22)
(1.07898 -0.00813341 8.54567e-22)
(1.07901 -0.00270344 1.87351e-21)
(1.01881 -0.204409 3.70176e-20)
(1.02238 -0.199466 6.77377e-21)
(1.02657 -0.193824 -3.16721e-20)
(1.03058 -0.18825 3.76686e-21)
(1.03443 -0.182663 2.80595e-20)
(1.03812 -0.177088 -1.59808e-20)
(1.04164 -0.171529 -5.28796e-22)
(1.04498 -0.165989 4.62631e-21)
(1.04814 -0.160474 -5.65342e-21)
(1.05111 -0.154986 7.69364e-21)
(1.05391 -0.149529 -4.38039e-21)
(1.05652 -0.144106 4.31638e-22)
(1.05895 -0.138718 1.21994e-21)
(1.0612 -0.133368 -7.28652e-22)
(1.06329 -0.128058 -1.35804e-21)
(1.0652 -0.122789 -2.6571e-23)
(1.06696 -0.117561 -2.80899e-22)
(1.06856 -0.112375 -9.94235e-22)
(1.07001 -0.107232 2.392e-21)
(1.07131 -0.10213 -1.07594e-21)
(1.07247 -0.0970683 -3.73157e-22)
(1.0735 -0.0920456 9.34763e-22)
(1.0744 -0.0870599 -8.51215e-22)
(1.07518 -0.0821087 9.7404e-22)
(1.07585 -0.0771891 -2.93941e-21)
(1.07641 -0.0722975 2.19545e-21)
(1.07686 -0.0674299 -3.23423e-22)
(1.07723 -0.0625817 -1.78028e-21)
(1.07751 -0.0577474 1.17856e-21)
(1.07771 -0.0529206 -1.82479e-21)
(1.07785 -0.0480941 1.85316e-21)
(1.07793 -0.0432595 5.19737e-22)
(1.07797 -0.0384072 1.5697e-22)
(1.07797 -0.0335259 1.01458e-21)
(1.07794 -0.0286027 5.2258e-22)
(1.07791 -0.0236225 3.51363e-22)
(1.07787 -0.0185676 8.78321e-22)
(1.07784 -0.0134171 1.433e-21)
(1.07783 -0.0081511 -2.38156e-22)
(1.07786 -0.00271384 -4.29643e-23)
(1.01207 -0.203199 7.942e-21)
(1.01601 -0.19848 2.57552e-20)
(1.02051 -0.192987 7.91665e-21)
(1.02481 -0.187546 -3.59664e-20)
(1.02896 -0.18208 4.69876e-21)
(1.03293 -0.176614 4.77819e-22)
(1.03671 -0.171152 1.04368e-20)
(1.04031 -0.1657 1.86928e-23)
(1.04372 -0.16026 8.32921e-21)
(1.04693 -0.154838 2.78809e-21)
(1.04996 -0.149438 -7.60808e-21)
(1.05279 -0.144062 -1.3506e-21)
(1.05543 -0.138715 2.95911e-21)
(1.05789 -0.1334 8.5781e-22)
(1.06016 -0.128118 5.64452e-22)
(1.06226 -0.122871 7.63487e-23)
(1.06418 -0.117662 -1.7682e-21)
(1.06594 -0.112491 3.93319e-22)
(1.06753 -0.107358 1.53263e-22)
(1.06898 -0.102264 9.94152e-22)
(1.07027 -0.097207 -6.12586e-22)
(1.07142 -0.0921868 -1.18591e-21)
(1.07243 -0.0872015 1.00165e-21)
(1.07331 -0.082249 6.8072e-22)
(1.07407 -0.0773265 -1.10058e-21)
(1.07471 -0.0724307 4.9128e-22)
(1.07525 -0.0675579 -1.22475e-21)
(1.07569 -0.0627035 1.46791e-21)
(1.07603 -0.0578621 -1.55936e-21)
(1.07629 -0.0530275 6.3802e-22)
(1.07648 -0.0481927 -1.42967e-22)
(1.07661 -0.0433493 -2.98709e-21)
(1.07669 -0.0384877 7.72188e-22)
(1.07673 -0.0335968 -3.64147e-22)
(1.07673 -0.0286636 -1.45555e-21)
(1.07672 -0.0236732 2.51475e-21)
(1.0767 -0.0186077 2.69468e-22)
(1.07669 -0.0134467 -2.08067e-21)
(1.07669 -0.00816858 5.65681e-22)
(1.07672 -0.00272422 3.03796e-22)
(1.00535 -0.201838 1.22177e-20)
(1.00966 -0.197333 1.03874e-20)
(1.01444 -0.192011 -3.61524e-20)
(1.01902 -0.186722 3.28236e-20)
(1.02343 -0.181394 -4.27253e-20)
(1.02765 -0.17605 3.44246e-20)
(1.03169 -0.170696 -7.17936e-21)
(1.03555 -0.165338 -8.57481e-21)
(1.03921 -0.159981 2.42239e-22)
(1.04268 -0.154631 3.17753e-21)
(1.04595 -0.149293 -1.31563e-20)
(1.04901 -0.143972 8.06076e-21)
(1.05187 -0.138671 5.68453e-21)
(1.05454 -0.133394 3.54355e-22)
(1.05701 -0.128145 -4.89604e-21)
(1.05929 -0.122926 1.741e-21)
(1.06139 -0.117739 -1.59753e-21)
(1.06331 -0.112586 1.85474e-21)
(1.06506 -0.107467 -1.08321e-21)
(1.06664 -0.102382 2.46294e-22)
(1.06807 -0.0973327 2.84656e-22)
(1.06934 -0.0923169 -8.21372e-22)
(1.07046 -0.0873337 -4.18434e-23)
(1.07145 -0.0823813 1.23093e-21)
(1.0723 -0.0774571 -1.98897e-21)
(1.07303 -0.0725582 1.43987e-21)
(1.07365 -0.067681 -1.989e-22)
(1.07416 -0.062821 1.37147e-21)
(1.07457 -0.0579732 3.02945e-22)
(1.07489 -0.0531314 -2.27731e-22)
(1.07513 -0.0482887 1.29721e-21)
(1.07531 -0.0434369 1.3775e-21)
(1.07542 -0.0385664 -1.64272e-21)
(1.07549 -0.0336661 -4.54975e-22)
(1.07553 -0.0287232 1.40302e-22)
(1.07554 -0.0237227 -2.4569e-22)
(1.07554 -0.018647 5.89598e-22)
(1.07554 -0.0134755 1.16127e-21)
(1.07555 -0.00818582 -1.70986e-21)
(1.07558 -0.00273448 -3.56058e-22)
(0.998642 -0.20035 4.08135e-20)
(1.00329 -0.196041 -2.20908e-20)
(1.0083 -0.190919 2.21751e-21)
(1.01313 -0.1858 -2.88379e-20)
(1.0178 -0.180617 3.98417e-20)
(1.0223 -0.175398 -3.52724e-20)
(1.02663 -0.170154 2.85164e-20)
(1.03077 -0.164895 -3.10107e-20)
(1.03471 -0.159626 2.63504e-20)
(1.03845 -0.154355 -4.18592e-21)
(1.04196 -0.149087 -8.3135e-21)
(1.04527 -0.143827 -5.13591e-21)
(1.04835 -0.138579 1.1173e-20)
(1.05123 -0.133348 -1.56557e-21)
(1.0539 -0.128138 2.29677e-21)
(1.05637 -0.122951 2.46993e-22)
(1.05864 -0.11779 -3.41474e-21)
(1.06072 -0.112658 1.38231e-22)
(1.06262 -0.107556 2.23012e-21)
(1.06435 -0.102485 2.28748e-22)
(1.0659 -0.0974449 -1.17546e-22)
(1.06729 -0.0924356 -2.58432e-23)
(1.06852 -0.0874563 4.21059e-22)
(1.06961 -0.0825055 -9.7803e-22)
(1.07056 -0.0775809 1.07648e-21)
(1.07137 -0.07268 -1.41029e-22)
(1.07207 -0.0677992 1.10285e-21)
(1.07265 -0.0629344 -1.3379e-21)
(1.07312 -0.0580807 -6.39673e-22)
(1.0735 -0.0532323 9.03017e-23)
(1.07379 -0.0483821 1.37596e-22)
(1.07401 -0.0435221 4.35446e-22)
(1.07417 -0.038643 6.89126e-22)
(1.07427 -0.0337336 -2.90138e-22)
(1.07434 -0.0287813 -2.09156e-23)
(1.07437 -0.023771 -1.151e-21)
(1.07439 -0.0186852 -1.0133e-21)
(1.0744 -0.0135036 7.26936e-22)
(1.07441 -0.00820279 -6.93262e-23)
(1.07444 -0.0027445 -8.50618e-22)
(0.991887 -0.198789 -3.59807e-20)
(0.996877 -0.194635 1.55715e-20)
(1.00215 -0.189715 1.12908e-20)
(1.0073 -0.18476 -5.3333e-20)
(1.0123 -0.179718 2.37369e-20)
(1.01713 -0.174626 -1.19267e-20)
(1.02177 -0.169501 2.39828e-20)
(1.0262 -0.164353 -4.31415e-21)
(1.03041 -0.159186 1.35025e-20)
(1.03439 -0.154006 -1.47065e-20)
(1.03815 -0.148818 -3.45249e-21)
(1.04167 -0.143628 -1.35029e-21)
(1.04497 -0.138442 4.17214e-22)
(1.04805 -0.133263 1.07002e-20)
(1.0509 -0.128097 -7.29236e-21)
(1.05355 -0.122947 -3.87203e-21)
(1.05598 -0.117818 5.67759e-21)
(1.05821 -0.112711 -4.42823e-21)
(1.06025 -0.107629 4.13457e-21)
(1.06211 -0.102574 -3.76698e-21)
(1.06378 -0.0975456 1.55185e-21)
(1.06529 -0.0925448 -3.30003e-23)
(1.06663 -0.0875709 -2.28643e-22)
(1.06781 -0.0826229 -2.77964e-22)
(1.06885 -0.0776991 2.77054e-22)
(1.06974 -0.0727969 1.12893e-22)
(1.07051 -0.0679132 -2.92425e-22)
(1.07116 -0.0630443 6.21789e-23)
(1.07169 -0.0581852 -1.02599e-21)
(1.07213 -0.0533304 2.99609e-22)
(1.07247 -0.0484731 -1.68947e-21)
(1.07273 -0.0436053 1.03601e-22)
(1.07292 -0.0387178 4.78269e-22)
(1.07306 -0.0337996 8.6165e-23)
(1.07315 -0.028838 3.58947e-22)
(1.07321 -0.0238182 1.89528e-21)
(1.07324 -0.0187225 -6.07494e-22)
(1.07327 -0.0135309 -1.25371e-21)
(1.07329 -0.00821947 1.15342e-22)
(1.07331 -0.00275419 1.24753e-21)
(0.985206 -0.197193 1.19952e-19)
(0.990649 -0.19308 -7.57013e-20)
(0.996302 -0.188322 1.91795e-20)
(1.00181 -0.183537 -3.37861e-20)
(1.00712 -0.178661 2.2858e-20)
(1.01223 -0.173724 -2.5458e-20)
(1.01712 -0.168743 2.44291e-20)
(1.02178 -0.163725 6.66744e-21)
(1.02622 -0.158675 -2.42186e-22)
(1.03042 -0.153598 2.2309e-21)
(1.03439 -0.148501 7.22808e-21)
(1.03812 -0.143389 -9.52346e-21)
(1.04162 -0.13827 3.73027e-21)
(1.04488 -0.133149 -1.69109e-21)
(1.04791 -0.128033 -6.98683e-21)
(1.05072 -0.122924 2.93877e-21)
(1.05331 -0.117829 1.31797e-20)
(1.0557 -0.11275 -8.64494e-21)
(1.05788 -0.107691 2.82514e-21)
(1.05986 -0.102653 5.66442e-22)
(1.06166 -0.0976385 -8.67847e-22)
(1.06328 -0.0926473 4.64851e-22)
(1.06472 -0.0876799 -1.36246e-22)
(1.06601 -0.0827356 -4.09625e-23)
(1.06713 -0.077813 -2.08378e-22)
(1.06811 -0.0729102 8.18143e-22)
(1.06896 -0.0680241 4.10706e-22)
(1.06967 -0.0631513 -1.42244e-21)
(1.07027 -0.0582872 8.74707e-22)
(1.07076 -0.0534263 1.09738e-22)
(1.07115 -0.048562 -2.46789e-22)
(1.07146 -0.0436866 4.52612e-22)
(1.07169 -0.0387908 -1.32398e-21)
(1.07186 -0.0338639 1.003e-21)
(1.07198 -0.0288933 5.62454e-24)
(1.07205 -0.0238641 -3.51263e-22)
(1.07211 -0.0187588 -8.08388e-22)
(1.07214 -0.0135574 1.04263e-21)
(1.07216 -0.00823583 -1.48215e-22)
(1.07219 -0.00276342 -3.60575e-24)
(0.978819 -0.195561 -1.19265e-19)
(0.984636 -0.191342 1.20694e-19)
(0.990466 -0.186736 -4.34786e-20)
(0.99611 -0.182174 2.85415e-20)
(1.00156 -0.17751 -6.79643e-20)
(1.00683 -0.172752 1.38551e-20)
(1.01192 -0.167926 -2.05576e-20)
(1.0168 -0.163045 4.2718e-20)
(1.02147 -0.158117 -5.33514e-21)
(1.02592 -0.153147 -1.70928e-22)
(1.03013 -0.148144 -2.33238e-20)
(1.0341 -0.143115 2.46826e-20)
(1.03783 -0.138068 -4.05598e-21)
(1.04132 -0.133008 2.91996e-21)
(1.04457 -0.127944 -7.08084e-21)
(1.04758 -0.12288 6.87768e-21)
(1.05037 -0.117822 -2.82896e-21)
(1.05293 -0.112774 -8.73105e-22)
(1.05528 -0.107739 2.43842e-21)
(1.05743 -0.102721 1.13676e-21)
(1.05938 -0.0977209 -4.63597e-21)
(1.06113 -0.0927408 8.2622e-22)
(1.0627 -0.087781 7.70715e-23)
(1.0641 -0.0828414 -2.88812e-23)
(1.06534 -0.077921 -7.84335e-23)
(1.06642 -0.0730181 1.18873e-23)
(1.06735 -0.0681303 -2.93273e-22)
(1.06814 -0.0632541 1.57572e-22)
(1.06881 -0.0583854 8.21638e-22)
(1.06936 -0.0535187 -1.00578e-21)
(1.06981 -0.0486479 9.13524e-22)
(1.07017 -0.0437651 9.55689e-22)
(1.07045 -0.0388614 -4.6514e-22)
(1.07065 -0.0339261 5.6971e-25)
(1.0708 -0.0289467 7.14834e-23)
(1.0709 -0.0239084 2.9567e-22)
(1.07097 -0.0187938 -2.0606e-22)
(1.07102 -0.0135829 1.39084e-23)
(1.07105 -0.00825174 2.51653e-22)
(1.07107 -0.00277206 -7.52024e-22)
(0.977862 -0.189732 -4.21343e-20)
(0.983465 -0.185214 -5.1187e-20)
(0.989093 -0.180829 2.53767e-20)
(0.994673 -0.176344 1.22946e-20)
(1.00017 -0.171736 8.57727e-21)
(1.00553 -0.167043 -1.05848e-20)
(1.01074 -0.162287 -1.83261e-20)
(1.01574 -0.157476 4.54663e-20)
(1.02052 -0.152615 -5.09681e-20)
(1.02507 -0.14771 3.33054e-20)
(1.02936 -0.142769 -3.0679e-21)
(1.0334 -0.137799 9.87986e-21)
(1.03718 -0.132808 -2.51801e-21)
(1.04071 -0.127802 1.82968e-22)
(1.04399 -0.122789 -1.3517e-20)
(1.04703 -0.117773 8.12788e-21)
(1.04983 -0.11276 -4.52812e-21)
(1.05239 -0.107755 -2.6675e-21)
(1.05474 -0.10276 1.13233e-21)
(1.05687 -0.0977787 2.53241e-21)
(1.0588 -0.0928128 -3.57777e-21)
(1.06053 -0.0878635 1.86107e-21)
(1.06207 -0.0829311 5.28479e-22)
(1.06343 -0.0780151 4.65974e-23)
(1.06463 -0.0731142 -1.19122e-22)
(1.06567 -0.0682262 1.55875e-22)
(1.06656 -0.0633481 2.12745e-23)
(1.06731 -0.0584759 -6.801e-22)
(1.06794 -0.0536046 -1.4752e-22)
(1.06845 -0.048728 4.42324e-22)
(1.06887 -0.0438387 4.60518e-23)
(1.06919 -0.0389278 -7.90024e-22)
(1.06944 -0.0339847 5.39659e-22)
(1.06962 -0.028997 3.73399e-22)
(1.06975 -0.0239501 -8.98184e-23)
(1.06984 -0.0188268 -3.56563e-23)
(1.06989 -0.0136069 1.2095e-22)
(1.06993 -0.00826689 9.90482e-23)
(1.06995 -0.00277983 -9.40436e-24)
(0.97659 -0.183905 9.84411e-20)
(0.982503 -0.179481 -4.80191e-20)
(0.988408 -0.175085 -9.4113e-21)
(0.994232 -0.170592 -3.01456e-20)
(0.999924 -0.166017 -1.48976e-20)
(1.00544 -0.161383 1.38012e-20)
(1.01074 -0.156694 1.22196e-20)
(1.01582 -0.151951 -1.5286e-20)
(1.02064 -0.147155 3.07838e-20)
(1.0252 -0.142314 3.40743e-21)
(1.02949 -0.137432 7.3898e-21)
(1.03351 -0.13252 -1.40912e-20)
(1.03727 -0.127583 -1.40309e-20)
(1.04077 -0.122628 1.59392e-20)
(1.04401 -0.117663 -5.14832e-21)
(1.04701 -0.112693 4.1003e-21)
(1.04975 -0.107724 -5.66382e-21)
(1.05227 -0.102758 -6.74474e-21)
(1.05456 -0.0978012 2.75286e-21)
(1.05663 -0.0928543 5.02777e-21)
(1.05849 -0.0879197 -2.60053e-21)
(1.06015 -0.0829981 4.39595e-22)
(1.06163 -0.0780896 -1.18394e-21)
(1.06293 -0.0731933 1.06875e-22)
(1.06406 -0.0683075 4.95695e-23)
(1.06503 -0.0634295 1.52503e-23)
(1.06586 -0.0585557 -2.12059e-22)
(1.06655 -0.0536812 4.11747e-22)
(1.06713 -0.0488002 -4.96674e-22)
(1.06759 -0.0439055 -1.27431e-25)
(1.06796 -0.0389883 4.56591e-22)
(1.06824 -0.0340383 -3.03781e-22)
(1.06845 -0.0290432 -3.17583e-22)
(1.06861 -0.0239885 4.84658e-23)
(1.06871 -0.0188571 1.02991e-22)
(1.06878 -0.0136289 3.13899e-22)
(1.06883 -0.00828089 -2.25838e-22)
(1.06884 -0.00278643 3.19584e-23)
)
;

boundaryField
{
    inlet
    {
        type            uniformFixedValue;
        uniformValue    constant (1 0 0);
        value           uniform (1 0 0);
    }
    outlet
    {
        type            pressureInletOutletVelocity;
        value           nonuniform 0();
    }
    cylinder
    {
        type            fixedValue;
        value           nonuniform 0();
    }
    top
    {
        type            symmetryPlane;
    }
    bottom
    {
        type            symmetryPlane;
    }
    defaultFaces
    {
        type            empty;
    }
    procBoundary0to1
    {
        type            processor;
        value           nonuniform List<vector> 
46
(
(1.13398 -0.244527 -5.34965e-20)
(1.13044 -0.233407 -2.93936e-20)
(1.12715 -0.222559 -2.88217e-20)
(1.12378 -0.212692 4.14627e-20)
(1.12378 -0.212692 4.14627e-20)
(1.12736 -0.201475 4.19856e-21)
(1.12541 -0.195443 -2.27586e-21)
(1.12393 -0.189389 -6.70843e-21)
(1.12281 -0.183476 -4.9487e-21)
(1.12181 -0.177659 1.0065e-20)
(1.121 -0.171871 4.20622e-21)
(1.12025 -0.166225 -7.15343e-21)
(1.11952 -0.160637 -1.88254e-21)
(1.11491 -0.155802 7.26813e-21)
(1.11491 -0.155802 7.26813e-21)
(1.11438 -0.150294 -5.00115e-21)
(1.11386 -0.14485 4.76564e-21)
(1.11331 -0.139499 2.68832e-21)
(1.11278 -0.134193 8.52485e-22)
(1.11223 -0.128899 3.83655e-21)
(1.11165 -0.12368 -6.36984e-21)
(1.11105 -0.118529 -2.88969e-21)
(1.11044 -0.113434 4.08916e-21)
(1.10982 -0.108391 2.47959e-21)
(1.10917 -0.103398 -3.75362e-21)
(1.1085 -0.0984535 5.36344e-21)
(1.10782 -0.0935542 -3.3598e-21)
(1.10712 -0.0886985 -1.84142e-21)
(1.1064 -0.0838925 -5.37964e-22)
(1.1057 -0.079112 6.40182e-22)
(1.10496 -0.0743542 1.75275e-21)
(1.10421 -0.0696362 -8.3795e-23)
(1.10346 -0.0649438 1.72929e-21)
(1.10271 -0.0602714 7.72415e-22)
(1.10196 -0.0556136 -4.31149e-22)
(1.10123 -0.0509638 -3.77567e-21)
(1.10051 -0.0463148 2.63555e-21)
(1.09982 -0.0416582 2.77256e-21)
(1.09917 -0.0369848 -2.86064e-21)
(1.09855 -0.0322836 1.65817e-21)
(1.098 -0.0275423 -5.71386e-22)
(1.0975 -0.0227454 6.27649e-22)
(1.09709 -0.0178809 -1.49508e-21)
(1.09677 -0.012912 -2.90965e-21)
(1.09654 -0.00786602 -1.74563e-21)
(1.09645 -0.0025895 -5.99699e-22)
)
;
    }
    procBoundary0to4
    {
        type            processor;
        value           nonuniform List<vector> 
56
(
(0.97089 -0.207586 1.16229e-19)
(0.977926 -0.210108 -5.25384e-20)
(0.977926 -0.210108 -5.25384e-20)
(0.980599 -0.224649 -1.11804e-19)
(0.98861 -0.226783 8.73847e-20)
(0.996595 -0.228613 6.25129e-20)
(0.996595 -0.228613 6.25129e-20)
(1.00198 -0.243077 8.34409e-20)
(1.01036 -0.244321 -3.66916e-20)
(1.01036 -0.244321 -3.66916e-20)
(1.01677 -0.259595 1.73716e-20)
(1.02548 -0.260205 7.43288e-21)
(1.03411 -0.26054 -1.64364e-20)
(1.03411 -0.26054 -1.64364e-20)
(1.04249 -0.275276 -9.29321e-21)
(1.05135 -0.274885 4.6191e-21)
(1.06007 -0.274229 8.84642e-21)
(1.06865 -0.273322 -4.59859e-20)
(1.06865 -0.273322 -4.59859e-20)
(1.07918 -0.286572 -3.02632e-20)
(1.08781 -0.284901 4.02122e-20)
(1.09625 -0.283003 1.67162e-21)
(1.10449 -0.280894 -3.35895e-20)
(1.11252 -0.278589 7.25391e-21)
(1.12034 -0.276102 -1.37248e-20)
(1.12034 -0.276102 -1.37248e-20)
(1.13273 -0.286369 -6.14882e-20)
(0.963341 -0.187155 0)
(0.960061 -0.163025 0)
(0.954768 -0.152561 0)
(0.954027 -0.134094 0)
(0.952655 -0.122106 0)
(0.954045 -0.107327 0)
(0.955022 -0.0960565 0)
(0.957763 -0.0839795 0)
(0.960153 -0.0741891 0)
(0.963633 -0.0643741 0)
(0.966743 -0.0562318 0)
(0.970481 -0.0483607 0)
(0.973807 -0.0417806 0)
(0.977449 -0.035556 0)
(0.980642 -0.0303465 0)
(0.983946 -0.0254827 0)
(0.986778 -0.0214176 0)
(0.989592 -0.0176445 0)
(0.991929 -0.0144889 0)
(0.994169 -0.0115582 0)
(0.995933 -0.00908974 0)
(0.997544 -0.00676614 0)
(0.998669 -0.00475602 0)
(0.99958 -0.00278365 0)
(0.999958 -0.000952209 0)
(0.972347 -0.194114 -5.98259e-21)
(0.972347 -0.194114 -5.98259e-21)
(0.970853 -0.188711 -5.5421e-20)
(0.970853 -0.188711 -5.5421e-20)
)
;
    }
    procBoundary0to5
    {
        type            processor;
        value           nonuniform List<vector> 3((1.13532 -0.270644 9.44895e-20) (1.131 -0.258522 1.67579e-20) (1.131 -0.258522 1.67579e-20));
    }
}


// ************************************************************************* //
