/*--------------------------------*- C++ -*----------------------------------*\
  =========                 |
  \\      /  F ield         | OpenFOAM: The Open Source CFD Toolbox
   \\    /   O peration     | Website:  https://openfoam.org
    \\  /    A nd           | Version:  7
     \\/     M anipulation  |
\*---------------------------------------------------------------------------*/
FoamFile
{
    version     2.0;
    format      ascii;
    class       labelList;
    note        "nPoints: 4188 nCells: 1987 nFaces: 8054 nInternalFaces: 3868";
    location    "constant/polyMesh";
    object      neighbour;
}
// * * * * * * * * * * * * * * * * * * * * * * * * * * * * * * * * * * * * * //


3868
(
1
6
2
7
3
8
4
9
5
10
11
7
31
8
32
9
33
10
34
11
35
12
36
13
37
14
38
15
39
16
40
17
41
18
42
19
43
20
44
21
45
22
46
23
47
24
48
25
49
26
50
27
51
28
52
29
53
30
54
55
1184
32
56
33
57
34
58
35
59
36
60
37
61
38
62
39
63
40
64
41
65
42
66
43
67
44
68
45
69
46
70
47
71
48
72
49
73
50
74
51
75
52
76
53
77
54
78
55
79
80
1209
57
81
58
82
59
83
60
84
61
85
62
86
63
87
64
88
65
89
66
90
67
91
68
92
69
93
70
94
71
95
72
96
73
97
74
98
75
99
76
100
77
101
78
102
79
103
80
104
105
1234
82
106
83
107
84
108
85
109
86
110
87
111
88
112
89
113
90
114
91
115
92
116
93
117
94
118
95
119
96
120
97
121
98
122
99
123
100
124
101
125
102
126
103
127
104
128
105
129
130
1259
107
131
108
132
109
133
110
134
111
135
112
136
113
137
114
138
115
139
116
140
117
141
118
142
119
143
120
144
121
145
122
146
123
147
124
148
125
149
126
150
127
151
128
152
129
153
130
154
155
1284
132
156
133
157
134
158
135
159
136
160
137
161
138
162
139
163
140
164
141
165
142
166
143
167
144
168
145
169
146
170
147
171
148
172
149
173
150
174
151
175
152
176
153
177
154
178
155
179
180
1309
157
181
158
182
159
183
160
184
161
185
162
186
163
187
164
188
165
189
166
190
167
191
168
192
169
193
170
194
171
195
172
196
173
197
174
198
175
199
176
200
177
201
178
202
179
203
180
204
205
1334
182
206
183
207
184
208
185
209
186
210
187
211
188
212
189
213
190
214
191
215
192
216
193
217
194
218
195
219
196
220
197
221
198
222
199
223
200
224
201
225
202
226
203
227
204
228
205
229
230
1359
207
231
208
232
209
233
210
234
211
235
212
236
213
237
214
238
215
239
216
240
217
241
218
242
219
243
220
244
221
245
222
246
223
247
224
248
225
249
226
250
227
251
228
252
229
253
230
254
255
1384
232
256
233
257
234
258
235
259
236
260
237
261
238
262
239
263
240
264
241
265
242
266
243
267
244
268
245
269
246
270
247
271
248
272
249
273
250
274
251
275
252
276
253
277
254
278
255
279
280
1409
257
281
258
282
259
283
260
284
261
285
262
286
263
287
264
288
265
289
266
290
267
291
268
292
269
293
270
294
271
295
272
296
273
297
274
298
275
299
276
300
277
301
278
302
279
303
280
304
305
1434
282
306
283
307
284
308
285
309
286
310
287
311
288
312
289
313
290
314
291
315
292
316
293
317
294
318
295
319
296
320
297
321
298
322
299
323
300
324
301
325
302
326
303
327
304
328
305
329
330
1459
307
331
308
332
309
333
310
334
311
335
312
336
313
337
314
338
315
339
316
340
317
341
318
342
319
343
320
344
321
345
322
346
323
347
324
348
325
349
326
350
327
351
328
352
329
353
330
354
355
1484
332
356
333
357
334
358
335
359
336
360
337
361
338
362
339
363
340
364
341
365
342
366
343
367
344
368
345
369
346
370
347
371
348
372
349
373
350
374
351
375
352
376
353
377
354
378
355
379
380
1509
357
381
358
382
359
383
360
384
361
385
362
386
363
387
364
388
365
389
366
390
367
391
368
392
369
393
370
394
371
395
372
396
373
397
374
398
375
399
376
400
377
401
378
402
379
403
380
404
405
1534
382
406
383
407
384
408
385
409
386
410
387
411
388
412
389
413
390
414
391
415
392
416
393
417
394
418
395
419
396
420
397
421
398
422
399
423
400
424
401
425
402
426
403
427
404
428
405
429
430
1559
407
431
408
432
409
433
410
434
411
435
412
436
413
437
414
438
415
439
416
440
417
441
418
442
419
443
420
444
421
445
422
446
423
447
424
448
425
449
426
450
427
451
428
452
429
453
430
454
455
1584
432
456
433
457
434
458
435
459
436
460
437
461
438
462
439
463
440
464
441
465
442
466
443
467
444
468
445
469
446
470
447
471
448
472
449
473
450
474
451
475
452
476
453
477
454
478
455
479
480
1609
457
481
458
482
459
483
460
484
461
485
462
486
463
487
464
488
465
489
466
490
467
491
468
492
469
493
470
494
471
495
472
496
473
497
474
498
475
499
476
500
477
501
478
502
479
503
480
504
505
1634
482
506
483
507
484
508
485
509
486
510
487
511
488
512
489
513
490
514
491
515
492
516
493
517
494
518
495
519
496
520
497
521
498
522
499
523
500
524
501
525
502
526
503
527
504
528
505
529
530
1659
507
531
508
532
509
533
510
534
511
535
512
536
513
537
514
538
515
539
516
540
517
541
518
542
519
543
520
544
521
545
522
546
523
547
524
548
525
549
526
550
527
551
528
552
529
553
530
554
555
1684
532
556
533
557
534
558
535
559
536
560
537
561
538
562
539
563
540
564
541
565
542
566
543
567
544
568
545
569
546
570
547
571
548
572
549
573
550
574
551
575
552
576
553
577
554
578
555
579
580
1709
557
581
558
582
559
583
560
584
561
585
562
586
563
587
564
588
565
589
566
590
567
591
568
592
569
593
570
594
571
595
572
596
573
597
574
598
575
599
576
600
577
601
578
602
579
603
580
604
605
1734
582
606
583
607
584
608
585
609
586
610
587
611
588
612
589
613
590
614
591
615
592
616
593
617
594
618
595
619
596
620
597
621
598
622
599
623
600
624
601
625
602
626
603
627
604
628
605
629
630
1759
607
631
608
632
609
633
610
634
611
635
612
636
613
637
614
638
615
639
616
640
617
641
618
642
619
643
620
644
621
645
622
646
623
647
624
648
625
649
626
650
627
651
628
652
629
653
630
654
655
1784
632
656
633
657
634
658
635
659
636
660
637
661
638
662
639
663
640
664
641
665
642
666
643
667
644
668
645
669
646
670
647
671
648
672
649
673
650
674
651
675
652
676
653
677
654
678
655
679
680
1809
657
681
658
682
659
683
660
684
661
685
662
686
663
687
664
688
665
689
666
690
667
691
668
692
669
693
670
694
671
695
672
696
673
697
674
698
675
699
676
700
677
701
678
702
679
703
680
704
705
1834
682
706
683
707
684
708
685
709
686
710
687
711
688
712
689
713
690
714
691
715
692
716
693
717
694
718
695
719
696
720
697
721
698
722
699
723
700
724
701
725
702
726
703
727
704
728
705
729
730
1859
707
731
708
732
709
733
710
734
711
735
712
736
713
737
714
738
715
739
716
740
717
741
718
742
719
743
720
744
721
745
722
746
723
747
724
748
725
749
726
750
727
751
728
752
729
753
730
754
755
1884
732
756
733
757
734
758
735
759
736
760
737
761
738
762
739
763
740
764
741
765
742
766
743
767
744
768
745
769
746
770
747
771
748
772
749
773
750
774
751
775
752
776
753
777
754
778
755
779
780
1909
757
781
758
782
759
783
760
784
761
785
762
786
763
787
764
788
765
789
766
790
767
791
768
792
769
793
770
794
771
795
772
796
773
797
774
798
775
799
776
800
777
801
778
802
779
803
780
804
805
1985
782
806
783
807
784
808
785
809
786
810
787
811
788
812
789
813
790
814
791
815
792
816
793
817
794
818
795
819
796
820
797
821
798
822
799
823
800
824
801
825
802
826
803
827
804
828
805
829
830
1984
807
831
808
832
809
833
810
834
811
835
812
836
813
837
814
838
815
839
816
840
817
841
818
842
819
843
820
844
821
845
822
846
823
847
824
848
825
849
826
850
827
851
828
852
829
853
830
854
855
832
856
833
857
834
858
835
859
836
860
837
861
838
862
839
863
840
864
841
865
842
866
843
867
844
868
845
869
846
870
847
871
848
872
849
873
850
874
851
875
852
876
853
877
854
878
855
879
857
880
858
881
859
882
860
883
861
884
862
885
863
886
864
887
865
888
866
889
867
890
868
891
869
892
870
893
871
894
872
895
873
896
874
897
875
898
876
899
877
900
878
901
879
902
903
881
904
882
905
883
906
884
907
885
908
886
909
887
910
888
911
889
912
890
913
891
914
892
915
893
916
894
917
895
918
896
919
897
920
898
921
899
922
900
923
901
924
902
925
903
926
927
905
928
906
929
907
930
908
931
909
932
910
933
911
934
912
935
913
936
914
937
915
938
916
939
917
940
918
941
919
942
920
943
921
944
922
945
923
946
924
947
925
948
926
949
927
950
929
951
930
952
931
953
932
954
933
955
934
956
935
957
936
958
937
959
938
960
939
961
940
962
941
963
942
964
943
965
944
966
945
967
946
968
947
969
948
970
949
971
950
972
973
952
974
953
975
954
976
955
977
956
978
957
979
958
980
959
981
960
982
961
983
962
984
963
985
964
986
965
987
966
988
967
989
968
990
969
991
970
992
971
993
972
994
973
995
975
996
976
997
977
998
978
999
979
1000
980
1001
981
1002
982
1003
983
1004
984
1005
985
1006
986
1007
987
1008
988
1009
989
1010
990
1011
991
1012
992
1013
993
1014
994
1015
995
1016
1017
997
1018
998
1019
999
1020
1000
1021
1001
1022
1002
1023
1003
1024
1004
1025
1005
1026
1006
1027
1007
1028
1008
1029
1009
1030
1010
1031
1011
1032
1012
1033
1013
1034
1014
1035
1015
1036
1016
1037
1017
1038
1039
1019
1040
1020
1041
1021
1042
1022
1043
1023
1044
1024
1045
1025
1046
1026
1047
1027
1048
1028
1049
1029
1050
1030
1051
1031
1052
1032
1053
1033
1054
1034
1055
1035
1056
1036
1057
1037
1058
1038
1059
1039
1060
1041
1061
1042
1062
1043
1063
1044
1064
1045
1065
1046
1066
1047
1067
1048
1068
1049
1069
1050
1070
1051
1071
1052
1072
1053
1073
1054
1074
1055
1075
1056
1076
1057
1077
1058
1078
1059
1079
1060
1080
1081
1062
1063
1064
1082
1065
1083
1066
1084
1067
1085
1068
1086
1069
1087
1070
1088
1071
1089
1072
1090
1073
1091
1074
1092
1075
1093
1076
1094
1077
1095
1078
1096
1079
1097
1080
1098
1081
1099
1100
1083
1084
1101
1085
1102
1086
1103
1087
1104
1088
1105
1089
1106
1090
1107
1091
1108
1092
1109
1093
1110
1094
1111
1095
1112
1096
1113
1097
1114
1098
1115
1099
1116
1100
1117
1118
1102
1103
1104
1119
1105
1120
1106
1121
1107
1122
1108
1123
1109
1124
1110
1125
1111
1126
1112
1127
1113
1128
1114
1129
1115
1130
1116
1131
1117
1132
1118
1133
1120
1121
1134
1122
1135
1123
1136
1124
1137
1125
1138
1126
1139
1127
1140
1128
1141
1129
1142
1130
1143
1131
1144
1132
1145
1133
1146
1147
1135
1136
1137
1148
1138
1149
1139
1150
1140
1151
1141
1152
1142
1153
1143
1154
1144
1155
1145
1156
1146
1157
1147
1158
1159
1149
1150
1151
1160
1152
1161
1153
1162
1154
1163
1155
1164
1156
1165
1157
1166
1158
1167
1159
1168
1169
1161
1162
1163
1170
1164
1171
1165
1172
1166
1173
1167
1174
1168
1175
1169
1176
1177
1171
1172
1173
1174
1178
1175
1179
1176
1180
1177
1181
1182
1179
1180
1181
1182
1183
1185
1209
1186
1210
1187
1211
1188
1212
1189
1213
1190
1214
1191
1215
1192
1216
1193
1217
1194
1218
1195
1219
1196
1220
1197
1221
1198
1222
1199
1223
1200
1224
1201
1225
1202
1226
1203
1227
1204
1228
1205
1229
1206
1230
1207
1231
1208
1232
1233
1210
1234
1211
1235
1212
1236
1213
1237
1214
1238
1215
1239
1216
1240
1217
1241
1218
1242
1219
1243
1220
1244
1221
1245
1222
1246
1223
1247
1224
1248
1225
1249
1226
1250
1227
1251
1228
1252
1229
1253
1230
1254
1231
1255
1232
1256
1233
1257
1258
1235
1259
1236
1260
1237
1261
1238
1262
1239
1263
1240
1264
1241
1265
1242
1266
1243
1267
1244
1268
1245
1269
1246
1270
1247
1271
1248
1272
1249
1273
1250
1274
1251
1275
1252
1276
1253
1277
1254
1278
1255
1279
1256
1280
1257
1281
1258
1282
1283
1260
1284
1261
1285
1262
1286
1263
1287
1264
1288
1265
1289
1266
1290
1267
1291
1268
1292
1269
1293
1270
1294
1271
1295
1272
1296
1273
1297
1274
1298
1275
1299
1276
1300
1277
1301
1278
1302
1279
1303
1280
1304
1281
1305
1282
1306
1283
1307
1308
1285
1309
1286
1310
1287
1311
1288
1312
1289
1313
1290
1314
1291
1315
1292
1316
1293
1317
1294
1318
1295
1319
1296
1320
1297
1321
1298
1322
1299
1323
1300
1324
1301
1325
1302
1326
1303
1327
1304
1328
1305
1329
1306
1330
1307
1331
1308
1332
1333
1310
1334
1311
1335
1312
1336
1313
1337
1314
1338
1315
1339
1316
1340
1317
1341
1318
1342
1319
1343
1320
1344
1321
1345
1322
1346
1323
1347
1324
1348
1325
1349
1326
1350
1327
1351
1328
1352
1329
1353
1330
1354
1331
1355
1332
1356
1333
1357
1358
1335
1359
1336
1360
1337
1361
1338
1362
1339
1363
1340
1364
1341
1365
1342
1366
1343
1367
1344
1368
1345
1369
1346
1370
1347
1371
1348
1372
1349
1373
1350
1374
1351
1375
1352
1376
1353
1377
1354
1378
1355
1379
1356
1380
1357
1381
1358
1382
1383
1360
1384
1361
1385
1362
1386
1363
1387
1364
1388
1365
1389
1366
1390
1367
1391
1368
1392
1369
1393
1370
1394
1371
1395
1372
1396
1373
1397
1374
1398
1375
1399
1376
1400
1377
1401
1378
1402
1379
1403
1380
1404
1381
1405
1382
1406
1383
1407
1408
1385
1409
1386
1410
1387
1411
1388
1412
1389
1413
1390
1414
1391
1415
1392
1416
1393
1417
1394
1418
1395
1419
1396
1420
1397
1421
1398
1422
1399
1423
1400
1424
1401
1425
1402
1426
1403
1427
1404
1428
1405
1429
1406
1430
1407
1431
1408
1432
1433
1410
1434
1411
1435
1412
1436
1413
1437
1414
1438
1415
1439
1416
1440
1417
1441
1418
1442
1419
1443
1420
1444
1421
1445
1422
1446
1423
1447
1424
1448
1425
1449
1426
1450
1427
1451
1428
1452
1429
1453
1430
1454
1431
1455
1432
1456
1433
1457
1458
1435
1459
1436
1460
1437
1461
1438
1462
1439
1463
1440
1464
1441
1465
1442
1466
1443
1467
1444
1468
1445
1469
1446
1470
1447
1471
1448
1472
1449
1473
1450
1474
1451
1475
1452
1476
1453
1477
1454
1478
1455
1479
1456
1480
1457
1481
1458
1482
1483
1460
1484
1461
1485
1462
1486
1463
1487
1464
1488
1465
1489
1466
1490
1467
1491
1468
1492
1469
1493
1470
1494
1471
1495
1472
1496
1473
1497
1474
1498
1475
1499
1476
1500
1477
1501
1478
1502
1479
1503
1480
1504
1481
1505
1482
1506
1483
1507
1508
1485
1509
1486
1510
1487
1511
1488
1512
1489
1513
1490
1514
1491
1515
1492
1516
1493
1517
1494
1518
1495
1519
1496
1520
1497
1521
1498
1522
1499
1523
1500
1524
1501
1525
1502
1526
1503
1527
1504
1528
1505
1529
1506
1530
1507
1531
1508
1532
1533
1510
1534
1511
1535
1512
1536
1513
1537
1514
1538
1515
1539
1516
1540
1517
1541
1518
1542
1519
1543
1520
1544
1521
1545
1522
1546
1523
1547
1524
1548
1525
1549
1526
1550
1527
1551
1528
1552
1529
1553
1530
1554
1531
1555
1532
1556
1533
1557
1558
1535
1559
1536
1560
1537
1561
1538
1562
1539
1563
1540
1564
1541
1565
1542
1566
1543
1567
1544
1568
1545
1569
1546
1570
1547
1571
1548
1572
1549
1573
1550
1574
1551
1575
1552
1576
1553
1577
1554
1578
1555
1579
1556
1580
1557
1581
1558
1582
1583
1560
1584
1561
1585
1562
1586
1563
1587
1564
1588
1565
1589
1566
1590
1567
1591
1568
1592
1569
1593
1570
1594
1571
1595
1572
1596
1573
1597
1574
1598
1575
1599
1576
1600
1577
1601
1578
1602
1579
1603
1580
1604
1581
1605
1582
1606
1583
1607
1608
1585
1609
1586
1610
1587
1611
1588
1612
1589
1613
1590
1614
1591
1615
1592
1616
1593
1617
1594
1618
1595
1619
1596
1620
1597
1621
1598
1622
1599
1623
1600
1624
1601
1625
1602
1626
1603
1627
1604
1628
1605
1629
1606
1630
1607
1631
1608
1632
1633
1610
1634
1611
1635
1612
1636
1613
1637
1614
1638
1615
1639
1616
1640
1617
1641
1618
1642
1619
1643
1620
1644
1621
1645
1622
1646
1623
1647
1624
1648
1625
1649
1626
1650
1627
1651
1628
1652
1629
1653
1630
1654
1631
1655
1632
1656
1633
1657
1658
1635
1659
1636
1660
1637
1661
1638
1662
1639
1663
1640
1664
1641
1665
1642
1666
1643
1667
1644
1668
1645
1669
1646
1670
1647
1671
1648
1672
1649
1673
1650
1674
1651
1675
1652
1676
1653
1677
1654
1678
1655
1679
1656
1680
1657
1681
1658
1682
1683
1660
1684
1661
1685
1662
1686
1663
1687
1664
1688
1665
1689
1666
1690
1667
1691
1668
1692
1669
1693
1670
1694
1671
1695
1672
1696
1673
1697
1674
1698
1675
1699
1676
1700
1677
1701
1678
1702
1679
1703
1680
1704
1681
1705
1682
1706
1683
1707
1708
1685
1709
1686
1710
1687
1711
1688
1712
1689
1713
1690
1714
1691
1715
1692
1716
1693
1717
1694
1718
1695
1719
1696
1720
1697
1721
1698
1722
1699
1723
1700
1724
1701
1725
1702
1726
1703
1727
1704
1728
1705
1729
1706
1730
1707
1731
1708
1732
1733
1710
1734
1711
1735
1712
1736
1713
1737
1714
1738
1715
1739
1716
1740
1717
1741
1718
1742
1719
1743
1720
1744
1721
1745
1722
1746
1723
1747
1724
1748
1725
1749
1726
1750
1727
1751
1728
1752
1729
1753
1730
1754
1731
1755
1732
1756
1733
1757
1758
1735
1759
1736
1760
1737
1761
1738
1762
1739
1763
1740
1764
1741
1765
1742
1766
1743
1767
1744
1768
1745
1769
1746
1770
1747
1771
1748
1772
1749
1773
1750
1774
1751
1775
1752
1776
1753
1777
1754
1778
1755
1779
1756
1780
1757
1781
1758
1782
1783
1760
1784
1761
1785
1762
1786
1763
1787
1764
1788
1765
1789
1766
1790
1767
1791
1768
1792
1769
1793
1770
1794
1771
1795
1772
1796
1773
1797
1774
1798
1775
1799
1776
1800
1777
1801
1778
1802
1779
1803
1780
1804
1781
1805
1782
1806
1783
1807
1808
1785
1809
1786
1810
1787
1811
1788
1812
1789
1813
1790
1814
1791
1815
1792
1816
1793
1817
1794
1818
1795
1819
1796
1820
1797
1821
1798
1822
1799
1823
1800
1824
1801
1825
1802
1826
1803
1827
1804
1828
1805
1829
1806
1830
1807
1831
1808
1832
1833
1810
1834
1811
1835
1812
1836
1813
1837
1814
1838
1815
1839
1816
1840
1817
1841
1818
1842
1819
1843
1820
1844
1821
1845
1822
1846
1823
1847
1824
1848
1825
1849
1826
1850
1827
1851
1828
1852
1829
1853
1830
1854
1831
1855
1832
1856
1833
1857
1858
1835
1859
1836
1860
1837
1861
1838
1862
1839
1863
1840
1864
1841
1865
1842
1866
1843
1867
1844
1868
1845
1869
1846
1870
1847
1871
1848
1872
1849
1873
1850
1874
1851
1875
1852
1876
1853
1877
1854
1878
1855
1879
1856
1880
1857
1881
1858
1882
1883
1860
1884
1861
1885
1862
1886
1863
1887
1864
1888
1865
1889
1866
1890
1867
1891
1868
1892
1869
1893
1870
1894
1871
1895
1872
1896
1873
1897
1874
1898
1875
1899
1876
1900
1877
1901
1878
1902
1879
1903
1880
1904
1881
1905
1882
1906
1883
1907
1908
1885
1909
1886
1910
1887
1911
1888
1912
1889
1913
1890
1914
1891
1915
1892
1916
1893
1917
1894
1918
1895
1919
1896
1920
1897
1921
1898
1922
1899
1923
1900
1924
1901
1925
1902
1926
1903
1927
1904
1928
1905
1929
1906
1930
1907
1931
1908
1932
1933
1910
1934
1911
1935
1912
1936
1913
1937
1914
1938
1915
1939
1916
1940
1917
1941
1918
1942
1919
1943
1920
1944
1921
1945
1922
1946
1923
1947
1924
1948
1925
1949
1926
1950
1927
1951
1928
1952
1929
1953
1930
1954
1931
1955
1932
1956
1933
1957
1958
1935
1959
1985
1936
1960
1937
1961
1938
1962
1939
1963
1940
1964
1941
1965
1942
1966
1943
1967
1944
1968
1945
1969
1946
1970
1947
1971
1948
1972
1949
1973
1950
1974
1951
1975
1952
1976
1953
1977
1954
1978
1955
1979
1956
1980
1957
1981
1958
1982
1983
1960
1986
1961
1962
1963
1964
1965
1966
1967
1968
1969
1970
1971
1972
1973
1974
1975
1976
1977
1978
1979
1980
1981
1982
1983
1985
1986
)


// ************************************************************************* //
