/*--------------------------------*- C++ -*----------------------------------*\
  =========                 |
  \\      /  F ield         | OpenFOAM: The Open Source CFD Toolbox
   \\    /   O peration     | Website:  https://openfoam.org
    \\  /    A nd           | Version:  7
     \\/     M anipulation  |
\*---------------------------------------------------------------------------*/
FoamFile
{
    version     2.0;
    format      ascii;
    class       surfaceScalarField;
    location    "145";
    object      phi;
}
// * * * * * * * * * * * * * * * * * * * * * * * * * * * * * * * * * * * * * //

dimensions      [0 3 -1 0 0 0 0];

internalField   nonuniform List<scalar> 
3869
(
6.34285e-06
-0.00590755
-0.00612912
3.89008e-05
-0.00528146
5.21778e-06
-0.00546661
-3.01383e-05
-0.00566278
-6.7217e-05
-0.00587047
-0.00609028
7.84191e-05
-0.00475684
4.64193e-05
-0.0049102
1.26559e-05
-0.00507305
-2.2853e-05
-0.00524595
-6.01349e-05
-0.00542933
-9.92398e-05
-0.00562367
-0.000140202
-0.00582951
-0.00604741
9.22795e-05
-0.00444446
6.09084e-05
-0.00458058
2.74679e-05
-0.0047234
-7.85728e-06
-0.00487488
-4.50019e-05
-0.0050359
-8.4003e-05
-0.00520695
-0.000124893
-0.00538844
-0.000167725
-0.00558084
-0.000212552
-0.00578468
-0.00600053
0.000109356
-0.00414653
8.05831e-05
-0.0042819
4.84353e-05
-0.00441232
1.38096e-05
-0.00454595
-2.28796e-05
-0.00468671
-6.14982e-05
-0.00483626
-0.000102039
-0.00499536
-0.000144524
-0.00516446
-0.000189005
-0.00534396
-0.000235547
-0.0055343
-0.00028422
-0.00573601
-0.00594966
0.000120924
-0.00378228
0.000100419
-0.00397075
7.28527e-05
-0.00411897
4.06079e-05
-0.00424966
5.16249e-06
-0.00437687
-3.26709e-05
-0.00450812
-7.25946e-05
-0.00464679
-0.000114511
-0.00479434
-0.000158424
-0.00495145
-0.000204377
-0.00511851
-0.000252431
-0.0052959
-0.000302663
-0.00548407
-0.000355157
-0.00568351
-0.000409996
-0.00589483
-0.00611852
0.000108008
-0.00352018
9.28298e-05
-0.0037671
6.81197e-05
-0.00394604
3.6836e-05
-0.00408768
1.16724e-06
-0.00421399
-3.74815e-05
-0.00433822
-7.85149e-05
-0.00446709
-0.000121659
-0.00460364
-0.000166854
-0.00474915
-0.000214124
-0.00490418
-0.000263526
-0.00506911
-0.000315133
-0.0052443
-0.000369032
-0.00543017
-0.00042532
-0.00562723
-0.000484096
-0.00583605
-0.00605718
8.64353e-05
-0.00270828
9.25906e-05
-0.00317663
8.4797e-05
-0.00351238
6.50007e-05
-0.0037473
3.62332e-05
-0.00391727
1.32955e-06
-0.00405278
-3.76264e-05
-0.00417503
-7.94975e-05
-0.00429635
-0.000123702
-0.00442288
-0.000170045
-0.0045573
-0.0002185
-0.00470069
-0.000269109
-0.00485357
-0.000321939
-0.00501628
-0.000377074
-0.00518916
-0.000434612
-0.00537263
-0.000494664
-0.00556717
-0.000557342
-0.00577337
-0.00599178
3.60412e-05
-0.00136356
5.93417e-05
-0.00211561
7.35963e-05
-0.00272253
7.44988e-05
-0.00317753
6.17339e-05
-0.00349962
3.74868e-05
-0.00372306
4.80222e-06
-0.00388458
-3.35951e-05
-0.00401438
-7.5834e-05
-0.00413279
-0.000120862
-0.00425132
-0.000168209
-0.00437553
-0.000217729
-0.00450778
-0.000269424
-0.004649
-0.000323348
-0.00479965
-0.000379581
-0.00496004
-0.000438217
-0.00513053
-0.000499364
-0.00531148
-0.000563144
-0.00550339
-0.000629689
-0.00570683
-0.00592237
1.13766e-05
-0.000508776
3.22747e-05
-0.00138446
5.13847e-05
-0.00213472
6.06621e-05
-0.00273181
5.64439e-05
-0.00317331
3.88709e-05
-0.00348204
1.03327e-05
-0.00369452
-2.61418e-05
-0.00384811
-6.79614e-05
-0.00397256
-0.000113407
-0.00408735
-0.000161553
-0.00420318
-0.000212014
-0.00432507
-0.000264688
-0.0044551
-0.000319598
-0.00459409
-0.000376812
-0.00474243
-0.000436422
-0.00490043
-0.000498528
-0.00506842
-0.00056325
-0.00524676
-0.000630721
-0.00543592
-0.000701088
-0.00563646
-0.000774476
-0.00584898
-0.00607399
1.03395e-05
-0.000519115
2.83961e-05
-0.00140252
4.33082e-05
-0.00214964
4.76811e-05
-0.00273618
3.84764e-05
-0.00316411
1.62573e-05
-0.00345982
-1.64255e-05
-0.00366183
-5.65718e-05
-0.00380796
-0.000101729
-0.00392741
-0.000150325
-0.00403875
-0.000201553
-0.00415195
-0.000255099
-0.00427153
-0.000310899
-0.0043993
-0.000368997
-0.00453599
-0.000429474
-0.00468195
-0.000492429
-0.00483748
-0.000557973
-0.00500288
-0.000626232
-0.0051785
-0.000697353
-0.0053648
-0.000771496
-0.00556232
-0.000848809
-0.00577167
-0.00599343
9.26005e-06
-0.000528375
2.44249e-05
-0.00141768
3.51465e-05
-0.00216036
3.46999e-05
-0.00273573
2.064e-05
-0.00315005
-6.05587e-06
-0.00343313
-4.27525e-05
-0.00362514
-8.64624e-05
-0.00376425
-0.000134878
-0.00387899
-0.000186572
-0.00398706
-0.000240844
-0.00409768
-0.000297444
-0.00421493
-0.000356341
-0.00434041
-0.000417598
-0.00447474
-0.000481306
-0.00461825
-0.000547573
-0.00477121
-0.000616518
-0.00493393
-0.000688275
-0.00510674
-0.000763001
-0.00529008
-0.00084087
-0.00548445
-0.000922052
-0.00569049
-0.00590884
8.1457e-06
-0.000536521
2.0379e-05
-0.00142991
2.69317e-05
-0.00216691
2.17605e-05
-0.00273056
3.05692e-06
-0.00313134
-2.80667e-05
-0.00340201
-6.86271e-05
-0.00358458
-0.000115792
-0.00371709
-0.000167392
-0.00382739
-0.000222133
-0.00393232
-0.00027941
-0.0040404
-0.00033903
-0.00415531
-0.000400993
-0.00427844
-0.000465376
-0.00441035
-0.000532281
-0.00455134
-0.000601824
-0.00470167
-0.000674131
-0.00486162
-0.000749345
-0.00503153
-0.000827629
-0.00521179
-0.000909171
-0.00540291
-0.000994161
-0.0056055
-0.00108274
-0.00582026
-0.00604753
6.99975e-06
-0.000543521
1.62761e-05
-0.00143919
1.86964e-05
-0.00216933
8.90119e-06
-0.00272077
-1.44695e-05
-0.00310797
-4.97247e-05
-0.00336675
-9.40199e-05
-0.00354028
-0.000144542
-0.00366657
-0.000199255
-0.00377268
-0.000256991
-0.00387458
-0.000317234
-0.00398016
-0.000379839
-0.0040927
-0.000444834
-0.00421345
-0.000512307
-0.00434288
-0.000582372
-0.00448127
-0.000655153
-0.00462889
-0.000730782
-0.00478599
-0.000809408
-0.00495291
-0.000891201
-0.00513
-0.000976359
-0.00531775
-0.00106509
-0.00551676
-0.00115757
-0.00572778
-0.00595125
5.82777e-06
-0.000549349
1.21367e-05
-0.0014455
1.04654e-05
-0.00216766
-3.80618e-06
-0.0027065
-3.16787e-05
-0.0030801
-7.10012e-05
-0.00332743
-0.00011891
-0.00349237
-0.000172696
-0.00361278
-0.000230454
-0.00371492
-0.000291135
-0.0038139
-0.000354302
-0.00391699
-0.000419855
-0.00402715
-0.000487843
-0.00414546
-0.00055837
-0.00427235
-0.000631555
-0.00440809
-0.000707532
-0.00455291
-0.000786439
-0.00470709
-0.000868431
-0.00487091
-0.000953683
-0.00504475
-0.0010424
-0.00522903
-0.00113481
-0.00542435
-0.00123112
-0.00563147
-0.00585093
4.63319e-06
-0.000553982
7.97806e-06
-0.00144884
2.36132e-06
-0.00216204
-1.65427e-05
-0.00268759
-4.86375e-05
-0.00304801
-9.18725e-05
-0.00328419
-0.00014328
-0.00344097
-0.000200239
-0.00355582
-0.000260975
-0.00365418
-0.00032455
-0.00375032
-0.000390599
-0.00385094
-0.00045906
-0.00395869
-0.000530003
-0.00407452
-0.000603541
-0.00419881
-0.000679805
-0.00433182
-0.000758934
-0.00447378
-0.000841074
-0.00462495
-0.000926384
-0.0047856
-0.00101504
-0.00495609
-0.00110726
-0.00513681
-0.00120327
-0.00532834
-0.00130333
-0.00553142
-0.00140761
-0.00574665
-0.00597407
3.42079e-06
-0.000557402
3.77827e-06
-0.0014492
-5.90803e-06
-0.00215236
-2.90442e-05
-0.00266446
-6.53014e-05
-0.00301175
-0.000112318
-0.00323718
-0.000167112
-0.00338617
-0.000227157
-0.00349578
-0.000290808
-0.00359053
-0.000357226
-0.00368391
-0.000426112
-0.00378205
-0.000497439
-0.00388736
-0.000571293
-0.00400066
-0.0006478
-0.00412231
-0.000727097
-0.00425253
-0.000809332
-0.00439155
-0.000894657
-0.00453962
-0.000983235
-0.00469703
-0.00107525
-0.00486408
-0.00117091
-0.00504115
-0.00127045
-0.0052288
-0.00137416
-0.00542771
-0.00148231
-0.00563851
-0.00586166
2.18989e-06
-0.000559592
-2.86239e-07
-0.00144672
-1.40473e-05
-0.00213859
-4.13673e-05
-0.00263714
-8.16492e-05
-0.00297147
-0.00013232
-0.0031865
-0.000190392
-0.0033281
-0.000253441
-0.00343273
-0.000319941
-0.00352403
-0.000389151
-0.0036147
-0.000460827
-0.00371038
-0.000534975
-0.00381321
-0.000611695
-0.00392394
-0.000691124
-0.00404288
-0.000773408
-0.00417024
-0.0008587
-0.00430626
-0.000947159
-0.00445116
-0.00103895
-0.00460523
-0.00113427
-0.00476876
-0.00123332
-0.00494211
-0.00133633
-0.00512578
-0.00144361
-0.00532043
-0.00155552
-0.00552659
-0.00574521
8.524e-07
-0.000560445
-4.6146e-06
-0.00144126
-2.20886e-05
-0.00212112
-5.3485e-05
-0.00260574
-9.76618e-05
-0.00292729
-0.000151862
-0.0031323
-0.000213107
-0.00326685
-0.000279078
-0.00336676
-0.000348365
-0.00345475
-0.000420313
-0.00354275
-0.000494732
-0.00363596
-0.000571652
-0.00373629
-0.000651192
-0.0038444
-0.000733494
-0.00396058
-0.000818714
-0.00408502
-0.000907011
-0.00421796
-0.000998552
-0.00435962
-0.00109351
-0.00451027
-0.00119208
-0.00467019
-0.00129446
-0.00483973
-0.00140087
-0.00501937
-0.00151164
-0.00520966
-0.00162722
-0.00541102
-0.00174758
-0.00562484
-0.00585448
-4.99451e-07
-0.000559945
-8.79296e-06
-0.00143296
-3.00156e-05
-0.0020999
-6.53774e-05
-0.00257038
-0.00011332
-0.00287935
-0.000170928
-0.0030747
-0.000235247
-0.00320254
-0.000304061
-0.00329794
-0.00037607
-0.00338274
-0.000450702
-0.00346812
-0.000527813
-0.00355885
-0.000607457
-0.00365665
-0.000689764
-0.0037621
-0.000774888
-0.00387545
-0.000862991
-0.00399692
-0.00095424
-0.00412671
-0.00104881
-0.00426505
-0.00114688
-0.0044122
-0.00124864
-0.00456843
-0.0013543
-0.00473408
-0.00146406
-0.00490961
-0.00157824
-0.00509549
-0.00169737
-0.00529189
-0.00182158
-0.00550062
-0.00572732
-1.63948e-06
-0.000558306
-1.29062e-05
-0.0014217
-3.78165e-05
-0.00207499
-7.70278e-05
-0.00253117
-0.000128609
-0.00282777
-0.000189507
-0.0030138
-0.000256802
-0.00313524
-0.00032838
-0.00322636
-0.000403049
-0.00330807
-0.000480309
-0.00339086
-0.000560058
-0.0034791
-0.000642374
-0.00357433
-0.000727396
-0.00367707
-0.000815288
-0.00378756
-0.000906218
-0.00390599
-0.00100036
-0.00403257
-0.0010979
-0.00416751
-0.00119902
-0.00431108
-0.00130393
-0.00446352
-0.00141281
-0.00462519
-0.00152588
-0.00479654
-0.00164344
-0.00497793
-0.00176602
-0.00516931
-0.00189391
-0.00537273
-0.00559623
-0.00202501
-2.86928e-06
-0.000555437
-1.6973e-05
-0.00140759
-4.54795e-05
-0.00204648
-8.8422e-05
-0.00248822
-0.000143515
-0.00277267
-0.000207588
-0.00294972
-0.000277763
-0.00306507
-0.000352029
-0.0031521
-0.000429293
-0.0032308
-0.000509123
-0.00331103
-0.000591456
-0.00339677
-0.000676388
-0.0034894
-0.00076407
-0.00358939
-0.000854672
-0.00369696
-0.000948372
-0.00381229
-0.00104535
-0.00393559
-0.0011458
-0.00406706
-0.00124992
-0.00420696
-0.0013579
-0.00435554
-0.00146997
-0.00451313
-0.00158633
-0.00468017
-0.00170732
-0.00485693
-0.00183339
-0.00504324
-0.00196428
-0.00524184
-0.00546182
-0.00209869
-4.11136e-06
-0.000551325
-2.09873e-05
-0.00139072
-5.2993e-05
-0.00201448
-9.95465e-05
-0.00244167
-0.000158026
-0.0027142
-0.000225162
-0.00288259
-0.000298122
-0.00299211
-0.000375
-0.00307522
-0.000454794
-0.00315101
-0.000537136
-0.00322868
-0.000621995
-0.00331191
-0.000709486
-0.00340191
-0.000799769
-0.00349911
-0.000893023
-0.00360371
-0.000989431
-0.00371588
-0.00108918
-0.00383583
-0.00119248
-0.00396377
-0.00129952
-0.00409992
-0.00141052
-0.00424454
-0.0015257
-0.00439795
-0.00164534
-0.00456054
-0.00176984
-0.00473243
-0.0018996
-0.00491349
-0.00203479
-0.00510665
-0.00533017
-0.00216644
-5.34712e-06
-0.000545978
-2.49392e-05
-0.00137113
-6.03458e-05
-0.00197907
-0.000110389
-0.00239163
-0.000172131
-0.00265245
-0.00024222
-0.0028125
-0.000317874
-0.00291645
-0.000397287
-0.00299581
-0.000479545
-0.00306875
-0.000564337
-0.00314389
-0.000651664
-0.00322458
-0.000741654
-0.00331192
-0.000834478
-0.00340629
-0.000930321
-0.00350786
-0.00102937
-0.00361683
-0.00113183
-0.00373337
-0.00123791
-0.0038577
-0.00134781
-0.00399002
-0.00146175
-0.00413059
-0.00157997
-0.00427972
-0.00170281
-0.0044377
-0.00183068
-0.00460457
-0.00196337
-0.00478079
-0.00209969
-0.00497033
-0.00517435
-0.0022555
-6.56952e-06
-0.000539409
-2.88197e-05
-0.00134888
-6.75269e-05
-0.00194036
-0.000120939
-0.00233822
-0.000185823
-0.00258757
-0.000258755
-0.00273957
-0.000337012
-0.00283819
-0.000418884
-0.00291394
-0.000503539
-0.0029841
-0.000590719
-0.00305671
-0.000680451
-0.00313485
-0.000772879
-0.00321949
-0.00086818
-0.00331098
-0.000966548
-0.0034095
-0.00106818
-0.0035152
-0.00117328
-0.00362827
-0.00128206
-0.00374891
-0.00139474
-0.00387734
-0.00151155
-0.00401378
-0.00163274
-0.00415853
-0.00175864
-0.00431181
-0.00188947
-0.00447373
-0.00202503
-0.00464523
-0.00216679
-0.00482858
-0.00502007
-0.00232107
-7.77446e-06
-0.000531634
-3.26209e-05
-0.00132403
-7.45265e-05
-0.00189846
-0.000131186
-0.00228156
-0.000199091
-0.00251966
-0.000274761
-0.0026639
-0.000355531
-0.00275742
-0.000439785
-0.00282968
-0.000526769
-0.00289711
-0.000616273
-0.00296721
-0.000708347
-0.00304277
-0.000803148
-0.00312469
-0.000900862
-0.00321327
-0.00100169
-0.00330867
-0.00110583
-0.00341106
-0.0012135
-0.0035206
-0.00132491
-0.0036375
-0.0014403
-0.00376195
-0.0015599
-0.00389418
-0.00168398
-0.00403445
-0.00181283
-0.00418295
-0.00194668
-0.00433989
-0.00208569
-0.00450621
-0.00223153
-0.00468274
-0.00486574
-0.00238586
-8.95884e-06
-0.000522675
-3.63354e-05
-0.00129665
-8.13353e-05
-0.00185346
-0.000141121
-0.00222177
-0.00021193
-0.00244886
-0.000290231
-0.0025856
-0.000373426
-0.00267423
-0.000459986
-0.00274312
-0.00054923
-0.00280787
-0.00064099
-0.00287545
-0.000735341
-0.00294842
-0.000832448
-0.00302759
-0.000932507
-0.00311321
-0.00103572
-0.00320545
-0.0011423
-0.00330448
-0.00125247
-0.00341044
-0.00136644
-0.00352353
-0.00148446
-0.00364393
-0.00160676
-0.00377188
-0.00173362
-0.00390759
-0.00186533
-0.00405125
-0.0020021
-0.00420313
-0.00214433
-0.00436398
-0.00229319
-0.00453388
-0.00470987
-0.00244905
-1.012e-05
-0.000512555
-3.99566e-05
-0.00126682
-8.79448e-05
-0.00180547
-0.000150737
-0.00215898
-0.000224331
-0.00237526
-0.000305161
-0.00250477
-0.000390692
-0.0025887
-0.00047948
-0.00265434
-0.000570913
-0.00271643
-0.000664863
-0.0027815
-0.000761422
-0.00285186
-0.000860769
-0.00292824
-0.000963103
-0.00301088
-0.00106863
-0.00309992
-0.00117758
-0.00319553
-0.00129017
-0.00329785
-0.00140662
-0.00340707
-0.00152718
-0.00352337
-0.0016521
-0.00364696
-0.00178166
-0.00377803
-0.00191612
-0.00391678
-0.00205575
-0.0040635
-0.00220099
-0.00421874
-0.00235259
-0.00438228
-0.00455187
-0.00251059
-1.12553e-05
-0.0005013
-4.34784e-05
-0.00123459
-9.43475e-05
-0.0017546
-0.000160025
-0.0020933
-0.00023629
-0.002299
-0.000319547
-0.00242151
-0.000407325
-0.00250092
-0.000498265
-0.0025634
-0.000591815
-0.00262288
-0.000687883
-0.00268543
-0.000786582
-0.00275316
-0.000888097
-0.00282673
-0.000992634
-0.00290634
-0.00110041
-0.00299215
-0.00121165
-0.00308429
-0.00132658
-0.00318293
-0.00144543
-0.00328822
-0.00156845
-0.00340035
-0.00169591
-0.0035195
-0.00182806
-0.00364588
-0.00196519
-0.00377966
-0.00210757
-0.00392111
-0.00225563
-0.00407068
-0.00240987
-0.00422803
-0.00439145
-0.0025703
-1.23625e-05
-0.000488937
-4.68953e-05
-0.00120006
-0.000100536
-0.00170096
-0.00016898
-0.00202486
-0.000247801
-0.00222018
-0.000333383
-0.00233593
-0.000423321
-0.00241098
-0.000516334
-0.00247038
-0.000611928
-0.00252729
-0.000710045
-0.00258731
-0.000810812
-0.0026524
-0.000914422
-0.00272312
-0.00102109
-0.00279967
-0.00113103
-0.0028822
-0.00124449
-0.00297084
-0.00136168
-0.00306574
-0.00148285
-0.00316705
-0.00160825
-0.00327495
-0.00173814
-0.00338961
-0.0018728
-0.00351122
-0.0020125
-0.00363996
-0.00215753
-0.00377608
-0.00230827
-0.00391994
-0.00246512
-0.00407119
-0.00422848
-0.00262808
-1.34393e-05
-0.000475498
-5.0202e-05
-0.0011633
-0.000106505
-0.00164466
-0.000177595
-0.00195377
-0.000258859
-0.00213891
-0.000346666
-0.00224812
-0.000438677
-0.00231897
-0.000533684
-0.00237538
-0.000631248
-0.00242973
-0.00073134
-0.00248722
-0.000834101
-0.00254964
-0.000939733
-0.00261748
-0.00104846
-0.00269095
-0.00116049
-0.00277016
-0.00127608
-0.00285526
-0.00139545
-0.00294637
-0.00151885
-0.00304364
-0.00164654
-0.00314725
-0.00177879
-0.00325737
-0.00191586
-0.00337415
-0.00205803
-0.00349779
-0.0022056
-0.00362851
-0.00235892
-0.00376662
-0.00251832
-0.00391179
-0.00406295
-0.00268386
-1.44834e-05
-0.000461015
-5.33939e-05
-0.00112439
-0.000112247
-0.0015858
-0.000185865
-0.00188015
-0.000269459
-0.00205532
-0.000359393
-0.00215818
-0.000453389
-0.00222498
-0.00055031
-0.00227845
-0.000649769
-0.00233027
-0.000751761
-0.00238523
-0.000856442
-0.00244495
-0.000964021
-0.0025099
-0.00107472
-0.00258025
-0.00118877
-0.00265611
-0.00130641
-0.00273762
-0.00142788
-0.00282489
-0.00155343
-0.00291809
-0.00168332
-0.00301736
-0.00181783
-0.00312287
-0.00195721
-0.00323477
-0.00210176
-0.00335323
-0.00225178
-0.0034785
-0.00240758
-0.00361082
-0.00256947
-0.00374989
-0.00389486
-0.00273756
-1.54929e-05
-0.000445522
-5.64663e-05
-0.00108341
-0.000117758
-0.00152451
-0.000193785
-0.00180412
-0.0002796
-0.0019695
-0.000371561
-0.00206622
-0.000467454
-0.00212908
-0.00056621
-0.0021797
-0.000667485
-0.00222899
-0.000771302
-0.00228141
-0.000877827
-0.00233843
-0.000987274
-0.00240046
-0.00109987
-0.00246765
-0.00121586
-0.00254013
-0.00133547
-0.00261801
-0.00145895
-0.00270141
-0.00158656
-0.00279048
-0.00171857
-0.00288536
-0.00185524
-0.0029862
-0.00199684
-0.00309316
-0.00214368
-0.0032064
-0.00229603
-0.00332614
-0.00245422
-0.00345263
-0.00261855
-0.00358556
-0.00372426
-0.00278914
-1.64658e-05
-0.000429056
-5.94154e-05
-0.00104046
-0.000123032
-0.00146089
-0.00020135
-0.0017258
-0.000289275
-0.00188158
-0.000383166
-0.00197233
-0.000480869
-0.00203138
-0.000581378
-0.00207919
-0.000684393
-0.00212598
-0.000789957
-0.00217585
-0.000898247
-0.00223014
-0.00100948
-0.00228922
-0.0011239
-0.00235324
-0.00124173
-0.0024223
-0.00136323
-0.00249651
-0.00148865
-0.002576
-0.00161823
-0.00266089
-0.00175226
-0.00275133
-0.001891
-0.00284746
-0.00203473
-0.00294943
-0.00218375
-0.00305738
-0.00233835
-0.00317155
-0.00249883
-0.00329215
-0.00266551
-0.00341889
-0.00355122
-0.00283855
-1.74003e-05
-0.000411656
-6.22372e-05
-0.000995627
-0.000128066
-0.00139507
-0.000208558
-0.00164531
-0.000298483
-0.00179165
-0.000394206
-0.00187661
-0.000493631
-0.00193196
-0.000595812
-0.00197701
-0.000700486
-0.0020213
-0.000807719
-0.00206862
-0.000917696
-0.00212016
-0.00103064
-0.00217627
-0.00114679
-0.00223708
-0.0012664
-0.00230269
-0.0013897
-0.00237321
-0.00151695
-0.00244874
-0.00164842
-0.00252942
-0.00178438
-0.00261537
-0.0019251
-0.00270674
-0.00207086
-0.00280366
-0.00222197
-0.00290628
-0.00237871
-0.00301481
-0.00254139
-0.00312946
-0.00271033
-0.00324994
-0.00337584
-0.00288572
-1.82947e-05
-0.000393361
-6.49284e-05
-0.000948994
-0.000132855
-0.00132714
-0.000215403
-0.00156276
-0.000307221
-0.00169983
-0.000404678
-0.00177915
-0.000505737
-0.0018309
-0.000609507
-0.00187324
-0.000715762
-0.00191505
-0.000824582
-0.0019598
-0.000936165
-0.00200858
-0.00105074
-0.0020617
-0.00116855
-0.00211928
-0.00128983
-0.00218141
-0.00141485
-0.00224819
-0.00154385
-0.00231974
-0.00167712
-0.00239616
-0.00181491
-0.00247758
-0.00195751
-0.00256414
-0.00210521
-0.00265596
-0.0022583
-0.00275319
-0.00241709
-0.00285603
-0.00258188
-0.00296467
-0.00275299
-0.00307883
-0.00319819
-0.00293063
-1.91475e-05
-0.000374213
-6.74857e-05
-0.000900655
-0.000137395
-0.00125723
-0.000221884
-0.00147827
-0.000315485
-0.00160623
-0.000414581
-0.00168006
-0.000517185
-0.00172829
-0.000622461
-0.00176796
-0.000730214
-0.00180729
-0.000840542
-0.00184947
-0.000953649
-0.00189547
-0.00106977
-0.00194558
-0.00118914
-0.0019999
-0.00131203
-0.00205853
-0.00143867
-0.00212155
-0.00156934
-0.00218907
-0.0017043
-0.00226119
-0.00184384
-0.00233805
-0.00198823
-0.00241975
-0.00213776
-0.00250642
-0.00229274
-0.00259821
-0.00245347
-0.0026953
-0.00262026
-0.00279788
-0.00279344
-0.00290565
-0.0030184
-0.00297323
-1.99571e-05
-0.000354256
-6.99061e-05
-0.000850706
-0.000141683
-0.00118545
-0.000227996
-0.00139196
-0.000323274
-0.00151095
-0.000423911
-0.00157942
-0.000527973
-0.00162423
-0.00063467
-0.00166127
-0.000743839
-0.00169812
-0.000855592
-0.00173772
-0.00097014
-0.00178093
-0.00108772
-0.001828
-0.00120858
-0.00187904
-0.00133297
-0.00193413
-0.00146116
-0.00199336
-0.0015934
-0.00205682
-0.00172997
-0.00212462
-0.00187115
-0.00219687
-0.00201723
-0.00227367
-0.0021685
-0.00235515
-0.00232527
-0.00244144
-0.00248783
-0.00253274
-0.00265652
-0.00262919
-0.00283166
-0.00273051
-0.00283657
-0.0030135
-2.07222e-05
-0.000333534
-7.21869e-05
-0.000799242
-0.000145716
-0.00111192
-0.000233737
-0.00130394
-0.000330586
-0.00141411
-0.000432667
-0.00147734
-0.000538098
-0.0015188
-0.000646132
-0.00155323
-0.000756633
-0.00158762
-0.000869728
-0.00162462
-0.000985632
-0.00166502
-0.00110459
-0.00170905
-0.00122684
-0.00175679
-0.00135266
-0.00180832
-0.00148229
-0.00186373
-0.00161601
-0.0019231
-0.0017541
-0.00198654
-0.00189683
-0.00205413
-0.00204451
-0.002126
-0.00219741
-0.00220225
-0.00235586
-0.002283
-0.00252015
-0.00236844
-0.00269064
-0.00245871
-0.00286763
-0.00255352
-0.00265281
-0.00305139
-2.14416e-05
-0.000312093
-7.43257e-05
-0.000746358
-0.000149491
-0.00103676
-0.000239105
-0.00121433
-0.000337418
-0.00131579
-0.000440847
-0.00137391
-0.000547557
-0.00141209
-0.000656843
-0.00144395
-0.000768593
-0.00147587
-0.000882945
-0.00151027
-0.00100012
-0.00154785
-0.00112036
-0.0015888
-0.00124393
-0.00163322
-0.00137108
-0.00168117
-0.00150207
-0.00173274
-0.00163718
-0.00178799
-0.00177669
-0.00184703
-0.00192087
-0.00190994
-0.00207004
-0.00197684
-0.00222447
-0.00204781
-0.0023845
-0.00212298
-0.00255042
-0.00220251
-0.00272259
-0.00228654
-0.00290131
-0.00237479
-0.00246724
-0.00308688
-2.2114e-05
-0.000289979
-7.632e-05
-0.000692152
-0.000153005
-0.000960074
-0.000244097
-0.00112323
-0.000343768
-0.00121612
-0.00044845
-0.00126923
-0.00055635
-0.00130419
-0.000666801
-0.00133349
-0.000779715
-0.00136296
-0.000895238
-0.00139474
-0.0010136
-0.00142949
-0.00113504
-0.00146736
-0.00125983
-0.00150843
-0.00138822
-0.00155278
-0.00152048
-0.00160048
-0.00165688
-0.00165159
-0.00179771
-0.0017062
-0.00194325
-0.0017644
-0.00209381
-0.00182628
-0.00224968
-0.00189194
-0.00241117
-0.00196148
-0.00257861
-0.00203507
-0.00275235
-0.00211281
-0.0029327
-0.00219444
-0.00227998
-0.00311995
-2.27383e-05
-0.00026724
-7.81679e-05
-0.000636722
-0.000156257
-0.000881985
-0.000248711
-0.00103078
-0.000349635
-0.0011152
-0.000455473
-0.00116339
-0.000564474
-0.00119519
-0.000676004
-0.00122196
-0.000789994
-0.00124897
-0.000906604
-0.00127814
-0.00102606
-0.00131003
-0.00114862
-0.0013448
-0.00127454
-0.00138252
-0.00140408
-0.00142324
-0.00153751
-0.00146704
-0.00167511
-0.00151399
-0.00181717
-0.00156415
-0.00196397
-0.0016176
-0.00211581
-0.00167444
-0.002273
-0.00173475
-0.00243586
-0.00179862
-0.00260471
-0.00186622
-0.0027799
-0.00193762
-0.00296175
-0.00201259
-0.00209117
-0.00315057
-2.33137e-05
-0.000243927
-7.98674e-05
-0.000580168
-0.000159244
-0.000802609
-0.000252946
-0.000937077
-0.000355017
-0.00101313
-0.000461916
-0.00105649
-0.000571927
-0.00108518
-0.000684448
-0.00110944
-0.00079943
-0.00113399
-0.000917037
-0.00116053
-0.00103751
-0.00118956
-0.00116109
-0.00122122
-0.00128805
-0.00125556
-0.00141865
-0.00129264
-0.00155316
-0.00133253
-0.00169186
-0.00137528
-0.00183505
-0.00142096
-0.001983
-0.00146965
-0.00213603
-0.00152141
-0.00229444
-0.00157634
-0.00245856
-0.00163451
-0.0026287
-0.00169607
-0.00280523
-0.0017611
-0.00298847
-0.00182935
-0.00190091
-0.00317873
-2.38392e-05
-0.000220087
-8.14167e-05
-0.000522591
-0.000161963
-0.000722063
-0.0002568
-0.000842241
-0.000359913
-0.000910015
-0.000467776
-0.000948628
-0.000578707
-0.000974247
-0.000692132
-0.000996017
-0.000808017
-0.0010181
-0.000926536
-0.00104201
-0.00104793
-0.00106817
-0.00117244
-0.0010967
-0.00130035
-0.00112765
-0.00143192
-0.00116108
-0.00156742
-0.00119703
-0.00170713
-0.00123557
-0.00185134
-0.00127675
-0.00200035
-0.00132064
-0.00215446
-0.0013673
-0.00231398
-0.00141681
-0.00247924
-0.00146925
-0.00265057
-0.00152474
-0.00282832
-0.00158335
-0.00301282
-0.00164485
-0.00170934
-0.00320439
-2.43139e-05
-0.000195774
-8.28143e-05
-0.00046409
-0.000164414
-0.000640463
-0.00026027
-0.000746384
-0.000364321
-0.000805964
-0.000473053
-0.000839896
-0.000584813
-0.000862486
-0.000699054
-0.000881776
-0.000815754
-0.000901402
-0.000935096
-0.000922668
-0.00105732
-0.000945946
-0.00118268
-0.000971336
-0.00131145
-0.000998886
-0.00144388
-0.00102864
-0.00158027
-0.00106064
-0.00172089
-0.00109495
-0.00186603
-0.00113161
-0.002016
-0.00117067
-0.00217109
-0.00121221
-0.00233161
-0.00125628
-0.00249791
-0.00130296
-0.00267031
-0.00135234
-0.00284916
-0.00140449
-0.0030348
-0.00145921
-0.00151659
-0.00322756
-2.47372e-05
-0.000171036
-8.40589e-05
-0.000404769
-0.000166595
-0.000557927
-0.000263357
-0.000649622
-0.000368241
-0.00070108
-0.000477745
-0.000730392
-0.000590244
-0.000749988
-0.000705211
-0.000766809
-0.000822639
-0.000783975
-0.000942714
-0.000802593
-0.00106568
-0.000822981
-0.00119179
-0.000845221
-0.00132132
-0.000869356
-0.00145454
-0.000895423
-0.00159172
-0.000923463
-0.00173315
-0.000953518
-0.00187913
-0.000985635
-0.00202994
-0.00101986
-0.0021859
-0.00105625
-0.00234733
-0.00109485
-0.00251454
-0.00113574
-0.0026879
-0.00117899
-0.00286773
-0.00122466
-0.00305439
-0.00127255
-0.00132278
-0.0032482
-2.51083e-05
-0.000145928
-8.51491e-05
-0.000344728
-0.000168504
-0.000474572
-0.000266058
-0.000552068
-0.000371671
-0.000595467
-0.000481852
-0.000620212
-0.000594998
-0.000636842
-0.000710603
-0.000651204
-0.000828669
-0.000665908
-0.000949387
-0.000681875
-0.001073
-0.000699364
-0.00119978
-0.000718445
-0.00132998
-0.000739154
-0.00146388
-0.000761522
-0.00160176
-0.000785584
-0.00174391
-0.000811375
-0.00189061
-0.000838934
-0.00204217
-0.000868303
-0.00219889
-0.000899524
-0.00236111
-0.000932641
-0.00252914
-0.000967708
-0.00270333
-0.0010048
-0.00288403
-0.00104395
-0.00307158
-0.001085
-0.00112804
-0.00326631
-2.54268e-05
-0.000120501
-8.60839e-05
-0.000284071
-0.00017014
-0.000390516
-0.000268373
-0.000453835
-0.000374611
-0.000489229
-0.000485372
-0.000509451
-0.000599074
-0.00052314
-0.000715226
-0.000535052
-0.000833841
-0.000547294
-0.000955114
-0.000560603
-0.00107929
-0.000575186
-0.00120664
-0.000591101
-0.00133742
-0.000608374
-0.00147191
-0.000627032
-0.00161039
-0.000647104
-0.00175314
-0.000668618
-0.00190047
-0.000691606
-0.00205267
-0.0007161
-0.00221006
-0.000742136
-0.00237295
-0.000769748
-0.00254168
-0.00079898
-0.00271659
-0.000829893
-0.00289804
-0.000862509
-0.00308635
-0.00089669
-0.000932513
-0.00328188
-2.56921e-05
-9.48092e-05
-8.68623e-05
-0.000222901
-0.000171502
-0.000305876
-0.0002703
-0.000355037
-0.000377059
-0.00038247
-0.000488304
-0.000398206
-0.00060247
-0.000408973
-0.000719081
-0.000418441
-0.000838155
-0.000428219
-0.000959891
-0.000438867
-0.00108454
-0.000450539
-0.00121236
-0.00046328
-0.00134362
-0.00047711
-0.00147861
-0.000492049
-0.00161759
-0.000508121
-0.00176086
-0.000525347
-0.00190871
-0.000543751
-0.00206146
-0.000563359
-0.0022194
-0.000584196
-0.00238286
-0.000606288
-0.00255217
-0.000629667
-0.00272768
-0.000654381
-0.00290975
-0.000680443
-0.0030987
-0.000707736
-0.000736319
-0.00329489
-2.59038e-05
-6.89053e-05
-8.74836e-05
-0.000161321
-0.00017259
-0.00022077
-0.000271839
-0.000255788
-0.000379015
-0.000275295
-0.000490648
-0.000286573
-0.000605187
-0.000294434
-0.000722166
-0.000301462
-0.000841609
-0.000308776
-0.000963718
-0.000316758
-0.00108874
-0.000325515
-0.00121695
-0.000335075
-0.0013486
-0.000345455
-0.00148398
-0.000356669
-0.00162337
-0.000368733
-0.00176705
-0.000381662
-0.00191533
-0.000395473
-0.00206851
-0.000410184
-0.00222689
-0.00042581
-0.00239081
-0.00044237
-0.00256059
-0.000459884
-0.00273659
-0.000478384
-0.00291916
-0.000497877
-0.00310862
-0.000518269
-0.000539591
-0.00330535
-2.60617e-05
-4.28436e-05
-8.79471e-05
-9.94356e-05
-0.000173402
-0.000135315
-0.000272989
-0.0001562
-0.000380477
-0.000167807
-0.000492402
-0.000174648
-0.000607222
-0.000179613
-0.000724479
-0.000184206
-0.000844201
-0.000189054
-0.000966591
-0.000194368
-0.0010919
-0.000200205
-0.0012204
-0.000206581
-0.00135235
-0.000213506
-0.00148803
-0.000220988
-0.00162772
-0.000229038
-0.00177172
-0.000237664
-0.00192032
-0.000246874
-0.00207382
-0.000256679
-0.00223255
-0.000267087
-0.00239681
-0.000278105
-0.00256695
-0.000289745
-0.00274331
-0.000302021
-0.00292626
-0.000314934
-0.00311611
-0.000328416
-0.00034246
-0.00331324
-2.61655e-05
-8.82523e-05
-0.000173938
-0.00027375
-0.000381446
-0.000493567
-0.000608576
-6.46038e-05
-0.00072602
-6.67617e-05
-0.000845931
-6.91438e-05
-0.000968511
-7.17872e-05
-0.00109402
-7.47011e-05
-0.00122271
-7.78895e-05
-0.00135486
-8.13557e-05
-0.00149074
-8.51031e-05
-0.00163065
-8.91343e-05
-0.00177486
-9.34517e-05
-0.00192367
-9.80569e-05
-0.0020774
-0.000102951
-0.00223636
-0.000108134
-0.00240086
-0.000113606
-0.00257124
-0.000119364
-0.00274785
-0.000125412
-0.00293104
-0.000131741
-0.00312114
-0.000138312
-0.000145098
-0.00331851
-0.000609248
-0.000726789
-0.000846797
-0.000969477
-0.00109508
-0.00122388
-0.00135613
-0.00149212
-0.00163214
-0.00177646
-0.0019254
-0.00207924
-0.00223832
-0.00240294
-0.00257345
-0.00275019
-0.00293352
-0.00312376
-0.0033212
-0.00441871
-0.00209425
-0.00442315
-0.0046113
-0.00215633
-0.00443326
-0.00461581
-0.00437755
0.00152159
-0.0015773
-0.00435089
0.00138445
-0.00141111
-0.00434136
0.00136859
-0.00137812
-0.00433395
0.00125793
-0.00126534
-0.0043354
0.00120358
-0.00120213
-0.00433925
0.0011053
-0.00110145
-0.00434804
0.0010355
-0.00102671
-0.00435849
0.000942729
-0.000932275
-0.00437154
0.000867712
-0.000854667
-0.00438534
0.000779825
-0.000766021
-0.00440024
0.000705164
-0.000690268
-0.00441511
0.000623153
-0.000608281
-0.0044301
0.000552514
-0.000537524
-0.0044445
0.000478023
-0.000463627
-0.0044584
0.000414493
-0.000400586
-0.00447136
0.000349787
-0.000336835
-0.00448345
0.000296638
-0.000284542
-0.00449435
0.000244716
-0.000233821
-0.00450414
0.000205072
-0.000195282
-0.00451256
0.000167888
-0.000159463
-0.00451966
0.000142091
-0.000134992
-0.00452527
0.000116453
-0.00011084
-0.00452942
9.61394e-05
-9.19974e-05
-0.00453195
6.73919e-05
-6.48627e-05
2.97132e-05
-2.88134e-05
-0.00456978
-0.00454183
-0.00452468
-0.00451432
-0.00451212
-0.0045133
-0.00451969
-0.0045282
-0.00453968
-0.00455222
-0.00456616
-0.00458029
-0.00459476
-0.00460877
-0.00462245
-0.00463526
-0.00464729
-0.00465817
-0.00466799
-0.00467645
-0.0046836
-0.00468925
-0.00469343
-0.00469597
-0.00337567
-8.60474e-06
-0.00342302
-1.70756e-05
-0.00346708
-2.18325e-05
-0.0035056
-2.93944e-05
-0.00354064
-3.49573e-05
-0.00357083
-4.28391e-05
-0.00359749
-4.95058e-05
-0.00362004
-5.74295e-05
-0.00363925
-6.48455e-05
-0.00365475
-7.30902e-05
-0.00366716
-8.088e-05
-0.00367617
-8.90343e-05
-0.00368228
-9.64002e-05
-0.00368525
-0.000103219
-0.00368548
-0.000108443
-0.00368275
-0.000111828
-0.00367741
-0.000112459
-0.00366923
-0.00010987
-0.0036585
-0.00010345
-0.00364497
-9.3062e-05
-0.00362885
-7.88879e-05
-0.00360986
-6.24332e-05
-0.00358815
-4.55257e-05
-0.00356339
-3.20581e-05
-2.59972e-05
-0.00337287
4.57575e-05
-0.00342034
3.03921e-05
-0.00346445
2.22858e-05
-0.00350305
9.19868e-06
-0.00353826
2.50948e-07
-0.00356845
-1.2644e-05
-0.00359523
-2.27222e-05
-0.00361789
-3.47705e-05
-0.0036372
-4.55414e-05
-0.00365281
-5.74753e-05
-0.00366533
-6.83599e-05
-0.00367446
-7.99073e-05
-0.00368068
-9.01776e-05
-0.00368376
-0.000100142
-0.0036841
-0.000108102
-0.00368148
-0.000114448
-0.00367625
-0.000117689
-0.00366818
-0.000117939
-0.00365756
-0.000114067
-0.00364415
-0.000106473
-0.00362816
-9.48829e-05
-0.00360932
-8.12675e-05
-0.00358777
-6.70782e-05
-0.00356319
-5.66403e-05
-5.3651e-05
-0.00336767
0.000100189
-0.00341516
7.7879e-05
-0.00345942
6.65506e-05
-0.00349818
4.79578e-05
-0.00353308
3.51436e-05
-0.0035636
1.78766e-05
-0.00359069
4.36775e-06
-0.00361346
-1.19932e-05
-0.00363297
-2.60365e-05
-0.00364878
-4.16647e-05
-0.00366151
-5.56298e-05
-0.00367085
-7.05677e-05
-0.00367729
-8.37386e-05
-0.00368059
-9.68439e-05
-0.00368115
-0.000107537
-0.00367876
-0.000116836
-0.00367377
-0.000122684
-0.00366594
-0.000125763
-0.00365558
-0.00012443
-0.00364244
-0.000119614
-0.00362674
-0.000110587
-0.00360822
-9.97869e-05
-0.00358701
-8.82897e-05
-0.00356279
-8.08536e-05
-8.09095e-05
-0.00335985
0.000154683
-0.00340741
0.000125441
-0.00345177
0.000110918
-0.00349067
8.68554e-05
-0.00352591
7.03768e-05
-0.00355661
4.85777e-05
-0.0035836
3.13648e-05
-0.00360674
1.11381e-05
-0.00362658
-6.19218e-06
-0.00364265
-2.55978e-05
-0.00365569
-4.25863e-05
-0.00366534
-6.09164e-05
-0.0036721
-7.69782e-05
-0.00367573
-9.32151e-05
-0.00367663
-0.000106633
-0.0036746
-0.000118873
-0.00366997
-0.000127315
-0.00366252
-0.000133206
-0.00365256
-0.000134394
-0.00363984
-0.000132332
-0.00362459
-0.000125841
-0.00360655
-0.000117824
-0.00358586
-0.000108983
-0.0035622
-0.000104511
-0.000107575
-0.00334944
0.000209224
-0.00339709
0.000173092
-0.00344159
0.000155424
-0.00348066
0.000125923
-0.00351616
0.000105882
-0.00354709
7.95081e-05
-0.00357455
5.88241e-05
-0.00359783
3.44186e-05
-0.0036179
1.38761e-05
-0.00363443
-9.06595e-06
-0.00364787
-2.91508e-05
-0.00365794
-5.08479e-05
-0.00366513
-6.97917e-05
-0.0036692
-8.91453e-05
-0.00367055
-0.000105275
-0.00366899
-0.000120437
-0.00366485
-0.000131454
-0.00365792
-0.000140133
-0.0036485
-0.000143819
-0.00363635
-0.000144478
-0.00362171
-0.000140488
-0.00360432
-0.00013521
-0.00358432
-0.000128981
-0.00356141
-0.000127424
-0.00013345
-0.00333647
0.000263814
-0.00338422
0.000220845
-0.0034289
0.000200097
-0.00346818
0.000165207
-0.00350397
0.000141675
-0.00353521
0.000110749
-0.00356302
8.66306e-05
-0.00358679
5.81848e-05
-0.00360719
3.42792e-05
-0.00362411
7.85653e-06
-0.00363805
-1.52077e-05
-0.00364865
-4.02558e-05
-0.00365636
-6.20775e-05
-0.00366098
-8.4523e-05
-0.00366291
-0.000103346
-0.00366194
-0.000121405
-0.00365842
-0.000134974
-0.00365215
-0.00014641
-0.00364341
-0.000152562
-0.00363198
-0.000155901
-0.0036181
-0.000154368
-0.00360153
-0.000151778
-0.00358241
-0.000148108
-0.00356042
-0.000149408
-0.000158339
-0.00332095
0.000318452
-0.00336882
0.000268715
-0.00341369
0.000244966
-0.00345323
0.000204751
-0.00348936
0.000177802
-0.00352097
0.000142363
-0.00354919
0.000114853
-0.00357342
8.24083e-05
-0.00359445
5.53134e-05
-0.00361164
2.505e-05
-0.00362631
-5.42879e-07
-0.00363744
-2.91245e-05
-0.00364581
-5.37034e-05
-0.0036511
-7.92367e-05
-0.00365371
-0.000100732
-0.00365346
-0.000121656
-0.00365069
-0.000137746
-0.0036452
-0.000151902
-0.00363728
-0.000160481
-0.00362673
-0.000166453
-0.00361377
-0.000167324
-0.00359819
-0.000167363
-0.00358011
-0.000166188
-0.00355924
-0.000170276
-0.000182044
-0.00330288
0.000373135
-0.00335088
0.000316711
-0.00339597
0.000290055
-0.00343581
0.000244594
-0.00347232
0.000214308
-0.00350436
0.000174408
-0.00353308
0.000143567
-0.00355784
0.000107169
-0.00357943
7.69058e-05
-0.00359751
4.3127e-05
-0.00361235
1.43039e-05
-0.00362436
-1.71165e-05
-0.0036335
-4.45662e-05
-0.00363955
-7.31816e-05
-0.00364297
-9.73184e-05
-0.00364355
-0.00012107
-0.00364166
-0.000139645
-0.00363708
-0.000156475
-0.00363013
-0.000167435
-0.0036206
-0.000175983
-0.00360872
-0.000179199
-0.00359429
-0.000181797
-0.00357743
-0.000183047
-0.00355786
-0.000189843
-0.000204372
-0.00328228
0.000427856
-0.00333041
0.000364847
-0.00337575
0.000335391
-0.00341593
0.000284776
-0.00345286
0.000251237
-0.0034854
0.000206944
-0.00351467
0.000172837
-0.00354004
0.000132541
-0.00356229
9.91526e-05
-0.00358104
6.18818e-05
-0.00359671
2.99705e-05
-0.00360943
-4.38916e-06
-0.00361939
-3.46052e-05
-0.00362635
-6.62279e-05
-0.00363068
-9.29892e-05
-0.00363222
-0.000119527
-0.00363132
-0.000140543
-0.0036278
-0.000159995
-0.00362195
-0.000173285
-0.00361359
-0.000184344
-0.00360295
-0.000189838
-0.00358983
-0.000194917
-0.00357437
-0.000198509
-0.00355629
-0.000207926
-0.000225128
-0.00325915
0.000482612
-0.00330743
0.000413132
-0.00335304
0.000381
-0.0033936
0.000325333
-0.003431
0.000288636
-0.00346408
0.000240027
-0.00349398
0.00020273
-0.00352003
0.000158598
-0.00354302
0.000122144
-0.00356255
8.14128e-05
-0.00357914
4.65588e-05
-0.00359259
9.05746e-06
-0.00360352
-2.36729e-05
-0.0036115
-5.82529e-05
-0.00361685
-8.76318e-05
-0.00361948
-0.000116905
-0.0036197
-0.000140314
-0.00361737
-0.00016233
-0.00361276
-0.00017789
-0.00360572
-0.000191388
-0.00359647
-0.000199085
-0.00358483
-0.000206557
-0.00357094
-0.000212402
-0.00355452
-0.000224341
-0.000244119
-0.00323351
0.000537395
-0.00328195
0.000461577
-0.00332786
0.000426907
-0.00336883
0.000366303
-0.00340675
0.000326553
-0.00344044
0.000273715
-0.00347101
0.000233309
-0.00349783
0.000185412
-0.00352164
0.00014596
-0.00354205
0.000101814
-0.00355962
6.41299e-05
-0.00357398
2.34236e-05
-0.00358592
-1.1736e-05
-0.00359501
-4.91656e-05
-0.0036015
-8.11341e-05
-0.00360532
-0.000113087
-0.0036068
-0.000138834
-0.00360579
-0.000163347
-0.00360256
-0.000181112
-0.00359698
-0.000196969
-0.00358928
-0.000206786
-0.00357928
-0.000216555
-0.00356713
-0.000224554
-0.00355257
-0.000238906
-0.000261152
-0.00320537
0.000592197
-0.00325399
0.00051019
-0.00330022
0.000473135
-0.00334164
0.000407724
-0.00338012
0.000365034
-0.00341447
0.000308064
-0.0034458
0.000264639
-0.00347344
0.000213053
-0.00349816
0.000170676
-0.00351952
0.000123179
-0.00353813
8.27345e-05
-0.00355352
3.88171e-05
-0.00356665
1.39349e-06
-0.00357685
-3.89639e-05
-0.00358464
-7.3345e-05
-0.00358977
-0.000107951
-0.00359263
-0.000135978
-0.00359306
-0.000162915
-0.00359136
-0.000182813
-0.00358739
-0.000200942
-0.00358139
-0.000212787
-0.0035732
-0.000224748
-0.00356295
-0.000234794
-0.00355042
-0.000251441
-0.000276038
-0.00317476
0.000647006
-0.00322355
0.000558982
-0.00327013
0.000519708
-0.00331203
0.000449631
-0.00335113
0.000404126
-0.00338619
0.000343133
-0.00341834
0.000296786
-0.00344688
0.000241595
-0.00347258
0.000196372
-0.003495
0.000145596
-0.0035147
0.000102436
-0.00353147
5.5586e-05
-0.00354544
1.53713e-05
-0.00355709
-2.73164e-05
-0.00356628
-6.41608e-05
-0.00357284
-0.000101386
-0.0035772
-0.000131622
-0.00357921
-0.000160904
-0.00357917
-0.000182855
-0.00357695
-0.000203161
-0.0035728
-0.000216936
-0.00356657
-0.000230977
-0.00355841
-0.000242954
-0.00354808
-0.000261766
-0.000288588
-0.00314169
0.000701812
-0.00319067
0.00060796
-0.00323761
0.000566649
-0.00328004
0.00049206
-0.00331979
0.000443878
-0.00335563
0.000378976
-0.00338866
0.000329815
-0.00341817
0.000271109
-0.00344493
0.000223124
-0.00346848
0.000169147
-0.00348938
0.000123339
-0.00350737
7.35802e-05
-0.00352282
3.08195e-05
-0.00353575
-1.43855e-05
-0.00354642
-5.34969e-05
-0.00355453
-9.32673e-05
-0.00356051
-0.000125645
-0.00356423
-0.000157184
-0.00356598
-0.000181105
-0.00356566
-0.000203483
-0.00356351
-0.000219083
-0.00355941
-0.000235081
-0.0035535
-0.000248864
-0.00354556
-0.000269704
-0.000298614
-0.00310618
0.000756601
-0.00315535
0.00065713
-0.00320268
0.000613981
-0.00324567
0.000535046
-0.00328612
0.000484336
-0.0033228
0.000415649
-0.00335677
0.00036379
-0.00338733
0.000301666
-0.00341522
0.000251011
-0.00343998
0.000193915
-0.00346218
0.000145533
-0.00348155
9.29472e-05
-0.00349835
4.76226e-05
-0.00351289
1.59509e-07
-0.00352505
-4.13421e-05
-0.00353487
-8.34487e-05
-0.00354259
-0.000117923
-0.00354814
-0.000151628
-0.00355182
-0.000177426
-0.00355354
-0.000201768
-0.00355354
-0.000219079
-0.00355172
-0.000236904
-0.00354823
-0.000252358
-0.00354285
-0.00027508
-0.000305931
-0.00306825
0.000811358
-0.00311762
0.000706499
-0.00316536
0.000661725
-0.00320894
0.000578624
-0.00325015
0.000525548
-0.00328771
0.000453208
-0.0033227
0.000398776
-0.00335437
0.000333337
-0.00338347
0.000280108
-0.00340954
0.000219984
-0.00343312
0.000169115
-0.00345394
0.000113769
-0.00347247
6.6152e-05
-0.00348825
1.59444e-05
-0.00350223
-2.73613e-05
-0.00351386
-7.18274e-05
-0.00352344
-0.000108341
-0.00353096
-0.000144108
-0.0035367
-0.000171686
-0.00354059
-0.000197874
-0.00354289
-0.000216775
-0.00354351
-0.000236289
-0.0035426
-0.000253272
-0.00353996
-0.000277718
-0.000310354
-0.00302794
0.000866067
-0.00307751
0.000756071
-0.00312569
0.000709901
-0.00316989
0.000622824
-0.0032119
0.000567559
-0.0032504
0.000491707
-0.00328646
0.000434835
-0.00331932
0.000366194
-0.0033497
0.000310491
-0.00337715
0.000247438
-0.0034022
0.000194162
-0.00342457
0.000136142
-0.0034447
8.62802e-05
-0.00346232
3.35638e-05
-0.00347799
-1.1692e-05
-0.0034915
-5.83158e-05
-0.00350307
-9.67709e-05
-0.00351268
-0.0001345
-0.00352061
-0.000163752
-0.00352683
-0.000191663
-0.00353158
-0.000212025
-0.00353478
-0.000233081
-0.00353661
-0.000251443
-0.00353688
-0.000277448
-0.000311703
-0.00298527
0.000920713
-0.00303505
0.000805847
-0.00308368
0.000758529
-0.00312853
0.000667678
-0.00317139
0.000610415
-0.00321088
0.000531201
-0.00324808
0.000472031
-0.00328219
0.000400309
-0.00331394
0.000342236
-0.00334286
0.000276358
-0.00336946
0.000220762
-0.00339348
0.000160162
-0.00341533
0.000108128
-0.00343476
5.29953e-05
-0.00345234
5.88666e-06
-0.00346781
-4.28367e-05
-0.00348151
-8.30749e-05
-0.00349333
-0.000122679
-0.00350359
-0.000153495
-0.00351225
-0.000182998
-0.00351959
-0.000204685
-0.00352555
-0.000227129
-0.00353028
-0.000246711
-0.00353363
-0.000274098
-0.000309797
-0.00294029
0.000975277
-0.00299027
0.000855828
-0.00303937
0.00080763
-0.0030849
0.000713212
-0.00312865
0.00065416
-0.00316919
0.000571741
-0.00320758
0.000510425
-0.00324302
0.000435753
-0.0032762
0.000375416
-0.00330667
0.000306828
-0.00333491
0.000248999
-0.00336067
0.000185925
-0.00338433
0.000131788
-0.00340579
7.44513e-05
-0.0034252
2.53007e-05
-0.00344285
-2.51879e-05
-0.00345877
-6.71629e-05
-0.00347292
-0.000108526
-0.00348563
-0.000140786
-0.00349688
-0.000171743
-0.00350696
-0.000194612
-0.0035158
-0.000218281
-0.0035236
-0.000238915
-0.0035302
-0.000267501
-0.00030446
-0.00289301
0.00102974
-0.00294319
0.000906007
-0.00299278
0.000857222
-0.00303902
0.000759452
-0.0030837
0.000698838
-0.00312534
0.000613383
-0.00316499
0.000550075
-0.00320184
0.000472595
-0.00323653
0.000410105
-0.00326863
0.000338929
-0.00329858
0.000278958
-0.00332618
0.000213517
-0.00335175
0.000157361
-0.00337522
9.79169e-05
-0.00339679
4.6877e-05
-0.00341662
-5.3557e-06
-0.00343484
-4.89479e-05
-0.00345146
-9.19032e-05
-0.00346675
-0.000125499
-0.00348073
-0.000157766
-0.00349367
-0.000181665
-0.00350557
-0.000206389
-0.00351658
-0.0002279
-0.00352659
-0.000257492
-0.000295516
-0.0028435
0.0010841
-0.00289387
0.000956375
-0.00294397
0.000907325
-0.00299094
0.00080642
-0.00303659
0.000744486
-0.00307938
0.000656178
-0.00312035
0.000591039
-0.00315866
0.000510908
-0.00319493
0.000446375
-0.00322874
0.000372742
-0.0032605
0.00031072
-0.00329002
0.000243029
-0.0033176
0.00018494
-0.00334316
0.000123485
-0.00336703
7.07399e-05
-0.00338908
1.66994e-05
-0.00340978
-2.82542e-05
-0.00342897
-7.27075e-05
-0.00344696
-0.000107507
-0.00346379
-0.000140933
-0.00347975
-0.000165706
-0.00349484
-0.000191308
-0.00350923
-0.00021351
-0.00352281
-0.000243906
-0.000282793
-0.00279181
0.00113834
-0.00284234
0.00100691
-0.00289297
0.000957953
-0.00294069
0.000854135
-0.00298734
0.000791142
-0.00303135
0.000700181
-0.00307368
0.000633371
-0.00311353
0.00055076
-0.00315145
0.000484296
-0.00318705
0.000408345
-0.0032207
0.000344368
-0.00325222
0.000274546
-0.0032819
0.00021462
-0.00330968
0.000151265
-0.00333588
9.69393e-05
-0.00336035
4.11685e-05
-0.00338359
-5.01019e-06
-0.00340546
-5.08427e-05
-0.00342628
-8.66787e-05
-0.0034461
-0.000121118
-0.00346521
-0.000146597
-0.00348362
-0.000172892
-0.00350154
-0.000195594
-0.00351886
-0.000226584
-0.000266121
-0.00273799
0.00119247
-0.00278866
0.00105759
-0.00283983
0.00100912
-0.00288831
0.000902618
-0.002936
0.000838832
-0.00298127
0.000745444
-0.00302502
0.000677123
-0.00306648
0.000592221
-0.00310612
0.000523937
-0.00314359
0.000445817
-0.00317921
0.000379981
-0.00321282
0.000308154
-0.00324468
0.000246488
-0.00327477
0.000181351
-0.00330337
0.000125534
-0.00333046
6.82608e-05
-0.00335625
2.07836e-05
-0.00338097
-2.61268e-05
-0.00340473
-6.29153e-05
-0.00342765
-9.81944e-05
-0.00345005
-0.000124205
-0.00347194
-0.000151
-0.00349353
-0.000174003
-0.00351475
-0.000205367
-0.000245334
-0.00268212
0.00124651
-0.00273289
0.00110837
-0.00278461
0.00106083
-0.00283388
0.000951888
-0.00288262
0.000887579
-0.0029292
0.000792022
-0.00297442
0.000722345
-0.00301756
0.000635356
-0.00305899
0.000565367
-0.0030984
0.000485233
-0.00313606
0.000417639
-0.00317184
0.000343937
-0.00320599
0.000280631
-0.00323847
0.000213835
-0.00326956
0.000156625
-0.00329931
9.80144e-05
-0.00332786
4.93256e-05
-0.00335551
1.52575e-06
-0.00338231
-3.61158e-05
-0.00340847
-7.20308e-05
-0.00343428
-9.83983e-05
-0.00345979
-0.000125494
-0.0034852
-0.000148589
-0.00351047
-0.0001801
-0.000220266
-0.0026243
0.00130052
-0.00267512
0.00115919
-0.00272736
0.00111307
-0.00277744
0.00100196
-0.00282725
0.000937392
-0.0028752
0.000839965
-0.00292193
0.000769082
-0.00296681
0.000680229
-0.00301009
0.00060865
-0.00305152
0.000526664
-0.0030913
0.000457418
-0.00312934
0.000381974
-0.00316584
0.000317134
-0.00320081
0.000248806
-0.0032345
0.000190314
-0.00326697
0.000130483
-0.00329849
8.08522e-05
-0.00332899
3.20268e-05
-0.00335905
-6.0562e-06
-0.00338857
-4.25157e-05
-0.00341792
-6.90494e-05
-0.00344717
-9.62366e-05
-0.00347656
-0.000119208
-0.00350603
-0.000150631
-0.000190758
-0.00256467
0.00135459
-0.00261544
0.00120996
-0.00266817
0.0011658
-0.00271909
0.00105288
-0.00276997
0.000988276
-0.00281933
0.000889324
-0.00286763
0.000817377
-0.00291429
0.000726898
-0.00295949
0.000653848
-0.00300301
0.000570178
-0.00304498
0.000499388
-0.00308534
0.000422341
-0.00312429
0.000356076
-0.00316183
0.000286348
-0.0031982
0.000226689
-0.00323349
0.000165772
-0.00326797
0.000115329
-0.00330169
6.57473e-05
-0.00333494
2.7193e-05
-0.00336796
-9.49152e-06
-0.00340098
-3.60309e-05
-0.00343412
-6.31011e-05
-0.0034676
-8.57192e-05
-0.00350143
-0.000116809
-0.000156651
-0.00250333
0.00140886
-0.00255398
0.00126062
-0.00260712
0.00121894
-0.00265891
0.00110467
-0.00271085
0.00104022
-0.00276167
0.000940142
-0.00281156
0.00086727
-0.00286008
0.000775416
-0.00290725
0.000701019
-0.00295291
0.000615837
-0.00299714
0.000543619
-0.00303991
0.000465109
-0.00308137
0.000397533
-0.00312156
0.000326542
-0.00316071
0.000265837
-0.00319891
0.000203977
-0.00323643
0.000152843
-0.00327339
0.000102716
-0.00331007
6.38707e-05
-0.00334664
2.70796e-05
-0.00338347
8.00792e-07
-0.00342062
-2.5958e-05
-0.00345835
-4.79838e-05
-0.00349667
-7.84896e-05
-0.000117789
-0.00244048
0.00146348
-0.002491
0.00131114
-0.00254435
0.0012723
-0.002597
0.00115731
-0.00264996
0.00109318
-0.00270225
0.000992433
-0.00275377
0.000918791
-0.00280418
0.000825822
-0.00285338
0.000750217
-0.00290124
0.000663701
-0.0029478
0.000590176
-0.00299304
0.000510352
-0.00303709
0.000441585
-0.00308002
0.000369471
-0.00312203
0.000307846
-0.00316325
0.000245192
-0.00320391
0.000193509
-0.0032442
0.000143002
-0.0032844
0.000104069
-0.0033247
6.73828e-05
-0.00336537
4.14717e-05
-0.00340669
1.53588e-05
-0.00344881
-5.86869e-06
-0.00349177
-3.55288e-05
-7.40216e-05
-0.00237714
0.00151955
-0.00242731
0.00136132
-0.00248047
0.00132545
-0.00253388
0.00121073
-0.00258781
0.0011471
-0.00264153
0.00104616
-0.00269467
0.000971928
-0.00274696
0.000878108
-0.00279819
0.000801452
-0.00284828
0.000713787
-0.00289719
0.00063909
-0.00294495
0.000558106
-0.00299164
0.000488276
-0.00303736
0.000415189
-0.00308229
0.000352778
-0.00312658
0.000289487
-0.00317048
0.00023741
-0.00321418
0.000186696
-0.00325797
0.00014786
-0.00330208
0.000111494
-0.00334679
8.61782e-05
-0.00339235
6.09191e-05
-0.00343897
4.07543e-05
-0.00348671
1.22157e-05
-2.52009e-05
-0.00231326
-0.00236306
-0.00241573
-0.00247034
-0.00252536
-0.00258066
-0.00263544
-0.0026896
-0.00274282
-0.00279505
-0.00284623
-0.00289641
-0.00294565
-0.00299409
-0.0030419
-0.00308925
-0.00313638
-0.0031835
-0.00323093
-0.00327889
-0.00332771
-0.00337763
-0.00342887
-0.00348152
)
;

boundaryField
{
    inlet
    {
        type            calculated;
        value           nonuniform List<scalar> 
32
(
-0.00453285
-0.00469687
-0.00353553
-0.00353553
-0.00353553
-0.00353553
-0.00353553
-0.00353553
-0.00353553
-0.00353553
-0.00353553
-0.00353553
-0.00353553
-0.00353553
-0.00353553
-0.00353553
-0.00353553
-0.00353553
-0.00353553
-0.00353553
-0.00353553
-0.00353553
-0.00353553
-0.00353553
-0.00353553
-0.00353553
-0.00353553
-0.00353553
-0.00353553
-0.00353553
-0.00353553
-0.00353553
)
;
    }
    outlet
    {
        type            calculated;
        value           nonuniform 0();
    }
    cylinder
    {
        type            calculated;
        value           uniform 0;
    }
    top
    {
        type            symmetryPlane;
        value           nonuniform 0();
    }
    bottom
    {
        type            symmetryPlane;
        value           nonuniform 0();
    }
    defaultFaces
    {
        type            empty;
        value           nonuniform 0();
    }
    procBoundary8to4
    {
        type            processor;
        value           nonuniform List<scalar> 
51
(
-1.66781e-05
-3.73488e-05
-4.96299e-05
-5.63881e-05
-6.011e-05
-6.25272e-05
0.000494142
5.05026e-05
5.07789e-05
5.08642e-05
5.08929e-05
5.09036e-05
5.0905e-05
5.08996e-05
5.089e-05
5.08798e-05
5.08733e-05
5.08763e-05
5.08958e-05
5.09399e-05
5.10186e-05
5.11434e-05
5.13275e-05
5.15847e-05
5.19295e-05
5.23505e-05
6.30676e-05
6.44332e-05
6.58903e-05
6.79153e-05
6.99962e-05
7.30262e-05
7.61674e-05
7.99803e-05
8.40525e-05
8.85937e-05
9.32851e-05
9.80474e-05
0.000102511
0.000106184
0.000108676
0.000109101
0.00010712
0.000101692
9.27198e-05
7.95302e-05
6.2761e-05
4.3452e-05
2.38096e-05
7.29467e-06
-1.85418e-06
)
;
    }
    procBoundary8to9
    {
        type            processor;
        value           nonuniform List<scalar> 
29
(
0.00594075
0.0061639
0.00531347
0.00550029
-3.95452e-05
0.00569813
0.00478701
0.0049422
-7.09125e-05
0.00510681
0.00447328
-0.000108587
0.00461195
0.00417026
-0.000121094
0.00431067
0.00379266
-0.000133087
0.00399125
-0.000131308
0.00352283
0.00268898
-0.000110662
0.00317047
0.00133988
-6.71431e-05
0.00209231
-1.23647e-05
0.000497399
)
;
    }
    procBoundary8to12
    {
        type            processor;
        value           nonuniform List<scalar> 
55
(
-2.84406e-05
-0.000106052
-0.000183068
-0.000259431
-0.000335091
0.00617576
-0.000467238
-0.000545432
-0.000622737
-0.000699103
0.00615045
-0.000850939
-0.000929365
-0.00100665
0.0061397
-0.0011749
-0.00125385
-0.00133144
0.00608234
-0.00151588
-0.00159472
-0.00167197
0.00597767
-0.00187077
-0.00194874
0.00441665
-0.00202296
0.00460516
-0.0020881
-0.00215182
0.00147556
0.0013565
0.00135144
0.00124757
0.00120139
0.00110648
0.00104189
0.000951238
0.000879193
0.000792361
0.000719105
0.000637279
0.000566985
0.00049204
0.00042817
0.000362592
0.000308675
0.000255594
0.000214889
0.000176348
0.000149243
0.000122105
0.000100316
6.9934e-05
3.06111e-05
)
;
    }
}


// ************************************************************************* //
