/*--------------------------------*- C++ -*----------------------------------*\
  =========                 |
  \\      /  F ield         | OpenFOAM: The Open Source CFD Toolbox
   \\    /   O peration     | Website:  https://openfoam.org
    \\  /    A nd           | Version:  7
     \\/     M anipulation  |
\*---------------------------------------------------------------------------*/
FoamFile
{
    version     2.0;
    format      ascii;
    class       volScalarField;
    location    "10";
    object      p;
}
// * * * * * * * * * * * * * * * * * * * * * * * * * * * * * * * * * * * * * //

dimensions      [0 2 -2 0 0 0 0];

internalField   nonuniform List<scalar> 
5650
(
-0.3415
-0.347799
-0.349529
-0.349416
-0.347627
-0.344235
-0.342383
-0.348523
-0.350162
-0.349971
-0.348116
-0.344669
-0.344141
-0.349965
-0.351422
-0.351074
-0.349087
-0.345531
-0.346754
-0.35211
-0.353296
-0.352715
-0.350529
-0.34681
-0.341689
-0.350196
-0.354937
-0.355764
-0.354874
-0.352424
-0.348487
-0.343185
-0.354432
-0.358419
-0.358804
-0.35753
-0.354752
-0.350542
-0.345012
-0.359423
-0.362527
-0.362388
-0.360657
-0.357486
-0.352949
-0.347145
-0.365124
-0.367224
-0.366484
-0.364227
-0.3606
-0.355681
-0.349557
-0.371487
-0.372474
-0.371061
-0.368209
-0.364065
-0.358711
-0.35222
-0.378464
-0.37824
-0.376085
-0.372572
-0.367853
-0.362011
-0.355108
-0.386005
-0.384482
-0.381522
-0.377288
-0.371936
-0.365556
-0.358196
-0.349868
-0.394065
-0.391162
-0.387339
-0.382327
-0.376288
-0.369322
-0.361463
-0.35271
-0.402595
-0.398245
-0.393506
-0.387664
-0.380888
-0.37329
-0.364891
-0.355675
-0.411556
-0.405697
-0.399995
-0.393273
-0.385715
-0.377444
-0.368465
-0.358752
-0.420906
-0.413486
-0.406777
-0.399135
-0.390754
-0.38177
-0.372177
-0.361933
-0.350954
-0.430609
-0.42158
-0.41383
-0.40523
-0.39599
-0.38626
-0.37602
-0.365214
-0.353739
-0.440631
-0.429952
-0.42113
-0.411541
-0.401412
-0.390908
-0.379991
-0.368591
-0.356588
-0.450939
-0.438573
-0.428654
-0.418053
-0.407011
-0.395706
-0.384085
-0.372062
-0.359497
-0.34621
-0.461498
-0.447414
-0.436379
-0.424749
-0.412776
-0.400651
-0.388301
-0.375622
-0.362459
-0.348616
-0.472273
-0.456445
-0.444283
-0.431612
-0.418695
-0.405732
-0.392629
-0.379263
-0.36546
-0.351015
-0.335729
-0.483226
-0.465632
-0.452338
-0.438622
-0.424754
-0.410939
-0.397057
-0.382966
-0.368474
-0.353369
-0.337467
-0.494313
-0.474937
-0.460512
-0.445755
-0.430932
-0.416252
-0.401566
-0.386707
-0.371466
-0.355628
-0.339026
-0.321559
-0.505482
-0.484317
-0.468771
-0.452979
-0.437203
-0.421645
-0.406124
-0.390447
-0.374389
-0.357732
-0.340327
-0.322122
-0.303707
-0.516674
-0.493721
-0.477069
-0.460257
-0.443531
-0.427082
-0.410691
-0.394139
-0.377185
-0.359611
-0.341292
-0.322216
-0.302993
-0.527818
-0.503089
-0.485354
-0.467542
-0.449871
-0.432515
-0.415213
-0.39772
-0.379781
-0.361188
-0.341841
-0.321775
-0.30158
-0.279765
-0.538832
-0.512351
-0.493565
-0.474776
-0.456166
-0.437883
-0.419623
-0.401114
-0.382096
-0.362377
-0.341894
-0.320734
-0.299461
-0.276794
-0.262178
-0.549624
-0.521429
-0.501629
-0.481892
-0.462347
-0.443114
-0.42384
-0.404233
-0.384036
-0.363087
-0.341372
-0.319037
-0.29663
-0.273131
-0.256606
-0.560087
-0.530229
-0.509463
-0.488807
-0.468332
-0.448118
-0.427769
-0.406977
-0.385502
-0.363224
-0.340194
-0.316632
-0.293078
-0.268789
-0.250564
-0.570101
-0.538651
-0.516971
-0.49543
-0.474026
-0.452796
-0.431304
-0.409237
-0.386386
-0.362694
-0.338289
-0.313474
-0.288796
-0.263775
-0.244101
-0.579534
-0.546579
-0.524046
-0.501654
-0.479319
-0.457034
-0.434327
-0.410896
-0.386579
-0.361401
-0.335584
-0.30952
-0.283773
-0.258094
-0.237221
-0.588241
-0.553888
-0.530569
-0.507362
-0.484092
-0.460707
-0.436712
-0.411829
-0.385971
-0.359257
-0.332018
-0.304735
-0.277997
-0.251745
-0.229905
-0.596068
-0.560443
-0.536409
-0.512424
-0.488212
-0.463681
-0.438323
-0.411913
-0.384451
-0.356176
-0.327531
-0.299088
-0.271455
-0.244727
-0.222127
-0.60285
-0.566096
-0.541428
-0.516701
-0.491537
-0.465811
-0.439025
-0.411021
-0.381917
-0.352081
-0.322076
-0.292555
-0.264139
-0.237037
-0.213858
-0.608413
-0.570695
-0.545474
-0.520042
-0.493918
-0.466951
-0.438676
-0.409031
-0.378269
-0.346902
-0.315609
-0.285114
-0.256041
-0.228674
-0.205077
-0.612581
-0.574078
-0.548392
-0.522293
-0.495198
-0.466951
-0.437139
-0.405827
-0.373419
-0.340579
-0.308097
-0.276752
-0.247156
-0.219636
-0.195763
-0.61517
-0.57608
-0.55002
-0.523293
-0.495221
-0.465659
-0.434281
-0.401298
-0.367287
-0.333062
-0.299514
-0.267458
-0.237481
-0.209923
-0.185906
-0.615997
-0.576532
-0.550193
-0.522877
-0.493826
-0.462929
-0.429976
-0.395348
-0.359805
-0.324311
-0.289842
-0.257228
-0.227019
-0.199539
-0.175496
-0.614881
-0.575267
-0.548744
-0.520883
-0.490859
-0.458622
-0.424106
-0.387888
-0.350917
-0.314296
-0.27907
-0.246062
-0.215771
-0.188488
-0.164533
-0.611645
-0.572117
-0.545511
-0.517151
-0.486169
-0.452605
-0.416567
-0.378846
-0.34058
-0.302999
-0.267195
-0.233965
-0.203747
-0.176777
-0.153018
-0.60612
-0.566923
-0.540334
-0.511527
-0.479617
-0.444759
-0.40727
-0.368162
-0.328763
-0.29041
-0.25422
-0.220946
-0.190954
-0.164415
-0.140958
-0.598147
-0.559532
-0.533063
-0.503868
-0.471073
-0.434981
-0.396139
-0.355793
-0.315448
-0.276529
-0.240155
-0.207019
-0.177408
-0.151415
-0.128365
-0.58758
-0.549803
-0.523559
-0.494043
-0.460423
-0.423181
-0.383117
-0.341711
-0.30063
-0.261366
-0.225017
-0.192201
-0.163124
-0.137793
-0.115252
-0.574292
-0.537607
-0.511695
-0.481935
-0.447571
-0.409292
-0.368165
-0.325904
-0.284317
-0.24494
-0.20883
-0.176515
-0.148123
-0.123566
-0.101638
-0.558173
-0.522834
-0.497364
-0.467447
-0.43244
-0.393262
-0.351262
-0.308374
-0.26653
-0.227279
-0.191622
-0.15999
-0.132429
-0.108757
-0.0875346
-0.539134
-0.505394
-0.480476
-0.450502
-0.414974
-0.375064
-0.332406
-0.289142
-0.247298
-0.20842
-0.173429
-0.142657
-0.116072
-0.0933976
-0.0729504
-0.517113
-0.485216
-0.460965
-0.431045
-0.395141
-0.354691
-0.311614
-0.268241
-0.226667
-0.188406
-0.154292
-0.124553
-0.0990863
-0.0775247
-0.0579237
-0.492072
-0.462255
-0.438788
-0.409047
-0.372931
-0.332158
-0.288923
-0.24572
-0.20469
-0.167291
-0.13426
-0.10572
-0.0815027
-0.0611245
-0.0425581
-0.464002
-0.436493
-0.413927
-0.384505
-0.348362
-0.307503
-0.264386
-0.221644
-0.18143
-0.145135
-0.113385
-0.0862068
-0.0633686
-0.0442652
-0.0268252
-0.432923
-0.407938
-0.386395
-0.35744
-0.321474
-0.280785
-0.238076
-0.196089
-0.156964
-0.122005
-0.0917306
-0.0660635
-0.0447241
-0.0269919
-0.0107599
-0.398885
-0.376626
-0.356228
-0.327902
-0.292333
-0.252084
-0.210081
-0.169144
-0.131375
-0.0979787
-0.0693586
-0.0453482
-0.0256192
-0.00934625
0.00559417
-0.36197
-0.342624
-0.323495
-0.295969
-0.261031
-0.221503
-0.180507
-0.14091
-0.104756
-0.0731371
-0.0463425
-0.0241229
-0.0061082
0.00862539
0.0221912
-0.322289
-0.306028
-0.288291
-0.261746
-0.227681
-0.189161
-0.149472
-0.111502
-0.0772094
-0.0475692
-0.0227594
-0.00245464
0.013751
0.0268722
0.0389815
-0.279986
-0.266962
-0.250743
-0.225368
-0.192418
-0.155193
-0.117112
-0.0810412
-0.0488438
-0.0213706
0.00130818
0.0195847
0.0338965
0.0453395
0.0559098
-0.235233
-0.22558
-0.211004
-0.186996
-0.155385
-0.119761
-0.083573
-0.0496612
-0.0197763
0.00535768
0.0257726
0.0419188
0.0542625
0.0639681
0.0729132
-0.188229
-0.182066
-0.169251
-0.146764
-0.116806
-0.0830347
-0.0490121
-0.0175026
0.00987023
0.0325093
0.0505418
0.0644673
0.0747793
0.0826951
0.0899217
-0.139184
-0.136641
-0.125681
-0.104926
-0.0768416
-0.0451964
-0.0135976
0.0152861
0.039967
0.0599733
0.0755198
0.0871457
0.0953751
0.101457
0.106861
-0.0883508
-0.0895408
-0.080533
-0.061689
-0.0357073
-0.0064438
0.0224934
0.0485501
0.0703805
0.087635
0.100607
0.109867
0.115981
0.120201
0.123624
-0.0360731
-0.0409764
-0.0340513
-0.0172906
0.00636784
0.0330155
0.0590769
0.0821292
0.100973
0.115376
0.125701
0.132543
0.136537
0.138873
0.139982
0.0173992
0.00874327
0.0134955
0.0280133
0.049145
0.0729656
0.0959626
0.115859
0.131604
0.143076
0.150696
0.155089
0.156984
0.157341
0.155618
0.0717537
0.0593208
0.0618239
0.0739538
0.0923758
0.113184
0.132956
0.149572
0.16213
0.170612
0.175489
0.177419
0.177222
0.175323
0.170536
0.126655
0.110448
0.110637
0.120251
0.135804
0.153443
0.169858
0.183098
0.192406
0.197861
0.199975
0.199447
0.197116
0.192519
0.185473
0.181758
0.161803
0.159627
0.166617
0.179169
0.193511
0.20647
0.216266
0.222286
0.224698
0.224051
0.221071
0.216595
0.209926
0.201609
0.23671
0.213053
0.208478
0.212759
0.222205
0.233156
0.24259
0.248906
0.251626
0.250998
0.247607
0.242188
0.235543
0.226977
0.217461
0.291152
0.263861
0.25687
0.25838
0.264646
0.272145
0.27802
0.280848
0.280281
0.27664
0.270537
0.262708
0.253903
0.243483
0.232713
0.344721
0.313885
0.304478
0.303184
0.306229
0.310249
0.312563
0.311923
0.308108
0.301502
0.292737
0.282542
0.271616
0.259393
0.247278
0.397057
0.362784
0.350982
0.346875
0.346691
0.34724
0.346024
0.341969
0.334969
0.325465
0.314106
0.301606
0.288614
0.274648
0.261147
0.447802
0.410222
0.396064
0.389166
0.385777
0.382898
0.378216
0.370825
0.360728
0.348415
0.334546
0.319816
0.30483
0.289186
0.274297
0.496606
0.455866
0.439413
0.429772
0.423238
0.417007
0.408955
0.398337
0.385254
0.370242
0.353964
0.337095
0.320197
0.30295
0.286695
0.54313
0.499396
0.480728
0.468422
0.458834
0.449363
0.438068
0.424357
0.408423
0.390838
0.372268
0.353366
0.334654
0.315887
0.298307
0.587047
0.540501
0.51972
0.504855
0.492338
0.479769
0.465387
0.448744
0.430115
0.410103
0.389375
0.368559
0.34814
0.327946
0.309098
0.628046
0.578889
0.556113
0.538823
0.523532
0.50804
0.490756
0.471365
0.450217
0.427942
0.405203
0.382604
0.3606
0.339081
0.319036
0.665836
0.614283
0.589652
0.570095
0.552216
0.534004
0.514028
0.492097
0.468625
0.444266
0.419677
0.395438
0.371978
0.349244
0.328088
0.700147
0.646426
0.620097
0.598458
0.578203
0.557501
0.535069
0.510825
0.485243
0.458993
0.432727
0.407004
0.382225
0.358394
0.336222
0.730733
0.675086
0.647232
0.623718
0.601325
0.578388
0.553757
0.527447
0.499982
0.472048
0.44429
0.417246
0.391297
0.366491
0.343409
0.757373
0.700053
0.670863
0.645701
0.621431
0.596536
0.569983
0.54187
0.512766
0.483366
0.45431
0.426117
0.399151
0.373501
0.349623
0.779875
0.721146
0.690821
0.664256
0.638391
0.611834
0.583652
0.554015
0.523525
0.492887
0.462737
0.433576
0.405753
0.379391
0.354839
0.798076
0.738209
0.706962
0.679256
0.652094
0.624187
0.594684
0.563813
0.532202
0.500565
0.469529
0.439586
0.411072
0.384137
0.359037
0.811844
0.751117
0.71917
0.690598
0.66245
0.633519
0.603016
0.57121
0.538751
0.506357
0.474653
0.444119
0.415083
0.387715
0.3622
0.821079
0.759776
0.727358
0.698203
0.669392
0.639773
0.608598
0.576164
0.543137
0.510236
0.478084
0.447153
0.417767
0.390109
0.364316
0.825713
0.764121
0.731467
0.702018
0.672875
0.64291
0.611397
0.578648
0.545336
0.51218
0.479803
0.448674
0.419112
0.391309
0.365377
0.825713
0.764121
0.731467
0.702018
0.672875
0.64291
0.611397
0.578648
0.545336
0.51218
0.479803
0.448674
0.419112
0.391309
0.365377
0.821079
0.759776
0.727358
0.698203
0.669392
0.639773
0.608598
0.576164
0.543137
0.510236
0.478084
0.447153
0.417767
0.390109
0.364316
0.811844
0.751117
0.71917
0.690598
0.66245
0.633519
0.603016
0.57121
0.538751
0.506357
0.474653
0.444119
0.415083
0.387715
0.3622
0.798076
0.738209
0.706962
0.679256
0.652094
0.624187
0.594684
0.563813
0.532202
0.500565
0.469529
0.439586
0.411072
0.384137
0.359037
0.779875
0.721146
0.690821
0.664256
0.638391
0.611834
0.583652
0.554015
0.523525
0.492887
0.462737
0.433576
0.405753
0.379391
0.354839
0.757373
0.700053
0.670863
0.645701
0.621431
0.596536
0.569983
0.54187
0.512766
0.483366
0.45431
0.426117
0.399151
0.373501
0.349623
0.730733
0.675086
0.647232
0.623718
0.601325
0.578388
0.553757
0.527447
0.499982
0.472048
0.44429
0.417246
0.391297
0.366491
0.343409
0.700147
0.646426
0.620097
0.598458
0.578203
0.557501
0.535069
0.510825
0.485243
0.458993
0.432727
0.407004
0.382225
0.358394
0.336222
0.665836
0.614283
0.589652
0.570095
0.552215
0.534004
0.514028
0.492097
0.468625
0.444266
0.419677
0.395438
0.371978
0.349244
0.328088
0.628046
0.578889
0.556113
0.538823
0.523532
0.50804
0.490756
0.471365
0.450217
0.427942
0.405203
0.382604
0.3606
0.339081
0.319036
0.587047
0.540501
0.51972
0.504855
0.492338
0.479769
0.465387
0.448744
0.430115
0.410103
0.389375
0.368559
0.34814
0.327946
0.309098
0.54313
0.499396
0.480728
0.468422
0.458834
0.449363
0.438068
0.424357
0.408423
0.390838
0.372268
0.353366
0.334654
0.315887
0.298307
0.496606
0.455866
0.439413
0.429772
0.423238
0.417007
0.408955
0.398337
0.385254
0.370242
0.353964
0.337095
0.320197
0.30295
0.286695
0.447802
0.410222
0.396064
0.389166
0.385777
0.382897
0.378216
0.370825
0.360728
0.348415
0.334546
0.319816
0.30483
0.289186
0.274297
0.397057
0.362784
0.350982
0.346875
0.346691
0.34724
0.346024
0.341969
0.334969
0.325465
0.314106
0.301606
0.288614
0.274648
0.261147
0.344721
0.313885
0.304478
0.303184
0.306229
0.310249
0.312563
0.311923
0.308108
0.301502
0.292737
0.282542
0.271616
0.259393
0.247278
0.291152
0.263861
0.25687
0.25838
0.264646
0.272145
0.27802
0.280848
0.280281
0.27664
0.270537
0.262708
0.253903
0.243483
0.232713
0.23671
0.213053
0.208478
0.212759
0.222205
0.233156
0.24259
0.248906
0.251626
0.250998
0.247607
0.242188
0.235543
0.226977
0.217461
0.181758
0.161803
0.159627
0.166617
0.179169
0.193511
0.20647
0.216266
0.222286
0.224698
0.224051
0.221071
0.216595
0.209926
0.201609
0.126655
0.110448
0.110637
0.120251
0.135804
0.153443
0.169858
0.183098
0.192406
0.197861
0.199975
0.199447
0.197116
0.192519
0.185473
0.0717537
0.0593207
0.0618239
0.0739538
0.0923758
0.113184
0.132956
0.149572
0.16213
0.170612
0.175489
0.177419
0.177222
0.175323
0.170536
0.0173992
0.00874326
0.0134955
0.0280133
0.049145
0.0729656
0.0959626
0.115859
0.131604
0.143076
0.150696
0.155089
0.156984
0.157341
0.155618
-0.0360731
-0.0409764
-0.0340513
-0.0172906
0.00636784
0.0330155
0.0590769
0.0821292
0.100973
0.115376
0.125701
0.132543
0.136537
0.138873
0.139982
-0.0883508
-0.0895408
-0.080533
-0.061689
-0.0357073
-0.00644381
0.0224934
0.0485501
0.0703805
0.087635
0.100607
0.109867
0.115981
0.120201
0.123624
-0.139184
-0.136641
-0.125681
-0.104926
-0.0768416
-0.0451964
-0.0135976
0.0152861
0.039967
0.0599733
0.0755198
0.0871457
0.0953751
0.101457
0.106861
-0.188229
-0.182066
-0.169251
-0.146764
-0.116806
-0.0830347
-0.0490121
-0.0175026
0.00987023
0.0325093
0.0505418
0.0644673
0.0747793
0.0826951
0.0899217
-0.235233
-0.22558
-0.211004
-0.186996
-0.155385
-0.119761
-0.083573
-0.0496612
-0.0197763
0.00535768
0.0257726
0.0419188
0.0542625
0.0639681
0.0729132
-0.279986
-0.266962
-0.250743
-0.225368
-0.192418
-0.155193
-0.117112
-0.0810412
-0.0488438
-0.0213706
0.00130818
0.0195847
0.0338965
0.0453395
0.0559098
-0.322289
-0.306028
-0.288291
-0.261746
-0.227681
-0.189161
-0.149472
-0.111502
-0.0772093
-0.0475692
-0.0227594
-0.00245463
0.013751
0.0268722
0.0389815
-0.36197
-0.342624
-0.323495
-0.295969
-0.261031
-0.221503
-0.180507
-0.14091
-0.104756
-0.0731371
-0.0463425
-0.0241229
-0.00610819
0.0086254
0.0221912
-0.398885
-0.376626
-0.356228
-0.327902
-0.292333
-0.252084
-0.210081
-0.169144
-0.131375
-0.0979787
-0.0693586
-0.0453482
-0.0256192
-0.00934625
0.00559418
-0.432923
-0.407938
-0.386395
-0.35744
-0.321474
-0.280785
-0.238076
-0.196089
-0.156964
-0.122005
-0.0917306
-0.0660635
-0.0447241
-0.0269919
-0.0107599
-0.464002
-0.436493
-0.413927
-0.384505
-0.348362
-0.307503
-0.264386
-0.221644
-0.18143
-0.145135
-0.113385
-0.0862068
-0.0633686
-0.0442652
-0.0268252
-0.492072
-0.462255
-0.438788
-0.409047
-0.372931
-0.332158
-0.288923
-0.24572
-0.20469
-0.167291
-0.13426
-0.10572
-0.0815027
-0.0611245
-0.0425581
-0.517113
-0.485216
-0.460965
-0.431045
-0.395141
-0.354691
-0.311614
-0.268241
-0.226667
-0.188406
-0.154292
-0.124553
-0.0990863
-0.0775247
-0.0579236
-0.539134
-0.505394
-0.480476
-0.450502
-0.414974
-0.375064
-0.332406
-0.289142
-0.247298
-0.20842
-0.173429
-0.142657
-0.116072
-0.0933976
-0.0729504
-0.558173
-0.522834
-0.497364
-0.467447
-0.43244
-0.393262
-0.351262
-0.308374
-0.26653
-0.227279
-0.191622
-0.15999
-0.132429
-0.108757
-0.0875346
-0.574292
-0.537607
-0.511695
-0.481935
-0.447571
-0.409292
-0.368165
-0.325904
-0.284317
-0.24494
-0.20883
-0.176515
-0.148123
-0.123566
-0.101638
-0.58758
-0.549803
-0.523559
-0.494043
-0.460423
-0.423181
-0.383117
-0.341711
-0.30063
-0.261366
-0.225017
-0.192201
-0.163124
-0.137793
-0.115252
-0.598147
-0.559532
-0.533063
-0.503868
-0.471073
-0.434981
-0.396139
-0.355793
-0.315448
-0.276529
-0.240155
-0.207019
-0.177408
-0.151415
-0.128365
-0.60612
-0.566923
-0.540334
-0.511527
-0.479617
-0.444759
-0.40727
-0.368162
-0.328763
-0.29041
-0.25422
-0.220946
-0.190954
-0.164415
-0.140958
-0.611645
-0.572117
-0.545511
-0.51715
-0.486169
-0.452604
-0.416567
-0.378846
-0.34058
-0.302999
-0.267195
-0.233965
-0.203747
-0.176776
-0.153018
-0.614881
-0.575267
-0.548744
-0.520883
-0.490859
-0.458622
-0.424106
-0.387888
-0.350917
-0.314296
-0.27907
-0.246062
-0.215771
-0.188488
-0.164533
-0.615997
-0.576532
-0.550193
-0.522877
-0.493826
-0.462929
-0.429976
-0.395348
-0.359805
-0.324311
-0.289842
-0.257228
-0.227019
-0.199539
-0.175496
-0.615169
-0.57608
-0.55002
-0.523293
-0.495221
-0.465659
-0.434281
-0.401298
-0.367287
-0.333062
-0.299514
-0.267458
-0.237481
-0.209923
-0.185906
-0.612581
-0.574078
-0.548392
-0.522293
-0.495198
-0.466951
-0.437139
-0.405827
-0.373419
-0.340579
-0.308097
-0.276752
-0.247156
-0.219635
-0.195763
-0.608413
-0.570695
-0.545474
-0.520042
-0.493918
-0.466951
-0.438676
-0.409031
-0.378269
-0.346902
-0.315609
-0.285114
-0.256041
-0.228674
-0.205077
-0.60285
-0.566096
-0.541428
-0.5167
-0.491537
-0.465811
-0.439025
-0.411021
-0.381917
-0.352081
-0.322076
-0.292555
-0.264139
-0.237037
-0.213858
-0.596068
-0.560442
-0.536409
-0.512424
-0.488212
-0.463681
-0.438323
-0.411913
-0.384451
-0.356176
-0.327531
-0.299088
-0.271455
-0.244727
-0.222127
-0.588241
-0.553888
-0.530569
-0.507362
-0.484092
-0.460707
-0.436712
-0.411829
-0.385971
-0.359257
-0.332018
-0.304735
-0.277997
-0.251745
-0.229905
-0.579534
-0.546579
-0.524046
-0.501654
-0.479319
-0.457034
-0.434327
-0.410896
-0.386579
-0.361401
-0.335584
-0.30952
-0.283773
-0.258094
-0.237221
-0.570101
-0.538651
-0.516971
-0.49543
-0.474026
-0.452796
-0.431304
-0.409237
-0.386386
-0.362694
-0.338289
-0.313474
-0.288796
-0.263775
-0.244101
-0.560087
-0.530229
-0.509463
-0.488807
-0.468332
-0.448118
-0.427769
-0.406977
-0.385502
-0.363224
-0.340194
-0.316632
-0.293078
-0.268789
-0.250564
-0.549624
-0.521429
-0.501629
-0.481892
-0.462347
-0.443114
-0.42384
-0.404233
-0.384036
-0.363087
-0.341372
-0.319037
-0.296629
-0.27313
-0.256606
-0.538832
-0.512351
-0.493565
-0.474776
-0.456166
-0.437883
-0.419623
-0.401114
-0.382095
-0.362377
-0.341894
-0.320734
-0.299461
-0.276794
-0.262178
-0.527818
-0.503089
-0.485354
-0.467542
-0.449871
-0.432515
-0.415213
-0.39772
-0.379781
-0.361188
-0.341841
-0.321775
-0.30158
-0.279765
-0.516674
-0.493721
-0.477069
-0.460257
-0.443531
-0.427082
-0.410691
-0.394139
-0.377185
-0.359611
-0.341292
-0.322216
-0.302993
-0.505482
-0.484317
-0.468771
-0.452979
-0.437203
-0.421645
-0.406124
-0.390447
-0.374389
-0.357732
-0.340327
-0.322122
-0.494313
-0.474937
-0.460512
-0.445755
-0.430932
-0.416252
-0.401566
-0.386707
-0.371466
-0.355628
-0.339026
-0.321559
-0.483226
-0.465632
-0.452338
-0.438622
-0.424754
-0.410939
-0.397057
-0.382966
-0.368474
-0.353369
-0.337467
-0.472273
-0.456445
-0.444283
-0.431612
-0.418695
-0.405732
-0.392629
-0.379263
-0.36546
-0.351015
-0.335729
-0.461498
-0.447414
-0.436379
-0.424749
-0.412776
-0.400651
-0.388301
-0.375622
-0.362459
-0.348616
-0.450939
-0.438573
-0.428654
-0.418053
-0.407011
-0.395706
-0.384085
-0.372062
-0.359497
-0.34621
-0.440631
-0.429952
-0.42113
-0.411541
-0.401412
-0.390908
-0.379991
-0.368591
-0.356588
-0.430609
-0.42158
-0.41383
-0.40523
-0.39599
-0.38626
-0.37602
-0.365214
-0.353739
-0.420906
-0.413486
-0.406777
-0.399135
-0.390754
-0.38177
-0.372177
-0.361933
-0.350954
-0.411556
-0.405697
-0.399995
-0.393273
-0.385715
-0.377444
-0.368465
-0.358752
-0.402595
-0.398245
-0.393506
-0.387664
-0.380888
-0.37329
-0.364891
-0.355675
-0.394065
-0.391162
-0.387339
-0.382327
-0.376288
-0.369322
-0.361463
-0.35271
-0.386005
-0.384482
-0.381522
-0.377288
-0.371936
-0.365556
-0.358196
-0.349868
-0.378464
-0.37824
-0.376085
-0.372572
-0.367853
-0.362011
-0.355108
-0.371487
-0.372474
-0.371061
-0.368209
-0.364065
-0.358711
-0.35222
-0.365124
-0.367224
-0.366484
-0.364227
-0.3606
-0.355681
-0.349557
-0.359423
-0.362527
-0.362388
-0.360657
-0.357486
-0.352949
-0.347145
-0.354432
-0.358419
-0.358804
-0.35753
-0.354752
-0.350542
-0.345012
-0.350196
-0.354937
-0.355764
-0.354874
-0.352424
-0.348487
-0.343185
-0.346754
-0.35211
-0.353296
-0.352715
-0.350529
-0.34681
-0.341689
-0.344141
-0.349965
-0.351422
-0.351074
-0.349087
-0.345531
-0.342383
-0.348523
-0.350162
-0.349971
-0.348116
-0.344669
-0.3415
-0.347799
-0.349529
-0.349416
-0.347627
-0.344235
-0.127316
-0.120624
-0.114158
-0.107886
-0.101819
-0.0959618
-0.0903134
-0.0848731
-0.0796388
-0.0746082
-0.0697797
-0.0651523
-0.0607255
-0.0564992
-0.0524736
-0.0486499
-0.0450297
-0.0416151
-0.038409
-0.0354135
-0.0326322
-0.0300696
-0.0277314
-0.0256248
-0.023759
-0.0221459
-0.0208001
-0.0197446
-0.0189949
-0.0186108
-0.138471
-0.131305
-0.124387
-0.117688
-0.1112
-0.104929
-0.0988768
-0.0930425
-0.0874252
-0.082023
-0.076835
-0.0718603
-0.0670991
-0.0625516
-0.0582188
-0.0541023
-0.0502042
-0.0465268
-0.0430733
-0.0398465
-0.0368503
-0.0340895
-0.03157
-0.0292994
-0.0272873
-0.025546
-0.0240909
-0.0229456
-0.0221287
-0.0216931
-0.14913
-0.141531
-0.134217
-0.12714
-0.120275
-0.113628
-0.107205
-0.101005
-0.0950301
-0.089278
-0.0837488
-0.0784428
-0.0733605
-0.0685034
-0.063873
-0.0594718
-0.0553025
-0.0513683
-0.0476725
-0.0442188
-0.0410114
-0.0380556
-0.0353577
-0.0329255
-0.0307692
-0.0289016
-0.0273388
-0.0261051
-0.0252224
-0.0247361
-0.159277
-0.151288
-0.143637
-0.136236
-0.129038
-0.122054
-0.115293
-0.108758
-0.102451
-0.0963701
-0.0905183
-0.0848964
-0.0795064
-0.0743506
-0.0694321
-0.0647542
-0.0603205
-0.0561351
-0.052202
-0.0485256
-0.0451108
-0.0419632
-0.0390896
-0.0364984
-0.0342001
-0.0322082
-0.0305396
-0.029219
-0.028272
-0.0277365
-0.168897
-0.160563
-0.15264
-0.14497
-0.137486
-0.130204
-0.123141
-0.1163
-0.109685
-0.103298
-0.0971415
-0.091219
-0.0855339
-0.0800904
-0.0748927
-0.0699457
-0.0652541
-0.060823
-0.0566574
-0.0527625
-0.0491438
-0.0458076
-0.0427613
-0.0400136
-0.0375757
-0.0354617
-0.0336892
-0.0322836
-0.031274
-0.0306912
-0.177977
-0.169346
-0.161221
-0.153341
-0.145617
-0.138078
-0.130747
-0.123631
-0.116734
-0.110061
-0.103617
-0.0974091
-0.0914413
-0.0857202
-0.080252
-0.075043
-0.0700996
-0.0654281
-0.0610346
-0.0569252
-0.0531063
-0.0495848
-0.0463685
-0.043467
-0.0408919
-0.0386579
-0.0367837
-0.0352952
-0.0342249
-0.0335969
-0.186504
-0.177629
-0.169377
-0.161349
-0.153434
-0.145678
-0.138115
-0.130753
-0.123598
-0.11666
-0.109947
-0.103466
-0.0972273
-0.0912382
-0.0855074
-0.0800432
-0.0748538
-0.0699469
-0.0653299
-0.0610099
-0.0569943
-0.0532906
-0.0499074
-0.0468547
-0.0441449
-0.0417934
-0.0398196
-0.0382502
-0.0371214
-0.0364507
-0.194468
-0.185407
-0.177113
-0.169
-0.160941
-0.15301
-0.14525
-0.137671
-0.130283
-0.123098
-0.116131
-0.109391
-0.102892
-0.0966432
-0.0906572
-0.0849441
-0.079514
-0.0743764
-0.06954
-0.0650132
-0.0608042
-0.0569215
-0.0533742
-0.0501731
-0.0473311
-0.0448644
-0.0427936
-0.0411456
-0.0399604
-0.0392499
-0.201862
-0.192683
-0.184437
-0.176304
-0.168149
-0.160083
-0.15216
-0.144393
-0.136793
-0.129381
-0.122173
-0.115186
-0.108435
-0.101935
-0.0957002
-0.0897437
-0.0840778
-0.0787138
-0.073662
-0.068932
-0.0645329
-0.0604742
-0.0567657
-0.0534188
-0.0504473
-0.047868
-0.0457024
-0.0439783
-0.0427393
-0.041992
-0.208686
-0.199467
-0.191368
-0.18328
-0.175074
-0.166912
-0.15886
-0.150929
-0.143139
-0.135514
-0.128078
-0.120853
-0.113859
-0.107114
-0.100636
-0.0944408
-0.0885434
-0.0829569
-0.0776933
-0.0727634
-0.0681774
-0.0639457
-0.0600788
-0.056589
-0.0534905
-0.0508012
-0.0485435
-0.0467457
-0.0454552
-0.0446744
-0.214947
-0.205784
-0.197938
-0.189956
-0.18174
-0.173519
-0.165367
-0.157297
-0.149331
-0.141507
-0.133853
-0.126398
-0.119166
-0.112181
-0.105464
-0.0990344
-0.0929092
-0.0871037
-0.0816315
-0.0765049
-0.0717352
-0.0673334
-0.063311
-0.0596809
-0.0564581
-0.0536613
-0.0513141
-0.0494453
-0.0481058
-0.047295
-0.220667
-0.211678
-0.204196
-0.196373
-0.188181
-0.179932
-0.171708
-0.163515
-0.155388
-0.147372
-0.139507
-0.131827
-0.124361
-0.117139
-0.110186
-0.103524
-0.0971742
-0.0911527
-0.085475
-0.0801547
-0.075204
-0.070635
-0.0664598
-0.0626921
-0.0593478
-0.0564462
-0.0540121
-0.052075
-0.050689
-0.0498517
-0.225889
-0.217222
-0.210212
-0.202585
-0.194442
-0.186193
-0.177915
-0.169611
-0.161328
-0.153126
-0.145052
-0.137147
-0.129448
-0.12199
-0.114803
-0.107911
-0.101338
-0.0951027
-0.0892221
-0.0837108
-0.0785821
-0.0738486
-0.0695234
-0.0656208
-0.0621575
-0.0591538
-0.0566354
-0.0546326
-0.0532028
-0.0523427
-0.230682
-0.222533
-0.216089
-0.208669
-0.200584
-0.192354
-0.184033
-0.175619
-0.16718
-0.158789
-0.150502
-0.142369
-0.134435
-0.126739
-0.119316
-0.112194
-0.1054
-0.0989528
-0.0928716
-0.0871719
-0.0818677
-0.0769725
-0.0725
-0.0684652
-0.0648857
-0.0617823
-0.0591824
-0.0571167
-0.0556455
-0.0547663
-0.0964226
-0.0905369
-0.0850598
-0.0800054
-0.0753882
-0.0712239
-0.0675307
-0.0643305
-0.0616516
-0.0595256
-0.0580155
-0.057121
-0.115681
-0.109501
-0.103539
-0.0977437
-0.0921379
-0.0867318
-0.0815197
-0.0765016
-0.0716749
-0.0670372
-0.0625869
-0.0583228
-0.0542443
-0.0503513
-0.046643
-0.0431193
-0.0397828
-0.036637
-0.0336841
-0.0309245
-0.028362
-0.0260009
-0.0238468
-0.0219066
-0.0201892
-0.018706
-0.0174709
-0.0165063
-0.0158248
-0.0154929
-0.103585
-0.0979533
-0.0925462
-0.0872731
-0.0821686
-0.0772456
-0.0724986
-0.067931
-0.0635374
-0.0593141
-0.0552606
-0.051376
-0.04766
-0.0441128
-0.0407319
-0.0375154
-0.0344684
-0.0315977
-0.0289038
-0.026385
-0.0240451
-0.0218888
-0.0199215
-0.0181499
-0.0165827
-0.015231
-0.0141079
-0.0132353
-0.0126226
-0.0123435
-0.091047
-0.086
-0.0811976
-0.0764972
-0.0719297
-0.0675075
-0.0632485
-0.0591622
-0.0552291
-0.0514425
-0.0478041
-0.0443146
-0.0409742
-0.0377832
-0.0347366
-0.0318426
-0.0291005
-0.0265079
-0.0240765
-0.021802
-0.0196879
-0.0177392
-0.0159611
-0.0143603
-0.012945
-0.0117261
-0.010716
-0.00993625
-0.00939226
-0.00916707
-0.0780807
-0.0736513
-0.0694993
-0.065406
-0.0613805
-0.0575638
-0.0538003
-0.050213
-0.0467626
-0.0434312
-0.040224
-0.0371432
-0.0341891
-0.0313603
-0.0286479
-0.0261072
-0.0236994
-0.0213798
-0.0192107
-0.0171826
-0.0152971
-0.0135584
-0.0119717
-0.0105434
-0.00928157
-0.00819648
-0.00730019
-0.00661337
-0.00613899
-0.00596551
-0.0647008
-0.060913
-0.057428
-0.0539088
-0.0503128
-0.0476161
-0.044238
-0.0411258
-0.0381637
-0.0353006
-0.0325396
-0.0298827
-0.0273304
-0.0248824
-0.0225381
-0.0203163
-0.0182066
-0.0161937
-0.0143
-0.0125258
-0.0108741
-0.00934947
-0.00795711
-0.00670356
-0.0055968
-0.00464676
-0.00386502
-0.00327132
-0.00286676
-0.00274346
-0.0509766
-0.0478694
-0.0451035
-0.0422986
-0.0395299
-0.0369732
-0.0343641
-0.0318397
-0.0293988
-0.0270308
-0.0247375
-0.0225217
-0.020385
-0.0183289
-0.0163559
-0.0144734
-0.0126802
-0.010972
-0.00935781
-0.00784167
-0.00642732
-0.00511955
-0.0039239
-0.00284694
-0.00189658
-0.00108246
-0.000415693
8.49287e-05
0.000420003
0.000494717
-0.0368551
-0.0344541
-0.0324532
-0.0303776
-0.0283109
-0.0263101
-0.0243383
-0.0223973
-0.0204977
-0.018642
-0.0168325
-0.0150722
-0.0133642
-0.0117111
-0.0101164
-0.00858538
-0.00711959
-0.00571898
-0.00438946
-0.00313574
-0.00196235
-0.000874421
0.000122218
0.00102086
0.00181363
0.00249114
0.00304271
0.00345054
0.00371674
0.00374491
-0.0224185
-0.0207428
-0.019537
-0.0182088
-0.0168402
-0.0154901
-0.014146
-0.0128024
-0.0114657
-0.0101406
-0.00883087
-0.0075407
-0.00627417
-0.00503523
-0.00382818
-0.00265799
-0.00152795
-0.000440483
0.000599254
0.00158611
0.00251494
0.00338015
0.00417556
0.00489429
0.00552842
0.00606878
0.00650515
0.00682071
0.0070189
0.00700301
-0.0076864
-0.00675324
-0.00636801
-0.00580955
-0.00516167
-0.00449326
-0.00379698
-0.00306833
-0.00231231
-0.00153444
-0.000739822
6.6334e-05
0.000878827
0.00169257
0.00250236
0.00330279
0.00408923
0.00485753
0.00560234
0.00631799
0.00699872
0.0076384
0.00823048
0.00876779
0.00924239
0.00964525
0.00996658
0.0101906
0.0103219
0.0102648
0.00731237
0.00748888
0.007031
0.00679939
0.00670558
0.00666991
0.00669842
0.00679488
0.00695372
0.00716864
0.00743358
0.00774229
0.00808856
0.00846622
0.00886911
0.00929106
0.00972626
0.0101692
0.0106139
0.0110541
0.0114832
0.0118946
0.0122814
0.0126359
0.0129502
0.0132154
0.0134221
0.0135556
0.0136213
0.0135263
0.022545
0.0219557
0.0206362
0.0195974
0.0187447
0.0179868
0.0173301
0.0167781
0.0163241
0.0159611
0.0156823
0.0154805
0.0153486
0.0152795
0.0152659
0.0153008
0.0153773
0.0154887
0.0156281
0.0157885
0.0159627
0.0161432
0.0163227
0.0164932
0.0166466
0.0167741
0.0168667
0.0169109
0.0169125
0.0167832
0.0379752
0.0366175
0.0344231
0.0325645
0.0309391
0.0294441
0.0280869
0.0268712
0.0257896
0.0248345
0.0239984
0.0232736
0.0226521
0.0221257
0.0216863
0.0213259
0.0210365
0.0208102
0.0206393
0.0205157
0.0204315
0.0203786
0.0203491
0.0203345
0.0203265
0.0203165
0.0202957
0.020252
0.0201913
0.0200315
0.0535629
0.0514419
0.0483648
0.0456777
0.0432692
0.0410248
0.0389543
0.0370617
0.0353395
0.0337797
0.0323744
0.0311152
0.0299932
0.0289997
0.0281255
0.0273616
0.026699
0.0261289
0.0256424
0.0252306
0.0248847
0.0245959
0.0243555
0.0241548
0.0239851
0.0238377
0.0237045
0.0235744
0.0234534
0.0232673
0.0692608
0.0663905
0.0624293
0.058911
0.0557148
0.0527147
0.0499231
0.0473449
0.0449721
0.0427969
0.0408111
0.0390061
0.0373726
0.0359013
0.0345825
0.0334062
0.0323626
0.0314418
0.030634
0.0299294
0.0293182
0.0287908
0.0283377
0.0279497
0.0276179
0.0273336
0.0270889
0.026874
0.0266949
0.0264865
0.0850202
0.0814312
0.0766
0.0722606
0.0682818
0.0645257
0.0610075
0.0577338
0.054698
0.0518932
0.0493123
0.0469471
0.0447887
0.0428272
0.0410526
0.0394543
0.0380215
0.0367432
0.0356085
0.0346066
0.0337266
0.032958
0.0322906
0.0317145
0.0312204
0.0307996
0.0304445
0.0301467
0.0299117
0.0296854
0.100806
0.0965561
0.0908818
0.0857289
0.0809618
0.0764366
0.0721746
0.0681869
0.0644704
0.0610203
0.0578308
0.0548941
0.0522011
0.0497417
0.047505
0.0454793
0.0436528
0.0420135
0.0405492
0.0392478
0.0380976
0.0370871
0.036205
0.0354411
0.0347856
0.0342296
0.0337661
0.0333878
0.0330997
0.0328598
0.116489
0.111613
0.105091
0.0991038
0.0935324
0.0882334
0.083231
0.0785375
0.0741505
0.0700658
0.0662773
0.0627769
0.0595553
0.056602
0.0539055
0.0514537
0.0492339
0.0472334
0.0454392
0.0438384
0.0424182
0.0411663
0.0400709
0.0391207
0.0383058
0.0376173
0.0370481
0.0365925
0.0362551
0.036006
0.131785
0.126337
0.119059
0.112326
0.106036
0.100042
0.094361
0.0890026
0.0839681
0.0792568
0.0748659
0.0707903
0.067023
0.0635557
0.0603781
0.0574791
0.0548465
0.0524674
0.0503284
0.0484158
0.0467161
0.0452157
0.0439018
0.0427623
0.0417865
0.0409651
0.0402911
0.03976
0.0393759
0.0391217
0.14746
0.142037
0.134408
0.127075
0.120063
0.113301
0.106826
0.100668
0.0948452
0.0893695
0.0842462
0.0794755
0.0750545
0.0709768
0.0672336
0.063814
0.0607053
0.0578936
0.055364
0.0531011
0.0510895
0.0493137
0.0477592
0.0464124
0.0452612
0.0442959
0.0435093
0.0428976
0.0424653
0.042207
0.164042
0.158578
0.150585
0.142403
0.134384
0.126644
0.119244
0.11221
0.105563
0.0993155
0.0934717
0.0880299
0.082985
0.0783286
0.0740501
0.0701364
0.0665732
0.0633446
0.0604341
0.0578249
0.0555001
0.0534436
0.0516398
0.0500749
0.0487368
0.047616
0.0467066
0.0460067
0.0455221
0.0452575
0.173817
0.189886
0.198341
0.204745
0.208302
0.209715
0.209197
0.207207
0.204135
0.200411
0.196435
0.192577
0.18923
0.186624
0.185391
0.163731
0.179438
0.188843
0.196341
0.200999
0.203486
0.20397
0.202884
0.200602
0.197549
0.194123
0.190701
0.187681
0.185303
0.184182
0.156831
0.171597
0.1812
0.189206
0.194536
0.197773
0.199028
0.198691
0.197101
0.194662
0.19176
0.188765
0.18607
0.183919
0.182897
0.14921
0.163444
0.173317
0.181785
0.187776
0.191764
0.193804
0.194237
0.193368
0.191574
0.189227
0.186688
0.18434
0.182432
0.18152
0.141418
0.15521
0.165364
0.174244
0.180864
0.185577
0.188392
0.189595
0.189454
0.188321
0.186545
0.184479
0.182494
0.180843
0.180047
0.133922
0.147261
0.15761
0.166809
0.173974
0.179344
0.182887
0.184832
0.185407
0.184931
0.183732
0.182147
0.180537
0.17915
0.178476
0.126751
0.13964
0.150098
0.159527
0.16715
0.173103
0.177319
0.179968
0.181239
0.181412
0.180791
0.179695
0.178467
0.177353
0.176804
0.119882
0.132326
0.142823
0.152406
0.160406
0.166871
0.171703
0.175016
0.176958
0.177769
0.177724
0.177121
0.176282
0.175449
0.175029
0.113327
0.125326
0.135796
0.145466
0.153768
0.160674
0.166062
0.169995
0.172577
0.174011
0.174536
0.174428
0.173984
0.173437
0.173149
0.107102
0.118657
0.129038
0.138734
0.147262
0.154539
0.160423
0.164926
0.168115
0.170149
0.171236
0.17162
0.171574
0.171316
0.171164
0.10122
0.112329
0.122565
0.132231
0.140916
0.148495
0.15481
0.159832
0.163589
0.166198
0.167831
0.168702
0.169054
0.169088
0.169073
0.095686
0.106349
0.116392
0.125978
0.134755
0.14257
0.149253
0.154738
0.15902
0.162174
0.164335
0.165683
0.16643
0.166756
0.16688
0.0905028
0.100722
0.11053
0.119991
0.128801
0.136788
0.143776
0.14967
0.15443
0.158094
0.160759
0.162571
0.163708
0.164325
0.164587
0.0856696
0.0954479
0.104989
0.114286
0.123074
0.131175
0.138407
0.144652
0.149841
0.153978
0.157121
0.15938
0.160897
0.1618
0.1622
0.0811828
0.0905265
0.0997755
0.108874
0.117594
0.125754
0.133172
0.139711
0.14528
0.149847
0.153437
0.156122
0.158009
0.15919
0.159727
0.0770361
0.0859542
0.0948919
0.103765
0.112375
0.120545
0.128094
0.134873
0.14077
0.145726
0.149729
0.152816
0.155056
0.156507
0.157177
0.0732214
0.0817251
0.0903397
0.0989666
0.107433
0.115569
0.123198
0.130164
0.136339
0.141638
0.146018
0.149479
0.152055
0.153764
0.154564
0.0697288
0.077832
0.0861178
0.0944834
0.102778
0.110842
0.118505
0.125609
0.132013
0.13761
0.142328
0.146135
0.149025
0.150978
0.151903
0.0665474
0.0742663
0.0822232
0.0903181
0.0984198
0.10638
0.114038
0.121234
0.12782
0.13367
0.138687
0.142807
0.145988
0.14817
0.149212
0.0636654
0.0710186
0.0786519
0.0864722
0.0943659
0.102197
0.109815
0.117063
0.123786
0.129846
0.135123
0.139522
0.14297
0.145362
0.146515
0.0610712
0.0680793
0.0753986
0.0829458
0.0906227
0.0983065
0.105856
0.11312
0.119941
0.126169
0.131666
0.136312
0.139999
0.142582
0.143838
0.0587529
0.0654388
0.072458
0.0797387
0.0871959
0.0947195
0.102179
0.109428
0.116311
0.12267
0.12835
0.133208
0.137107
0.139862
0.141211
0.0566999
0.0630882
0.0698253
0.0768505
0.0840908
0.0914479
0.0988019
0.106013
0.112928
0.119382
0.12521
0.130248
0.13433
0.137235
0.138669
0.0549026
0.0610199
0.0674965
0.0742819
0.0813136
0.0885041
0.0957433
0.102899
0.10982
0.11634
0.122283
0.12747
0.131708
0.134743
0.136252
0.0533532
0.0592285
0.0654695
0.0720352
0.0788718
0.0859015
0.0930233
0.100112
0.107021
0.113582
0.119613
0.124919
0.129286
0.13243
0.134003
0.0520468
0.0577113
0.0637452
0.0701155
0.0767756
0.0836563
0.0906646
0.0976824
0.104566
0.111149
0.117242
0.12264
0.127112
0.130344
0.131972
0.0509817
0.0564693
0.0623282
0.0685318
0.0750395
0.0817888
0.0886938
0.0956422
0.102494
0.109084
0.11522
0.120688
0.12524
0.128542
0.130214
0.0501609
0.0555087
0.0612286
0.0672989
0.0736833
0.0803249
0.087143
0.0940304
0.100851
0.107439
0.113602
0.119119
0.123729
0.127083
0.12879
0.0495943
0.0548428
0.060464
0.0664391
0.072735
0.0792984
0.0860525
0.0928935
0.0996877
0.106271
0.112449
0.117998
0.122647
0.126034
0.127766
0.0492962
0.0544927
0.0600614
0.0659857
0.072234
0.078755
0.085474
0.0922891
0.0990679
0.105647
0.111832
0.117398
0.122065
0.125468
0.127217
0.345894
0.330848
0.315963
0.301432
0.287377
0.273933
0.261223
0.249365
0.238471
0.228654
0.220003
0.212686
0.206881
0.202652
0.200799
0.345039
0.330143
0.315379
0.300952
0.286985
0.273614
0.260963
0.249153
0.238296
0.228508
0.219884
0.212581
0.206787
0.202566
0.200717
0.343333
0.328736
0.314212
0.299995
0.286203
0.272978
0.260445
0.24873
0.237949
0.228218
0.219644
0.21237
0.206599
0.202394
0.200552
0.340782
0.32663
0.312466
0.298562
0.285032
0.272025
0.25967
0.248098
0.237429
0.227785
0.219283
0.212055
0.206318
0.202137
0.200307
0.337394
0.323834
0.310146
0.296659
0.283478
0.27076
0.258641
0.247259
0.236739
0.227211
0.218802
0.211636
0.205946
0.201795
0.199981
0.333182
0.320356
0.307261
0.294291
0.281543
0.269187
0.257362
0.246216
0.235882
0.226497
0.218203
0.211115
0.205483
0.201371
0.199575
0.328159
0.316208
0.303818
0.291466
0.279236
0.26731
0.255836
0.244972
0.234861
0.225648
0.217488
0.210495
0.204932
0.200866
0.199091
0.322344
0.311404
0.299828
0.288192
0.276561
0.265136
0.254069
0.243532
0.233679
0.224665
0.21666
0.209772
0.204294
0.200282
0.19853
0.315756
0.305959
0.295304
0.284479
0.273529
0.262671
0.252066
0.241901
0.23234
0.223554
0.215719
0.208945
0.203573
0.199621
0.197895
0.308416
0.299889
0.290258
0.280339
0.270147
0.259923
0.249835
0.240085
0.23085
0.222317
0.214671
0.208073
0.202773
0.198885
0.197187
0.300348
0.293214
0.284704
0.275782
0.266426
0.256901
0.247382
0.238089
0.229214
0.220959
0.21352
0.207106
0.201894
0.198078
0.196408
0.291574
0.285952
0.278658
0.270822
0.262376
0.253613
0.244714
0.23592
0.227437
0.219485
0.212273
0.206019
0.200936
0.197202
0.195561
0.28212
0.278123
0.272135
0.265471
0.258009
0.25007
0.241841
0.233585
0.225525
0.2179
0.210935
0.204857
0.199903
0.19626
0.194649
0.272006
0.269747
0.265153
0.259746
0.253337
0.246282
0.238772
0.231093
0.223485
0.21621
0.209509
0.203623
0.198826
0.195256
0.193674
0.261257
0.260847
0.257731
0.253661
0.248374
0.242259
0.235514
0.228449
0.221323
0.214419
0.207999
0.202318
0.197675
0.194192
0.192639
0.249877
0.251423
0.249865
0.247213
0.243114
0.237998
0.232065
0.225652
0.219038
0.212529
0.206407
0.200943
0.196449
0.19307
0.191548
0.237832
0.241445
0.241541
0.240396
0.23756
0.233507
0.228438
0.222716
0.216643
0.210551
0.204743
0.199508
0.195171
0.191903
0.190403
0.22525
0.231082
0.232942
0.23339
0.231882
0.228933
0.224755
0.219739
0.214215
0.208541
0.203046
0.198038
0.193857
0.190689
0.189209
0.212621
0.220734
0.224414
0.226476
0.226284
0.224418
0.221105
0.216773
0.211779
0.20651
0.201319
0.196533
0.192508
0.189434
0.18797
0.19797
0.208742
0.214401
0.218222
0.219472
0.218836
0.216546
0.213057
0.208746
0.204021
0.199256
0.194793
0.191002
0.188084
0.186674
0.345894
0.330848
0.315963
0.301432
0.287377
0.273933
0.261223
0.249365
0.238471
0.228654
0.220003
0.212686
0.206881
0.202652
0.200799
0.345039
0.330143
0.315379
0.300952
0.286985
0.273614
0.260963
0.249153
0.238296
0.228508
0.219884
0.212581
0.206787
0.202566
0.200717
0.343333
0.328736
0.314212
0.299995
0.286203
0.272978
0.260445
0.24873
0.237949
0.228218
0.219644
0.21237
0.206599
0.202394
0.200552
0.340782
0.32663
0.312466
0.298562
0.285032
0.272025
0.25967
0.248098
0.237429
0.227785
0.219283
0.212055
0.206318
0.202137
0.200307
0.337394
0.323834
0.310146
0.296659
0.283478
0.27076
0.258641
0.247259
0.236739
0.227211
0.218802
0.211636
0.205946
0.201795
0.199981
0.333182
0.320356
0.307261
0.294291
0.281543
0.269187
0.257362
0.246216
0.235882
0.226497
0.218203
0.211115
0.205483
0.201371
0.199575
0.328159
0.316208
0.303818
0.291466
0.279236
0.26731
0.255836
0.244972
0.234861
0.225648
0.217488
0.210495
0.204932
0.200866
0.199091
0.322344
0.311404
0.299828
0.288192
0.276561
0.265136
0.254069
0.243532
0.233679
0.224665
0.21666
0.209772
0.204294
0.200282
0.19853
0.315756
0.305959
0.295304
0.284479
0.273529
0.262671
0.252066
0.241901
0.23234
0.223554
0.215719
0.208945
0.203573
0.199621
0.197895
0.308416
0.299889
0.290258
0.280339
0.270147
0.259923
0.249835
0.240085
0.23085
0.222317
0.214671
0.208073
0.202773
0.198885
0.197187
0.300348
0.293214
0.284704
0.275782
0.266426
0.256901
0.247382
0.238089
0.229214
0.220959
0.21352
0.207106
0.201894
0.198078
0.196408
0.291574
0.285952
0.278658
0.270822
0.262376
0.253613
0.244714
0.23592
0.227437
0.219485
0.212273
0.206019
0.200936
0.197202
0.195561
0.28212
0.278123
0.272135
0.265471
0.258009
0.25007
0.241841
0.233585
0.225525
0.2179
0.210935
0.204857
0.199903
0.19626
0.194649
0.272006
0.269747
0.265153
0.259746
0.253337
0.246282
0.238772
0.231093
0.223485
0.21621
0.209509
0.203623
0.198826
0.195256
0.193674
0.261257
0.260847
0.257731
0.253661
0.248374
0.242259
0.235514
0.228449
0.221323
0.214419
0.207999
0.202318
0.197675
0.194192
0.192639
0.249877
0.251423
0.249865
0.247213
0.243114
0.237998
0.232065
0.225652
0.219038
0.212529
0.206407
0.200943
0.196449
0.19307
0.191548
0.237832
0.241445
0.241541
0.240396
0.23756
0.233507
0.228438
0.222716
0.216644
0.210551
0.204743
0.199508
0.195171
0.191903
0.190403
0.22525
0.231083
0.232942
0.23339
0.231882
0.228933
0.224755
0.219739
0.214215
0.208541
0.203046
0.198038
0.193857
0.190689
0.189209
0.212621
0.220734
0.224414
0.226476
0.226284
0.224418
0.221105
0.216773
0.211779
0.20651
0.201319
0.196533
0.192508
0.189434
0.18797
0.19797
0.208742
0.214401
0.218222
0.219472
0.218836
0.216546
0.213057
0.208746
0.204021
0.199256
0.194793
0.191002
0.188084
0.186674
0.173817
0.189886
0.198341
0.204745
0.208302
0.209715
0.209197
0.207207
0.204135
0.200411
0.196435
0.192577
0.18923
0.186624
0.185391
0.163731
0.179438
0.188843
0.196341
0.200999
0.203486
0.20397
0.202884
0.200602
0.197549
0.194123
0.190701
0.187681
0.185303
0.184182
0.156831
0.171597
0.1812
0.189206
0.194536
0.197773
0.199028
0.198691
0.197101
0.194662
0.19176
0.188765
0.18607
0.183919
0.182897
0.149211
0.163444
0.173317
0.181785
0.187776
0.191764
0.193804
0.194237
0.193368
0.191574
0.189227
0.186688
0.18434
0.182432
0.18152
0.141418
0.15521
0.165364
0.174244
0.180864
0.185577
0.188392
0.189595
0.189455
0.188321
0.186545
0.184479
0.182494
0.180843
0.180047
0.133922
0.147261
0.15761
0.166809
0.173974
0.179344
0.182887
0.184832
0.185407
0.184931
0.183732
0.182147
0.180537
0.17915
0.178476
0.126751
0.13964
0.150098
0.159527
0.16715
0.173103
0.177319
0.179968
0.181239
0.181412
0.180791
0.179695
0.178467
0.177353
0.176804
0.119882
0.132326
0.142823
0.152406
0.160406
0.166871
0.171703
0.175016
0.176958
0.177769
0.177724
0.177121
0.176282
0.175449
0.175029
0.113327
0.125326
0.135796
0.145466
0.153768
0.160674
0.166062
0.169995
0.172577
0.174011
0.174536
0.174428
0.173984
0.173437
0.173149
0.107102
0.118657
0.129038
0.138734
0.147262
0.154539
0.160423
0.164926
0.168115
0.170149
0.171236
0.17162
0.171574
0.171316
0.171164
0.10122
0.112329
0.122565
0.132231
0.140916
0.148495
0.15481
0.159832
0.163589
0.166198
0.167831
0.168702
0.169054
0.169088
0.169073
0.095686
0.106349
0.116392
0.125978
0.134755
0.14257
0.149253
0.154738
0.15902
0.162174
0.164335
0.165683
0.16643
0.166756
0.16688
0.0905028
0.100722
0.11053
0.119991
0.128801
0.136788
0.143776
0.14967
0.15443
0.158094
0.160759
0.162571
0.163708
0.164325
0.164587
0.0856696
0.0954479
0.104989
0.114286
0.123074
0.131175
0.138407
0.144652
0.149841
0.153978
0.157121
0.15938
0.160897
0.1618
0.1622
0.0811828
0.0905266
0.0997755
0.108874
0.117594
0.125754
0.133172
0.139711
0.14528
0.149847
0.153437
0.156122
0.158009
0.15919
0.159727
0.0770362
0.0859542
0.0948919
0.103765
0.112376
0.120545
0.128094
0.134873
0.14077
0.145726
0.149729
0.152816
0.155056
0.156507
0.157177
0.0732215
0.0817251
0.0903397
0.0989666
0.107433
0.115569
0.123198
0.130164
0.136339
0.141638
0.146018
0.149479
0.152055
0.153764
0.154564
0.0697289
0.077832
0.0861178
0.0944834
0.102778
0.110842
0.118506
0.125609
0.132013
0.13761
0.142328
0.146135
0.149025
0.150978
0.151903
0.0665474
0.0742663
0.0822233
0.0903181
0.0984198
0.10638
0.114038
0.121234
0.12782
0.13367
0.138687
0.142807
0.145988
0.14817
0.149212
0.0636655
0.0710187
0.0786519
0.0864722
0.0943659
0.102197
0.109815
0.117063
0.123786
0.129846
0.135123
0.139522
0.14297
0.145362
0.146515
0.0610712
0.0680794
0.0753986
0.0829458
0.0906227
0.0983065
0.105856
0.11312
0.119941
0.126169
0.131666
0.136312
0.139999
0.142582
0.143838
0.0587529
0.0654388
0.072458
0.0797387
0.0871959
0.0947195
0.102179
0.109429
0.116311
0.12267
0.12835
0.133208
0.137107
0.139862
0.141211
0.0567
0.0630882
0.0698253
0.0768505
0.0840908
0.0914479
0.0988019
0.106013
0.112928
0.119382
0.12521
0.130248
0.13433
0.137235
0.138669
0.0549026
0.0610199
0.0674965
0.0742819
0.0813136
0.0885041
0.0957433
0.102899
0.10982
0.11634
0.122283
0.12747
0.131708
0.134743
0.136252
0.0533532
0.0592286
0.0654695
0.0720352
0.0788718
0.0859015
0.0930233
0.100112
0.107021
0.113582
0.119613
0.124919
0.129286
0.13243
0.134003
0.0520468
0.0577113
0.0637452
0.0701155
0.0767757
0.0836563
0.0906646
0.0976824
0.104566
0.111149
0.117242
0.12264
0.127112
0.130344
0.131972
0.0509817
0.0564693
0.0623282
0.0685318
0.0750395
0.0817888
0.0886938
0.0956422
0.102494
0.109084
0.11522
0.120688
0.12524
0.128542
0.130214
0.050161
0.0555088
0.0612286
0.0672989
0.0736833
0.0803249
0.087143
0.0940304
0.100851
0.107439
0.113602
0.119119
0.123729
0.127083
0.12879
0.0495943
0.0548428
0.060464
0.0664391
0.072735
0.0792984
0.0860525
0.0928935
0.0996878
0.106271
0.112449
0.117998
0.122647
0.126034
0.127766
0.0492962
0.0544927
0.0600614
0.0659857
0.072234
0.0787551
0.0854741
0.0922891
0.099068
0.105647
0.111832
0.117398
0.122065
0.125468
0.127217
-0.115681
-0.109501
-0.103539
-0.0977437
-0.0921379
-0.0867318
-0.0815197
-0.0765016
-0.0716749
-0.0670372
-0.0625869
-0.0583228
-0.0542443
-0.0503513
-0.046643
-0.0431193
-0.0397828
-0.036637
-0.033684
-0.0309245
-0.028362
-0.0260009
-0.0238468
-0.0219066
-0.0201892
-0.0187059
-0.0174709
-0.0165063
-0.0158248
-0.0154929
-0.103585
-0.0979533
-0.0925462
-0.0872731
-0.0821686
-0.0772456
-0.0724986
-0.067931
-0.0635373
-0.0593141
-0.0552606
-0.051376
-0.04766
-0.0441128
-0.0407319
-0.0375153
-0.0344684
-0.0315977
-0.0289038
-0.026385
-0.0240451
-0.0218888
-0.0199215
-0.0181499
-0.0165827
-0.0152309
-0.0141079
-0.0132353
-0.0126225
-0.0123435
-0.0910469
-0.086
-0.0811976
-0.0764972
-0.0719297
-0.0675075
-0.0632484
-0.0591622
-0.0552291
-0.0514425
-0.0478041
-0.0443145
-0.0409741
-0.0377832
-0.0347365
-0.0318426
-0.0291005
-0.0265079
-0.0240765
-0.021802
-0.0196879
-0.0177392
-0.0159611
-0.0143603
-0.012945
-0.0117261
-0.010716
-0.00993623
-0.00939225
-0.00916706
-0.0780807
-0.0736513
-0.0694992
-0.0654059
-0.0613805
-0.0575638
-0.0538003
-0.050213
-0.0467626
-0.0434312
-0.040224
-0.0371432
-0.0341891
-0.0313602
-0.0286479
-0.0261072
-0.0236994
-0.0213798
-0.0192106
-0.0171826
-0.0152971
-0.0135584
-0.0119717
-0.0105434
-0.00928156
-0.00819647
-0.00730018
-0.00661336
-0.00613898
-0.00596549
-0.0647008
-0.060913
-0.057428
-0.0539088
-0.0503128
-0.0476161
-0.044238
-0.0411258
-0.0381637
-0.0353006
-0.0325396
-0.0298827
-0.0273304
-0.0248824
-0.0225381
-0.0203163
-0.0182066
-0.0161937
-0.0143
-0.0125258
-0.0108741
-0.00934946
-0.0079571
-0.00670355
-0.00559679
-0.00464675
-0.003865
-0.0032713
-0.00286675
-0.00274344
-0.0509766
-0.0478694
-0.0451035
-0.0422986
-0.0395299
-0.0369732
-0.0343641
-0.0318397
-0.0293988
-0.0270308
-0.0247375
-0.0225217
-0.020385
-0.0183289
-0.0163558
-0.0144734
-0.0126802
-0.0109719
-0.0093578
-0.00784165
-0.0064273
-0.00511953
-0.00392388
-0.00284693
-0.00189657
-0.00108245
-0.000415679
8.49418e-05
0.000420016
0.00049473
-0.036855
-0.0344541
-0.0324532
-0.0303776
-0.0283109
-0.0263101
-0.0243383
-0.0223973
-0.0204977
-0.018642
-0.0168325
-0.0150722
-0.0133642
-0.0117111
-0.0101164
-0.00858536
-0.00711958
-0.00571897
-0.00438944
-0.00313573
-0.00196233
-0.000874408
0.000122232
0.00102088
0.00181365
0.00249115
0.00304273
0.00345056
0.00371676
0.00374493
-0.0224184
-0.0207428
-0.019537
-0.0182088
-0.0168402
-0.0154901
-0.014146
-0.0128024
-0.0114657
-0.0101406
-0.00883085
-0.00754069
-0.00627415
-0.00503522
-0.00382817
-0.00265798
-0.00152793
-0.00044047
0.000599267
0.00158613
0.00251496
0.00338016
0.00417558
0.0048943
0.00552843
0.0060688
0.00650516
0.00682073
0.00701891
0.00700302
-0.00768639
-0.00675323
-0.006368
-0.00580954
-0.00516166
-0.00449324
-0.00379697
-0.00306832
-0.0023123
-0.00153443
-0.00073981
6.63463e-05
0.000878839
0.00169258
0.00250237
0.0033028
0.00408924
0.00485754
0.00560235
0.00631801
0.00699873
0.00763842
0.00823049
0.00876781
0.0092424
0.00964527
0.0099666
0.0101907
0.0103219
0.0102649
0.00731238
0.00748889
0.00703101
0.0067994
0.00670559
0.00666992
0.00669843
0.00679489
0.00695373
0.00716866
0.00743359
0.00774231
0.00808857
0.00846623
0.00886913
0.00929107
0.00972627
0.0101692
0.0106139
0.0110541
0.0114832
0.0118947
0.0122814
0.0126359
0.0129502
0.0132154
0.0134221
0.0135556
0.0136213
0.0135263
0.022545
0.0219557
0.0206362
0.0195975
0.0187447
0.0179868
0.0173302
0.0167781
0.0163241
0.0159612
0.0156823
0.0154806
0.0153486
0.0152795
0.0152659
0.0153008
0.0153773
0.0154887
0.0156282
0.0157885
0.0159627
0.0161432
0.0163227
0.0164932
0.0166466
0.0167741
0.0168667
0.0169109
0.0169125
0.0167832
0.0379752
0.0366175
0.0344231
0.0325645
0.0309391
0.0294441
0.0280869
0.0268712
0.0257896
0.0248345
0.0239984
0.0232736
0.0226521
0.0221257
0.0216863
0.0213259
0.0210365
0.0208102
0.0206393
0.0205157
0.0204315
0.0203787
0.0203491
0.0203345
0.0203265
0.0203165
0.0202957
0.020252
0.0201913
0.0200315
0.053563
0.0514419
0.0483648
0.0456777
0.0432692
0.0410248
0.0389543
0.0370617
0.0353395
0.0337797
0.0323744
0.0311152
0.0299932
0.0289997
0.0281255
0.0273616
0.026699
0.0261289
0.0256424
0.0252306
0.0248847
0.0245959
0.0243555
0.0241548
0.0239851
0.0238378
0.0237045
0.0235744
0.0234534
0.0232673
0.0692608
0.0663905
0.0624293
0.058911
0.0557148
0.0527147
0.0499231
0.0473449
0.0449721
0.0427969
0.0408111
0.0390061
0.0373727
0.0359013
0.0345825
0.0334062
0.0323626
0.0314418
0.030634
0.0299294
0.0293182
0.0287908
0.0283377
0.0279498
0.0276179
0.0273336
0.0270889
0.026874
0.0266949
0.0264865
0.0850202
0.0814312
0.0766
0.0722606
0.0682818
0.0645257
0.0610076
0.0577338
0.054698
0.0518932
0.0493123
0.0469472
0.0447887
0.0428272
0.0410526
0.0394543
0.0380215
0.0367432
0.0356085
0.0346066
0.0337266
0.032958
0.0322906
0.0317145
0.0312204
0.0307996
0.0304445
0.0301467
0.0299117
0.0296854
0.100806
0.0965561
0.0908818
0.0857289
0.0809618
0.0764366
0.0721746
0.068187
0.0644704
0.0610203
0.0578308
0.0548941
0.0522011
0.0497417
0.047505
0.0454793
0.0436529
0.0420135
0.0405492
0.0392479
0.0380977
0.0370871
0.0362051
0.0354411
0.0347856
0.0342297
0.0337661
0.0333878
0.0330998
0.0328598
0.116489
0.111613
0.105091
0.0991038
0.0935324
0.0882334
0.083231
0.0785375
0.0741505
0.0700658
0.0662773
0.0627769
0.0595553
0.056602
0.0539055
0.0514537
0.0492339
0.0472334
0.0454392
0.0438384
0.0424182
0.0411663
0.0400709
0.0391208
0.0383059
0.0376173
0.0370481
0.0365925
0.0362551
0.0360061
0.131785
0.126337
0.119059
0.112327
0.106036
0.100042
0.094361
0.0890026
0.0839681
0.0792568
0.0748659
0.0707903
0.0670231
0.0635557
0.0603781
0.0574791
0.0548465
0.0524674
0.0503284
0.0484159
0.0467161
0.0452157
0.0439018
0.0427623
0.0417865
0.0409651
0.0402911
0.03976
0.0393759
0.0391217
0.14746
0.142037
0.134408
0.127075
0.120063
0.113301
0.106826
0.100668
0.0948452
0.0893695
0.0842462
0.0794756
0.0750545
0.0709768
0.0672336
0.063814
0.0607053
0.0578936
0.055364
0.0531012
0.0510895
0.0493137
0.0477592
0.0464124
0.0452612
0.0442959
0.0435093
0.0428976
0.0424653
0.042207
0.164042
0.158578
0.150585
0.142403
0.134384
0.126644
0.119244
0.11221
0.105563
0.0993155
0.0934717
0.0880299
0.082985
0.0783286
0.0740501
0.0701365
0.0665732
0.0633446
0.0604341
0.0578249
0.0555002
0.0534436
0.0516398
0.0500749
0.0487368
0.047616
0.0467066
0.0460067
0.0455221
0.0452576
-0.127316
-0.120624
-0.114158
-0.107886
-0.101819
-0.0959618
-0.0903134
-0.0848731
-0.0796388
-0.0746082
-0.0697797
-0.0651523
-0.0607255
-0.0564992
-0.0524736
-0.0486499
-0.0450297
-0.0416151
-0.038409
-0.0354135
-0.0326322
-0.0300696
-0.0277314
-0.0256248
-0.023759
-0.0221459
-0.0208001
-0.0197446
-0.0189949
-0.0186108
-0.138471
-0.131305
-0.124387
-0.117688
-0.1112
-0.104929
-0.0988767
-0.0930425
-0.0874252
-0.082023
-0.076835
-0.0718603
-0.067099
-0.0625516
-0.0582188
-0.0541023
-0.0502042
-0.0465268
-0.0430733
-0.0398465
-0.0368503
-0.0340895
-0.03157
-0.0292994
-0.0272873
-0.025546
-0.0240909
-0.0229456
-0.0221287
-0.021693
-0.14913
-0.141531
-0.134217
-0.12714
-0.120275
-0.113628
-0.107205
-0.101005
-0.09503
-0.089278
-0.0837488
-0.0784427
-0.0733605
-0.0685033
-0.063873
-0.0594718
-0.0553025
-0.0513683
-0.0476725
-0.0442188
-0.0410114
-0.0380556
-0.0353576
-0.0329255
-0.0307691
-0.0289016
-0.0273388
-0.0261051
-0.0252224
-0.0247361
-0.159277
-0.151288
-0.143637
-0.136236
-0.129038
-0.122054
-0.115293
-0.108758
-0.10245
-0.0963701
-0.0905183
-0.0848964
-0.0795063
-0.0743506
-0.0694321
-0.0647542
-0.0603205
-0.0561351
-0.052202
-0.0485256
-0.0451108
-0.0419631
-0.0390896
-0.0364984
-0.0342001
-0.0322082
-0.0305396
-0.029219
-0.028272
-0.0277365
-0.168897
-0.160563
-0.15264
-0.14497
-0.137486
-0.130204
-0.123141
-0.1163
-0.109685
-0.103298
-0.0971414
-0.091219
-0.0855339
-0.0800904
-0.0748927
-0.0699457
-0.0652541
-0.060823
-0.0566574
-0.0527624
-0.0491438
-0.0458076
-0.0427613
-0.0400136
-0.0375757
-0.0354616
-0.0336891
-0.0322836
-0.031274
-0.0306911
-0.177977
-0.169346
-0.161221
-0.153341
-0.145617
-0.138078
-0.130747
-0.123631
-0.116734
-0.110061
-0.103617
-0.097409
-0.0914413
-0.0857202
-0.0802519
-0.075043
-0.0700996
-0.0654281
-0.0610346
-0.0569252
-0.0531063
-0.0495847
-0.0463685
-0.043467
-0.0408919
-0.0386579
-0.0367837
-0.0352951
-0.0342249
-0.0335969
-0.186504
-0.177629
-0.169377
-0.161349
-0.153434
-0.145678
-0.138115
-0.130753
-0.123598
-0.11666
-0.109947
-0.103466
-0.0972273
-0.0912381
-0.0855073
-0.0800432
-0.0748538
-0.0699469
-0.0653299
-0.0610099
-0.0569943
-0.0532906
-0.0499074
-0.0468547
-0.0441449
-0.0417933
-0.0398196
-0.0382502
-0.0371214
-0.0364507
-0.194468
-0.185407
-0.177113
-0.169
-0.160941
-0.15301
-0.14525
-0.137671
-0.130283
-0.123098
-0.116131
-0.109391
-0.102892
-0.0966432
-0.0906571
-0.084944
-0.079514
-0.0743764
-0.06954
-0.0650132
-0.0608042
-0.0569215
-0.0533742
-0.0501731
-0.0473311
-0.0448644
-0.0427935
-0.0411456
-0.0399604
-0.0392499
-0.201862
-0.192683
-0.184437
-0.176304
-0.168148
-0.160083
-0.15216
-0.144393
-0.136793
-0.129381
-0.122173
-0.115186
-0.108435
-0.101935
-0.0957002
-0.0897437
-0.0840778
-0.0787138
-0.073662
-0.068932
-0.0645329
-0.0604741
-0.0567657
-0.0534188
-0.0504472
-0.047868
-0.0457024
-0.0439783
-0.0427392
-0.0419919
-0.208686
-0.199467
-0.191368
-0.18328
-0.175074
-0.166912
-0.15886
-0.150929
-0.143139
-0.135514
-0.128078
-0.120853
-0.113859
-0.107114
-0.100636
-0.0944407
-0.0885433
-0.0829569
-0.0776932
-0.0727633
-0.0681774
-0.0639457
-0.0600788
-0.056589
-0.0534905
-0.0508011
-0.0485435
-0.0467457
-0.0454552
-0.0446744
-0.214947
-0.205784
-0.197938
-0.189956
-0.18174
-0.173519
-0.165367
-0.157297
-0.149331
-0.141507
-0.133853
-0.126398
-0.119166
-0.112181
-0.105464
-0.0990344
-0.0929092
-0.0871037
-0.0816315
-0.0765049
-0.0717352
-0.0673334
-0.063311
-0.0596808
-0.0564581
-0.0536613
-0.0513141
-0.0494453
-0.0481058
-0.047295
-0.220667
-0.211678
-0.204195
-0.196373
-0.188181
-0.179932
-0.171708
-0.163515
-0.155388
-0.147372
-0.139507
-0.131827
-0.124361
-0.117139
-0.110186
-0.103524
-0.0971742
-0.0911527
-0.085475
-0.0801547
-0.075204
-0.070635
-0.0664598
-0.0626921
-0.0593478
-0.0564462
-0.0540121
-0.0520749
-0.050689
-0.0498517
-0.225889
-0.217222
-0.210212
-0.202585
-0.194442
-0.186193
-0.177915
-0.169611
-0.161328
-0.153126
-0.145052
-0.137147
-0.129448
-0.12199
-0.114803
-0.107911
-0.101338
-0.0951026
-0.0892221
-0.0837108
-0.078582
-0.0738486
-0.0695234
-0.0656208
-0.0621575
-0.0591538
-0.0566354
-0.0546326
-0.0532028
-0.0523427
-0.230682
-0.222533
-0.216089
-0.208669
-0.200584
-0.192354
-0.184033
-0.175619
-0.16718
-0.158789
-0.150502
-0.142369
-0.134435
-0.126739
-0.119316
-0.112194
-0.1054
-0.0989527
-0.0928716
-0.0871719
-0.0818677
-0.0769725
-0.0725
-0.0684652
-0.0648856
-0.0617823
-0.0591824
-0.0571167
-0.0556455
-0.0547663
-0.0800054
-0.0753882
-0.0712239
-0.0675307
-0.0643305
-0.0616516
-0.0595256
-0.0580155
-0.057121
)
;

boundaryField
{
    inlet
    {
        type            zeroGradient;
    }
    outlet
    {
        type            fixedValue;
        value           nonuniform 0();
    }
    cylinder
    {
        type            zeroGradient;
    }
    top
    {
        type            symmetryPlane;
    }
    bottom
    {
        type            symmetryPlane;
    }
    defaultFaces
    {
        type            empty;
    }
    procBoundary0to1
    {
        type            processor;
        value           nonuniform List<scalar> 
132
(
-0.339386
-0.339775
-0.340547
-0.340547
-0.335256
-0.336598
-0.338233
-0.340135
-0.342276
-0.344629
-0.347168
-0.347168
-0.340555
-0.343028
-0.345592
-0.348237
-0.348237
-0.339114
-0.341449
-0.343817
-0.343817
-0.332004
-0.333889
-0.333889
-0.31936
-0.320601
-0.320601
-0.303728
-0.303728
-0.283617
-0.282032
-0.282032
-0.267147
-0.267147
-0.235157
-0.267147
-0.235157
-0.267147
-0.282032
-0.282032
-0.303707
-0.303707
-0.303728
-0.320601
-0.320601
-0.31936
-0.333889
-0.333889
-0.332004
-0.343817
-0.343817
-0.341449
-0.339114
-0.348237
-0.348237
-0.345592
-0.343028
-0.340555
-0.347168
-0.347168
-0.344629
-0.342276
-0.340135
-0.338233
-0.336598
-0.335256
-0.340547
-0.340547
-0.339775
-0.339386
-0.235157
-0.227787
-0.22197
-0.214723
-0.20669
-0.198486
-0.190117
-0.181581
-0.172974
-0.164384
-0.155875
-0.147505
-0.139328
-0.13139
-0.123728
-0.116376
-0.10936
-0.102702
-0.102702
-0.0998743
-0.0938047
-0.0881572
-0.0829464
-0.0781871
-0.0738959
-0.0700916
-0.0667971
-0.0640418
-0.0618584
-0.0603117
-0.0594056
-0.235157
-0.227787
-0.22197
-0.214723
-0.20669
-0.198486
-0.190117
-0.181581
-0.172974
-0.164384
-0.155875
-0.147505
-0.139328
-0.13139
-0.123728
-0.116376
-0.10936
-0.102702
-0.0964226
-0.0905368
-0.0850597
-0.0850597
-0.0829463
-0.0781871
-0.0738959
-0.0700916
-0.0667971
-0.0640418
-0.0618584
-0.0603117
-0.0594056
)
;
    }
}


// ************************************************************************* //
