/*--------------------------------*- C++ -*----------------------------------*\
  =========                 |
  \\      /  F ield         | OpenFOAM: The Open Source CFD Toolbox
   \\    /   O peration     | Website:  https://openfoam.org
    \\  /    A nd           | Version:  7
     \\/     M anipulation  |
\*---------------------------------------------------------------------------*/
FoamFile
{
    version     2.0;
    format      ascii;
    class       surfaceScalarField;
    location    "165";
    object      phi;
}
// * * * * * * * * * * * * * * * * * * * * * * * * * * * * * * * * * * * * * //

dimensions      [0 3 -1 0 0 0 0];

internalField   nonuniform List<scalar> 
3886
(
0.00393393
0.0017883
0.00404478
0.00218614
0.00418115
0.00259743
0.00433552
0.0030148
0.00450731
0.00342482
0.00470143
0.00379844
0.00492045
0.00409189
0.00515933
0.00425924
0.00541322
0.00424655
0.00568464
0.00396082
0.0059709
0.00328527
0.00624618
0.00218232
0.00646461
0.000781975
0.00658384
-0.000663354
0.00658894
-0.00191384
0.00649552
-0.00284473
0.00633614
-0.00345068
0.00614401
-0.00379443
0.00594337
-0.00395562
0.00574805
-0.00400088
0.00556408
-0.00397401
0.00539222
-0.00390057
0.00523037
-0.00379646
0.00507663
-0.00366864
0.00493023
-0.00351283
0.00478869
-0.00332273
0.00464673
-0.00310277
0.00450203
-0.00285934
-0.00257347
0.00660528
-0.00157711
0.00649951
-0.00170204
0.00638529
-0.00181445
0.00626414
-0.0019121
0.00613766
-0.00199311
0.00600746
-0.00205598
0.00587508
-0.00209964
0.00574195
-0.0021233
0.00560933
-0.00212646
0.00547831
-0.00210882
0.00534986
-0.00207015
0.00522478
-0.00201022
0.0051038
-0.00192874
0.00498761
-0.00182531
0.00487693
-0.00169929
0.00477249
-0.00154988
0.00467506
-0.00137625
0.00458568
-0.00117732
0.00450576
-0.000951346
0.00443596
-0.000696691
0.00437412
-0.000415122
0.00431516
-0.000115003
0.00425427
0.000191467
0.00419303
0.000493686
0.00414087
0.000790713
0.00411208
0.00109055
0.00411924
0.00140432
0.00416797
0.00173957
0.00425614
0.00209797
0.00437722
0.00247635
0.00452567
0.00286636
0.00470062
0.00324987
0.00490421
0.00359485
0.00513534
0.00386076
0.00538868
0.0040059
0.00566243
0.0039728
0.00595936
0.00366389
0.00627079
0.00297384
0.0065616
0.00189151
0.00677975
0.000563829
0.00688475
-0.000768355
0.00686939
-0.00189848
0.00675662
-0.00273197
0.00658247
-0.00327653
0.00638022
-0.00359219
0.00617274
-0.00374814
0.00597236
-0.0038005
0.00578414
-0.00378578
0.00560856
-0.00372498
0.00544345
-0.00363135
0.00528665
-0.00351184
0.00513749
-0.00336367
0.00499453
-0.00317977
0.00485333
-0.00296157
0.00471049
-0.0027165
-0.00243485
0.0067935
-0.00148393
0.00669101
-0.00159955
0.0065804
-0.00170385
0.00646305
-0.00179475
0.00634041
-0.00187046
0.00621396
-0.00192954
0.00608516
-0.00197084
0.00595537
-0.0019935
0.00582583
-0.00199692
0.00569764
-0.00198063
0.00557179
-0.0019443
0.00544916
-0.00188759
0.00533056
-0.00181014
0.00521676
-0.00171151
0.00510856
-0.00159109
0.00500682
-0.00144814
0.00491242
-0.00128185
0.00482646
-0.00109135
0.00475047
-0.000875359
0.00468603
-0.000632248
0.00463301
-0.000362101
0.00458791
-6.99092e-05
0.00454518
0.000234196
0.00450134
0.000537534
0.00445924
0.000832809
0.00442853
0.00112126
0.0044217
0.00141116
0.00444864
0.00171262
0.00451357
0.00203304
0.00461588
0.00237404
0.00475382
0.00272843
0.0049272
0.00307649
0.00513585
0.0033862
0.0053763
0.00362032
0.00564394
0.00373826
0.00593899
0.00367775
0.00626193
0.00334095
0.00659538
0.00264039
0.00689413
0.00159276
0.00710249
0.000355463
0.00718616
-0.000852019
0.00714725
-0.00185957
0.00701528
-0.0026
0.00682816
-0.0030894
0.00661798
-0.00338201
0.00640559
-0.00353576
0.00620168
-0.00359658
0.00601034
-0.00359445
0.00583186
-0.0035465
0.00566416
-0.00346365
0.00550493
-0.00335261
0.00535349
-0.00321222
0.00520926
-0.00303554
0.0050689
-0.00282121
0.00492848
-0.00257608
-0.00229756
0.00698817
-0.00139355
0.00688897
-0.00150035
0.00678201
-0.00159689
0.00666852
-0.00168125
0.00654981
-0.00175176
0.00642727
-0.001807
0.00630225
-0.00184582
0.00617604
-0.0018673
0.00604987
-0.00187074
0.00592482
-0.00185559
0.00580193
-0.0018214
0.00568211
-0.00176777
0.00556624
-0.00169427
0.00545516
-0.00160043
0.00534975
-0.00148568
0.00525097
-0.00134935
0.00515981
-0.0011907
0.00507743
-0.00100898
0.00500535
-0.000803273
0.00494548
-0.000572377
0.00489908
-0.000315705
0.004865
-3.58339e-05
0.00483866
0.000260542
0.00481466
0.000561535
0.00479059
0.000856872
0.0047701
0.00114176
0.00476217
0.00141909
0.0047775
0.00169729
0.00482479
0.00198575
0.00490943
0.0022894
0.0050346
0.00260326
0.0052021
0.00290899
0.00541111
0.00317719
0.00565763
0.00337379
0.00593846
0.00345743
0.0062541
0.00336211
0.00659946
0.00299559
0.0069461
0.00229374
0.00724015
0.00129872
0.00742749
0.00016812
0.0074832
-0.000907729
0.00741916
-0.00179553
0.00726957
-0.00245041
0.00707221
-0.00289204
0.00685679
-0.00316659
0.00664168
-0.00332065
0.00643589
-0.00339078
0.00624267
-0.00340123
0.00606218
-0.00336602
0.0058926
-0.00329406
0.00573161
-0.00319163
0.00557844
-0.00305906
0.00543317
-0.00289027
0.00529369
-0.00268173
0.0051561
-0.00243849
-0.00216273
0.00718971
-0.00130601
0.00709383
-0.00140448
0.00699056
-0.00149361
0.00688098
-0.00157167
0.00676631
-0.00163709
0.00664781
-0.0016885
0.00652675
-0.00172475
0.00640435
-0.0017449
0.00628181
-0.00174819
0.00616021
-0.00173399
0.00604058
-0.00170178
0.0059239
-0.00165109
0.00581109
-0.00158145
0.00570305
-0.00149239
0.00560074
-0.00138337
0.00550517
-0.00125378
0.00541744
-0.00110297
0.00533878
-0.000930312
0.00527066
-0.000735157
0.00521503
-0.000516751
0.00517389
-0.000274565
0.00514768
-9.62155e-06
0.00513433
0.000273894
0.00512878
0.000567087
0.00512612
0.000859528
0.00512494
0.00114294
0.00512913
0.0014149
0.0051469
0.00167952
0.00518821
0.00194443
0.00526252
0.00221509
0.0053775
0.00248827
0.0055379
0.0027486
0.00574419
0.00297089
0.00599381
0.00312417
0.00628501
0.00316623
0.0066163
0.00303082
0.00697401
0.00263788
0.00731862
0.00194913
0.00759218
0.00102516
0.00774732
1.29789e-05
0.00777062
-0.000931033
0.00768211
-0.00170702
0.00751804
-0.00228634
0.00731404
-0.00268804
0.00709644
-0.00294898
0.00688093
-0.00310515
0.00667497
-0.00318482
0.00648114
-0.0032074
0.0062996
-0.00318448
0.00612887
-0.00312333
0.00596683
-0.00302959
0.00581256
-0.00290479
0.00566657
-0.00274427
0.00552797
-0.00254313
0.00539344
-0.00230397
-0.00203138
0.00739858
-0.00122137
0.00730606
-0.00131196
0.00720651
-0.00139406
0.00710091
-0.00146608
0.00699036
-0.00152654
0.00687603
-0.00157416
0.00675908
-0.00160781
0.0066407
-0.00162652
0.00652202
-0.00162951
0.00640414
-0.0016161
0.00628807
-0.00158572
0.00617484
-0.00153785
0.00606538
-0.001472
0.00596069
-0.0013877
0.00586174
-0.00128443
0.00576962
-0.00116166
0.00568549
-0.00101884
0.00561064
-0.000855457
0.00554655
-0.000671068
0.00549505
-0.000465254
0.00545829
-0.000237803
0.00543785
1.08177e-05
0.00543364
0.000278101
0.00544262
0.000558105
0.00545999
0.000842159
0.00548172
0.00112121
0.00550726
0.00138936
0.00554077
0.00164601
0.00559043
0.00189478
0.0056666
0.00213892
0.00577944
0.00237543
0.00593629
0.00259175
0.00614007
0.00276712
0.00639064
0.0028736
0.00668711
0.00286975
0.00702377
0.00269417
0.0073775
0.00228416
0.00770108
0.00162554
0.00793862
0.000787629
0.00805356
-0.000101962
0.00804361
-0.000921089
0.00793398
-0.00159738
0.00776003
-0.0021124
0.00755356
-0.00248157
0.007337
-0.00273242
0.00712341
-0.00289157
0.00691897
-0.00298038
0.00672583
-0.00301425
0.0065442
-0.00300286
0.00637309
-0.00295222
0.00621069
-0.00286719
0.00605602
-0.00275013
0.00590973
-0.00259798
0.00577203
-0.00240543
0.00564061
-0.00217255
-0.0019043
0.0076153
-0.00113967
0.00752618
-0.00122284
0.00743039
-0.00129827
0.00732881
-0.0013645
0.00722245
-0.00142019
0.00711238
-0.00146409
0.00699969
-0.00149512
0.0068855
-0.00151233
0.0067709
-0.00151491
0.00665696
-0.00150217
0.00654473
-0.00147349
0.00643521
-0.00142833
0.0063294
-0.00136619
0.00622831
-0.00128661
0.00613297
-0.00118909
0.00604451
-0.0010732
0.00596413
-0.000938461
0.00589317
-0.000784492
0.00583309
-0.000610991
0.00578566
-0.000417824
0.00575291
-0.000205054
0.00573688
2.68502e-05
0.00573878
0.000276205
0.00575772
0.000539158
0.0057906
0.000809285
0.00583326
0.00107855
0.00588287
0.00133976
0.00593998
0.00158889
0.00600952
0.00182524
0.00610001
0.00204843
0.00622133
0.0022541
0.00638175
0.00243133
0.00658612
0.00256276
0.00683629
0.00262342
0.00713093
0.00257512
0.00745905
0.00236604
0.00779017
0.00195305
0.0080752
0.00134051
0.0082661
0.000596725
0.00833859
-0.000174445
0.00829899
-0.000881497
0.00817409
-0.00147247
0.00799586
-0.00193417
0.00779129
-0.002277
0.00757887
-0.00252
0.00736939
-0.00268208
0.00716805
-0.00277905
0.00697682
-0.00282302
0.00679611
-0.00282215
0.00662539
-0.0027815
0.00646334
-0.00270513
0.00630897
-0.00259576
0.00616292
-0.00245192
0.00602621
-0.00226872
0.00589779
-0.00204412
-0.00178198
0.00784043
-0.00106095
0.00775472
-0.00113713
0.00766271
-0.00120625
0.00756519
-0.00126698
0.00746307
-0.00131807
0.00735733
-0.00135835
0.00724901
-0.00138679
0.00713915
-0.00140247
0.00702881
-0.00140458
0.00691904
-0.0013924
0.00681087
-0.00136531
0.00670531
-0.00132277
0.00660338
-0.00126427
0.00650613
-0.00118935
0.00641463
-0.00109759
0.00633001
-0.000988573
0.0062535
-0.000861955
0.00618647
-0.000717457
0.00613038
-0.000554907
0.00608692
-0.000374359
0.00605798
-0.00017612
0.00604563
3.9205e-05
0.00605167
0.00027016
0.00607677
0.000514057
0.00611979
0.000766264
0.00617799
0.00102035
0.00624834
0.0012694
0.00632952
0.00150771
0.00642347
0.00173129
0.00653564
0.00193627
0.00667349
0.00211625
0.00684413
0.00226068
0.00705256
0.00235433
0.00730092
0.00237506
0.00758595
0.00229009
0.00789202
0.00205998
0.00818554
0.00165952
0.0084217
0.00110435
0.00856368
0.00045475
0.00859814
-0.000208905
0.0085364
-0.000819761
0.00840362
-0.00133969
0.00822691
-0.00175746
0.00802828
-0.00207837
0.00782273
-0.00231445
0.00761924
-0.00247859
0.00742244
-0.00258225
0.00723429
-0.00263487
0.00705546
-0.00264332
0.00688593
-0.00261196
0.00672489
-0.0025441
0.00657153
-0.00244241
0.00642635
-0.00230674
0.00629084
-0.00213321
0.00616521
-0.00191849
-0.00166454
0.00807447
-0.000985233
0.00799219
-0.00105486
0.00790397
-0.00111802
0.00781051
-0.00117353
0.00771266
-0.00122022
0.00761132
-0.00125701
0.00750745
-0.00128293
0.00740205
-0.00129707
0.00729612
-0.00129865
0.00719069
-0.00128697
0.00708678
-0.00126139
0.0069854
-0.00122139
0.00688758
-0.00116645
0.00679437
-0.00109615
0.00670688
-0.00101009
0.00662624
-0.000907941
0.00655372
-0.000789427
0.00649063
-0.000654376
0.00643848
-0.000502751
0.00639886
-0.000334742
0.00637354
-0.000150801
0.00636447
4.82779e-05
0.00637357
0.000261057
0.00640229
0.000485337
0.00645097
0.000717587
0.00651855
0.000952774
0.00660307
0.00118488
0.00670296
0.00140783
0.0068184
0.00161585
0.006952
0.00180268
0.00710804
0.0019602
0.00729104
0.00207769
0.00750428
0.00214109
0.00774827
0.00213107
0.00801693
0.00202142
0.00829189
0.00178503
0.00854102
0.00141039
0.00872791
0.000917453
0.00882704
0.000355625
0.00883302
-0.000214883
0.00875863
-0.000745374
0.00862545
-0.00120651
0.00845536
-0.00158738
0.00826595
-0.00188896
0.00806944
-0.00211794
0.00787349
-0.00228264
0.00768243
-0.00239119
0.00749842
-0.00245085
0.00732242
-0.00246733
0.00715486
-0.0024444
0.0069955
-0.00238474
0.00684383
-0.00229074
0.00670019
-0.0021631
0.00656623
-0.00199925
0.00644321
-0.00179548
-0.00155178
0.00831791
-0.000912531
0.00823906
-0.00097601
0.00815461
-0.00103358
0.00806523
-0.00108414
0.00797166
-0.00112665
0.00787476
-0.00116011
0.00777541
-0.00118358
0.00767456
-0.00119622
0.00757317
-0.00119726
0.00747223
-0.00118603
0.00737275
-0.00116191
0.00727572
-0.00112436
0.00718219
-0.00107292
0.0070932
-0.00100717
0.00700987
-0.000926758
0.00693334
-0.000831414
0.00686486
-0.000720941
0.00680574
-0.000595262
0.00675744
-0.000454453
0.0067215
-0.000298802
0.00669959
-0.00012889
0.00669349
5.43769e-05
0.00670505
0.000249505
0.00673592
0.000454459
0.00678725
0.000666265
0.00685921
0.000880813
0.00695111
0.00109297
0.00706199
0.00129695
0.00719143
0.00148641
0.00734013
0.00165397
0.00750963
0.0017907
0.00770153
0.00188579
0.00791643
0.00192619
0.0081521
0.0018954
0.00839982
0.0017737
0.00864075
0.0015441
0.00884741
0.00120373
0.00899266
0.000772206
0.00906013
0.000288148
0.00904896
-0.000203706
0.00897098
-0.000667398
0.00884355
-0.00107907
0.00868386
-0.00142769
0.00850595
-0.00171105
0.00831997
-0.00193196
0.00813272
-0.00209538
0.00794841
-0.00220689
0.00776946
-0.0022719
0.00759718
-0.00229505
0.00743238
-0.0022796
0.00727536
-0.00222772
0.00712598
-0.00214136
0.00698456
-0.00202167
0.00685264
-0.00186733
0.00673218
-0.00167502
-0.0014433
0.00857115
-0.000842855
0.00849572
-0.000900586
0.00841505
-0.000952906
0.00832973
-0.000998826
0.00824047
-0.00103738
0.00814802
-0.00106766
0.00805325
-0.0010888
0.00795702
-0.00109999
0.00786027
-0.00110051
0.00776395
-0.00108971
0.00766903
-0.00106699
0.00757651
-0.00103184
0.00748741
-0.000983818
0.00740279
-0.00092254
0.00732373
-0.0008477
0.00725139
-0.000759076
0.00718699
-0.00065654
0.00713182
-0.000540098
0.00708729
-0.00040992
0.00705486
-0.000266374
0.00703612
-0.000110145
0.00703269
5.78051e-05
0.00704626
0.000235931
0.00707847
0.000422252
0.00713068
0.000614058
0.00720372
0.000807769
0.00729779
0.000998903
0.0074126
0.00118214
0.00754775
0.00135125
0.00770296
0.00149877
0.00787789
0.00161577
0.00807177
0.00169192
0.0082826
0.00171535
0.00850555
0.00167245
0.00873025
0.001549
0.00893929
0.00133506
0.00911073
0.00103228
0.00922538
0.000657558
0.00927298
0.000240545
0.00925452
-0.000185244
0.00917976
-0.000592635
0.00906212
-0.000961435
0.00891505
-0.00128062
0.0087499
-0.0015459
0.00857533
-0.00175739
0.00839756
-0.00191761
0.0082208
-0.00203013
0.00804772
-0.00209882
0.00787997
-0.0021273
0.00771869
-0.00211832
0.00756465
-0.00207367
0.00741814
-0.00199486
0.00727956
-0.00188309
0.00715027
-0.00173803
0.00703249
-0.00155724
-0.00133861
0.00883456
-0.000776215
0.00876256
-0.000828586
0.00868565
-0.000876
0.0086044
-0.000917568
0.00851943
-0.000952416
0.00843147
-0.000979702
0.00834129
-0.000998628
0.00824975
-0.00100845
0.00815772
-0.00100848
0.00806611
-0.000998096
0.00797586
-0.000976747
0.00788797
-0.000943943
0.00780342
-0.000899268
0.00772325
-0.000842376
0.00764856
-0.000773004
0.00758046
-0.000690977
0.00752015
-0.000596231
0.00746889
-0.000488838
0.00742801
-0.000369039
0.00739892
-0.000237287
0.00738308
-9.43056e-05
0.00738201
5.88777e-05
0.00739722
0.000220718
0.00743021
0.000389268
0.0074823
0.000561969
0.00755451
0.000735552
0.00764744
0.000905976
0.0077612
0.00106838
0.00789551
0.00121694
0.00804962
0.00134465
0.00822216
0.00144323
0.00841081
0.00150327
0.00861174
0.00151442
0.00881844
0.00146576
0.00902018
0.00134726
0.00920181
0.00115343
0.0093466
0.00088749
0.00944066
0.000563502
0.0094775
0.000203697
0.00945843
-0.000166168
0.00939081
-0.000525017
0.0092849
-0.000855526
0.00915127
-0.00114699
0.00899928
-0.00139391
0.0088365
-0.00159462
0.0086687
-0.00174981
0.00850008
-0.0018615
0.00833354
-0.00193228
0.00817104
-0.00196481
0.00801402
-0.0019613
0.00786359
-0.00192323
0.00772048
-0.00185175
0.00758529
-0.0017479
0.00745922
-0.00161195
0.00734444
-0.00144246
-0.00123742
0.00910851
-0.000712627
0.00903993
-0.000760008
0.00896679
-0.000802853
0.00888958
-0.000840361
0.0088089
-0.000871741
0.00872543
-0.000896227
0.00863989
-0.000913085
0.00855306
-0.000921626
0.0084658
-0.000921213
0.00837897
-0.000911264
0.00829348
-0.00089126
0.00821028
-0.000860749
0.00813036
-0.000819345
0.00805473
-0.000766742
0.00798444
-0.000702714
0.0079206
-0.000627134
0.00786436
-0.000539992
0.00781693
-0.000441409
0.00777957
-0.000331686
0.00775363
-0.000211345
0.00774045
-8.11194e-05
0.00774141
5.79164e-05
0.00775788
0.000204242
0.00779119
0.000355964
0.00784251
0.000510644
0.00791282
0.000665242
0.00800275
0.000816048
0.00811252
0.000958616
0.00824183
0.00108763
0.00838971
0.00119677
0.00855426
0.00127868
0.00873236
0.00132517
0.00891925
0.00132753
0.00910779
0.00127722
0.00928787
0.00116717
0.00944682
0.000994481
0.00957163
0.000762683
0.00965236
0.000482767
0.00968402
0.000172046
0.00966771
-0.000149862
0.00960872
-0.000466025
0.00951483
-0.000761642
0.00939446
-0.00102661
0.00925543
-0.00125488
0.00910443
-0.00144362
0.00894683
-0.00159221
0.00878677
-0.00170145
0.00862733
-0.00177284
0.00847072
-0.0018082
0.00831862
-0.0018092
0.00817241
-0.00177703
0.00803321
-0.00171255
0.00790188
-0.00161658
0.00777956
-0.00148964
0.00766822
-0.00133113
-0.00113964
0.00939336
-0.000652104
0.0093282
-0.000694856
0.00925881
-0.000733459
0.00918564
-0.000767196
0.00910926
-0.000795353
0.00903026
-0.000817236
0.00894936
-0.000832176
0.00886727
-0.000839542
0.0087848
-0.000838745
0.00870279
-0.000829249
0.0086221
-0.000810575
0.00854366
-0.000782305
0.00846841
-0.000744093
0.00839733
-0.000695667
0.00833146
-0.00063684
0.00827185
-0.000567529
0.00821962
-0.000487762
0.00817592
-0.000397711
0.00814196
-0.000297719
0.00811893
-0.00018832
0.00810815
-7.03398e-05
0.00811082
5.52446e-05
0.00812819
0.000186873
0.0081614
0.000322756
0.00821147
0.00046058
0.0082792
0.000597512
0.00836511
0.000730135
0.00846933
0.000854397
0.00859144
0.000965516
0.0087303
0.00105791
0.00888377
0.00112522
0.00904841
0.00116052
0.00921924
0.00115671
0.0093893
0.00110716
0.00954952
0.00100696
0.00968951
0.000854494
0.00979908
0.00065311
0.00987035
0.000411494
0.00989956
0.000142838
0.00988705
-0.00013735
0.00983658
-0.000415556
0.00975404
-0.000679105
0.00964615
-0.000918724
0.00951951
-0.00112824
0.00938001
-0.00130412
0.00923265
-0.00144485
0.00908144
-0.00155024
0.00892954
-0.00162094
0.00877935
-0.00165801
0.00863276
-0.00166261
0.00849137
-0.00163563
0.00835655
-0.00157773
0.00822948
-0.00148951
0.00811136
-0.00137152
0.00800395
-0.00122372
-0.00104541
0.0096895
-0.000594661
0.00962777
-0.000633128
0.00956211
-0.000667806
0.00949297
-0.000698054
0.00942085
-0.000723231
0.00934633
-0.000742712
0.00927004
-0.00075589
0.00919269
-0.000762191
0.00911502
-0.000761078
0.00903784
-0.000752061
0.00896196
-0.000734703
0.00888828
-0.000708625
0.00881771
-0.000673517
0.00875118
-0.000629143
0.0086897
-0.000575355
0.00863427
-0.000512103
0.00858597
-0.000439455
0.00854587
-0.000357616
0.0085151
-0.000266953
0.00849482
-0.000168032
0.00848613
-6.16503e-05
0.00849021
5.11594e-05
0.00850812
0.000168966
0.00854084
0.000290033
0.00858922
0.0004122
0.00865389
0.00053284
0.0087352
0.000648828
0.0088331
0.000756498
0.00894702
0.000851598
0.00907566
0.000929268
0.00921679
0.000984095
0.00936696
0.00101034
0.00952137
0.0010023
0.00967363
0.000954898
0.00981593
0.000864662
0.00993963
0.000730791
0.0100366
0.000556114
0.0101006
0.000347533
0.0101282
0.000115273
0.0101193
-0.000128449
0.0100764
-0.000372713
0.0100041
-0.000606769
0.00990762
-0.000822269
0.00979258
-0.0010132
0.00966416
-0.0011757
0.00952692
-0.0013076
0.0093847
-0.00140802
0.00924067
-0.0014769
0.00909734
-0.00151469
0.00895677
-0.00152204
0.00882071
-0.00149957
0.00869074
-0.00144776
0.00856829
-0.00136706
0.00845471
-0.00125794
0.00835163
-0.00112063
-0.00095508
0.00999735
-0.000540305
0.00993904
-0.000574817
0.00987711
-0.000605876
0.00981196
-0.00063291
0.00974408
-0.000655346
0.00967399
-0.000672624
0.0096023
-0.000684198
0.00952965
-0.000689548
0.00945677
-0.000688191
0.00938439
-0.000679681
0.00931331
-0.000663626
0.00924437
-0.000639684
0.00917844
-0.000607585
0.00911642
-0.000567126
0.00905926
-0.000518193
0.00900792
-0.000460769
0.00896342
-0.000394949
0.00892677
-0.000320963
0.00889901
-0.000239197
0.0088812
-0.000150221
0.00887437
-5.48196e-05
0.00887954
4.5986e-05
0.00889765
0.00015086
0.00892953
0.000258157
0.00897585
0.000365872
0.0090371
0.000471597
0.00911342
0.0005725
0.00920462
0.000665298
0.00930997
0.000746249
0.00942807
0.000811166
0.00955667
0.000855495
0.00969249
0.00087453
0.00983105
0.00086373
0.00996673
0.00081922
0.0100928
0.000738571
0.0102023
0.000621341
0.0102884
0.00047
0.0103459
0.000290063
0.0103719
8.92637e-05
0.0103658
-0.000122428
0.0103295
-0.000336345
0.0102661
-0.00054337
0.0101799
-0.000736115
0.0100756
-0.000908921
0.00995775
-0.00105781
0.00983039
-0.00118025
0.0096972
-0.00127483
0.00956125
-0.00134095
0.00942513
-0.00137856
0.00929099
-0.0013879
0.00916072
-0.0013693
0.00903604
-0.00132308
0.00891855
-0.00124957
0.00880977
-0.00114915
0.00871131
-0.00102218
-0.000868978
0.0103174
-0.000489036
0.0102624
-0.000519908
0.0102042
-0.00054764
0.010143
-0.000571725
0.0100793
-0.000591654
0.0100136
-0.000606924
0.00994649
-0.000617049
0.0098785
-0.000621564
0.00981035
-0.000620033
0.00974272
-0.000612059
0.00967639
-0.00059729
0.00961213
-0.000575427
0.00955078
-0.000546232
0.00949319
-0.000509538
0.00944025
-0.000465258
0.00939289
-0.000413405
0.00935204
-0.000354097
0.00931865
-0.000287576
0.00929369
-0.000214238
0.00927812
-0.000134649
0.00927287
-4.95669e-05
0.00927883
4.00226e-05
0.00929682
0.000132872
0.00932752
0.000227451
0.00937148
0.000321914
0.009429
0.000414077
0.0095001
0.000501397
0.00958444
0.000580968
0.00968116
0.000649528
0.00978882
0.000703504
0.00990523
0.000739089
0.0100273
0.000752459
0.010151
0.000739994
0.0102715
0.000698791
0.010383
0.000627073
0.0104796
0.00052467
0.0105559
0.000393705
0.0106075
0.000238485
0.0106317
6.50827e-05
0.0106277
-0.00011849
0.0105967
-0.000305299
0.010541
-0.000487671
0.010464
-0.000659141
0.0103696
-0.000814506
0.0102617
-0.000949854
0.0101439
-0.00106246
0.0100196
-0.00115057
0.00989187
-0.0012132
0.0097632
-0.00124989
0.00963583
-0.00126053
0.00951173
-0.0012452
0.00939271
-0.00120406
0.00928049
-0.00113735
0.00917673
-0.00104539
0.00908309
-0.000928543
-0.00078733
0.01065
-0.000440843
0.0105985
-0.000468374
0.0105439
-0.00049306
0.0104866
-0.00051445
0.010427
-0.000532095
0.0103657
-0.000545547
0.010303
-0.000554375
0.0102396
-0.000558164
0.0101761
-0.000556529
0.0101131
-0.000549116
0.0100515
-0.000535615
0.00999181
-0.000515764
0.00993493
-0.000489359
0.00988166
-0.000456265
0.00983283
-0.000416422
0.00978928
-0.000369864
0.00975191
-0.000316724
0.00972159
-0.000257257
0.00969921
-0.000191853
0.00968562
-0.000121064
0.00968167
-4.56185e-05
0.00968814
3.35543e-05
0.00970572
0.000115298
0.00973497
0.000198203
0.00977629
0.000280591
0.00982987
0.000360498
0.0098956
0.000435666
0.00997302
0.000503548
0.0100612
0.000561326
0.0101588
0.000605971
0.0102635
0.00063433
0.0103727
0.000643287
0.0104827
0.000630007
0.0105892
0.000592258
0.0106875
0.000528741
0.0107727
0.000439529
0.01084
0.000326354
0.010886
0.000192503
0.0109081
4.29828e-05
0.0109055
-0.000115894
0.0108788
-0.000278559
0.0108297
-0.000438559
0.0107608
-0.000590304
0.0106754
-0.000729092
0.0105768
-0.0008512
0.0104681
-0.000953853
0.0103527
-0.0010351
0.0102331
-0.00109368
0.0101121
-0.00112883
0.00999171
-0.00114017
0.00987407
-0.00112755
0.00976102
-0.00109101
0.00965435
-0.00103068
0.0095558
-0.000946844
0.0094671
-0.000839845
-0.000710289
0.0109957
-0.000395701
0.0109475
-0.000420176
0.0108966
-0.000442081
0.0108431
-0.000461019
0.0107876
-0.000476593
0.0107305
-0.000488409
0.0106722
-0.000496084
0.0106133
-0.000499254
0.0105543
-0.000497579
0.010496
-0.000490747
0.0104388
-0.000478488
0.0103837
-0.000460575
0.0103311
-0.000436838
0.010282
-0.000407168
0.0102371
-0.000371528
0.0101972
-0.000329971
0.0101632
-0.000282641
0.0101357
-0.000229793
0.0101157
-0.00017181
0.0101038
-0.000109219
0.0101009
-4.27096e-05
0.0101076
2.68482e-05
0.0101245
9.8398e-05
0.0101521
0.000170656
0.0101905
0.00024211
0.01024
0.000311012
0.0103003
0.000375374
0.0103709
0.000432983
0.0104508
0.000481429
0.0105386
0.000518158
0.0106323
0.000540574
0.0107295
0.000546139
0.0108268
0.000532651
0.0109207
0.000498379
0.0110071
0.000442354
0.0110818
0.000364817
0.0111411
0.000267111
0.0111816
0.000151961
0.0112015
2.30687e-05
0.0111996
-0.000114014
0.0111763
-0.000255246
0.0111328
-0.000395046
0.0110712
-0.000528641
0.0109939
-0.000651846
0.0109039
-0.0007612
0.010804
-0.000853984
0.0106971
-0.000928163
0.0105857
-0.000982298
0.0104723
-0.00101543
0.0103591
-0.00102696
0.0102481
-0.00101657
0.0101413
-0.000984156
0.0100404
-0.000929779
0.00994721
-0.000853672
0.00986354
-0.000756176
-0.000637919
0.0113551
-0.000353576
0.0113102
-0.000375263
0.0112627
-0.000394638
0.0112131
-0.000411352
0.0111615
-0.000425057
0.0111085
-0.000435406
0.0110545
-0.000442066
0.011
-0.000444715
0.0109455
-0.000443056
0.0108915
-0.000436819
0.0108388
-0.000425769
0.0107879
-0.000409714
0.0107396
-0.000388512
0.0106945
-0.000362079
0.0106534
-0.000330399
0.010617
-0.000293537
0.010586
-0.00025164
0.0105611
-0.000204961
0.0105432
-0.000153875
0.0105329
-9.8872e-05
0.0105307
-4.05918e-05
0.0105374
2.01467e-05
0.0105534
8.24016e-05
0.0105791
0.000145011
0.0106146
0.000206626
0.0106599
0.000265704
0.0107147
0.000320511
0.0107786
0.000369141
0.0108505
0.000409549
0.010929
0.000439592
0.0110125
0.000457141
0.0110984
0.000460144
0.0111842
0.000446875
0.0112666
0.000415987
0.0113422
0.000366799
0.0114074
0.000299546
0.0114592
0.000215343
0.0114948
0.00011639
0.0115121
5.73914e-06
0.0115106
-0.000112475
0.01149
-0.000234646
0.0114512
-0.000356279
0.0113958
-0.000473284
0.011326
-0.00058198
0.011244
-0.000679207
0.0111524
-0.000762376
0.0110537
-0.000829454
0.0109503
-0.000878915
0.0108445
-0.000909666
0.0107385
-0.000920972
0.0106343
-0.000912371
0.0105338
-0.000883655
0.0104389
-0.000834802
0.0103512
-0.000766005
0.0102726
-0.000677607
-0.000570201
0.0117286
-0.000314415
0.0116869
-0.000333566
0.0116429
-0.000350647
0.0115969
-0.000365352
0.0115492
-0.000377377
0.0115002
-0.00038642
0.0114504
-0.000392189
0.0114
-0.000394406
0.0113498
-0.000392813
0.0113002
-0.000387177
0.0112517
-0.000377296
0.011205
-0.00036301
0.0111607
-0.000344203
0.0111194
-0.00032081
0.0110818
-0.000292835
0.0110487
-0.00026035
0.0110205
-0.000223507
0.0109981
-0.000182537
0.010982
-0.000137817
0.010973
-8.97843e-05
0.0109714
-3.9039e-05
0.0109779
1.36654e-05
0.0109928
6.74982e-05
0.0110164
0.000121419
0.0110488
0.000174234
0.0110899
0.000224594
0.0111394
0.000271
0.0111967
0.000311824
0.0112609
0.000345338
0.0113307
0.000369762
0.0114045
0.000383342
0.0114802
0.000384448
0.0115554
0.000371682
0.0116274
0.000344039
0.0116931
0.000301042
0.0117498
0.000242859
0.0117947
0.000170436
0.0118255
8.56076e-05
0.0118404
-9.16644e-06
0.0118388
-0.000110833
0.0118203
-0.000216147
0.0117855
-0.000321511
0.0117357
-0.000423451
0.0116725
-0.000518755
0.0115978
-0.000604582
0.011514
-0.000678524
0.0114231
-0.000738612
0.0113275
-0.000783306
0.0112293
-0.000811441
0.0111305
-0.000822192
0.0110332
-0.000815004
0.0109391
-0.000789582
0.0108501
-0.000745838
0.010768
-0.000683922
0.0106946
-0.000604153
-0.000507125
0.0121167
-0.000278155
0.0120782
-0.000295005
0.0120376
-0.000310011
0.0119951
-0.000322906
0.0119512
-0.000333426
0.011906
-0.00034131
0.0118602
-0.000346304
0.0118139
-0.000348168
0.0117678
-0.000346681
0.0117223
-0.000341643
0.0116778
-0.000332884
0.0116351
-0.00032027
0.0115946
-0.000303709
0.011557
-0.000283155
0.0115227
-0.000258622
0.0114926
-0.000230192
0.0114671
-0.000198008
0.0114469
-0.000162308
0.0114324
-0.000123408
0.0114244
-8.17442e-05
0.0114232
-3.78323e-05
0.0114293
7.58557e-06
0.0114429
5.38397e-05
0.0114644
9.9984e-05
0.0114936
0.000144977
0.0115306
0.000187646
0.0115749
0.000226708
0.0116259
0.000260777
0.0116828
0.000288407
0.0117445
0.000308123
0.0118093
0.000318495
0.0118756
0.000318211
0.0119411
0.000306168
0.0120035
0.000281586
0.0120605
0.000244126
0.0121094
0.000193947
0.0121479
0.000131882
0.0121742
5.92843e-05
0.0121868
-2.16867e-05
0.0121847
-0.000108793
0.0121678
-0.000199248
0.0121364
-0.000290107
0.0120914
-0.000378443
0.0120341
-0.000461483
0.0119663
-0.000536705
0.0118896
-0.000601908
0.0118063
-0.000655236
0.0117181
-0.000695183
0.0116273
-0.000720571
0.0115356
-0.000730525
0.011445
-0.000724433
0.0113574
-0.000701942
0.0112745
-0.000662905
0.011198
-0.000607432
0.0111296
-0.000535819
-0.000448639
0.0125202
-0.000244712
0.0124846
-0.000259482
0.0124472
-0.000272617
0.0124082
-0.000283886
0.0123678
-0.000293062
0.0123265
-0.00029992
0.0122844
-0.000304241
0.0122421
-0.000305821
0.0121998
-0.00030447
0.0121582
-0.000300019
0.0121177
-0.000292327
0.0120787
-0.000281282
0.0120418
-0.000266813
0.0120075
-0.00024889
0.0119764
-0.000227537
0.0119491
-0.000202834
0.011926
-0.000174926
0.0119077
-0.000144024
0.0118947
-0.000110441
0.0118875
-7.45524e-05
0.0118865
-3.68176e-05
0.011892
2.07195e-06
0.0119043
4.15379e-05
0.0119236
8.07678e-05
0.0119497
0.000118848
0.0119826
0.000154772
0.0120218
0.000187446
0.0120669
0.0002157
0.012117
0.000238333
0.012171
0.000254126
0.0122276
0.000261916
0.0122851
0.00026065
0.0123418
0.000249455
0.0123957
0.000227736
0.0124446
0.000195234
0.0124864
0.000152117
0.0125192
9.90732e-05
0.0125414
3.71214e-05
0.0125515
-3.18287e-05
0.0125489
-0.000106175
0.0125332
-0.000183544
0.0125046
-0.000261517
0.0124638
-0.000337637
0.0124118
-0.000409527
0.0123501
-0.000474975
0.0122802
-0.000532
0.0122039
-0.000578889
0.0121229
-0.000614211
0.0120391
-0.000636809
0.0119544
-0.000645803
0.0118705
-0.000640551
0.0117892
-0.000620662
0.0117123
-0.000585955
0.0116413
-0.000536493
0.0115781
-0.000472548
-0.000394662
0.0129394
-0.000213993
0.0129068
-0.000226884
0.0128725
-0.000238334
0.0128368
-0.000248146
0.0127998
-0.000256125
0.012762
-0.000262077
0.0127236
-0.000265817
0.0126849
-0.00026717
0.0126464
-0.000265975
0.0126085
-0.000262093
0.0125716
-0.000255404
0.0125361
-0.00024582
0.0125026
-0.000233285
0.0124715
-0.000217783
0.0124433
-0.000199345
0.0124185
-0.000178046
0.0123976
-0.000154028
0.0123811
-0.000127491
0.0123693
-9.87073e-05
0.0123628
-6.80051e-05
0.0123618
-3.58596e-05
0.0123666
-2.73566e-06
0.0123775
3.06616e-05
0.0123945
6.3785e-05
0.0124175
9.5796e-05
0.0124465
0.000125837
0.0124809
0.000152985
0.0125204
0.000176263
0.012564
0.000194665
0.012611
0.000207208
0.0126599
0.000212934
0.0127096
0.000211007
0.0127583
0.000200743
0.0128044
0.000181651
0.012846
0.000153585
0.0128814
0.000116701
0.012909
7.14928e-05
0.0129273
1.88819e-05
0.0129351
-3.96718e-05
0.0129318
-0.000102849
0.012917
-0.000168717
0.0128907
-0.00023528
0.0128536
-0.000300483
0.0128063
-0.000362303
0.0127502
-0.000418819
0.0126865
-0.000468275
0.0126167
-0.000509113
0.0125425
-0.000540005
0.0124655
-0.000559851
0.0123875
-0.000567789
0.0123101
-0.000563179
0.0122351
-0.000545607
0.012164
-0.000514871
0.0120985
-0.000471
0.0120402
-0.000414237
-0.000345076
0.0133751
-0.000185885
0.0133453
-0.000197081
0.013314
-0.000207018
0.0132813
-0.000215526
0.0132477
-0.000222438
0.0132132
-0.000227591
0.0131782
-0.000230827
0.013143
-0.000232
0.013108
-0.000230974
0.0130735
-0.000227633
0.01304
-0.00022188
0.0130078
-0.000213644
0.0129774
-0.000202884
0.0129493
-0.000189593
0.0129237
-0.000173806
0.0129013
-0.000155597
0.0128823
-0.000135098
0.0128673
-0.000112491
0.0128566
-8.80078e-05
0.0128506
-6.19837e-05
0.0128495
-3.47509e-05
0.0128536
-6.81896e-06
0.012863
2.12678e-05
0.0128778
4.90195e-05
0.0128978
7.57284e-05
0.012923
0.000100668
0.0129529
0.000123061
0.0129871
0.000142098
0.0130248
0.000156946
0.0130652
0.000166807
0.0131072
0.000170902
0.0131497
0.000168564
0.0131912
0.000159255
0.0132302
0.000142594
0.0132653
0.000118493
0.013295
8.70533e-05
0.0133177
4.87044e-05
0.0133324
4.19195e-06
0.013338
-4.52848e-05
0.0133339
-9.87212e-05
0.0133197
-0.000154504
0.0132954
-0.000210997
0.0132614
-0.00026649
0.0132184
-0.000319272
0.0131673
-0.00036769
0.0131092
-0.000410206
0.0130455
-0.000445429
0.0129777
-0.000472149
0.0129071
-0.000489341
0.0128355
-0.000496189
0.0127644
-0.00049207
0.0126954
-0.000476572
0.01263
-0.000449478
0.0125698
-0.000410793
0.0125163
-0.000360729
-0.000299731
0.0138279
-0.00016026
0.0138007
-0.000169931
0.0137722
-0.000178508
0.0137425
-0.000185849
0.0137119
-0.000191811
0.0136806
-0.000196258
0.0136488
-0.000199057
0.0136169
-0.000200086
0.0135852
-0.000199232
0.0135539
-0.000196399
0.0135236
-0.000191509
0.0134944
-0.000184506
0.0134669
-0.000175361
0.0134414
-0.000164075
0.0134183
-0.000150683
0.0133979
-0.000135256
0.0133807
-0.000117917
0.0133671
-9.88243e-05
0.0133572
-7.81889e-05
0.0133516
-5.62936e-05
0.0133503
-3.34557e-05
0.0133535
-1.00668e-05
0.0133614
1.3351e-05
0.013374
3.64141e-05
0.0133912
5.85208e-05
0.0134128
7.90604e-05
0.0134385
9.73858e-05
0.0134678
0.000112827
0.0135
0.000124706
0.0135345
0.000132365
0.0135702
0.000135188
0.0136061
0.000132637
0.0136411
0.000124288
0.0136738
0.000109861
0.013703
8.92724e-05
0.0137275
6.25869e-05
0.013746
3.02547e-05
0.0137573
-7.1536e-06
0.0137608
-4.88201e-05
0.0137559
-9.37454e-05
0.0137421
-0.000140698
0.0137194
-0.000188329
0.0136881
-0.000235221
0.0136488
-0.000279937
0.0136022
-0.000321067
0.0135492
-0.000357279
0.0134912
-0.000387349
0.0134292
-0.000410194
0.0133647
-0.000424881
0.0132992
-0.000430654
0.0132341
-0.000426923
0.0131708
-0.000413291
0.0131108
-0.000389541
0.0130557
-0.000355656
0.0130068
-0.000311818
-0.000258432
0.0142985
-0.000136975
0.0142739
-0.000145272
0.014248
-0.000152628
0.0142211
-0.000158923
0.0141933
-0.000164038
0.0141649
-0.000167859
0.0141361
-0.000170276
0.0141072
-0.000171187
0.0140785
-0.000170499
0.0140502
-0.000168135
0.0140227
-0.000164033
0.0139964
-0.000158148
0.0139715
-0.000150462
0.0139484
-0.000140979
0.0139274
-0.000129735
0.013909
-0.000116799
0.0138933
-0.000102274
0.0138808
-8.63089e-05
0.0138717
-6.90823e-05
0.0138663
-5.08421e-05
0.0138647
-3.18645e-05
0.0138671
-1.24488e-05
0.0138735
6.88993e-06
0.013884
2.58837e-05
0.0138985
4.40175e-05
0.0139168
6.07836e-05
0.0139386
7.56473e-05
0.0139633
8.80585e-05
0.0139906
9.74672e-05
0.0140196
0.00010334
0.0140496
0.000105185
0.0140797
0.000102575
0.0141088
9.51763e-05
0.0141359
8.2771e-05
0.0141598
6.52939e-05
0.0141796
4.28423e-05
0.0141941
1.57284e-05
0.0142025
-1.55433e-05
0.014204
-5.03673e-05
0.0141982
-8.78915e-05
0.0141846
-0.00012713
0.0141633
-0.000166986
0.0141344
-0.000206289
0.0140983
-0.000243841
0.0140556
-0.000278453
0.0140073
-0.000308985
0.0139544
-0.000334375
0.0138978
-0.000353668
0.013839
-0.000366034
0.0137791
-0.000370783
0.0137196
-0.000367378
0.0136617
-0.000355442
0.013607
-0.000334766
0.0135566
-0.00030532
0.0135121
-0.000267258
-0.000220947
0.0147878
-0.000115872
0.0147654
-0.000122929
0.014742
-0.000129186
0.0147176
-0.000134541
0.0146924
-0.000138898
0.0146668
-0.000142161
0.0146407
-0.000144239
0.0146146
-0.00014505
0.0145886
-0.000144518
0.014563
-0.00014258
0.0145382
-0.000139188
0.0145144
-0.000134308
0.0144918
-0.000127928
0.0144709
-0.000120056
0.0144519
-0.000110726
0.0144351
-0.000100002
0.0144208
-8.79734e-05
0.0144093
-7.47703e-05
0.0144007
-6.05495e-05
0.0143954
-4.55171e-05
0.0143934
-2.99052e-05
0.014395
-1.39869e-05
0.0144
1.85159e-06
0.0144086
1.73193e-05
0.0144206
3.20408e-05
0.0144357
4.55876e-05
0.0144539
5.7521e-05
0.0144745
6.73937e-05
0.0144972
7.47608e-05
0.0145214
7.91957e-05
0.0145463
8.03063e-05
0.0145711
7.7757e-05
0.014595
7.12775e-05
0.014617
6.07217e-05
0.0146363
4.60162e-05
0.0146519
2.72656e-05
0.0146629
4.71942e-06
0.0146686
-2.12209e-05
0.0146683
-5.00801e-05
0.0146616
-8.11607e-05
0.0146481
-0.000113669
0.0146278
-0.000146715
0.0146009
-0.000179342
0.0145676
-0.00021056
0.0145285
-0.000239375
0.0144844
-0.000264825
0.014436
-0.000286002
0.0143844
-0.000302078
0.0143307
-0.000312327
0.014276
-0.000316138
0.0142217
-0.000313026
0.0141689
-0.000302648
0.0141189
-0.000284808
0.0140731
-0.00025947
0.0140326
-0.000226765
-0.000187009
0.0152964
-9.67753e-05
0.0152762
-0.000102711
0.015255
-0.000107973
0.0152329
-0.000112482
0.0152102
-0.000116155
0.0151869
-0.000118916
0.0151634
-0.00012069
0.0151397
-0.00012141
0.0151162
-0.000121017
0.0150931
-0.00011946
0.0150706
-0.000116701
0.015049
-0.000112716
0.0150286
-0.000107497
0.0150096
-0.000101055
0.0149923
-9.34203e-05
0.0149769
-8.46492e-05
0.0149638
-7.48224e-05
0.0149531
-6.40476e-05
0.014945
-5.24596e-05
0.0149397
-4.0231e-05
0.0149373
-2.75583e-05
0.014938
-1.46742e-05
0.0149417
-1.8236e-06
0.0149484
1.05793e-05
0.0149581
2.23921e-05
0.0149705
3.3206e-05
0.0149853
4.26715e-05
0.0150023
5.04278e-05
0.0150209
5.61194e-05
0.0150407
5.94089e-05
0.015061
5.99859e-05
0.0150812
5.75855e-05
0.0151005
5.20048e-05
0.0151181
4.31166e-05
0.0151332
3.0895e-05
0.0151451
1.54001e-05
0.0151529
-3.14178e-06
0.0151562
-2.44532e-05
0.0151542
-4.81113e-05
0.0151466
-7.35758e-05
0.0151332
-0.00010021
0.0151137
-0.000127297
0.0150885
-0.000154063
0.0150576
-0.000179696
0.0150216
-0.000203378
0.0149811
-0.000224307
0.0149368
-0.00024172
0.0148896
-0.000254913
0.0148406
-0.000263262
0.0147907
-0.000266236
0.0147411
-0.000263411
0.0146929
-0.000254482
0.0146473
-0.000239271
0.0146056
-0.000217741
0.0145689
-0.000190002
-0.000156314
0.0158253
-7.94913e-05
0.015807
-8.44065e-05
0.0157878
-8.87666e-05
0.0157679
-9.25053e-05
0.0157473
-9.55576e-05
0.0157262
-9.78609e-05
0.0157049
-9.93565e-05
0.0156835
-9.99905e-05
0.0156622
-9.97158e-05
0.0156412
-9.84931e-05
0.0156208
-9.62933e-05
0.0156012
-9.30987e-05
0.0155826
-8.89053e-05
0.0155652
-8.37243e-05
0.0155494
-7.75842e-05
0.0155353
-7.05325e-05
0.0155231
-6.26371e-05
0.015513
-5.39888e-05
0.0155053
-4.47021e-05
0.0155
-3.49147e-05
0.0154972
-2.47891e-05
0.015497
-1.45114e-05
0.0154995
-4.30143e-06
0.0155046
5.5416e-06
0.0155121
1.48632e-05
0.0155219
2.33618e-05
0.0155338
3.07554e-05
0.0155475
3.67536e-05
0.0155626
4.10805e-05
0.0155785
4.34686e-05
0.0155948
4.36758e-05
0.0156109
4.15e-05
0.0156261
3.67803e-05
0.0156398
2.94194e-05
0.0156513
1.94122e-05
0.0156599
6.79861e-06
0.015665
-8.24126e-06
0.015666
-2.54899e-05
0.0156625
-4.46068e-05
0.0156541
-6.51673e-05
0.0156406
-8.66675e-05
0.0156218
-0.000108537
0.0155979
-0.000130156
0.0155691
-0.000150871
0.0155357
-0.000170019
0.0154984
-0.000186942
0.0154577
-0.000201011
0.0154144
-0.00021164
0.0153694
-0.000218305
0.0153237
-0.000220557
0.0152784
-0.000218033
0.0152344
-0.00021047
0.0151928
-0.000197711
0.0151548
-0.000179723
0.0151214
-0.00015659
-0.000128538
0.0163756
-6.38074e-05
0.016359
-6.7788e-05
0.0163415
-7.1321e-05
0.0163234
-7.4354e-05
0.0163047
-7.68357e-05
0.0162855
-7.87169e-05
0.0162661
-7.99516e-05
0.0162466
-8.04977e-05
0.0162272
-8.03188e-05
0.0162081
-7.9385e-05
0.0161895
-7.76742e-05
0.0161716
-7.51742e-05
0.0161545
-7.18833e-05
0.0161386
-6.78123e-05
0.016124
-6.29858e-05
0.0161109
-5.74436e-05
0.0160995
-5.1242e-05
0.01609
-4.44545e-05
0.0160825
-3.71733e-05
0.0160771
-2.95098e-05
0.0160739
-2.1594e-05
0.0160729
-1.35796e-05
0.0160743
-5.632e-06
0.0160778
2.02092e-06
0.0160834
9.22047e-06
0.016091
1.57616e-05
0.0161004
2.14169e-05
0.0161112
2.59635e-05
0.0161231
2.91842e-05
0.0161357
3.08732e-05
0.0161485
3.08454e-05
0.016161
2.8946e-05
0.0161728
2.50562e-05
0.0161831
1.91054e-05
0.0161914
1.10803e-05
0.0161972
1.02946e-06
0.0161999
-1.09187e-05
0.016199
-2.45899e-05
0.0161941
-3.9719e-05
0.0161849
-5.59764e-05
0.0161712
-7.29703e-05
0.0161529
-9.02551e-05
0.0161301
-0.000107344
0.0161029
-0.000123722
0.0160718
-0.000138862
0.0160371
-0.000152239
0.0159994
-0.000163345
0.0159595
-0.000171707
0.0159181
-0.000176896
0.0158761
-0.000178542
0.0158344
-0.000176346
0.015794
-0.000170088
0.0157559
-0.000159636
0.0157212
-0.000144957
0.0156907
-0.000126122
-0.000103316
0.0169482
-4.94883e-05
0.016933
-5.26033e-05
0.0169171
-5.53699e-05
0.0169004
-5.77479e-05
0.0168833
-5.96982e-05
0.0168658
-6.11832e-05
0.016848
-6.2168e-05
0.0168301
-6.26211e-05
0.0168123
-6.25148e-05
0.0167948
-6.18271e-05
0.0167776
-6.0542e-05
0.0167611
-5.86511e-05
0.0167454
-5.61542e-05
0.0167306
-5.30609e-05
0.016717
-4.93915e-05
0.0167048
-4.51777e-05
0.016694
-4.04642e-05
0.0166848
-3.53091e-05
0.0166774
-2.97845e-05
0.0166719
-2.39767e-05
0.0166683
-1.79871e-05
0.0166667
-1.19329e-05
0.016667
-5.93964e-06
0.0166691
-1.50847e-07
0.0166731
5.21265e-06
0.0166788
1.00981e-05
0.0166859
1.42959e-05
0.0166943
1.76403e-05
0.0167035
1.99643e-05
0.0167132
2.11224e-05
0.0167231
2.09673e-05
0.0167327
1.93897e-05
0.0167414
1.63019e-05
0.0167489
1.16513e-05
0.0167545
5.42952e-06
0.0167579
-2.32116e-06
0.0167585
-1.15132e-05
0.0167559
-2.20051e-05
0.0167498
-3.35999e-05
0.0167398
-4.60488e-05
0.0167259
-5.90552e-05
0.0167079
-7.22815e-05
0.016686
-8.53569e-05
0.0166601
-9.7888e-05
0.0166307
-0.000109469
0.0165982
-0.000119696
0.016563
-0.000128173
0.0165258
-0.000134531
0.0164874
-0.000138433
0.0164484
-0.000139586
0.0164098
-0.000137755
0.0163725
-0.000132761
0.0163374
-0.000124499
0.0163053
-0.00011294
0.0162774
-9.81422e-05
-8.02498e-05
0.0175443
-3.62702e-05
0.0175303
-3.85723e-05
0.0175156
-4.06182e-05
0.0175002
-4.2379e-05
0.0174843
-4.38261e-05
0.0174681
-4.49325e-05
0.0174516
-4.56732e-05
0.017435
-4.60254e-05
0.0174184
-4.59696e-05
0.0174021
-4.54903e-05
0.0173861
-4.45762e-05
0.0173707
-4.3222e-05
0.017356
-4.14283e-05
0.0173421
-3.92027e-05
0.0173293
-3.65608e-05
0.0173176
-3.35266e-05
0.0173073
-3.01332e-05
0.0172984
-2.64238e-05
0.0172911
-2.24514e-05
0.0172854
-1.828e-05
0.0172814
-1.3983e-05
0.0172791
-9.64355e-06
0.0172785
-5.3565e-06
0.0172796
-1.22182e-06
0.0172822
2.59506e-06
0.0172862
6.05654e-06
0.0172915
9.01664e-06
0.0172978
1.1355e-05
0.0173048
1.29551e-05
0.0173122
1.37073e-05
0.0173197
1.35135e-05
0.0173268
1.22921e-05
0.0173331
9.98327e-06
0.0173382
6.5518e-06
0.0173416
1.99158e-06
0.017343
-3.66693e-06
0.0173418
-1.03606e-05
0.0173378
-1.79867e-05
0.0173306
-2.64039e-05
0.01732
-3.54337e-05
0.0173058
-4.48632e-05
0.017288
-5.44491e-05
0.0172665
-6.39238e-05
0.0172417
-7.30023e-05
0.0172136
-8.13898e-05
0.0171827
-8.87904e-05
0.0171494
-9.4915e-05
0.0171144
-9.9491e-05
0.0170782
-0.000102269
0.0170417
-0.000103032
0.0170055
-0.000101604
0.0169706
-9.78515e-05
0.0169378
-9.16949e-05
0.016908
-8.31122e-05
0.016882
-7.21452e-05
-5.89026e-05
0.0181654
-2.38554e-05
0.0181522
-2.538e-05
0.0181383
-2.67357e-05
0.0181238
-2.79036e-05
0.0181088
-2.88651e-05
0.0180935
-2.96029e-05
0.0180779
-3.01004e-05
0.0180623
-3.03431e-05
0.0180466
-3.03185e-05
0.0180311
-3.00165e-05
0.018016
-2.94303e-05
0.0180013
-2.85565e-05
0.0179873
-2.73959e-05
0.017974
-2.5954e-05
0.0179617
-2.42411e-05
0.0179505
-2.22736e-05
0.0179404
-2.00734e-05
0.0179317
-1.76691e-05
0.0179243
-1.50957e-05
0.0179184
-1.23952e-05
0.017914
-9.61624e-06
0.0179112
-6.81278e-06
0.0179099
-4.04561e-06
0.0179101
-1.38504e-06
0.0179116
1.07283e-06
0.0179144
3.28829e-06
0.0179182
5.17672e-06
0.0179229
6.65821e-06
0.0179282
7.6565e-06
0.0179338
8.10483e-06
0.0179394
7.9363e-06
0.0179446
7.10085e-06
0.017949
5.55744e-06
0.0179523
3.28799e-06
0.017954
2.8737e-07
0.0179537
-3.42487e-06
0.0179512
-7.80701e-06
0.017946
-1.27924e-05
0.0179379
-1.82896e-05
0.0179266
-2.41829e-05
0.0179121
-3.03342e-05
0.0178942
-3.65856e-05
0.017873
-4.27631e-05
0.0178487
-4.86808e-05
0.0178215
-5.41459e-05
0.0177917
-5.89644e-05
0.0177597
-6.2946e-05
0.0177261
-6.59114e-05
0.0176915
-6.7695e-05
0.0176567
-6.81529e-05
0.0176222
-6.71677e-05
0.017589
-6.46496e-05
0.0175579
-6.05472e-05
0.0175296
-5.48438e-05
0.017505
-4.75675e-05
-3.87909e-05
0.0188127
-1.19002e-05
0.0188
-1.26643e-05
0.0187866
-1.33441e-05
0.0187726
-1.393e-05
0.0187582
-1.44131e-05
0.0187433
-1.47845e-05
0.0187283
-1.50362e-05
0.0187131
-1.51611e-05
0.0186979
-1.51528e-05
0.0186829
-1.50067e-05
0.0186682
-1.47192e-05
0.0186539
-1.42889e-05
0.0186403
-1.37163e-05
0.0186273
-1.30042e-05
0.0186152
-1.21579e-05
0.0186041
-1.11855e-05
0.0185942
-1.00983e-05
0.0185854
-8.91038e-06
0.0185779
-7.63943e-06
0.0185719
-6.30622e-06
0.0185672
-4.93515e-06
0.0185639
-3.55338e-06
0.0185621
-2.19012e-06
0.0185616
-8.8004e-07
0.0185623
3.28549e-07
0.0185642
1.41384e-06
0.018567
2.33698e-06
0.0185706
3.05787e-06
0.0185747
3.53956e-06
0.0185791
3.74715e-06
0.0185834
3.64996e-06
0.0185873
3.22201e-06
0.0185904
2.44507e-06
0.0185923
1.30837e-06
0.0185928
-1.89094e-07
0.0185914
-2.03814e-06
0.0185878
-4.21799e-06
0.0185817
-6.69561e-06
0.0185729
-9.42577e-06
0.0185611
-1.23513e-05
0.0185461
-1.5404e-05
0.018528
-1.85056e-05
0.0185069
-2.15699e-05
0.0184827
-2.45047e-05
0.0184557
-2.72142e-05
0.0184264
-2.96019e-05
0.018395
-3.15728e-05
0.0183621
-3.30371e-05
0.0183284
-3.39123e-05
0.0182943
-3.4126e-05
0.0182608
-3.36192e-05
0.0182285
-3.23463e-05
0.0181982
-3.02824e-05
0.0181708
-2.74181e-05
0.018147
-2.37677e-05
-1.93676e-05
0.019488
0.0194754
0.019462
0.0194481
0.0194337
0.0194189
0.0194038
0.0193887
0.0193735
0.0193585
0.0193438
0.0193295
0.0193158
0.0193028
0.0192906
0.0192795
0.0192694
0.0192604
0.0192528
0.0192465
0.0192416
0.019238
0.0192358
0.0192349
0.0192353
0.0192367
0.019239
0.0192421
0.0192456
0.0192494
0.019253
0.0192562
0.0192587
0.01926
0.0192598
0.0192578
0.0192535
0.0192468
0.0192374
0.0192251
0.0192097
0.0191912
0.0191696
0.0191451
0.0191179
0.0190883
0.0190567
0.0190237
0.0189897
0.0189556
0.018922
0.0188897
0.0188594
0.018832
0.0188082
)
;

boundaryField
{
    inlet
    {
        type            calculated;
        value           nonuniform 0();
    }
    outlet
    {
        type            calculated;
        value           nonuniform 0();
    }
    cylinder
    {
        type            calculated;
        value           nonuniform 0();
    }
    top
    {
        type            symmetryPlane;
        value           uniform 0;
    }
    bottom
    {
        type            symmetryPlane;
        value           nonuniform 0();
    }
    defaultFaces
    {
        type            empty;
        value           nonuniform 0();
    }
    procBoundary14to10
    {
        type            processor;
        value           nonuniform List<scalar> 
57
(
-0.00186291
-0.00229699
-0.0027338
-0.00316917
-0.00359661
-0.00399257
-0.00431091
-0.00449811
-0.00450045
-0.00423224
-0.00357153
-0.0024576
-0.0010004
0.000544115
0.00190874
0.00293816
0.00361006
0.00398656
0.00415626
0.0041962
0.00415798
0.00407243
0.00395831
0.00382237
0.00365923
0.00346426
0.00324473
0.00300404
0.00271228
0.00167308
0.00180781
0.00192867
0.00203325
0.00211959
0.00218618
0.00223201
0.00225643
0.00225909
0.00223983
0.0021986
0.0021353
0.00204972
0.0019415
0.00180997
0.00165432
0.00147368
0.0012667
0.00103126
0.000766489
0.00047697
0.000173956
-0.00013058
-0.000432442
-0.000738556
-0.00106176
-0.00385932
-0.00141148
)
;
    }
    procBoundary14to11
    {
        type            processor;
        value           uniform 0.00436322;
    }
    procBoundary14to13
    {
        type            processor;
        value           nonuniform List<scalar> 
35
(
-0.00670125
-0.00688668
-0.00707855
-0.00727724
-0.00748322
-0.007697
-0.00791915
-0.00815019
-0.00839061
-0.00864082
-0.0089012
-0.0091721
-0.00945388
-0.00974694
-0.0100517
-0.0103686
-0.0106982
-0.0110409
-0.0113972
-0.0117677
-0.012153
-0.0125536
-0.0129701
-0.0134032
-0.0138535
-0.0143218
-0.0148089
-0.0153155
-0.0158426
-0.0163913
-0.0169625
-0.0175576
-0.0181778
-0.0188246
-0.0194999
)
;
    }
    procBoundary14to15
    {
        type            processor;
        value           nonuniform List<scalar> 
35
(
0.00457187
0.00479119
0.00502127
0.00526209
0.00551353
0.00577546
0.00604777
0.00633046
0.00662369
0.00692781
0.00724324
0.00757044
0.00790973
0.0082613
0.00862521
0.00900144
0.00939006
0.00979117
0.0102049
0.0106315
0.0110712
0.0115241
0.0119906
0.012471
0.0129655
0.0134746
0.0139987
0.0145382
0.0150936
0.0156655
0.0162543
0.0168606
0.0174849
0.0181276
0.0187888
)
;
    }
}


// ************************************************************************* //
