/*--------------------------------*- C++ -*----------------------------------*\
  =========                 |
  \\      /  F ield         | OpenFOAM: The Open Source CFD Toolbox
   \\    /   O peration     | Website:  https://openfoam.org
    \\  /    A nd           | Version:  7
     \\/     M anipulation  |
\*---------------------------------------------------------------------------*/
FoamFile
{
    version     2.0;
    format      ascii;
    class       volVectorField;
    location    "140";
    object      U;
}
// * * * * * * * * * * * * * * * * * * * * * * * * * * * * * * * * * * * * * //

dimensions      [0 1 -1 0 0 0 0];

internalField   nonuniform List<vector> 
1987
(
(-0.00109615 0.00431985 -1.3114e-20)
(-0.00609023 0.000424334 9.06836e-21)
(-0.0156949 -0.0121834 -2.94761e-21)
(-0.0278499 -0.0301433 1.31345e-20)
(-0.0418867 -0.0507825 1.46658e-20)
(-0.0573114 -0.0722526 -4.80047e-21)
(-0.0736798 -0.0935529 -3.44918e-21)
(-0.0906112 -0.114439 2.45461e-20)
(-0.107754 -0.135213 -2.77922e-21)
(-0.124778 -0.156461 4.03252e-21)
(-0.141381 -0.178802 1.38527e-20)
(-0.15728 -0.202712 1.36047e-20)
(-0.172207 -0.228437 -8.56699e-21)
(-0.185884 -0.255972 -1.07154e-20)
(-0.198003 -0.28506 -3.92225e-22)
(-0.208202 -0.315196 -1.37085e-20)
(-0.216054 -0.345606 1.06941e-20)
(-0.221057 -0.375211 1.80161e-20)
(-0.222644 -0.402592 -6.79309e-21)
(-0.220187 -0.425977 3.07623e-20)
(-0.21304 -0.443268 1.9457e-21)
(-0.200606 -0.45216 -2.54664e-21)
(-0.182435 -0.450377 5.63683e-21)
(-0.158049 -0.435962 1.15889e-20)
(-0.127331 -0.407379 7.19553e-21)
(-0.00134247 0.00634568 1.35121e-20)
(-0.0066335 0.00529234 7.61102e-21)
(-0.0165668 -0.00530398 -8.0889e-21)
(-0.0290528 -0.0218308 -3.05442e-20)
(-0.0434412 -0.041461 2.28096e-20)
(-0.0592448 -0.0622439 -1.11844e-20)
(-0.0760166 -0.0831159 6.30571e-22)
(-0.0933735 -0.103795 -1.88454e-20)
(-0.110967 -0.124558 4.05427e-21)
(-0.128478 -0.145971 2.77715e-21)
(-0.145625 -0.168633 -5.89559e-20)
(-0.162156 -0.193014 -8.36488e-22)
(-0.177836 -0.21936 6.63077e-20)
(-0.192425 -0.247679 -3.36569e-20)
(-0.205658 -0.277745 -6.38788e-21)
(-0.217221 -0.30909 1.36526e-20)
(-0.22674 -0.340987 -2.89349e-20)
(-0.233772 -0.372402 -1.2787e-21)
(-0.237806 -0.401964 2.87067e-20)
(-0.23827 -0.427929 -1.05174e-19)
(-0.234552 -0.448207 -3.27158e-20)
(-0.226085 -0.460454 4.96283e-20)
(-0.212414 -0.462311 2.43525e-20)
(-0.192935 -0.451645 4.36756e-21)
(-0.167604 -0.426561 -1.02889e-20)
(-0.00168277 0.00845455 -2.86269e-20)
(-0.00735075 0.0103799 -6.34603e-22)
(-0.017583 0.00189925 -3.91238e-20)
(-0.0303067 -0.0131226 5.80627e-20)
(-0.0449064 -0.0317013 -6.55802e-20)
(-0.0609116 -0.0517765 -6.55415e-21)
(-0.077879 -0.072211 -6.05905e-21)
(-0.095426 -0.0926733 1.13181e-20)
(-0.113207 -0.113405 3.66296e-20)
(-0.130916 -0.134941 -6.1026e-21)
(-0.148288 -0.157864 -1.1723e-20)
(-0.165095 -0.182631 4.00468e-20)
(-0.181133 -0.209492 -6.26519e-21)
(-0.196197 -0.238471 3.80611e-20)
(-0.21006 -0.26937 -7.89099e-20)
(-0.222456 -0.301763 -3.2584e-20)
(-0.233067 -0.334966 4.90018e-21)
(-0.241515 -0.368002 -1.05833e-19)
(-0.247362 -0.399547 2.89962e-20)
(-0.250107 -0.427904 6.43048e-20)
(-0.249204 -0.451003 -4.07633e-20)
(-0.244143 -0.466484 -9.7545e-20)
(-0.234505 -0.471917 -4.88074e-20)
(-0.219573 -0.465018 -8.98139e-20)
(-0.199325 -0.443581 -4.88158e-20)
(-0.00211896 0.0106079 1.31905e-20)
(-0.00824368 0.0156036 -2.23463e-20)
(-0.0187387 0.0093198 7.1009e-20)
(-0.0315972 -0.00413617 -5.68483e-20)
(-0.0462572 -0.0216249 -1.53438e-20)
(-0.0622756 -0.0409715 -4.44374e-21)
(-0.0792193 -0.0609566 4.71408e-20)
(-0.0967096 -0.0811885 3.41752e-20)
(-0.114405 -0.101863 -5.90879e-20)
(-0.132008 -0.123482 2.52144e-20)
(-0.149268 -0.146602 5.53674e-22)
(-0.165977 -0.171671 -1.13405e-19)
(-0.181954 -0.19894 -3.68487e-20)
(-0.197023 -0.228452 2.8077e-21)
(-0.210992 -0.260037 2.44921e-20)
(-0.22364 -0.293306 1.13584e-19)
(-0.234705 -0.327622 1.3093e-20)
(-0.243879 -0.36206 1.0726e-19)
(-0.250806 -0.395354 1.08571e-19)
(-0.255076 -0.425858 -1.32309e-20)
(-0.256229 -0.451539 4.73287e-20)
(-0.253844 -0.470043 -1.77177e-20)
(-0.247574 -0.478882 5.91227e-20)
(-0.236602 -0.475648 1.94682e-19)
(-0.220897 -0.45793 3.08434e-20)
(-0.00264951 0.0127648 2.3145e-20)
(-0.00930807 0.0208751 -8.4428e-20)
(-0.020024 0.0168453 1.09306e-19)
(-0.032908 0.00500534 4.03276e-20)
(-0.0474696 -0.0113576 3.11763e-20)
(-0.0633047 -0.0299536 3.3241e-20)
(-0.0799978 -0.049474 -1.79572e-19)
(-0.0971767 -0.0694587 6.78783e-20)
(-0.114504 -0.0900495 7.01946e-20)
(-0.131687 -0.111707 -1.0383e-19)
(-0.148486 -0.134962 1.07675e-19)
(-0.164705 -0.160248 5.84216e-20)
(-0.180182 -0.187823 7.4882e-20)
(-0.194761 -0.217743 -5.09219e-20)
(-0.208279 -0.249865 -1.15274e-20)
(-0.220555 -0.283835 2.46392e-19)
(-0.23138 -0.31906 -1.05243e-19)
(-0.24052 -0.354663 8.25026e-20)
(-0.247708 -0.389436 -1.94907e-19)
(-0.252637 -0.421792 -7.87217e-20)
(-0.254957 -0.449751 7.24575e-20)
(-0.254358 -0.470979 1.24611e-19)
(-0.250597 -0.48295 1.97662e-20)
(-0.242789 -0.483146 -1.56263e-19)
(-0.230804 -0.469095 -1.04811e-19)
(-0.00326932 0.0148829 -9.22077e-20)
(-0.0105337 0.0261033 -3.04827e-20)
(-0.0214247 0.0243596 -6.45776e-20)
(-0.0342204 0.0141751 -6.27635e-20)
(-0.0485208 -0.00102885 4.52747e-20)
(-0.063972 -0.01885 -8.22263e-20)
(-0.080183 -0.037887 -5.47031e-20)
(-0.0967909 -0.0576041 -2.65414e-19)
(-0.113462 -0.0780818 1.2117e-20)
(-0.129905 -0.0997345 -3.64041e-21)
(-0.145885 -0.123063 -2.073e-19)
(-0.161213 -0.148488 -7.25036e-20)
(-0.175734 -0.176269 -8.69976e-20)
(-0.189308 -0.206476 1.71871e-19)
(-0.201793 -0.238991 4.96056e-20)
(-0.213039 -0.273489 -1.3326e-19)
(-0.22289 -0.309413 -1.53332e-19)
(-0.231179 -0.345931 4.43176e-20)
(-0.237735 -0.381889 1.63076e-19)
(-0.242366 -0.415761 -3.65056e-20)
(-0.244849 -0.44563 -2.06276e-20)
(-0.245006 -0.469206 -9.44816e-20)
(-0.242727 -0.483939 -1.15557e-19)
(-0.237115 -0.487202 9.28995e-20)
(-0.227719 -0.476608 6.3321e-20)
(-0.00396981 0.0169202 4.71873e-20)
(-0.0119042 0.0311963 5.60656e-20)
(-0.0229213 0.0317457 -4.47654e-20)
(-0.035514 0.0232451 -9.32005e-20)
(-0.0493895 0.00923113 1.45116e-20)
(-0.0642553 -0.00778889 1.09421e-19)
(-0.0797516 -0.0263204 1.5732e-19)
(-0.0955276 -0.0457466 2.1769e-19)
(-0.111252 -0.0660806 3.92154e-20)
(-0.126632 -0.0876863 4.95468e-20)
(-0.141431 -0.111031 6.04682e-20)
(-0.155458 -0.136521 2.3878e-19)
(-0.168562 -0.164416 -1.3949e-20)
(-0.180604 -0.194799 -3.10868e-19)
(-0.191459 -0.227569 2.26248e-19)
(-0.201 -0.262427 9.1327e-20)
(-0.209112 -0.298844 2.80426e-19)
(-0.215696 -0.336024 -1.11846e-19)
(-0.220675 -0.372856 -1.30483e-19)
(-0.223981 -0.407876 3.66607e-19)
(-0.225537 -0.439236 -1.19848e-19)
(-0.225314 -0.464712 -1.7643e-19)
(-0.223355 -0.481754 -4.30231e-20)
(-0.218862 -0.487609 -1.31969e-19)
(-0.210612 -0.480096 2.41037e-20)
(-0.00473907 0.0188361 1.17541e-20)
(-0.0133978 0.0360649 -2.49229e-20)
(-0.0244902 0.0388883 5.06006e-21)
(-0.0367665 0.0320886 -1.73347e-19)
(-0.0500559 0.0192927 -1.33976e-19)
(-0.0641372 0.00310166 -2.51709e-20)
(-0.0786888 -0.0148988 -6.71064e-20)
(-0.0933739 -0.0340084 -1.19217e-19)
(-0.107862 -0.0541682 -2.54468e-20)
(-0.121858 -0.0756869 -1.46277e-20)
(-0.135113 -0.0989961 -1.31899e-19)
(-0.147432 -0.124485 5.8656e-20)
(-0.158653 -0.15241 4.25485e-20)
(-0.168637 -0.182866 2.31142e-19)
(-0.17726 -0.215766 -8.73545e-22)
(-0.184414 -0.250828 -1.39552e-19)
(-0.190016 -0.287543 -1.35008e-20)
(-0.194027 -0.325136 6.26972e-20)
(-0.196459 -0.362529 2.43651e-19)
(-0.197375 -0.398309 -1.74033e-19)
(-0.196859 -0.430701 4.50208e-19)
(-0.195049 -0.457567 1.7886e-19)
(-0.192158 -0.476397 -1.25784e-19)
(-0.187681 -0.484287 2.38146e-19)
(-0.178859 -0.479325 1.22634e-19)
(-0.00556229 0.020593 1.5706e-20)
(-0.0149874 0.0406242 7.5547e-20)
(-0.0261039 0.0456764 2.17826e-19)
(-0.0379543 0.0405821 2.70186e-19)
(-0.0505021 0.0290286 1.61872e-19)
(-0.0636059 0.0136954 -1.14754e-19)
(-0.0769881 -0.00374616 2.79073e-19)
(-0.0903287 -0.0225111 3.27089e-20)
(-0.103298 -0.0424672 -1.67879e-19)
(-0.11559 -0.0638623 1.76752e-20)
(-0.126946 -0.0870897 3.19451e-19)
(-0.137152 -0.112519 -3.44367e-19)
(-0.146033 -0.140404 -1.98967e-19)
(-0.153439 -0.170844 -3.93567e-20)
(-0.159241 -0.203763 -3.25748e-19)
(-0.163336 -0.238889 -2.13562e-19)
(-0.16567 -0.275721 3.8906e-20)
(-0.166251 -0.313495 -4.39346e-19)
(-0.165179 -0.351149 4.62197e-20)
(-0.162643 -0.387301 -1.988e-19)
(-0.1589 -0.420242 -2.37575e-19)
(-0.154278 -0.447935 2.10165e-19)
(-0.149142 -0.467971 2.1927e-19)
(-0.143649 -0.477297 -1.6129e-19)
(-0.132339 -0.474249 1.96211e-19)
(-0.00642225 0.0221573 -1.82669e-19)
(-0.0166418 0.0447963 1.34717e-19)
(-0.0277316 0.052006 -8.42569e-21)
(-0.0390529 0.0486078 5.51326e-20)
(-0.0507121 0.038316 5.24122e-20)
(-0.0626542 0.0238692 2.31231e-19)
(-0.0746508 0.00701553 -1.68144e-19)
(-0.0864017 -0.0113774 -3.17841e-19)
(-0.0975761 -0.0311003 1.60477e-19)
(-0.107857 -0.0523391 1.50725e-19)
(-0.116965 -0.0754453 -5.12744e-19)
(-0.124667 -0.100767 3.62716e-19)
(-0.130764 -0.128551 5.57039e-19)
(-0.135089 -0.158899 3.99763e-20)
(-0.1375 -0.191742 -1.0219e-19)
(-0.137896 -0.226811 2.84749e-19)
(-0.136238 -0.263604 -1.31451e-19)
(-0.132579 -0.301353 5.78616e-19)
(-0.127094 -0.338992 -4.99913e-19)
(-0.120098 -0.375149 8.60991e-20)
(-0.11202 -0.408161 -4.4513e-20)
(-0.103407 -0.436089 -1.36346e-19)
(-0.094703 -0.456687 -1.24983e-19)
(-0.0873314 -0.466841 9.26652e-20)
(-0.0715246 -0.465036 1.04296e-20)
(-0.00729997 0.0235002 1.20951e-19)
(-0.0183266 0.0485124 -8.65927e-20)
(-0.0293401 0.0577822 7.36127e-20)
(-0.0400375 0.0560561 -2.43358e-19)
(-0.0506719 0.0470383 -5.3353e-20)
(-0.0612801 0.0335043 2.80873e-20)
(-0.0716869 0.0172676 -6.40806e-20)
(-0.0816133 -0.000725984 -1.07142e-19)
(-0.0907287 -0.0201881 3.51869e-20)
(-0.0987007 -0.0412425 -1.79021e-19)
(-0.105228 -0.0641955 3.34777e-19)
(-0.11005 -0.0893703 -7.66219e-20)
(-0.112941 -0.117005 -1.98243e-19)
(-0.113708 -0.147202 -2.05814e-19)
(-0.112194 -0.17989 2.73858e-19)
(-0.108291 -0.214801 1.5198e-19)
(-0.101975 -0.251423 5.82033e-20)
(-0.0933372 -0.288971 -4.88241e-19)
(-0.0826241 -0.326356 4.98041e-19)
(-0.0702683 -0.362193 -1.61133e-19)
(-0.0568621 -0.394836 -6.99724e-20)
(-0.0432097 -0.422416 -4.55484e-20)
(-0.02966 -0.442887 -4.54884e-20)
(-0.0198224 -0.453285 1.56268e-19)
(0.00236131 -0.451846 -2.2078e-19)
(-0.00817545 0.0245994 -4.46809e-20)
(-0.020005 0.0517145 1.97686e-19)
(-0.0308948 0.0629214 -2.80678e-19)
(-0.040883 0.0628268 1.1243e-19)
(-0.0503699 0.0550866 6.40691e-20)
(-0.0594858 0.0424882 -9.5508e-20)
(-0.0681123 0.0268962 2.80256e-19)
(-0.0759938 0.00932937 6.70019e-20)
(-0.0827996 -0.00984831 3.4963e-20)
(-0.0881815 -0.0306948 2.82839e-19)
(-0.0918121 -0.0534702 -1.17249e-19)
(-0.0933991 -0.0784696 1.27276e-19)
(-0.0926861 -0.105919 -1.33844e-19)
(-0.0894525 -0.135916 -9.3097e-21)
(-0.0835207 -0.168389 -1.48189e-19)
(-0.0747782 -0.20306 -5.10543e-19)
(-0.0632115 -0.239403 1.04757e-19)
(-0.0489518 -0.276604 3.99796e-19)
(-0.0323185 -0.313541 -1.31563e-19)
(-0.0138619 -0.348789 6.27462e-19)
(0.0056803 -0.38069 -3.33867e-19)
(0.0251917 -0.407408 -8.48562e-20)
(0.0447333 -0.427059 -1.31814e-19)
(0.0574706 -0.437371 -4.97545e-23)
(0.0870767 -0.4343 -9.86895e-20)
(-0.00902842 0.0254389 -1.37877e-19)
(-0.0216396 0.0543571 -2.02935e-19)
(-0.0323605 0.0673532 -1.11309e-19)
(-0.0415653 0.0688318 1.03576e-19)
(-0.0497963 0.0623616 3.32445e-20)
(-0.0572772 0.0507154 1.91684e-20)
(-0.0639488 0.0357929 7.33367e-20)
(-0.0695805 0.0186773 -3.60589e-19)
(-0.0738423 -0.000194767 1.2231e-19)
(-0.07637 -0.0208152 -2.49513e-19)
(-0.0768076 -0.0433951 -9.3921e-20)
(-0.0748292 -0.0681988 -1.24427e-19)
(-0.0701451 -0.0954368 -2.67987e-19)
(-0.0625051 -0.125199 5.54469e-19)
(-0.0517123 -0.157408 3.16265e-19)
(-0.0376505 -0.191774 8.44323e-20)
(-0.0203231 -0.22775 2.64397e-19)
(9.00818e-05 -0.264486 -3.72623e-19)
(0.0231898 -0.300816 -8.51718e-20)
(0.0482942 -0.335263 -4.08214e-19)
(0.0745431 -0.366134 1.51528e-19)
(0.100412 -0.391598 3.05614e-19)
(0.126665 -0.409709 1.26341e-19)
(0.143258 -0.420121 -2.14045e-19)
(0.179897 -0.412637 2.22468e-19)
(-0.00983919 0.0260097 -5.12323e-20)
(-0.0231935 0.0564079 1.46563e-20)
(-0.0337026 0.071022 1.40106e-19)
(-0.0420608 0.0739964 2.5291e-19)
(-0.048943 0.068775 -1.70044e-19)
(-0.0546636 0.0580894 1.66184e-19)
(-0.0592226 0.0438562 -1.30661e-19)
(-0.0624167 0.0272126 4.95287e-19)
(-0.0639178 0.00866404 -3.50369e-19)
(-0.0633454 -0.0117166 7.56422e-20)
(-0.0603151 -0.034089 3.32055e-19)
(-0.0544662 -0.0586846 -4.80797e-20)
(-0.0454749 -0.0856941 3.56901e-20)
(-0.0330624 -0.115197 -4.53745e-19)
(-0.0170153 -0.147105 -3.86494e-19)
(0.00277959 -0.181112 -1.46415e-20)
(0.0262925 -0.216646 -4.24779e-19)
(0.053277 -0.252814 1.49418e-19)
(0.083237 -0.288407 -2.08968e-19)
(0.115331 -0.321889 2.53218e-19)
(0.148589 -0.351494 -3.35622e-19)
(0.181026 -0.375447 1.78459e-19)
(0.213994 -0.391557 -1.34536e-19)
(0.235269 -0.401414 1.65579e-19)
(0.27936 -0.389453 -9.83294e-21)
(-0.0105894 0.02631 2.73093e-19)
(-0.0246313 0.0578486 7.13018e-20)
(-0.0348879 0.0738878 -1.57508e-19)
(-0.0423474 0.0782605 -1.8959e-19)
(-0.0478037 0.0742515 1.28223e-19)
(-0.0516556 0.064524 -4.74364e-19)
(-0.0539623 0.0509929 6.81673e-19)
(-0.0545485 0.0348379 1.36775e-19)
(-0.05309 0.0166266 2.24128e-19)
(-0.0491909 -0.00350423 2.7717e-19)
(-0.0424389 -0.0256628 1.78037e-19)
(-0.0324388 -0.0500438 -1.3542e-19)
(-0.0188345 -0.0768141 -7.02702e-21)
(-0.00132098 -0.10604 -6.73224e-20)
(0.0203261 -0.137615 -2.0033e-19)
(0.0462055 -0.171213 4.46479e-19)
(0.0762452 -0.206232 8.96869e-19)
(0.110111 -0.241744 5.00448e-20)
(0.147172 -0.276473 2.946e-19)
(0.186401 -0.308839 -1.48253e-19)
(0.226701 -0.336992 1.63886e-19)
(0.265519 -0.359301 -9.12104e-19)
(0.305146 -0.373103 3.82427e-19)
(0.330302 -0.381522 2.09081e-19)
(0.382433 -0.36658 -1.18877e-19)
(-0.0112629 0.0263451 -1.65009e-19)
(-0.0259208 0.0586753 -2.84057e-19)
(-0.0358858 0.0759271 2.73787e-19)
(-0.0424047 0.0815802 1.79257e-19)
(-0.0463725 0.0787296 9.87135e-20)
(-0.0482647 0.0699448 3.45629e-19)
(-0.0481967 0.0571199 -3.59991e-19)
(-0.046022 0.0414639 -3.3522e-19)
(-0.0414219 0.0235998 -2.20802e-19)
(-0.0339873 0.00372492 -5.29433e-19)
(-0.0232793 -0.0182168 1.05412e-19)
(-0.00886918 -0.0423804 -4.29796e-20)
(0.00962759 -0.0689043 7.79921e-19)
(0.032538 -0.0978365 3.22987e-19)
(0.060089 -0.129049 2.31703e-19)
(0.0923515 -0.162192 -7.17494e-20)
(0.129181 -0.196622 -4.15782e-19)
(0.170133 -0.231374 -3.29386e-19)
(0.214401 -0.265105 -3.70633e-19)
(0.260706 -0.296201 2.57605e-19)
(0.307827 -0.32273 4.51023e-19)
(0.352523 -0.34331 4.58587e-19)
(0.398266 -0.354535 -3.8968e-19)
(0.426401 -0.361496 1.4481e-19)
(0.485382 -0.343878 1.56322e-19)
(-0.0118461 0.0261264 -4.40582e-19)
(-0.0270339 0.058898 2.44684e-19)
(-0.0366687 0.0771335 -4.17918e-19)
(-0.0422138 0.0839284 5.15921e-19)
(-0.044644 0.082163 -4.93858e-19)
(-0.0445009 0.0742905 -1.48782e-19)
(-0.0419519 0.0621652 -2.79911e-19)
(-0.0368792 0.0470118 1.59001e-19)
(-0.0289707 0.0295002 -2.7534e-19)
(-0.0178067 0.00988479 3.03951e-19)
(-0.00292391 -0.0118389 -4.02489e-19)
(0.0161372 -0.0357821 -3.03199e-19)
(0.0397877 -0.0620559 1.3925e-20)
(0.068365 -0.0906769 -4.72124e-19)
(0.102089 -0.121493 9.64496e-21)
(0.140983 -0.154122 -4.76784e-19)
(0.184804 -0.18788 -3.05106e-20)
(0.232944 -0.221744 -5.03261e-19)
(0.284383 -0.254328 1.72268e-19)
(0.337522 -0.283994 7.00238e-19)
(0.390985 -0.308702 -6.37644e-19)
(0.440812 -0.327485 2.81407e-19)
(0.491592 -0.335976 2.75422e-19)
(0.521787 -0.34155 -1.14333e-19)
(0.585361 -0.321536 3.55923e-20)
(-0.0123284 0.0256719 2.28311e-19)
(-0.0279472 0.0585397 -6.40207e-20)
(-0.0372128 0.0775165 1.41658e-19)
(-0.0417572 0.0852951 -4.15401e-19)
(-0.0426118 0.0845221 6.71247e-19)
(-0.0403709 0.0775148 4.37613e-20)
(-0.0352482 0.0660701 4.92515e-19)
(-0.0271534 0.0514151 -2.58248e-19)
(-0.0157819 0.0342572 1.77805e-19)
(-0.000704679 0.0149016 2.36353e-19)
(0.0185621 -0.0066025 2.18386e-19)
(0.0425039 -0.0303226 7.01794e-19)
(0.0715555 -0.0563361 -1.76524e-19)
(0.106056 -0.0846215 -1.82752e-19)
(0.146198 -0.114996 -1.42361e-19)
(0.191932 -0.147037 -1.37514e-20)
(0.242876 -0.180013 -2.92827e-19)
(0.298207 -0.212847 2.56326e-19)
(0.356627 -0.244102 -3.28447e-19)
(0.416162 -0.272149 1.243e-19)
(0.47522 -0.294835 -1.67339e-19)
(0.529212 -0.311716 2.06423e-20)
(0.583507 -0.317474 -6.4115e-19)
(0.614798 -0.321636 6.76525e-20)
(0.680147 -0.299638 1.09931e-20)
(-0.0127033 0.0250043 3.08633e-19)
(-0.028643 0.0576353 -2.07795e-19)
(-0.0374984 0.0771019 -1.4715e-19)
(-0.0410187 0.0856877 -8.82862e-20)
(-0.0402669 0.0857941 -2.91221e-19)
(-0.0358754 0.0795871 -4.96767e-19)
(-0.0280965 0.0687908 -1.63693e-19)
(-0.0168642 0.054621 5.62987e-19)
(-0.00188252 0.0378129 -1.764e-19)
(0.0172862 0.0187174 -3.88571e-19)
(0.041144 -0.00256396 -2.38034e-19)
(0.0701967 -0.0260535 -7.17894e-19)
(0.104894 -0.0517845 -7.92648e-19)
(0.145565 -0.0796983 5.97427e-19)
(0.192351 -0.109569 1.22331e-19)
(0.245094 -0.140925 9.85031e-20)
(0.303221 -0.17298 1.01045e-18)
(0.365629 -0.204606 1.487e-19)
(0.430666 -0.23432 9.06656e-19)
(0.495939 -0.260535 -1.03066e-18)
(0.559563 -0.281008 4.55879e-19)
(0.616533 -0.295843 -3.63169e-19)
(0.672502 -0.299006 5.08533e-19)
(0.703848 -0.301678 -6.72126e-19)
(0.767988 -0.278175 1.18584e-19)
(-0.0129678 0.0241506 -7.78108e-20)
(-0.0291095 0.0562299 -1.67681e-19)
(-0.0375098 0.0759297 -1.55246e-19)
(-0.0399826 0.0851304 5.31607e-20)
(-0.0375967 0.0859839 -8.41234e-20)
(-0.0310067 0.0804944 3.13837e-19)
(-0.0204938 0.0703001 -1.14833e-19)
(-0.00601228 0.0565932 -2.42768e-19)
(0.0127267 0.0401268 -9.87267e-20)
(0.0361675 0.0212933 5.34169e-21)
(0.0648283 0.000242735 6.57101e-19)
(0.09923 -0.0229979 -5.84499e-19)
(0.139824 -0.0484133 8.54935e-19)
(0.186913 -0.0758988 -2.48443e-19)
(0.240554 -0.105177 -4.33037e-19)
(0.300429 -0.135719 3.5829e-19)
(0.365708 -0.16668 -3.85977e-19)
(0.43493 -0.196884 -6.35439e-19)
(0.506012 -0.224818 -2.32013e-19)
(0.576114 -0.248968 1.9675e-19)
(0.642997 -0.267073 2.93437e-19)
(0.701533 -0.279709 5.16652e-19)
(0.757168 -0.280517 1.35179e-20)
(0.787443 -0.281655 2.78878e-19)
(0.847552 -0.257148 -6.45345e-20)
(-0.0131224 0.0231404 -3.83547e-20)
(-0.0293405 0.0543771 3.6699e-19)
(-0.037235 0.0740531 3.78168e-19)
(-0.0386325 0.0836635 -1.69619e-19)
(-0.0345826 0.0851143 1.19345e-19)
(-0.0257452 0.0802422 -4.49153e-19)
(-0.0124192 0.0705898 9.06065e-20)
(0.00542672 0.0573148 7.36962e-20)
(0.028077 0.0411794 -2.16289e-19)
(0.0559823 0.0226115 -6.02867e-20)
(0.0896734 0.00180846 -8.27829e-19)
(0.129679 -0.0211509 2.65549e-19)
(0.176436 -0.0461973 -4.00123e-20)
(0.230192 -0.0731713 -9.6235e-21)
(0.290874 -0.101735 -3.83773e-20)
(0.357938 -0.131297 -5.3595e-21)
(0.430216 -0.160952 -2.91173e-20)
(0.505799 -0.189487 4.44201e-19)
(0.582102 -0.215388 -3.69756e-19)
(0.655852 -0.237242 3.24817e-19)
(0.724432 -0.252873 -4.39637e-19)
(0.782926 -0.263204 -1.9305e-19)
(0.836211 -0.26196 3.43798e-20)
(0.864248 -0.261615 -2.54767e-19)
(0.917951 -0.23662 -6.84618e-20)
(-0.0131713 0.022005 -3.69913e-19)
(-0.0293355 0.0521364 -4.57189e-20)
(-0.0366646 0.0715357 -4.70934e-19)
(-0.0369502 0.0813419 -3.78977e-19)
(-0.0311981 0.0832255 5.04044e-19)
(-0.0200563 0.0788556 3.47517e-19)
(-0.00382908 0.0696726 -1.53941e-19)
(0.0175085 0.0567911 -1.40331e-19)
(0.0442402 0.0409744 -1.05847e-19)
(0.0768234 0.022681 9.18333e-19)
(0.115797 0.00215428 3.56379e-19)
(0.161684 -0.0204722 5.0979e-19)
(0.214886 -0.0450697 -2.79905e-20)
(0.275553 -0.0714152 1.00052e-19)
(0.343419 -0.0991041 2.7551e-19)
(0.417632 -0.127477 -6.41783e-19)
(0.496584 -0.155578 9.97274e-19)
(0.577836 -0.182175 1.00133e-19)
(0.658257 -0.205796 -3.04288e-19)
(0.734191 -0.225153 -4.30182e-19)
(0.802712 -0.238277 -2.20045e-19)
(0.859436 -0.246282 4.20046e-19)
(0.908512 -0.243342 -1.83451e-20)
(0.933199 -0.241672 1.70222e-19)
(0.97877 -0.21671 1.76038e-19)
(-0.0131215 0.0207764 2.82822e-19)
(-0.0290981 0.0495712 2.94717e-20)
(-0.0357912 0.06845 -6.49625e-20)
(-0.0349138 0.078234 6.62479e-20)
(-0.0274062 0.0803751 -4.80266e-19)
(-0.013887 0.0763796 6.44954e-19)
(0.00534754 0.0675833 -5.59164e-22)
(0.0303252 0.0550517 5.33587e-19)
(0.0613344 0.0395429 2.18451e-20)
(0.0988389 0.0215415 -1.86223e-19)
(0.143378 0.00133663 2.9754e-19)
(0.195453 -0.0208807 -1.00721e-18)
(0.255393 -0.0449164 -6.25567e-19)
(0.32319 -0.0704776 -3.11839e-19)
(0.398309 -0.0970883 -1.35172e-19)
(0.479481 -0.124026 1.22994e-20)
(0.564557 -0.150299 -6.46577e-19)
(0.650503 -0.174687 2.35459e-19)
(0.733642 -0.195813 8.72949e-19)
(0.810056 -0.212537 2.33179e-19)
(0.876658 -0.223205 5.05251e-19)
(0.929896 -0.228976 -4.54078e-19)
(0.973199 -0.224735 -8.82589e-20)
(0.99361 -0.221986 -1.39716e-19)
(1.03008 -0.197566 -6.3486e-19)
(-0.0129826 0.0194855 -2.66111e-19)
(-0.0286352 0.0467459 1.34602e-19)
(-0.0346072 0.064874 2.38656e-19)
(-0.032496 0.0744189 8.33623e-19)
(-0.023157 0.0766363 3.15042e-19)
(-0.00716273 0.0728795 -7.03421e-19)
(0.0152126 0.064381 -1.78708e-19)
(0.0440101 0.0521539 -9.31449e-20)
(0.0795282 0.0369471 -3.13952e-19)
(0.122235 0.0192682 -1.02983e-19)
(0.172659 -0.000547865 -2.17547e-19)
(0.23125 -0.0222496 8.02948e-19)
(0.298214 -0.0455732 9.65193e-19)
(0.37331 -0.0701521 4.8735e-19)
(0.455623 -0.095441 -2.48369e-19)
(0.543356 -0.120667 -1.71143e-19)
(0.633726 -0.144829 3.735e-19)
(0.72308 -0.166763 -8.19214e-20)
(0.80727 -0.185242 -1.30101e-20)
(0.882296 -0.199291 1.72038e-19)
(0.945154 -0.207652 -2.36111e-19)
(0.993351 -0.211386 -3.64314e-19)
(1.02972 -0.206276 -2.07214e-19)
(1.04524 -0.202738 2.57667e-19)
(1.07236 -0.17933 6.79261e-19)
(-0.0127653 0.0181611 2.12813e-19)
(-0.0279552 0.0437236 7.22383e-19)
(-0.0331032 0.0608889 2.88836e-19)
(-0.0296618 0.0699845 -2.55739e-19)
(-0.0183854 0.072097 3.58632e-19)
(0.000215102 0.0684405 3.97264e-19)
(0.025902 0.0601495 4.49425e-19)
(0.05874 0.0481846 -2.42647e-20)
(0.099042 0.0332833 3.60471e-19)
(0.147276 0.0159751 -1.11765e-18)
(0.203936 -0.0033587 6.37571e-19)
(0.26938 -0.0244039 -3.42842e-19)
(0.343619 -0.046825 -8.70176e-19)
(0.426078 -0.0701835 -6.31435e-19)
(0.515342 -0.0938749 1.02667e-18)
(0.608972 -0.1171 -3.47061e-19)
(0.703491 -0.13889 -1.67501e-19)
(0.794665 -0.158181 1.19641e-19)
(0.878042 -0.173949 -6.09833e-19)
(0.949781 -0.185396 4.48534e-19)
(1.00724 -0.191691 -6.43389e-20)
(1.04915 -0.193673 4.57898e-19)
(1.07791 -0.188142 4.63943e-19)
(1.08832 -0.184099 -1.40979e-19)
(1.10644 -0.16212 -2.40039e-19)
(-0.0124811 0.0168291 -1.11252e-19)
(-0.0270664 0.0405642 -4.09567e-19)
(-0.0312658 0.0565764 1.102e-20)
(-0.0263665 0.0650249 -2.07227e-19)
(-0.013009 0.0668575 -6.13378e-19)
(0.00837104 0.0631666 -3.1958e-19)
(0.0375863 0.0549974 1.76386e-19)
(0.0747347 0.0432609 -5.56057e-19)
(0.120144 0.0286836 4.35563e-20)
(0.17427 0.0118173 2.79499e-19)
(0.237541 -0.00691009 -8.08084e-19)
(0.310159 -0.027121 -2.66987e-19)
(0.391847 -0.0484105 6.95606e-19)
(0.481573 -0.0702776 4.70476e-19)
(0.577294 -0.0920806 -6.05774e-19)
(0.67584 -0.11303 6.40323e-19)
(0.773039 -0.132236 2.61094e-19)
(0.864206 -0.148785 -6.36316e-20)
(0.94483 -0.161886 -5.36283e-20)
(1.0115 -0.170918 -4.8921e-19)
(1.06223 -0.175461 4.81433e-20)
(1.09701 -0.176028 -7.15889e-20)
(1.11798 -0.170525 -3.64145e-19)
(1.12343 -0.166196 -2.43444e-19)
(1.13329 -0.146014 -1.97181e-19)
(-0.0121408 0.0155113 -7.01258e-20)
(-0.0259747 0.0373217 -9.13091e-19)
(-0.0290755 0.0520155 -5.64004e-19)
(-0.0225539 0.0596375 -7.20205e-19)
(-0.00692746 0.0610283 6.38024e-19)
(0.0174557 0.057179 5.11955e-20)
(0.05047 0.0490572 4.68847e-19)
(0.0922529 0.0375303 -4.30698e-19)
(0.143143 0.0233164 7.25142e-19)
(0.20356 0.00699035 2.74384e-19)
(0.273815 -0.0109729 2.35089e-20)
(0.353872 -0.0301355 -4.30103e-20)
(0.44305 -0.0500323 -1.54829e-19)
(0.539723 -0.0701194 -1.34982e-19)
(0.641104 -0.089751 1.40445e-19)
(0.743251 -0.108193 1.94404e-19)
(0.841383 -0.124687 -1.23356e-18)
(0.930581 -0.138502 7.15758e-20)
(1.00658 -0.149093 -1.85256e-19)
(1.06668 -0.155997 -1.6382e-19)
(1.10977 -0.159143 7.22507e-20)
(1.13703 -0.158648 -4.4589e-19)
(1.15046 -0.153589 1.80885e-19)
(1.15145 -0.149071 1.97142e-19)
(1.15391 -0.131036 -4.17649e-19)
(-0.0117536 0.0142249 1.63753e-19)
(-0.0246813 0.0340431 6.61032e-19)
(-0.0265049 0.0472811 5.67605e-20)
(-0.0181549 0.0539202 1.04691e-18)
(-2.1372e-05 0.0547269 -6.66429e-19)
(0.0276442 0.0506132 6.55997e-19)
(0.0647865 0.0424831 -5.91484e-19)
(0.111584 0.0311684 2.34174e-19)
(0.168371 0.0173834 -3.0653e-19)
(0.235492 0.00172717 4.06593e-19)
(0.313074 -0.0152806 6.80395e-19)
(0.400732 -0.0331502 3.54469e-19)
(0.497245 -0.0513738 1.42767e-19)
(0.60026 -0.0693955 1.57293e-19)
(0.70617 -0.08661 -1.17802e-19)
(0.810292 -0.10239 -9.74168e-20)
(0.907421 -0.116145 9.94086e-19)
(0.992699 -0.127355 3.10059e-19)
(1.06243 -0.135691 8.2521e-19)
(1.11485 -0.140827 2.29127e-20)
(1.14985 -0.14293 -4.47142e-19)
(1.16962 -0.141722 5.31252e-19)
(1.17618 -0.137444 5.98284e-19)
(1.17331 -0.132634 6.13933e-20)
(1.16918 -0.117152 4.05945e-19)
(-0.0113259 0.0129819 -4.64526e-19)
(-0.0231816 0.030767 2.56721e-19)
(-0.0235167 0.0424412 5.63906e-19)
(-0.0130871 0.0479693 -2.22157e-19)
(0.00784597 0.0480756 -6.63037e-19)
(0.0391326 0.0436162 -4.95469e-20)
(0.0807912 0.0354473 3.63874e-20)
(0.133033 0.0243751 6.54728e-20)
(0.196162 0.011115 -4.22175e-19)
(0.270392 -0.00370947 -1.81308e-19)
(0.355565 -0.0195403 -6.33524e-19)
(0.450824 -0.0358511 -1.58837e-20)
(0.554263 -0.05212 -1.7989e-19)
(0.662693 -0.067821 -5.21817e-20)
(0.77167 -0.0824394 4.64117e-19)
(0.875905 -0.0955004 -6.69858e-19)
(0.970041 -0.10661 2.70054e-19)
(1.04961 -0.115449 -4.20867e-19)
(1.11179 -0.121862 -5.96355e-19)
(1.15588 -0.125618 1.0759e-19)
(1.1828 -0.127004 9.63956e-19)
(1.19551 -0.125417 -4.55043e-19)
(1.19611 -0.122099 2.49462e-20)
(1.18997 -0.116666 3.26225e-19)
(1.17987 -0.104452 1.65441e-19)
(-0.0108602 0.0117892 2.18792e-19)
(-0.0214627 0.0275228 -3.09826e-19)
(-0.0200627 0.0375555 -6.55951e-19)
(-0.00725455 0.0418763 -3.49022e-19)
(0.0168264 0.0411975 3.82306e-19)
(0.0521322 0.0363423 1.3014e-19)
(0.0987504 0.0281357 7.67249e-19)
(0.156906 0.0173688 3.13478e-19)
(0.22683 0.00476261 2.00053e-19)
(0.308521 -0.0090373 9.27649e-20)
(0.401426 -0.0234467 6.52625e-19)
(0.504067 -0.0379275 2.95519e-19)
(0.613722 -0.0519822 -2.44987e-19)
(0.726308 -0.0651645 3.5036e-19)
(0.836616 -0.0771 -1.99575e-19)
(0.93898 -0.0874992 2.46963e-19)
(1.02823 -0.0961655 -2.37207e-19)
(1.10061 -0.102951 -4.80288e-19)
(1.1544 -0.107815 6.63943e-19)
(1.18997 -0.110577 -6.60767e-19)
(1.20922 -0.111526 1.73348e-19)
(1.21557 -0.10987 -1.86948e-19)
(1.21133 -0.107448 -1.30086e-19)
(1.20233 -0.101096 -9.62269e-19)
(1.18678 -0.0937987 1.44803e-19)
(-0.0103547 0.0106488 4.48533e-20)
(-0.0195031 0.0243306 2.21689e-19)
(-0.0160838 0.0326749 7.35813e-19)
(-0.000549505 0.0357267 -1.73496e-19)
(0.0270828 0.0342139 -7.58205e-20)
(0.066861 0.028949 1.40823e-19)
(0.118928 0.020742 1.26086e-19)
(0.183489 0.010379 -5.03223e-19)
(0.260634 -0.00141105 -2.35066e-19)
(0.350049 -0.0139676 -7.29506e-19)
(0.450646 -0.0267001 -5.53832e-19)
(0.560182 -0.0390928 -3.96502e-19)
(0.675024 -0.0507206 3.51864e-19)
(0.790204 -0.0612683 -5.10366e-19)
(0.899924 -0.0705411 -2.4133e-19)
(0.998454 -0.078447 -1.03292e-19)
(1.08116 -0.0849636 -7.77602e-20)
(1.14529 -0.0900657 1.4356e-18)
(1.19028 -0.0937612 7.66868e-20)
(1.21759 -0.0958769 -1.19158e-19)
(1.22985 -0.0966237 -5.97756e-19)
(1.23077 -0.0951563 1.80287e-19)
(1.22286 -0.0933516 8.79968e-21)
(1.21138 -0.086512 5.57874e-19)
(1.19137 -0.0859408 6.45007e-20)
(-0.00980257 0.00955781 3.52654e-19)
(-0.0172714 0.0212022 -3.38508e-19)
(-0.0115099 0.0278408 -5.13282e-19)
(0.00714554 0.029598 5.15628e-19)
(0.0387838 0.0272413 -1.15974e-19)
(0.0835349 0.0215927 -1.01041e-19)
(0.141569 0.013462 8.74778e-20)
(0.213022 0.00363812 -1.26484e-19)
(0.297755 -0.00714311 3.19799e-19)
(0.395017 -0.0182199 2.09094e-19)
(0.503037 -0.0290236 5.4127e-19)
(0.618687 -0.039105 -1.43851e-20)
(0.737374 -0.0481627 4.40953e-19)
(0.853358 -0.0560585 -2.843e-20)
(0.960519 -0.062799 4.59765e-19)
(1.05342 -0.0684765 1.29045e-19)
(1.12827 -0.0731982 -8.22112e-19)
(1.18353 -0.0770024 -3.91027e-19)
(1.21978 -0.0798884 -9.55654e-20)
(1.2394 -0.0816496 2.26542e-19)
(1.24555 -0.0823888 -1.01136e-19)
(1.24201 -0.0812672 -3.31987e-19)
(1.23141 -0.0798552 4.66374e-20)
(1.21791 -0.0738324 -2.57607e-19)
(1.19925 -0.0729637 -1.14991e-19)
(-0.00919183 0.00850985 2.15715e-19)
(-0.0147268 0.0181415 2.29688e-19)
(-0.00626138 0.0230856 4.20858e-19)
(0.0159546 0.0235595 -3.0691e-19)
(0.052098 0.0203898 2.18757e-20)
(0.102357 0.0144252 6.17426e-19)
(0.166888 0.00648768 -1.77459e-19)
(0.245683 -0.00262656 -5.96145e-19)
(0.33827 -0.0121816 -3.5564e-19)
(0.443317 -0.0215358 4.77333e-19)
(0.558231 -0.0301805 -9.97031e-19)
(0.678907 -0.0377823 4.42057e-21)
(0.799839 -0.044214 -8.60558e-20)
(0.914713 -0.0495456 6.253e-19)
(1.01743 -0.0539833 -3.28722e-19)
(1.10318 -0.0577673 4.477e-19)
(1.16932 -0.0610772 4.3961e-19)
(1.2155 -0.0639548 -7.42648e-19)
(1.24343 -0.0663452 -3.01864e-19)
(1.25614 -0.0679829 -2.30582e-19)
(1.25714 -0.0688605 3.40823e-19)
(1.25011 -0.0681456 4.95419e-19)
(1.23754 -0.0671932 2.07787e-19)
(1.22308 -0.0619412 -1.75372e-19)
(1.20495 -0.0618629 -2.93056e-19)
(-0.00850548 0.00749563 -5.08277e-20)
(-0.0118196 0.0151462 2.14242e-19)
(-0.000250749 0.0184339 -4.26141e-19)
(0.0260045 0.017672 -6.55114e-19)
(0.0671863 0.013761 -9.73791e-19)
(0.123506 0.00759043 1.65508e-19)
(0.195047 2.20067e-06 -1.97444e-19)
(0.281568 -0.00820053 2.90716e-19)
(0.382131 -0.0162957 1.09028e-19)
(0.494681 -0.0236921 2.08862e-19)
(0.61568 -0.0299862 2.36155e-19)
(0.740021 -0.0350128 -1.27541e-19)
(0.861414 -0.0388589 -1.87598e-19)
(0.973265 -0.0418136 -4.12967e-19)
(1.06985 -0.0442561 1.272e-19)
(1.14733 -0.0465211 -4.66409e-19)
(1.2043 -0.0487988 1.69533e-19)
(1.24162 -0.0510837 1.12373e-19)
(1.26189 -0.0532361 -4.1592e-19)
(1.26862 -0.0549218 -4.23366e-19)
(1.26542 -0.0560321 -2.09507e-19)
(1.25575 -0.055763 1.87951e-20)
(1.24188 -0.0552711 6.20238e-20)
(1.22687 -0.0508828 -1.76816e-19)
(1.20931 -0.0514992 1.20713e-19)
(-0.00772202 0.00650423 3.16976e-21)
(-0.00849253 0.0122103 -5.89481e-19)
(0.00661474 0.0139042 7.51963e-19)
(0.0374203 0.011989 8.05072e-19)
(0.0841962 0.00744869 4.81138e-19)
(0.147129 0.00122256 -1.76263e-20)
(0.226153 -0.00582395 -1.77003e-19)
(0.320678 -0.0128881 -2.44616e-19)
(0.429163 -0.0192839 4.46564e-19)
(0.548687 -0.0245095 -1.08652e-18)
(0.674687 -0.0283172 1.12721e-19)
(0.801112 -0.030757 1.00562e-18)
(0.921104 -0.032154 1.38084e-19)
(1.02814 -0.0330028 -2.80283e-19)
(1.11722 -0.0338086 4.96577e-19)
(1.18571 -0.0349377 5.38248e-19)
(1.23346 -0.036535 1.30174e-19)
(1.26244 -0.0385095 9.33539e-19)
(1.2759 -0.0406226 6.82205e-19)
(1.27761 -0.0424737 3.76432e-19)
(1.27109 -0.0438719 4.20062e-19)
(1.25951 -0.0440557 -9.68089e-20)
(1.24484 -0.0440231 -1.27057e-19)
(1.22963 -0.0404707 3.37287e-19)
(1.21273 -0.0416268 -6.873e-22)
(-0.00681616 0.0055243 1.31334e-19)
(-0.00468242 0.00932579 6.48247e-20)
(0.0144304 0.00951125 -3.33094e-19)
(0.0503217 0.00655836 -9.04182e-20)
(0.103255 0.00153874 -1.21087e-19)
(0.17333 -0.00455445 -3.1866e-19)
(0.260238 -0.0108354 -3.99964e-19)
(0.362912 -0.0165169 4.79048e-19)
(0.479059 -0.0209801 -4.00889e-19)
(0.604773 -0.0238591 7.33786e-19)
(0.734452 -0.0251129 2.34488e-19)
(0.861234 -0.0250428 -1.44504e-19)
(0.977999 -0.0242137 -5.6623e-19)
(1.07866 -0.0232887 7.89308e-20)
(1.15924 -0.0228383 -7.40012e-19)
(1.2184 -0.0231981 -2.27228e-19)
(1.25724 -0.0244219 -6.22493e-19)
(1.2786 -0.0263113 2.04682e-20)
(1.28617 -0.0285284 1.15611e-20)
(1.28378 -0.0306182 -5.84644e-20)
(1.27474 -0.0323291 -6.3697e-19)
(1.26185 -0.0329558 2.93357e-19)
(1.24677 -0.0333641 -3.62158e-22)
(1.23159 -0.0305884 -2.90809e-19)
(1.21532 -0.0322291 4.87266e-19)
(-0.00575977 0.00454525 -3.36871e-19)
(-0.000322177 0.00648513 1.48781e-19)
(0.0232912 0.00526857 -4.72051e-19)
(0.0648183 0.0014246 -7.17246e-19)
(0.124466 -0.00388874 2.86495e-19)
(0.202169 -0.00962652 3.01398e-19)
(0.297265 -0.0148929 1.90912e-19)
(0.408067 -0.0189402 -3.29209e-19)
(0.531392 -0.0212569 2.93792e-19)
(0.662273 -0.021664 3.29064e-19)
(0.794117 -0.0203733 -2.97557e-19)
(0.91948 -0.0179554 6.91974e-20)
(1.03133 -0.0151929 -2.54715e-19)
(1.12435 -0.012862 -2.08499e-20)
(1.19581 -0.0115319 6.38693e-19)
(1.2457 -0.0114531 -4.0757e-19)
(1.27619 -0.0125571 2.54694e-19)
(1.29078 -0.0145309 -6.25557e-19)
(1.2934 -0.0169479 -3.06724e-20)
(1.28776 -0.0193157 3.71157e-20)
(1.27687 -0.0213439 8.86283e-20)
(1.26313 -0.0223934 -3.65608e-19)
(1.24792 -0.0232153 3.17264e-19)
(1.23292 -0.0211594 -2.44911e-19)
(1.21728 -0.0232036 -5.43344e-19)
(-0.00452289 0.00355839 8.40472e-20)
(0.00465709 0.00368374 -3.70535e-20)
(0.033289 0.00119136 2.46523e-20)
(0.0810066 -0.00336819 1.82138e-19)
(0.147901 -0.00875736 -1.55212e-19)
(0.233653 -0.0138881 3.61469e-19)
(0.337116 -0.0178735 1.01326e-19)
(0.455842 -0.0200384 4.60664e-21)
(0.585637 -0.0200268 2.84378e-19)
(0.720446 -0.0178984 4.21224e-19)
(0.852822 -0.0141517 5.44862e-19)
(0.975038 -0.00962328 8.8899e-20)
(1.08051 -0.00526869 5.5237e-19)
(1.16498 -0.00191037 -1.02429e-19)
(1.22707 -5.25991e-05 1.39269e-19)
(1.26803 0.000181428 4.22896e-19)
(1.2909 -0.00100175 -2.11609e-19)
(1.29963 -0.00317945 3.97791e-19)
(1.29819 -0.00585441 -7.65925e-19)
(1.29003 -0.0085157 2.28179e-19)
(1.27784 -0.0108541 1.30744e-19)
(1.26361 -0.0123021 5.72557e-19)
(1.24847 -0.0135102 -3.9546e-19)
(1.23374 -0.0121178 -4.84121e-20)
(1.2187 -0.014517 5.72689e-19)
(-0.00307478 0.00255776 1.06083e-19)
(0.0103239 0.000921904 -1.41309e-19)
(0.0445092 -0.00270084 4.70722e-19)
(0.0989663 -0.00777356 3.15474e-19)
(0.173601 -0.0129919 -2.27371e-19)
(0.267735 -0.0172407 -9.12696e-19)
(0.379602 -0.0196696 -1.01858e-19)
(0.505852 -0.0197191 -1.92563e-19)
(0.641192 -0.0172419 -1.76519e-19)
(0.778522 -0.0125831 -4.61891e-19)
(0.909761 -0.00654512 -7.91322e-20)
(1.02723 -0.000203107 -5.59038e-19)
(1.12514 0.00537599 1.34193e-19)
(1.2005 0.00939405 7.43574e-19)
(1.2533 0.0114663 -4.62306e-19)
(1.28589 0.0116244 -2.1452e-19)
(1.30199 0.0102148 -2.80952e-19)
(1.30577 0.00775523 -1.67976e-19)
(1.30106 0.00479206 3.85982e-19)
(1.29102 0.0018365 -1.87111e-19)
(1.27795 -0.000799543 -9.90378e-20)
(1.2635 -0.00262227 -9.49607e-20)
(1.24855 -0.00419127 1.99331e-19)
(1.23414 -0.00341505 3.46123e-19)
(-0.00138485 0.00154086 -2.0084e-19)
(0.0167442 -0.0017935 1.02794e-19)
(0.0570292 -0.00638177 4.50599e-19)
(0.118758 -0.0117401 -4.8174e-19)
(0.201573 -0.016516 1.15242e-19)
(0.304317 -0.0195912 3.05238e-19)
(0.424465 -0.0201892 6.07213e-19)
(0.557638 -0.0179172 -3.30806e-19)
(0.697406 -0.0128914 -1.97507e-19)
(0.835744 -0.00577923 1.89625e-19)
(0.964213 0.00231775 1.12786e-19)
(1.07555 0.0101347 3.23522e-19)
(1.16503 0.0165655 -6.52337e-22)
(1.23105 0.020903 -2.96139e-19)
(1.2749 0.0229236 -3.48879e-19)
(1.29984 0.0228264 -1.34798e-19)
(1.31005 0.021088 2.14425e-19)
(1.30971 0.018301 -3.81442e-19)
(1.30245 0.0150382 1.96645e-19)
(1.29104 0.0117955 -3.7956e-20)
(1.27742 0.00887493 2.55071e-19)
(1.26293 0.00669832 -8.55983e-20)
(1.24824 0.00478915 3.87114e-20)
(1.23418 0.00498909 9.62855e-20)
(0.000576434 0.00050908 -4.89263e-20)
(0.02398 -0.00444775 -1.74049e-19)
(0.0709152 -0.00981661 -2.92835e-19)
(0.140421 -0.0152096 -1.35071e-19)
(0.231785 -0.0192507 4.13195e-19)
(0.343247 -0.0208511 -5.88259e-19)
(0.471383 -0.019355 -2.82796e-19)
(0.610687 -0.0145939 1.82007e-19)
(0.753613 -0.00699918 -7.25168e-20)
(0.8914 0.00241912 -2.09266e-19)
(1.01558 0.0122879 1.1614e-19)
(1.11964 0.0212185 -1.21175e-19)
(1.20014 0.028141 -6.24356e-19)
(1.2569 0.0324963 -5.17144e-19)
(1.29234 0.0342488 3.4141e-20)
(1.31043 0.0337645 -7.81949e-20)
(1.3156 0.031632 6.41576e-19)
(1.31193 0.0284951 3.66714e-19)
(1.30271 0.0249325 -3.39776e-19)
(1.29033 0.0214123 3.31895e-19)
(1.27641 0.0182184 -3.27667e-19)
(1.26199 0.0157046 -8.25316e-20)
(1.24762 0.0134711 -3.38058e-19)
(0.00283694 -0.000532129 3.80639e-19)
(0.0320872 -0.00701759 1.29417e-19)
(0.0862205 -0.0129608 -5.76537e-20)
(0.163971 -0.0181155 5.72576e-19)
(0.264171 -0.0211133 5.12931e-19)
(0.384326 -0.0209365 4.95225e-19)
(0.519983 -0.0171055 2.15696e-20)
(0.66445 -0.00973638 -1.31911e-19)
(0.809155 0.000380787 -6.30505e-20)
(0.944856 0.0118937 3.61483e-20)
(1.0634 0.023207 -4.43985e-19)
(1.15933 0.0328851 3.81276e-19)
(1.2306 0.0399657 9.4486e-19)
(1.27839 0.044082 -1.93115e-19)
(1.30609 0.0453985 1.25527e-20)
(1.31818 0.0444363 1.51355e-19)
(1.31914 0.0418725 -5.51136e-19)
(1.3128 0.038379 -2.26802e-19)
(1.3021 0.0345219 1.1036e-20)
(1.28907 0.0307333 -3.68599e-19)
(1.27502 0.0272736 -2.6953e-19)
(1.26076 0.0244345 3.06066e-19)
(1.24672 0.0218878 1.6938e-19)
(0.00542224 -0.00157326 -6.96107e-19)
(0.0411141 -0.00947098 -8.18582e-20)
(0.102983 -0.0157598 1.54321e-19)
(0.189397 -0.0203831 -5.36868e-19)
(0.298626 -0.0220185 4.94121e-20)
(0.427307 -0.0197695 -7.32774e-20)
(0.569848 -0.0133956 -1.11399e-19)
(0.718365 -0.00335699 -5.27827e-19)
(0.863412 0.00916895 1.22679e-19)
(0.995576 0.0225103 -3.29613e-19)
(1.10736 0.034917 5.7196e-19)
(1.19457 0.044987 -1.07031e-18)
(1.25663 0.051928 -1.01722e-19)
(1.29593 0.0555951 2.07766e-20)
(1.31666 0.0563519 -9.74429e-20)
(1.32357 0.0548543 -2.27582e-19)
(1.32104 0.0518427 1.38608e-19)
(1.31261 0.0479945 3.7938e-20)
(1.30083 0.0438494 2.39453e-19)
(1.28739 0.0397985 2.05262e-19)
(1.27333 0.0360765 1.09824e-19)
(1.25928 0.0329202 -6.87699e-22)
(1.24556 0.0300672 1.6735e-19)
(0.00835525 -0.00260093 5.47594e-19)
(0.0511006 -0.0117674 1.04727e-19)
(0.121226 -0.0181492 1.31597e-19)
(0.216664 -0.0219301 -2.04745e-19)
(0.335008 -0.0218791 -2.02352e-19)
(0.4719 -0.0172798 2.49869e-19)
(0.620531 -0.0081981 3.88514e-19)
(0.771872 0.00450857 4.38427e-19)
(0.915825 0.0192657 2.27828e-19)
(1.04313 0.034127 9.68891e-20)
(1.14727 0.0472673 -4.05561e-19)
(1.22545 0.0573961 2.76857e-19)
(1.27853 0.0639412 -1.85434e-19)
(1.30997 0.066994 7.78166e-20)
(1.32451 0.0671053 2.26137e-19)
(1.32702 0.0650408 1.38855e-19)
(1.32165 0.061578 2.41694e-19)
(1.31161 0.0573811 5.30614e-20)
(1.29905 0.0529532 -3.07242e-20)
(1.28537 0.0486425 -2.73235e-19)
(1.27139 0.0446576 3.05653e-19)
(1.25758 0.0411883 -2.7471e-19)
(1.24417 0.0380324 -1.53803e-19)
(0.0116558 -0.00359821 1.44737e-19)
(0.0620768 -0.0138585 3.71821e-20)
(0.140952 -0.020056 1.69766e-19)
(0.245706 -0.0226682 5.44211e-19)
(0.37314 -0.0206087 -9.08942e-19)
(0.517782 -0.0134075 2.87671e-19)
(0.671568 -0.00150471 -2.86476e-19)
(0.824435 0.0138033 5.93473e-19)
(0.965906 0.0305571 -1.41256e-19)
(1.08722 0.0466008 -3.38968e-19)
(1.18306 0.0601199 -2.63364e-20)
(1.25214 0.0700057 -1.94488e-19)
(1.29665 0.0759415 -1.05907e-19)
(1.32092 0.0782565 6.22075e-19)
(1.33006 0.0776679 -4.16224e-19)
(1.32887 0.0750235 2.69642e-19)
(1.32124 0.0711136 -6.41176e-20)
(1.30997 0.0665745 1.00431e-21)
(1.29688 0.0618659 -3.98607e-20)
(1.28309 0.057294 -1.34077e-19)
(1.26923 0.0530422 3.91578e-20)
(1.25566 0.049261 -1.19364e-19)
(0.0153404 -0.00454497 -5.36498e-19)
(0.0740618 -0.0156892 4.85523e-19)
(0.162145 -0.0214001 -3.10031e-19)
(0.27643 -0.0225058 2.34043e-19)
(0.412807 -0.0181249 2.43185e-19)
(0.564599 -0.00810531 -3.03977e-21)
(0.722491 0.00667359 -1.20606e-19)
(0.875559 0.024452 -6.12696e-19)
(1.01325 0.0429206 -2.49394e-19)
(1.12763 0.0597936 4.73964e-19)
(1.21477 0.073353 -3.00737e-19)
(1.2749 0.0827307 1.17671e-19)
(1.31137 0.0878858 1.70366e-19)
(1.3292 0.0893754 -2.74695e-21)
(1.33369 0.0880569 1.76847e-19)
(1.32945 0.0848318 2.60744e-20)
(1.32002 0.0804824 1.46522e-19)
(1.30783 0.0756055 -4.54611e-19)
(1.29438 0.0706148 4.88072e-20)
(1.28057 0.0657765 1.37781e-19)
(1.26687 0.061251 -4.98425e-19)
(1.25354 0.0571567 3.74697e-19)
(0.019422 -0.00541832 1.65697e-19)
(0.0870629 -0.0171985 -5.12743e-19)
(0.184768 -0.0220964 -1.7179e-19)
(0.308714 -0.0213506 -2.37881e-19)
(0.453767 -0.0143519 9.75297e-20)
(0.611977 -0.00134136 -4.03236e-19)
(0.772839 0.0163067 2.6746e-19)
(0.924798 0.0363646 -1.77878e-19)
(1.05756 0.0562299 -6.46679e-20)
(1.16427 0.0735764 -1.16119e-19)
(1.24253 0.0868626 4.13153e-19)
(1.294 0.0955057 3.34475e-19)
(1.32306 0.0997479 2.59966e-19)
(1.33519 0.100355 -1.20464e-19)
(1.33571 0.098294 3.47301e-19)
(1.32898 0.0944947 -3.0181e-19)
(1.31814 0.0897134 -1.89176e-19)
(1.30528 0.0845002 -4.09407e-20)
(1.29162 0.079222 3.03108e-19)
(1.27784 0.074109 -1.78382e-19)
(1.26431 0.0693009 1.45014e-19)
(1.25122 0.0648904 -1.68769e-19)
(0.0239093 -0.00619306 -1.06613e-19)
(0.101075 -0.0183213 4.41418e-20)
(0.208765 -0.022057 1.84862e-19)
(0.342407 -0.0191125 -1.71296e-19)
(0.495747 -0.00922446 2.34093e-19)
(0.65953 0.00689942 8.17575e-20)
(0.822177 0.0273467 -2.93109e-20)
(0.97177 0.0494405 4.21596e-19)
(1.0986 0.0703603 4.14556e-19)
(1.19713 0.0878323 4.86967e-20)
(1.26652 0.100562 -3.12248e-19)
(1.30977 0.108283 1.92224e-19)
(1.33208 0.111515 -4.71075e-19)
(1.33923 0.111205 -1.35589e-19)
(1.33641 0.108403 -3.61165e-19)
(1.32766 0.104039 1.21265e-19)
(1.31574 0.0988313 2.28466e-19)
(1.3024 0.0932794 2.32426e-19)
(1.28861 0.0877053 -1.61546e-19)
(1.27491 0.0823068 2.37462e-19)
(1.26157 0.0772053 1.38276e-19)
(1.24871 0.0724743 1.48428e-19)
(0.0288071 -0.00684211 1.2203e-20)
(0.116079 -0.0189898 7.30945e-20)
(0.234054 -0.0211937 4.7528e-19)
(0.377332 -0.0157072 2.68537e-19)
(0.538454 -0.00268986 -4.8922e-20)
(0.70687 0.0166143 -1.33421e-21)
(0.870098 0.0397298 -3.1019e-19)
(1.01616 0.063572 2.90657e-19)
(1.13623 0.0851913 7.47419e-21)
(1.22626 0.102458 5.86246e-20)
(1.28697 0.114382 2.17054e-19)
(1.32253 0.121031 -8.38013e-20)
(1.33877 0.123184 -7.08978e-20)
(1.34161 0.121943 1.79001e-20)
(1.33601 0.118406 2.47438e-19)
(1.32564 0.113487 -1.10788e-19)
(1.3129 0.107856 7.15278e-20)
(1.29922 0.10196 -2.84266e-19)
(1.28539 0.096078 -7.31786e-20)
(1.27179 0.0903812 -7.28179e-21)
(1.25863 0.0849749 -1.44749e-20)
(0.0341154 -0.00733696 2.57733e-19)
(0.132044 -0.0191345 1.48392e-20)
(0.260535 -0.0194204 -3.75946e-19)
(0.413287 -0.0110585 -3.54846e-19)
(0.581579 0.00528941 -1.94557e-19)
(0.753618 0.0277826 2.47094e-19)
(0.91624 0.0533786 4.19982e-19)
(1.05772 0.0786481 -3.45494e-19)
(1.17039 0.10061 -6.24261e-19)
(1.25179 0.117363 -5.41592e-20)
(1.30412 0.128269 -2.23158e-20)
(1.33258 0.133727 -1.41941e-19)
(1.34344 0.134759 -1.12543e-19)
(1.34258 0.132584 -3.55389e-20)
(1.33469 0.128324 -2.28548e-19)
(1.32304 0.122858 8.258e-20)
(1.30968 0.116803 2.51647e-19)
(1.29579 0.110553 -3.29031e-20)
(1.28195 0.10435 5.80116e-22)
(1.26847 0.0983411 -1.3852e-19)
(1.2555 0.0926177 -3.25375e-20)
(0.0398293 -0.00764821 2.28263e-19)
(0.148923 -0.0186864 -8.63277e-20)
(0.288087 -0.0166554 3.28278e-19)
(0.450051 -0.0051012 2.53086e-19)
(0.624801 0.0147344 1.04458e-19)
(0.79941 0.0403668 -5.03954e-19)
(0.960285 0.0682054 -4.15568e-20)
(1.09628 0.0945578 5.16557e-20)
(1.20108 0.116513 3.91074e-19)
(1.27388 0.132473 -9.95314e-20)
(1.31825 0.14218 9.0192e-20)
(1.34022 0.146362 -4.37352e-20)
(1.34634 0.146249 -1.83167e-19)
(1.34235 0.143146 1.30774e-19)
(1.33259 0.138175 2.49022e-19)
(1.31994 0.132168 1.2946e-19)
(1.30613 0.125683 -1.06002e-19)
(1.2921 0.119067 8.85577e-20)
(1.2783 0.112528 7.48619e-20)
(1.26496 0.106192 3.03792e-20)
(1.25218 0.10014 -7.10009e-20)
(0.0459391 -0.00774595 -2.53327e-19)
(0.166656 -0.0175778 -2.41039e-19)
(0.316567 -0.0128236 -1.53203e-19)
(0.487384 0.00221709 -3.94382e-19)
(0.667799 0.025649 4.61587e-20)
(0.843905 0.0543136 2.8884e-19)
(1.00197 0.0841146 -1.26817e-19)
(1.1317 0.111192 1.28545e-19)
(1.22835 0.132805 2.12778e-19)
(1.29271 0.147723 1.2748e-20)
(1.32962 0.156086 -3.25476e-19)
(1.34573 0.158931 4.26988e-19)
(1.34772 0.157662 2.23756e-19)
(1.3411 0.153643 6.05984e-20)
(1.32983 0.147972 -2.07683e-19)
(1.31641 0.141426 -8.98421e-20)
(1.30227 0.134504 7.44223e-20)
(1.28817 0.127508 1.31169e-19)
(1.27444 0.120616 3.5281e-20)
(1.26125 0.113938 -3.4051e-20)
(1.24865 0.107544 -2.5648e-20)
(0.0524294 -0.00760038 2.22092e-19)
(0.185169 -0.0157442 -1.54861e-20)
(0.345818 -0.00785846 7.91482e-20)
(0.525031 0.0109341 1.81109e-19)
(0.710256 0.0380197 -1.41323e-19)
(0.886793 0.0695562 5.11047e-20)
(1.04107 0.101006 -1.48115e-19)
(1.16394 0.128448 2.16535e-19)
(1.25229 0.149404 -3.19164e-19)
(1.3085 0.163063 6.81706e-20)
(1.33847 0.169964 -3.18474e-21)
(1.34935 0.171431 2.02479e-20)
(1.34778 0.16901 2.53597e-19)
(1.33897 0.164089 -2.02616e-19)
(1.32648 0.157727 2.22696e-19)
(1.31248 0.150639 1.21836e-19)
(1.29812 0.143269 -1.20405e-19)
(1.284 0.135877 5.0197e-20)
(1.27037 0.128616 -1.67241e-19)
(1.25732 0.121581 2.81072e-19)
(1.24491 0.114833 1.38139e-19)
(0.0592797 -0.00718224 -2.02151e-19)
(0.204375 -0.0131257 3.75612e-20)
(0.375664 -0.00170374 -6.01953e-20)
(0.562734 0.0210722 -8.59947e-20)
(0.751865 0.0518164 1.60662e-19)
(0.927799 0.0860159 1.68219e-20)
(1.07743 0.118775 -1.70129e-19)
(1.19297 0.146225 -3.43186e-19)
(1.27303 0.166235 8.58466e-20)
(1.32145 0.178448 8.80431e-20)
(1.34506 0.1838 -1.1463e-19)
(1.3513 0.183867 -2.95732e-19)
(1.34669 0.1803 -1.43255e-19)
(1.33607 0.174491 6.00713e-20)
(1.32263 0.167444 -1.48831e-19)
(1.30818 0.15981 -4.35418e-20)
(1.29369 0.151979 -1.6389e-19)
(1.27959 0.144174 -1.40267e-19)
(1.26606 0.136527 8.99009e-20)
(1.25319 0.129121 -1.15552e-19)
(1.24096 0.122008 -5.0011e-20)
(0.066464 -0.00646342 2.42904e-19)
(0.224174 -0.00966791 8.40117e-21)
(0.40592 0.00568518 2.4155e-19)
(0.600227 0.0326372 6.80311e-20)
(0.792334 0.0669931 -2.00686e-20)
(0.966683 0.103605 1.63163e-19)
(1.11093 0.13732 6.55346e-20)
(1.21883 0.16443 1.52779e-19)
(1.29071 0.183232 -1.96348e-19)
(1.33178 0.193844 -1.47718e-19)
(1.3496 0.197581 6.21795e-20)
(1.35176 0.196238 1.46057e-19)
(1.34457 0.19154 -5.55891e-20)
(1.33249 0.184855 1.39985e-19)
(1.3183 0.177126 -7.39776e-20)
(1.30354 0.168938 -7.26085e-20)
(1.28897 0.160631 1.44353e-19)
(1.27493 0.152396 7.48445e-20)
(1.26153 0.144347 -7.02447e-21)
(1.24882 0.136555 -1.24925e-19)
(1.2368 0.129067 4.87641e-20)
(0.073951 -0.00541743 -6.14634e-20)
(0.244457 -0.00532366 1.24636e-19)
(0.436387 0.01434 -1.7735e-19)
(0.637249 0.0456189 -2.27353e-19)
(0.831394 0.0834897 -2.13446e-19)
(1.00324 0.122227 -9.88571e-20)
(1.14148 0.156536 -5.51124e-20)
(1.24156 0.182978 -4.73528e-20)
(1.30549 0.200338 1.49714e-19)
(1.33969 0.209221 1.1979e-19)
(1.35229 0.211299 -9.38064e-20)
(1.35091 0.208547 -5.48226e-20)
(1.34155 0.202733 1.95655e-20)
(1.32828 0.195182 -9.85406e-20)
(1.31353 0.18677 3.16872e-20)
(1.29856 0.178019 6.89873e-21)
(1.28397 0.16922 8.4415e-20)
(1.27001 0.160539 -1.29687e-19)
(1.25676 0.152071 1.74805e-20)
(1.24423 0.14388 2.34782e-20)
(1.2324 0.136007 -3.45786e-20)
(0.0817044 -0.00401999 1.20546e-20)
(0.265102 -5.37433e-05 7.11892e-20)
(0.466862 0.0242789 -7.42355e-20)
(0.673541 0.0599911 2.0878e-19)
(0.868796 0.101233 3.19544e-20)
(1.03732 0.141783 1.00677e-21)
(1.16906 0.176323 8.09574e-20)
(1.26126 0.201789 1.75315e-21)
(1.31754 0.217501 -6.12003e-20)
(1.34538 0.224555 -4.99318e-20)
(1.35331 0.224945 -4.44818e-22)
(1.34887 0.220793 1.24293e-19)
(1.33771 0.213878 2.60976e-20)
(1.32351 0.205471 -3.20807e-20)
(1.30833 0.196374 5.82504e-20)
(1.29324 0.187046 -6.03784e-20)
(1.27868 0.177741 -5.57357e-20)
(1.26483 0.168596 -1.45118e-20)
(1.25174 0.159695 -1.29764e-20)
(1.2394 0.151093 2.56122e-20)
(1.22778 0.142826 3.05958e-20)
(0.0896831 -0.00224948 -8.6628e-20)
(0.285981 0.00617197 6.49335e-21)
(0.497138 0.0355057 8.57018e-20)
(0.708857 0.0757119 2.70681e-21)
(0.904321 0.120139 6.44943e-20)
(1.06877 0.162166 5.01053e-20)
(1.19366 0.196581 4.1402e-20)
(1.27802 0.220787 1.78577e-20)
(1.32701 0.234677 1.02018e-19)
(1.34902 0.239824 1.09416e-20)
(1.35281 0.238513 1.15836e-21)
(1.34576 0.232973 -2.32902e-20)
(1.33313 0.224973 -1.9227e-20)
(1.3182 0.215715 5.9639e-20)
(1.30273 0.205927 -4.09232e-20)
(1.28758 0.196011 7.04818e-20)
(1.2731 0.186183 -7.64065e-21)
(1.25938 0.176559 2.51687e-20)
(1.24647 0.167211 -8.25745e-21)
(1.23433 0.158186 -2.90446e-20)
(0.0978417 -8.74813e-05 -1.78946e-20)
(0.30696 0.0133738 4.16605e-20)
(0.527009 0.0480098 -5.98295e-20)
(0.742962 0.0927252 -2.90297e-20)
(0.937774 0.140113 -6.65368e-20)
(1.09751 0.183271 1.84868e-20)
(1.21529 0.217217 -9.71429e-22)
(1.29196 0.239903 2.0943e-20)
(1.33409 0.251823 -1.32079e-20)
(1.35078 0.255007 -1.9108e-20)
(1.35094 0.251991 7.68734e-20)
(1.34168 0.245082 3.67925e-20)
(1.32786 0.236012 -3.13624e-20)
(1.31238 0.225906 -9.60321e-21)
(1.29673 0.21542 -5.29483e-20)
(1.28159 0.204902 1.8507e-20)
(1.26721 0.194535 1.89525e-20)
(1.25365 0.184418 5.04798e-20)
(1.24093 0.17461 5.47623e-20)
(1.22901 0.165154 3.84181e-20)
(0.106131 0.00248087 1.38385e-20)
(0.327897 0.0215617 -1.12884e-20)
(0.556268 0.0617664 5.47036e-21)
(0.775638 0.110961 -2.15088e-20)
(0.968991 0.161055 1.59702e-20)
(1.12348 0.204989 8.46956e-21)
(1.234 0.238138 -7.11661e-21)
(1.30319 0.259074 -1.92047e-20)
(1.3389 0.268901 -4.16071e-21)
(1.3508 0.270083 1.58871e-21)
(1.3478 0.26537 -1.39217e-20)
(1.3367 0.257111 1.63238e-20)
(1.32194 0.246982 1.44988e-21)
(1.30606 0.23603 -1.3897e-20)
(1.29032 0.224838 -6.46243e-22)
(1.27524 0.213707 -3.23959e-21)
(1.261 0.202787 -1.2438e-20)
(1.24764 0.192163 -9.36066e-21)
(1.23513 0.181885 -1.62537e-20)
(1.22344 0.171988 -1.96592e-20)
(0.114499 0.00546648 3.1363e-20)
(0.348651 0.0307347 -1.66407e-20)
(0.584716 0.0767366 -9.73116e-22)
(0.806685 0.130338 -2.26419e-20)
(0.997834 0.182855 2.20171e-20)
(1.14663 0.227211 2.84377e-21)
(1.24985 0.259254 4.92966e-21)
(1.31186 0.278237 -2.68252e-20)
(1.34161 0.285874 3.33958e-21)
(1.34922 0.285032 -1.02946e-20)
(1.3435 0.278637 -1.48634e-20)
(1.33088 0.269046 1.85313e-20)
(1.3154 0.257872 7.79179e-21)
(1.29926 0.246074 -1.48087e-20)
(1.28351 0.234168 5.12687e-21)
(1.26855 0.222409 -1.21507e-20)
(1.25448 0.210925 -7.05267e-21)
(1.24133 0.199782 -1.41564e-20)
(1.22905 0.189024 -1.77822e-20)
(1.21761 0.178679 -1.32438e-20)
(0.122891 0.00887597 -2.53401e-20)
(0.369079 0.0408811 1.33797e-20)
(0.612163 0.0928679 -1.06753e-20)
(0.835923 0.150764 -6.12951e-20)
(1.02419 0.205401 -5.70698e-20)
(1.16696 0.24983 1.72658e-20)
(1.26291 0.280482 1.53789e-20)
(1.31807 0.297335 1.13461e-20)
(1.34236 0.302708 -1.72337e-20)
(1.34616 0.299834 7.17393e-21)
(1.33812 0.291774 4.30986e-20)
(1.32427 0.280873 4.74527e-20)
(1.30826 0.268663 -5.8367e-20)
(1.29199 0.256019 4.99775e-21)
(1.2763 0.243391 -2.49047e-20)
(1.26149 0.230994 -9.50114e-21)
(1.24764 0.218933 2.59947e-20)
(1.23472 0.207262 2.59781e-20)
(1.2227 0.196016 4.86758e-20)
(1.21152 0.185218 5.23093e-20)
(0.13125 0.0127115 -2.99689e-20)
(0.389039 0.051978 -5.22607e-20)
(0.638426 0.110095 1.4223e-19)
(0.863192 0.172135 -2.97668e-20)
(1.04798 0.228576 1.0538e-19)
(1.18446 0.272739 8.50245e-21)
(1.27328 0.301738 9.0892e-21)
(1.32196 0.316311 9.69331e-20)
(1.34125 0.319367 5.16951e-20)
(1.34172 0.314464 7.04725e-21)
(1.33173 0.304763 1.00083e-20)
(1.31692 0.292574 -6.80352e-20)
(1.30055 0.279338 3.38692e-20)
(1.28424 0.265846 1.51373e-20)
(1.26868 0.252488 1.88031e-20)
(1.25408 0.239444 2.03135e-20)
(1.24046 0.226796 -3.08448e-21)
(1.22781 0.214589 2.1681e-20)
(1.21606 0.202849 -5.55098e-21)
(1.20517 0.191593 -3.09195e-20)
(0.139517 0.0169706 1.39664e-19)
(0.408392 0.0639918 -6.79393e-20)
(0.663339 0.128342 -7.31579e-20)
(0.888354 0.194343 2.75845e-19)
(1.06913 0.252261 6.26236e-20)
(1.19917 0.295831 -6.70964e-20)
(1.28103 0.322942 6.23908e-20)
(1.32364 0.335113 -1.45493e-20)
(1.33842 0.335817 -2.57787e-20)
(1.33599 0.328897 -2.64362e-20)
(1.32439 0.317584 3.09863e-20)
(1.30885 0.304126 9.95313e-21)
(1.29227 0.289873 3.28409e-20)
(1.27602 0.275532 -1.59933e-21)
(1.26065 0.261439 4.03909e-20)
(1.24629 0.247739 -2.4029e-20)
(1.23296 0.234498 -3.45548e-20)
(1.22059 0.221748 9.33416e-21)
(1.20914 0.20951 -5.3142e-20)
(1.19856 0.197795 2.27608e-20)
(1.18876 0.186611 3.05924e-21)
(0.147636 0.021646 -9.58533e-20)
(0.427003 0.0768784 1.47083e-19)
(0.686744 0.147521 -1.84279e-19)
(0.91129 0.21727 -2.01507e-19)
(1.08761 0.276334 -2.50966e-19)
(1.21113 0.319004 -1.89556e-19)
(1.28626 0.344017 1.14175e-19)
(1.32323 0.353687 -3.17339e-20)
(1.33397 0.35202 1.0344e-19)
(1.32904 0.343107 6.52742e-20)
(1.31615 0.33021 -1.01295e-19)
(1.30009 0.315506 -5.12408e-20)
(1.28343 0.300245 -6.14981e-21)
(1.26733 0.285056 -6.44482e-21)
(1.2522 0.270222 5.7446e-21)
(1.23814 0.25586 8.63857e-21)
(1.22511 0.24202 3.14162e-20)
(1.21306 0.228725 -1.05792e-19)
(1.20194 0.215986 3.35264e-20)
(1.19168 0.20381 4.70466e-20)
(1.18221 0.192203 -9.44464e-20)
(0.155548 0.0267258 1.62328e-19)
(0.444745 0.0905838 5.10821e-20)
(0.708502 0.167535 1.11429e-19)
(0.931906 0.240793 1.92856e-19)
(1.10339 0.300675 9.22884e-20)
(1.22038 0.342155 -2.45245e-20)
(1.28908 0.364888 1.3027e-19)
(1.32084 0.371982 1.54967e-19)
(1.32799 0.367942 -1.50492e-19)
(1.32095 0.357065 -1.52485e-19)
(1.30705 0.342616 1.81582e-19)
(1.29066 0.326687 5.20078e-20)
(1.27405 0.310427 -3.27677e-20)
(1.25817 0.29439 4.83207e-20)
(1.24334 0.278814 3.62653e-21)
(1.22961 0.263787 -4.39155e-20)
(1.21693 0.249345 4.8699e-20)
(1.20523 0.235502 6.65744e-20)
(1.19445 0.222263 -6.99062e-20)
(1.18454 0.209628 -4.53987e-20)
(1.17541 0.1976 5.95861e-20)
(0.163196 0.0321934 -3.01183e-19)
(0.461496 0.105045 -9.55598e-20)
(0.728489 0.188277 7.38944e-20)
(0.950125 0.264787 5.31875e-20)
(1.11648 0.32516 -2.10116e-20)
(1.227 0.365184 -8.23235e-21)
(1.28958 0.385482 -1.38724e-19)
(1.31657 0.389945 -2.48115e-19)
(1.32057 0.383543 4.96693e-20)
(1.31178 0.370738 1.7894e-19)
(1.29712 0.354772 -2.46833e-19)
(1.28058 0.33764 -1.817e-19)
(1.26412 0.320392 -1.25037e-19)
(1.24854 0.303511 7.58533e-20)
(1.23407 0.287191 -1.24942e-19)
(1.2207 0.271498 -4.21621e-20)
(1.2084 0.256454 -1.10373e-19)
(1.19708 0.242064 -2.86876e-20)
(1.18668 0.228327 5.09434e-20)
(1.17714 0.215236 -1.04109e-19)
(1.16838 0.202791 -5.49574e-21)
(0.170526 0.0380277 1.94764e-19)
(0.477145 0.12019 1.43476e-19)
(0.746596 0.209637 -6.90063e-21)
(0.96589 0.289122 2.58577e-19)
(1.12688 0.34967 -1.19767e-19)
(1.23104 0.387994 -3.35484e-20)
(1.28786 0.405726 -3.85817e-20)
(1.31053 0.407526 -1.47385e-20)
(1.31179 0.398786 -5.52789e-20)
(1.30159 0.384093 9.15369e-21)
(1.28641 0.366647 1.04349e-19)
(1.26986 0.348335 1.06765e-20)
(1.25366 0.330111 1.07001e-19)
(1.23844 0.31239 -1.3937e-19)
(1.22437 0.295329 1.33167e-19)
(1.21143 0.278972 7.13839e-20)
(1.19953 0.263328 7.78385e-21)
(1.18862 0.248394 -2.29828e-20)
(0.177483 0.0442033 -4.50619e-19)
(0.49159 0.135939 -2.1151e-20)
(0.762731 0.231495 -2.42284e-19)
(0.979164 0.313667 -4.05516e-19)
(1.13463 0.374083 7.54894e-21)
(1.23259 0.410489 1.45125e-19)
(1.28402 0.425551 -8.83642e-20)
(1.3028 0.424674 2.60137e-19)
(1.30173 0.413629 7.65271e-20)
(1.29041 0.397095 -1.72781e-20)
(1.27492 0.378206 -1.19758e-19)
(1.25852 0.35874 2.3161e-19)
(1.24266 0.339552 1.19143e-19)
(1.22788 0.320999 2.4818e-20)
(1.21427 0.303203 -1.93651e-20)
(0.184019 0.0506908 2.94303e-19)
(0.504739 0.152206 -2.09454e-19)
(0.776821 0.253729 4.86409e-19)
(0.989927 0.33829 9.24526e-20)
(1.13977 0.398284 1.33374e-20)
(1.23174 0.432576 -1.54648e-19)
(1.27816 0.444888 -3.82857e-20)
(1.29347 0.441337 -7.07383e-20)
(1.29044 0.428031 2.58888e-19)
(1.2783 0.409707 -1.86444e-19)
(1.2627 0.389415 2.61351e-19)
(1.24657 0.368821 -9.7679e-20)
(0.190086 0.0574568 1.19007e-19)
(0.516513 0.1689 1.33113e-19)
(0.788805 0.276211 -5.68089e-19)
(0.998173 0.362858 -2.43786e-19)
(1.14234 0.422155 6.70299e-20)
(1.22856 0.454166 -3.58105e-20)
(1.27037 0.46367 3.91797e-19)
(1.28264 0.457465 -3.6185e-19)
(1.278 0.441951 -3.41894e-19)
(1.2653 0.421891 -1.23226e-19)
(0.195641 0.0644648 6.25608e-20)
(0.52684 0.185922 2.06417e-19)
(0.798643 0.298813 1.30131e-19)
(1.00391 0.387241 1.83509e-19)
(1.14241 0.445584 7.73417e-20)
(1.22316 0.475169 2.30799e-19)
(1.26075 0.481831 -2.91309e-19)
(1.27037 0.473006 2.03301e-19)
(0.200646 0.0716749 -1.04705e-19)
(0.535666 0.203174 9.39418e-20)
(0.806306 0.321406 1.47332e-19)
(1.00718 0.411309 2.32898e-20)
(1.14005 0.46846 -3.40576e-20)
(1.21562 0.495501 1.02904e-19)
(0.205067 0.0790449 -3.53673e-20)
(0.542943 0.22055 -3.94411e-19)
(0.811783 0.343859 -3.59725e-19)
(1.008 0.434935 -5.50774e-22)
(1.13533 0.490677 5.12067e-20)
(0.208874 0.0865302 -2.7638e-19)
(0.548639 0.237945 2.79085e-19)
(0.815076 0.366042 -1.35785e-19)
(0.212041 0.0940844 3.16696e-20)
(-0.000938728 0.00241186 1.2854e-20)
(-0.00571375 -0.00414867 -8.88709e-21)
(-0.0149675 -0.0186415 2.90063e-21)
(-0.0267099 -0.0379509 -1.28345e-20)
(-0.0402687 -0.0595517 -1.43271e-20)
(-0.0551519 -0.0816872 4.69469e-21)
(-0.0709236 -0.103408 3.41102e-21)
(-0.0872084 -0.124493 -2.39683e-20)
(-0.0936045 -0.365542 -6.25817e-22)
(-0.0516496 -0.306491 2.25998e-21)
(-0.00801535 -0.234231 -3.00343e-22)
(0.0380233 -0.150486 5.49495e-21)
(0.0847471 -0.0571908 -1.57144e-21)
(0.131617 0.043155 -9.5659e-21)
(0.178381 0.147881 3.60991e-21)
(-0.140067 -0.387252 -9.19758e-21)
(-0.100966 -0.330745 3.35845e-21)
(-0.059851 -0.260002 -2.47312e-21)
(-0.015213 -0.177164 -4.52204e-22)
(0.0309002 -0.084464 2.99577e-21)
(0.0777762 0.0160063 -3.93941e-21)
(0.125181 0.120867 -5.02998e-21)
(-0.178339 -0.407315 8.37685e-21)
(-0.143231 -0.354249 -1.88911e-20)
(-0.105456 -0.285646 1.10088e-20)
(-0.0631279 -0.204297 -1.32248e-20)
(-0.0181133 -0.112549 1.72728e-20)
(0.0284636 -0.0128242 -1.59389e-20)
(0.076035 0.0919942 -6.94817e-22)
(-0.206623 -0.425087 7.92655e-21)
(-0.176954 -0.376348 6.60965e-21)
(-0.1435 -0.310638 -5.82426e-20)
(-0.104409 -0.231556 2.1175e-20)
(-0.0614968 -0.141094 3.17841e-20)
(-0.015818 -0.0426955 -8.26491e-21)
(0.0317433 0.0612517 -2.91938e-20)
(0.0804778 0.167665 9.80767e-21)
(-0.223203 -0.439852 -7.72865e-21)
(-0.200579 -0.396236 -5.06547e-20)
(-0.172571 -0.33425 1.9477e-20)
(-0.137956 -0.25831 -5.9822e-21)
(-0.0981446 -0.169971 8.54596e-21)
(-0.0544557 -0.0729268 -1.83929e-20)
(-0.00734225 0.0292453 3.76194e-21)
(0.0414271 0.135537 2.27114e-20)
(-0.226541 -0.450892 1.92473e-20)
(-0.212507 -0.413014 -8.25995e-21)
(-0.191163 -0.355598 1.4666e-20)
(-0.162492 -0.283737 -2.47899e-20)
(-0.127021 -0.198417 1.28538e-21)
(-0.0865876 -0.103383 1.41291e-20)
(-0.0408676 -0.00216097 3.11027e-22)
(0.00765559 0.101747 -1.07593e-20)
(-0.215408 -0.457599 -1.05547e-20)
(-0.211211 -0.425789 4.88935e-20)
(-0.197725 -0.373711 -4.91744e-20)
(-0.176576 -0.306855 2.14606e-21)
(-0.146959 -0.225574 1.4965e-20)
(-0.110774 -0.133488 -7.40788e-20)
(-0.0685231 -0.0337315 7.26607e-20)
(-0.0211388 0.0670993 -1.8134e-20)
(-0.189024 -0.459568 -6.39333e-20)
(-0.195414 -0.433799 -6.1423e-20)
(-0.190795 -0.387627 5.20065e-20)
(-0.178656 -0.326587 7.07815e-21)
(-0.156625 -0.250407 -3.38535e-20)
(-0.126411 -0.162389 2.36307e-21)
(-0.0891944 -0.0657057 1.37666e-20)
(-0.0440308 0.0338043 9.56777e-21)
(-0.14718 -0.456655 9.14109e-21)
(-0.164292 -0.436517 -3.24892e-20)
(-0.169195 -0.396516 -2.41827e-20)
(-0.167231 -0.341867 3.60328e-20)
(-0.154455 -0.27176 -2.04714e-20)
(-0.132046 -0.188865 4.70185e-20)
(-0.101246 -0.0961476 -1.35756e-20)
(-0.0606901 0.00223359 -1.99442e-20)
(-0.0903046 -0.448983 6.35031e-21)
(-0.117671 -0.433732 -2.45726e-21)
(-0.132257 -0.399811 -1.19367e-20)
(-0.141105 -0.351794 -2.01602e-20)
(-0.138921 -0.28851 -4.57437e-21)
(-0.126045 -0.211745 6.58571e-20)
(-0.103118 -0.124092 -3.704e-20)
(-0.0696597 -0.0288562 -1.05954e-20)
(-0.0194862 -0.437012 5.31634e-20)
(-0.0561451 -0.425608 -4.7855e-21)
(-0.0800166 -0.397338 -2.43241e-20)
(-0.0996664 -0.355775 2.72823e-20)
(-0.108842 -0.299723 -5.14361e-20)
(-0.106889 -0.229917 3.60752e-20)
(-0.0937531 -0.148489 -4.39762e-20)
(-0.0691598 -0.0584204 4.49279e-20)
(0.0633913 -0.42168 -9.49339e-20)
(0.0189078 -0.412691 2.9915e-20)
(-0.0133235 -0.389455 -3.02332e-20)
(-0.0430764 -0.353645 2.49865e-20)
(-0.0636783 -0.304816 -6.25025e-22)
(-0.0733802 -0.242442 6.05488e-21)
(-0.0714231 -0.168049 2.45706e-20)
(-0.0572256 -0.0839471 -1.72687e-20)
(0.155406 -0.403652 -3.12493e-20)
(0.105402 -0.395688 -1.73614e-20)
(0.0661174 -0.37677 1.37476e-20)
(0.0276594 -0.345833 -3.26104e-20)
(-0.00374892 -0.303735 3.59336e-20)
(-0.0250247 -0.248819 -3.75234e-20)
(-0.0348851 -0.181899 6.27071e-21)
(-0.03172 -0.104414 1.84248e-20)
(0.253377 -0.383217 2.69221e-20)
(0.200444 -0.375252 6.13472e-20)
(0.15563 -0.359143 -5.70106e-20)
(0.110541 -0.333153 3.18128e-20)
(0.0697134 -0.296882 -2.08324e-20)
(0.0377452 -0.248975 -1.14013e-20)
(0.0162627 -0.189596 2.1775e-22)
(0.00775952 -0.119202 -1.16078e-21)
(0.0125616 -0.0411438 7.60975e-21)
(0.354806 -0.361126 -8.55632e-20)
(0.301082 -0.353003 1.90011e-20)
(0.251943 -0.338428 5.63949e-20)
(0.20224 -0.316115 -4.15381e-20)
(0.154538 -0.284433 5.57554e-21)
(0.113469 -0.242819 -1.50293e-20)
(0.0814774 -0.191048 1.46349e-20)
(0.0611369 -0.128664 -4.34074e-21)
(0.0538606 -0.0587727 -9.95592e-21)
(0.456369 -0.338505 -3.1572e-20)
(0.403379 -0.330527 -1.47665e-21)
(0.351968 -0.316672 1.94075e-20)
(0.29968 -0.295942 -2.8605e-20)
(0.247476 -0.267812 2.07376e-20)
(0.199451 -0.231576 -1.82159e-20)
(0.158567 -0.186822 1.43135e-20)
(0.127735 -0.132359 -2.74718e-21)
(0.109045 -0.069792 2.02321e-21)
(0.555218 -0.31599 -1.30727e-19)
(0.503909 -0.30817 1.0385e-19)
(0.452028 -0.294562 1.44084e-21)
(0.399048 -0.274799 -4.31563e-20)
(0.344757 -0.24904 -1.56601e-20)
(0.292393 -0.216813 1.27665e-20)
(0.244968 -0.177598 5.46559e-21)
(0.205592 -0.12998 3.09685e-21)
(0.177 -0.0745793 4.09035e-21)
(0.649073 -0.293973 4.16698e-20)
(0.599906 -0.286397 4.3919e-21)
(0.548917 -0.272915 2.498e-20)
(0.496761 -0.253675 -9.62816e-21)
(0.442532 -0.229357 -1.58361e-20)
(0.388471 -0.199902 -7.81976e-21)
(0.337233 -0.164906 7.52386e-21)
(0.291785 -0.123042 -7.24522e-22)
(0.255156 -0.0742933 1.90652e-21)
(0.736189 -0.27264 -1.32145e-20)
(0.689313 -0.265495 -4.66841e-20)
(0.640107 -0.252286 5.19854e-20)
(0.589834 -0.233413 -7.88946e-21)
(0.5373 -0.209962 2.41769e-21)
(0.483835 -0.182281 -9.93257e-22)
(0.431487 -0.150265 5.1986e-21)
(0.382755 -0.112904 3.80044e-21)
(0.340561 -0.0698175 -3.49469e-21)
(0.307246 -0.0204289 6.6082e-21)
(0.815305 -0.252071 1.46886e-19)
(0.770726 -0.24559 -4.08992e-20)
(0.723821 -0.232934 2.98166e-20)
(0.676062 -0.214539 -3.71575e-20)
(0.626264 -0.191744 3.7695e-21)
(0.575095 -0.165199 -1.0769e-20)
(0.523941 -0.135142 -4.11882e-21)
(0.474651 -0.101023 9.16222e-21)
(0.429707 -0.0623734 -9.31237e-22)
(0.391574 -0.0184475 -1.65408e-20)
(0.885602 -0.232323 -1.51437e-21)
(0.843309 -0.226724 4.47227e-20)
(0.798974 -0.214918 -5.35757e-20)
(0.754042 -0.197268 8.27903e-21)
(0.707504 -0.175202 4.93417e-20)
(0.659658 -0.149529 -1.41343e-20)
(0.611356 -0.120771 -5.33286e-21)
(0.563782 -0.0888439 9.49728e-21)
(0.51878 -0.0534168 1.63473e-20)
(0.478508 -0.0137385 -2.97202e-20)
(0.94671 -0.213455 -1.09484e-20)
(0.906712 -0.208904 4.38733e-20)
(0.865074 -0.198195 -1.41043e-20)
(0.823077 -0.181606 4.71912e-21)
(0.779956 -0.160514 1.09949e-22)
(0.735882 -0.135738 -9.17752e-21)
(0.691372 -0.107977 7.38844e-21)
(0.647088 -0.0775412 3.18767e-22)
(0.604268 -0.0443099 2.36577e-22)
(0.564351 -0.00745896 -7.31006e-21)
(0.998687 -0.195532 -3.59442e-20)
(0.961016 -0.192122 9.66873e-20)
(0.922106 -0.182685 -1.78758e-20)
(0.883031 -0.167456 1.0105e-20)
(0.84327 -0.147636 -1.16523e-20)
(0.803013 -0.123953 2.25518e-20)
(0.762625 -0.09718 -1.07127e-20)
(0.722451 -0.0678987 5.63493e-21)
(0.683391 -0.0361493 1.26795e-20)
(0.645726 -0.00182958 -1.91685e-21)
(0.611509 0.033999 -9.13649e-21)
(1.04198 -0.178608 -8.05988e-20)
(1.00666 -0.176357 8.22113e-20)
(0.970438 -0.168302 -6.88823e-20)
(0.934197 -0.154664 6.30374e-20)
(0.897629 -0.136388 1.00576e-21)
(0.861001 -0.114062 -1.49727e-21)
(0.824645 -0.088451 -2.10986e-21)
(0.788762 -0.0602886 -2.36352e-21)
(0.753935 -0.0298172 -1.35735e-20)
(0.720019 0.00233859 2.9618e-20)
(0.688433 0.0363453 -1.16003e-20)
(1.07733 -0.162717 2.14994e-20)
(1.04435 -0.161576 5.36546e-20)
(1.01072 -0.154952 -7.96359e-20)
(0.977185 -0.143055 -1.11954e-20)
(0.943601 -0.12653 -1.33383e-20)
(0.910302 -0.105815 1.95335e-20)
(0.877656 -0.0816123 -1.21891e-21)
(0.845841 -0.0546978 6.20461e-21)
(0.815262 -0.0254267 -7.02622e-21)
(0.785671 0.00532327 1.03694e-20)
(0.757921 0.0377663 -1.84813e-20)
(1.10566 -0.147874 -3.47011e-20)
(1.07499 -0.147739 9.9613e-20)
(1.04383 -0.142556 7.09406e-22)
(1.01283 -0.132475 2.21882e-20)
(0.982002 -0.117833 -2.52202e-20)
(0.951703 -0.0989293 -2.71564e-20)
(0.922348 -0.076373 2.0781e-20)
(0.89417 -0.0509019 -4.6974e-21)
(0.867468 -0.0229345 3.04487e-21)
(0.842143 0.00655717 -2.21467e-20)
(0.818684 0.0377132 1.92981e-20)
(0.797836 0.0692191 -4.81592e-21)
(1.12795 -0.134027 5.16394e-21)
(1.09957 -0.134744 1.58853e-19)
(1.07072 -0.130974 -1.02325e-19)
(1.04209 -0.122719 6.82187e-20)
(1.01379 -0.110019 -7.78394e-21)
(0.986165 -0.0930707 -2.53518e-20)
(0.959673 -0.0723673 2.36729e-20)
(0.934633 -0.048561 -7.7858e-21)
(0.911272 -0.0220901 1.79456e-21)
(0.88976 0.0061126 -2.19753e-21)
(0.870457 0.0360228 -1.92539e-20)
(0.853511 0.0662793 2.21174e-20)
(1.1452 -0.121038 -4.27522e-20)
(1.11914 -0.122438 -8.85822e-20)
(1.09245 -0.120022 9.40203e-22)
(1.06598 -0.113528 5.30325e-21)
(1.03996 -0.102743 2.7497e-20)
(1.01469 -0.0877995 2.83648e-20)
(0.99066 -0.0690741 -2.56831e-20)
(0.968288 -0.047121 1.18602e-20)
(0.947734 -0.022419 -7.87896e-22)
(0.929429 0.00415366 -1.93255e-22)
(0.91381 0.0329271 1.83403e-20)
(0.900667 0.0620708 -1.69163e-20)
(1.15842 -0.109516 3.02046e-20)
(1.13481 -0.111624 1.96352e-20)
(1.11006 -0.110583 2.24228e-20)
(1.08548 -0.105795 -1.68968e-20)
(1.06147 -0.0968492 -1.35465e-20)
(1.03827 -0.0838437 3.96318e-20)
(1.01635 -0.0670127 -1.99027e-20)
(0.996209 -0.0467741 3.61887e-21)
(0.977937 -0.0235341 -8.7155e-21)
(0.962374 0.00264096 4.95596e-21)
(0.949955 0.0290044 -2.53224e-21)
(0.940181 0.0563045 -2.47e-21)
(1.16855 -0.0995577 -1.26798e-19)
(1.14752 -0.101622 1.14546e-19)
(1.12436 -0.101872 7.67844e-20)
(1.10138 -0.0988367 -6.76738e-20)
(1.07918 -0.0919294 -1.84818e-20)
(1.05788 -0.0811924 9.37887e-21)
(1.0379 -0.0667131 6.85527e-21)
(1.01983 -0.0487523 -2.08028e-20)
(1.0039 -0.0276241 9.45445e-21)
(0.990023 -0.00361835 3.36735e-21)
(0.979645 0.02077 -6.4847e-22)
(0.973275 0.0471621 7.72604e-22)
(0.969949 0.0738794 7.52145e-21)
(1.17801 -0.078538 0)
(1.15851 -0.0803704 0)
(1.13604 -0.0806925 0)
(1.11444 -0.0786839 0)
(1.09397 -0.0734766 0)
(1.07444 -0.0648576 0)
(1.0562 -0.0529074 0)
(1.03984 -0.0378888 0)
(1.02577 -0.0202758 0)
(1.01411 9.14186e-05 0)
(1.00613 0.0233756 0)
(1.00242 0.0476135 0)
(1.00222 0.0718014 0)
(1.17857 -0.0659635 0)
(1.16203 -0.068656 0)
(1.14186 -0.0689676 0)
(1.12266 -0.0668569 0)
(1.10472 -0.0618715 0)
(1.08765 -0.0537973 0)
(1.07174 -0.0426965 0)
(1.05769 -0.0288094 0)
(1.0459 -0.0124353 0)
(1.03661 0.00632451 0)
(1.03087 0.0274094 0)
(1.02922 0.049272 0)
(1.03138 0.0710373 0)
(1.17653 -0.0545628 0)
(1.16222 -0.0578187 0)
(1.14436 -0.0582484 0)
(1.12741 -0.0562054 0)
(1.11181 -0.0515963 0)
(1.09711 -0.0442357 0)
(1.08349 -0.0341248 0)
(1.07161 -0.0214564 0)
(1.0619 -0.00660172 0)
(1.05471 0.0103475 0)
(1.05081 0.0291544 0)
(1.0507 0.0487471 0)
(1.0544 0.0683281 0)
(1.20267 -0.0333747 1.00604e-19)
(1.19945 -0.0422231 3.56303e-20)
(1.19323 -0.0346722 1.89574e-19)
(1.19519 -0.0517461 3.78883e-20)
(1.18967 -0.0433177 -2.80454e-19)
(1.19088 -0.0604522 1.23516e-20)
(1.18701 -0.0504371 -1.39168e-19)
(1.18425 -0.0397092 1.12189e-19)
(1.18414 -0.0732518 -1.68326e-19)
(1.18193 -0.062115 1.01977e-19)
(1.17971 -0.0505553 -9.9352e-20)
)
;

boundaryField
{
    inlet
    {
        type            uniformFixedValue;
        uniformValue    constant (1 0 0);
        value           nonuniform 0();
    }
    outlet
    {
        type            pressureInletOutletVelocity;
        value           nonuniform 0();
    }
    cylinder
    {
        type            fixedValue;
        value           uniform (0 0 0);
    }
    top
    {
        type            symmetryPlane;
    }
    bottom
    {
        type            symmetryPlane;
    }
    defaultFaces
    {
        type            empty;
    }
    procBoundary9to5
    {
        type            processor;
        value           nonuniform List<vector> 
33
(
(-0.103653 -0.145261 -3.89042e-21)
(-0.119917 -0.16631 3.25123e-21)
(-0.135674 -0.18827 1.19399e-20)
(-0.15061 -0.211627 1.57774e-20)
(-0.16442 -0.23663 -1.27585e-21)
(-0.176785 -0.263257 -1.16615e-20)
(-0.187351 -0.29123 1.17452e-21)
(-0.19571 -0.320008 -1.92069e-20)
(-0.201388 -0.348773 1.74815e-20)
(-0.203836 -0.376407 1.93224e-20)
(-0.202439 -0.401455 -1.14507e-20)
(-0.196543 -0.422128 3.11918e-20)
(-0.185489 -0.436344 6.12675e-22)
(-0.16869 -0.441846 -1.45311e-22)
(-0.145738 -0.436464 -7.12634e-21)
(-0.116297 -0.41843 1.1168e-20)
(-0.080086 -0.386524 2.01e-20)
(-0.000862322 0.000651825 9.44078e-21)
(-0.00549196 -0.00836044 2.01001e-20)
(-0.014381 -0.0245914 -7.45491e-21)
(-0.0256431 -0.0451549 -3.45106e-20)
(-0.0386143 -0.0676627 1.47584e-20)
(-0.0528109 -0.0904388 -2.2477e-20)
(-0.0678099 -0.112571 8.93005e-22)
(-0.0832445 -0.133851 -4.39153e-21)
(-0.103653 -0.145261 -3.89042e-21)
(-0.040736 -0.342719 6.66663e-22)
(0.00325425 -0.281979 -2.34077e-21)
(0.0486951 -0.208736 3.08676e-22)
(0.0956048 -0.124587 -5.74315e-21)
(0.142547 -0.0314498 1.63722e-21)
(0.189021 0.0685603 1.00508e-20)
(0.234827 0.172923 -3.78231e-21)
)
;
    }
    procBoundary9to6
    {
        type            processor;
        value           uniform (0.224907 0.253533 -5.87039e-21);
    }
    procBoundary9to8
    {
        type            processor;
        value           nonuniform List<vector> 
29
(
(1.17862 0.234162 -8.41387e-21)
(1.16948 0.220619 -4.55601e-20)
(1.20178 0.286186 1.55426e-20)
(1.19033 0.269946 -7.99512e-20)
(1.17862 0.234162 -8.41387e-21)
(1.17986 0.254474 -1.16303e-19)
(1.23115 0.348686 1.83179e-19)
(1.21686 0.32931 2.57566e-20)
(1.20178 0.286186 1.55426e-20)
(1.20375 0.310786 5.56943e-20)
(1.24977 0.400238 -1.1052e-19)
(1.23115 0.348686 1.83179e-19)
(1.23402 0.378544 8.41483e-20)
(1.26446 0.455344 -3.18376e-19)
(1.24977 0.400238 -1.1052e-19)
(1.25144 0.433606 -2.38211e-19)
(1.24939 0.499306 -7.11142e-20)
(1.26446 0.455344 -3.18376e-19)
(1.25675 0.487909 2.70906e-19)
(1.24939 0.499306 -7.11142e-20)
(1.20604 0.515079 -9.95036e-20)
(1.00642 0.457996 -3.23217e-19)
(1.20604 0.515079 -9.95036e-20)
(1.12835 0.512132 3.0226e-19)
(0.552732 0.255254 3.64766e-19)
(1.00642 0.457996 -3.23217e-19)
(0.8162 0.387828 -2.15229e-19)
(0.552732 0.255254 3.64766e-19)
(0.214551 0.10166 2.73634e-19)
)
;
    }
    procBoundary9to10
    {
        type            processor;
        value           nonuniform List<vector> 
38
(
(0.172864 0.226797 -1.08116e-20)
(0.124505 0.198121 -5.3867e-21)
(0.124505 0.198121 -5.3867e-21)
(0.13014 0.270887 2.12674e-21)
(0.0910781 0.23919 9.03258e-21)
(0.0566547 0.20616 8.21573e-21)
(0.0273126 0.172024 -3.92867e-21)
(0.00318909 0.136593 2.62278e-20)
(-0.0157983 0.100845 1.12643e-20)
(-0.0288758 0.0664449 -2.36046e-20)
(-0.0341641 0.0342793 4.02565e-20)
(-0.0301561 0.00612536 1.06713e-20)
(-0.0151394 -0.0187223 1.57484e-20)
(-0.0151394 -0.0187223 1.57484e-20)
(0.0273541 0.0387642 4.43436e-21)
(0.0583218 0.0164444 -1.74843e-21)
(0.102779 -4.14405e-05 1.20947e-22)
(0.160173 -0.0114502 1.29285e-20)
(0.229094 -0.0184122 1.12266e-20)
(0.229094 -0.0184122 1.12266e-20)
(0.285164 0.0347526 -9.2345e-21)
(0.362879 0.0306772 -7.93299e-21)
(0.445539 0.0300158 -1.05049e-20)
(0.529621 0.0315961 4.06181e-20)
(0.529621 0.0315961 4.06181e-20)
(0.58378 0.0722662 -5.75997e-21)
(0.66154 0.0716239 -8.7169e-21)
(0.733541 0.070865 -3.63032e-20)
(0.733541 0.070865 -3.63032e-20)
(0.780744 0.100602 -1.65942e-20)
(0.839623 0.0962258 4.29181e-21)
(0.890276 0.090895 1.04596e-20)
(0.933249 0.0838363 2.26748e-20)
(0.933249 0.0838363 2.26748e-20)
(0.969714 0.100013 1.92095e-20)
(1.00543 0.095111 0)
(1.03728 0.0919556 0)
(1.06191 0.0871523 0)
)
;
    }
    procBoundary9to12
    {
        type            processor;
        value           nonuniform List<vector> 2((1.16025 0.190969 1.04301e-19) (1.16111 0.207763 -1.01065e-20));
    }
    procBoundary9to13
    {
        type            processor;
        value           nonuniform List<vector> 
58
(
(1.20527 -0.0247649 -9.0158e-20)
(1.20728 -0.0164771 -3.5207e-20)
(1.21966 -0.00612908 5.46588e-19)
(1.20879 -0.0084622 1.48189e-19)
(1.21966 -0.00612908 5.46588e-19)
(1.22022 0.00198988 -7.86579e-21)
(1.2339 0.0131273 7.26427e-20)
(1.2339 0.0131273 7.26427e-20)
(1.23334 0.0210268 -2.19744e-20)
(1.2325 0.0287104 2.60683e-20)
(1.23141 0.0361973 1.31681e-19)
(1.24256 0.0458028 1.54808e-19)
(1.24256 0.0458028 1.54808e-19)
(1.24072 0.0533942 -7.08065e-21)
(1.23867 0.06082 6.74833e-20)
(1.2364 0.0680908 -3.03352e-19)
(1.246 0.0799178 2.07098e-20)
(1.246 0.0799178 2.07098e-20)
(1.24309 0.0872284 -1.64274e-20)
(1.23997 0.0944114 6.31292e-20)
(1.23665 0.10147 -3.71366e-20)
(1.23312 0.108407 -1.02259e-19)
(1.22937 0.115223 -8.52434e-20)
(1.22541 0.121916 1.07303e-19)
(1.22122 0.128484 8.36871e-20)
(1.21682 0.134925 -6.26384e-20)
(1.22293 0.149517 2.32324e-20)
(1.22293 0.149517 2.32324e-20)
(1.21784 0.156076 -9.75922e-21)
(1.21251 0.162495 -1.91424e-21)
(1.20694 0.168767 6.39646e-22)
(1.20112 0.174883 -2.28275e-20)
(1.19506 0.180834 1.22963e-20)
(1.19506 0.180834 1.22963e-20)
(1.17961 0.175964 -5.4746e-20)
(1.17338 0.181162 6.14483e-21)
(1.16692 0.186167 6.47779e-20)
(1.17389 -0.0442012 0)
(1.16154 -0.0473718 0)
(1.14568 -0.0478766 0)
(1.1306 -0.0460295 0)
(1.11694 -0.0418965 0)
(1.10426 -0.0353386 0)
(1.09264 -0.0263306 0)
(1.08262 -0.0150464 0)
(1.07468 -0.00178548 0)
(1.0692 0.0132888 0)
(1.06676 0.0298574 0)
(1.06779 0.0471626 0)
(1.07244 0.0644774 0)
(1.20527 -0.0247649 -9.0158e-20)
(1.1959 -0.0268199 -1.27383e-20)
(1.1959 -0.0268199 -1.27383e-20)
(1.18926 -0.0256847 7.04874e-20)
(1.18632 -0.0334973 9.16325e-21)
(1.18632 -0.0334973 9.16325e-21)
(1.18013 -0.0306954 1.14342e-19)
(1.17628 -0.0404434 -1.80432e-19)
)
;
    }
}


// ************************************************************************* //
