/*--------------------------------*- C++ -*----------------------------------*\
  =========                 |
  \\      /  F ield         | OpenFOAM: The Open Source CFD Toolbox
   \\    /   O peration     | Website:  https://openfoam.org
    \\  /    A nd           | Version:  7
     \\/     M anipulation  |
\*---------------------------------------------------------------------------*/
FoamFile
{
    version     2.0;
    format      ascii;
    class       surfaceScalarField;
    location    "75";
    object      phi;
}
// * * * * * * * * * * * * * * * * * * * * * * * * * * * * * * * * * * * * * //

dimensions      [0 3 -1 0 0 0 0];

internalField   nonuniform List<scalar> 
3878
(
0.00600418
-0.00176514
0.00612233
-0.00168262
0.0062365
-0.00159822
-0.00140193
0.00609335
0.00634648
-0.00151192
-0.00131815
0.00619556
0.00645219
-0.00142386
-0.0011349
0.00604311
-0.00123277
0.00629342
0.00655359
-0.00133417
-0.00105236
0.00613278
-0.00114583
0.0063869
0.00665062
-0.00124286
-0.000968371
0.00621817
-0.00105741
0.00647593
0.00674322
-0.00115
-0.00080196
0.00604985
-0.000882994
0.00629921
-0.000967552
0.00656049
0.00683132
-0.00105565
-0.000719657
0.00612304
-0.000796287
0.00637584
-0.000876322
0.00664052
0.00691486
-0.000959861
-0.000636127
0.00619194
-0.000708306
0.00644802
-0.000783774
0.00671599
0.00699377
-0.000862688
-0.000551424
0.0062565
-0.000619107
0.0065157
-0.000689965
0.00678685
0.007068
-0.000764189
-0.000405433
0.00606785
-0.000465601
0.00631666
-0.000528747
0.00657884
-0.000594951
0.00685305
0.00713747
-0.000664422
-0.000322975
0.00612078
-0.000378712
0.0063724
-0.000437284
0.00663741
-0.000498793
0.00691456
0.00720212
-0.000563448
-0.000239545
0.00616939
-0.00029081
0.00642367
-0.000344772
0.00669138
-0.000401554
0.00697135
0.0072619
-0.000461328
-0.000155195
0.00621365
-0.000201948
0.00647042
-0.000251263
0.00674069
-0.0003033
0.00702338
0.00731673
-0.000358131
-6.9977e-05
0.00625352
-0.000112183
0.00651263
-0.000156802
0.00678531
-0.000204105
0.00707068
0.00736655
-0.000253926
1.60536e-05
0.00628899
-2.15894e-05
0.00655027
-6.14362e-05
0.00682516
-0.00010399
0.00711324
0.0074114
-0.000148845
0.000133873
0.000102857
6.98183e-05
0.00658331
3.47616e-05
0.00686021
-2.15162e-06
0.00715015
0.0074525
-4.32489e-05
0.000161953
0.000131599
9.89786e-05
6.40232e-05
-0.00471516
0.00162526
0.00475568
-0.00469225
0.0015272
-0.00467445
0.00152552
-0.00466517
0.00143186
-0.00466297
0.00139256
-0.00466488
0.00130294
-0.00467189
0.00124382
-0.00468131
0.00115668
-0.0046938
0.00108842
-0.00470751
0.00100407
-0.00472272
0.000933165
-0.00473819
0.000852779
-0.00475402
0.000783146
-0.00476941
0.000707815
-0.00478438
0.000641662
-0.00479842
0.000571949
-0.00481157
0.000510248
-0.00482348
0.000445987
-0.00483421
0.000388519
-0.00484353
0.000328677
-0.00485148
0.000274066
-0.00485787
0.000216237
-0.00486269
0.000161051
-0.00486572
9.98509e-05
3.6173e-05
-0.00491868
0.001585
0.00495893
-0.00489397
0.00150249
-0.00487302
0.00150457
-0.00486117
0.00142001
-0.00485554
0.00138694
-0.00485489
0.00130229
-0.0048593
0.00124823
-0.0048666
0.00116397
-0.0048772
0.00109903
-0.00488934
0.00101621
-0.00490324
0.000947064
-0.00491764
0.00086718
-0.00493262
0.000798126
-0.00494733
0.000722522
-0.00496179
0.000656123
-0.00497544
0.000585596
-0.00498829
0.000523105
-0.00499999
0.000457686
-0.00501058
0.000399105
-0.00501979
0.000337892
-0.00502768
0.000281954
-0.00503403
0.000222581
-0.00503882
0.000165849
-0.00504183
0.000102861
3.72727e-05
-0.00512998
0.00154554
0.00516944
-0.00510278
0.00147529
-0.00507935
0.00148114
-0.00506503
0.00140569
-0.00505619
0.0013781
-0.005053
0.0012991
-0.0050547
0.00124993
-0.0050598
0.00116907
-0.00506835
0.00110758
-0.00507878
0.00102664
-0.00509121
0.000959489
-0.00510438
0.000880359
-0.00511837
0.000812108
-0.00513226
0.000736418
-0.00514609
0.000669947
-0.00515923
0.00059874
-0.00517171
0.000535584
-0.00518312
0.000469094
-0.00519349
0.00040948
-0.00520255
0.00034695
-0.00521033
0.000289734
-0.0052166
0.000228847
-0.00522135
0.000170598
-0.00522432
0.000105839
3.8362e-05
-0.00534872
0.00150644
0.00538782
-0.00531932
0.00144589
-0.00529376
0.00145558
-0.00527694
0.00138887
-0.0052651
0.00136626
-0.00525936
0.00129335
-0.0052583
0.00124888
-0.00526111
0.00117188
-0.00526745
0.00111393
-0.00527604
0.00103522
-0.00528683
0.000970278
-0.00529865
0.000892177
-0.00531149
0.000824945
-0.00532444
0.000749374
-0.00533751
0.000683015
-0.00535005
0.000611275
-0.00536205
0.000547591
-0.00537309
0.000480131
-0.00538319
0.000419579
-0.00539203
0.000355794
-0.00539966
0.000297361
-0.00540581
0.000234999
-0.00541049
0.000175275
-0.00541342
0.000108772
3.94365e-05
-0.00557504
0.00146709
0.00561438
-0.00554383
0.00141468
-0.00551638
0.00142813
-0.00549708
0.00136957
-0.00548245
0.00135164
-0.00547412
0.00128501
-0.00547028
0.00124504
-0.00547072
0.00117232
-0.00547474
0.00111794
-0.00548137
0.00104185
-0.00549036
0.000979275
-0.00550069
0.000902499
-0.00551223
0.000836492
-0.00552412
0.000761265
-0.00553631
0.000695205
-0.00554813
0.000623096
-0.00555958
0.000559031
-0.00557016
0.000490716
-0.00557991
0.00042933
-0.00558848
0.000364367
-0.00559591
0.00030479
-0.00560192
0.000241002
-0.0056065
0.000179855
-0.00560937
0.000111644
4.04909e-05
-0.00580927
0.00142719
0.00584918
-0.00577651
0.00138191
-0.00574734
0.00139896
-0.00572563
0.00134786
-0.00570839
0.0013344
-0.00569744
0.00127406
-0.00569085
0.00123846
-0.00568885
0.00117031
-0.00569043
0.00111953
-0.00569499
0.00104641
-0.00570206
0.000986342
-0.00571076
0.000911198
-0.00572087
0.000846609
-0.00573158
0.000771969
-0.00574276
0.000706394
-0.00575376
0.000634097
-0.00576454
0.000569807
-0.00577459
0.000500766
-0.00578392
0.000438662
-0.00579216
0.00037261
-0.00579935
0.000311971
-0.00580516
0.000246818
-0.00580962
0.00018431
-0.00581241
0.000114436
4.15197e-05
-0.00605171
0.00138662
0.00609228
-0.00601756
0.00134775
-0.00598676
0.00136816
-0.00596276
0.00132386
-0.00594306
0.0013147
-0.00592951
0.00126051
-0.00592021
0.00122916
-0.00591569
0.0011658
-0.00591478
0.00111862
-0.00591717
0.00104879
-0.00592218
0.000991354
-0.00592913
0.000918155
-0.00593768
0.000855158
-0.00594708
0.000781365
-0.00595714
0.000716456
-0.00596722
0.000644172
-0.00597723
0.000579816
-0.00598666
0.000510195
-0.00599549
0.000447497
-0.00600334
0.000380459
-0.00601022
0.000318851
-0.00601581
0.000252406
-0.00602011
0.00018861
-0.0060228
0.000117131
4.25163e-05
-0.00630258
0.00134538
0.00634382
-0.00626717
0.00131234
-0.00623481
0.0013358
-0.00620868
0.00129773
-0.00618664
0.00129266
-0.00617052
0.00124438
-0.00615856
0.0012172
-0.00615149
0.00115873
-0.00614805
0.00111517
-0.00614816
0.0010489
-0.00615101
0.000994205
-0.00615611
0.000923251
-0.00616296
0.000862011
-0.00617093
0.000789335
-0.00617974
0.000725269
-0.00618879
0.000653215
-0.00619792
0.000588952
-0.00620664
0.000518914
-0.0062149
0.000455755
-0.00622229
0.000387847
-0.00622881
0.000325373
-0.00623413
0.000257723
-0.00623824
0.000192721
-0.00624081
0.000119707
4.34735e-05
-0.00656208
0.0013035
0.00660395
-0.00652554
0.0012758
-0.00649169
0.00130195
-0.00646356
0.00126961
-0.0064393
0.0012684
-0.00642068
0.00122576
-0.00640613
0.00120265
-0.00639649
0.00114909
-0.00639048
0.00110917
-0.00638824
0.00104666
-0.00638884
0.000994807
-0.00639197
0.000926376
-0.00639701
0.000867047
-0.00640343
0.00079576
-0.00641087
0.00073271
-0.00641877
0.000661115
-0.00642693
0.000597108
-0.00643485
0.000526833
-0.00644244
0.000463348
-0.0064493
0.000394706
-0.0064554
0.000331476
-0.0064604
0.000262721
-0.00646429
0.000196608
-0.00646672
0.000122144
4.43833e-05
-0.0068304
0.00126104
0.00687287
-0.00679285
0.00123825
-0.0067576
0.0012667
-0.00672763
0.00123964
-0.00670125
0.00124202
-0.00668022
0.00120473
-0.00666314
0.00118558
-0.00665093
0.00113687
-0.00664236
0.00110059
-0.0066377
0.001042
-0.00663597
0.000993085
-0.00663702
0.000927426
-0.00664013
0.000870155
-0.0066449
0.000800524
-0.00665084
0.000738656
-0.00665749
0.000667762
-0.00666455
0.000604172
-0.00667157
0.000533855
-0.00667841
0.000470186
-0.00668467
0.00040096
-0.00669028
0.000337094
-0.00669492
0.000267351
-0.00669854
0.000200231
-0.00670081
0.000124419
4.52368e-05
-0.00710779
0.00121806
0.00715076
-0.00706932
0.00119978
-0.00703277
0.00123014
-0.00700109
0.00120797
-0.0069727
0.00121362
-0.00694937
0.00118141
-0.00692984
0.00116605
-0.00691507
0.00112211
-0.00690394
0.00108946
-0.00689681
0.00103488
-0.0068927
0.000988978
-0.00689158
0.000926303
-0.00689266
0.000871232
-0.00689564
0.000803511
-0.00689998
0.00074299
-0.00690526
0.00067304
-0.00691112
0.000610032
-0.00691714
0.000539881
-0.00692313
0.000476175
-0.0069287
0.000406533
-0.00693377
0.000342156
-0.00693798
0.000271561
-0.00694129
0.000203548
-0.00694338
0.000126506
4.60243e-05
-0.00739446
0.00117465
0.00743788
-0.00735517
0.0011605
-0.00731743
0.0011924
-0.00728418
0.00117472
-0.00725389
0.00118333
-0.00722837
0.00115589
-0.00720646
0.00114413
-0.00718919
0.00110484
-0.0071755
0.00107578
-0.00716587
0.00102525
-0.00715933
0.000982437
-0.00715595
0.000922921
-0.0071549
0.000870183
-0.007156
0.00080461
-0.00715861
0.000745598
-0.0071624
0.000676836
-0.00716695
0.000614575
-0.00717187
0.000544809
-0.00717692
0.000481218
-0.00718173
0.000411343
-0.00718616
0.00034659
-0.00718989
0.000275294
-0.00719286
0.000206513
-0.00719473
0.00012838
4.67352e-05
-0.00769068
0.00113087
0.00773446
-0.00765066
0.00112048
-0.00761184
0.00115357
-0.00757714
0.00114002
-0.00754506
0.00115126
-0.00751747
0.00112829
-0.00749326
0.00111993
-0.00747354
0.00108512
-0.00745733
0.00105957
-0.00744519
0.0010131
-0.00743617
0.000973425
-0.00743046
0.000917205
-0.0074272
0.000866923
-0.0074263
0.000803712
-0.00742707
0.000746369
-0.00742927
0.000679035
-0.00743238
0.000617687
-0.00743611
0.000548532
-0.0074401
0.000485214
-0.00744406
0.000415303
-0.00744779
0.000350318
-0.00745099
0.000278493
-0.00745356
0.00020908
-0.00745519
0.000130013
4.73583e-05
-0.00799671
0.0010868
0.00804078
-0.00795606
0.00107982
-0.00791626
0.00111377
-0.00788022
0.00110398
-0.00784648
0.00111751
-0.00781692
0.00109873
-0.00779051
0.00109352
-0.00776841
0.00106302
-0.00774971
0.00104087
-0.00773505
0.000998438
-0.00772354
0.000961914
-0.00771543
0.000909094
-0.00770988
0.000861376
-0.00770689
0.000800719
-0.00770572
0.000745198
-0.0077062
0.000679523
-0.00770777
0.000619256
-0.00771019
0.000550945
-0.00771303
0.000488063
-0.00771606
0.000418326
-0.007719
0.000353261
-0.0077216
0.000281093
-0.00772372
0.000211198
-0.00772508
0.000131377
4.78816e-05
-0.00831285
0.00104253
0.00835712
-0.00827163
0.00103861
-0.00823096
0.00107311
-0.0081937
0.00106672
-0.00815842
0.00108223
-0.008127
0.00106732
-0.00809848
0.001065
-0.00807407
0.00103861
-0.00805293
0.00101973
-0.00803576
0.000981267
-0.00802174
0.00094789
-0.00801118
0.000898537
-0.00800328
0.000853475
-0.0079981
0.000795537
-0.00799489
0.000741987
-0.00799355
0.000678189
-0.00799347
0.000619173
-0.00799446
0.000551936
-0.00799606
0.00048966
-0.00799805
0.000420319
-0.00800013
0.000355336
-0.00800207
0.000283032
-0.00800368
0.000212814
-0.00800475
0.000132441
4.82924e-05
-0.00863938
0.0009981
0.00868381
-0.00859768
0.000996905
-0.00855624
0.00103167
-0.00851786
0.00102835
-0.00848114
0.00104551
-0.00844799
0.00103417
-0.00841746
0.00103447
-0.00839082
0.00101197
-0.00836729
0.000996201
-0.00834764
0.000961614
-0.00833109
0.000931348
-0.00831806
0.000885499
-0.00830774
0.000843163
-0.00830029
0.000788083
-0.00829495
0.000736644
-0.00829168
0.000674925
-0.00828984
0.000617332
-0.0082893
0.000551398
-0.00828955
0.000489905
-0.00829042
0.000421188
-0.00829154
0.000356461
-0.00829275
0.00028424
-0.00829381
0.000213875
-0.00829454
0.000133173
4.85775e-05
-0.00897663
0.000953579
0.00902115
-0.00893451
0.000954786
-0.00889239
0.000989545
-0.008853
0.000988952
-0.00881495
0.00100747
-0.00878016
0.000999373
-0.00874772
0.00100203
-0.00871894
0.000983182
-0.00869308
0.000970345
-0.00867098
0.000939514
-0.00865193
0.000912297
-0.00863639
0.000869955
-0.00862362
0.000830394
-0.00861382
0.000778284
-0.00860626
0.000729082
-0.00860096
0.000669629
-0.00859726
0.000613627
-0.00859508
0.000549222
-0.00859387
0.000488694
-0.00859352
0.000420837
-0.00859361
0.000356549
-0.00859402
0.000284647
-0.00859447
0.000214325
-0.00859483
0.00013354
4.87235e-05
-0.00932493
0.000909013
0.0093695
-0.00928246
0.000912311
-0.00923974
0.000946824
-0.00919941
0.000948626
-0.00916015
0.000968206
-0.00912382
0.000963046
-0.00908958
0.000967786
-0.00905874
0.000952338
-0.00903063
0.000942233
-0.00900612
0.000915009
-0.00898458
0.000890754
-0.00896652
0.000851892
-0.00895125
0.000815132
-0.00893905
0.000766077
-0.00892919
0.000719226
-0.00892177
0.000662206
-0.0089161
0.000607962
-0.00891218
0.000545301
-0.00890941
0.000485927
-0.00890775
0.00041917
-0.00890671
0.000355517
-0.00890625
0.000284182
-0.00890603
0.000214108
-0.008906
0.000133507
4.87165e-05
-0.00968463
0.000864442
0.0097292
-0.00964185
0.000869534
-0.00959861
0.000903577
-0.00955743
0.000907454
-0.00951705
0.000927825
-0.00947929
0.000925284
-0.00944334
0.000931836
-0.00941053
0.000919522
-0.00938023
0.000911939
-0.00935337
0.00088815
-0.00932937
0.000866747
-0.00930879
0.000831312
-0.00929101
0.000797353
-0.00927634
0.00075141
-0.00926412
0.000707007
-0.00925448
0.000652567
-0.00924676
0.000600241
-0.00924099
0.000539532
-0.00923657
0.000481506
-0.00923349
0.000416088
-0.00923125
0.000353278
-0.00922984
0.000282771
-0.0092289
0.000213167
-0.00922843
0.000133038
4.85427e-05
-0.0100561
0.000819897
0.0101006
-0.0100131
0.0008265
-0.00996935
0.000859868
-0.0099274
0.000865512
-0.00988599
0.000886415
-0.00984689
0.000886179
-0.00980933
0.000894277
-0.00977463
0.000884824
-0.00974223
0.000879542
-0.00971308
0.000858996
-0.00968665
0.000840314
-0.00966356
0.000808221
-0.00964324
0.000777042
-0.00962608
0.000734242
-0.00961144
0.000692366
-0.0095995
0.000640634
-0.00958964
0.000590379
-0.00958193
0.000531817
-0.00957576
0.000475337
-0.00957116
0.000411497
-0.00956764
0.000349749
-0.0095652
0.000280338
-0.00956348
0.000211446
-0.00956254
0.000132095
4.81884e-05
-0.0104397
0.000775401
0.0104842
-0.0103964
0.000783245
-0.0103523
0.00081575
-0.0103097
0.000822867
-0.0102673
0.000844055
-0.010227
0.000845819
-0.0101879
0.000855201
-0.0101514
0.000848328
-0.010117
0.00084512
-0.0100856
0.000827607
-0.0100568
0.000811498
-0.0100312
0.000782639
-0.0100083
0.000754196
-0.00998864
0.000714543
-0.00997152
0.000675254
-0.00995723
0.000626335
-0.00994514
0.000578295
-0.00993539
0.000522064
-0.00992738
0.000467327
-0.00992118
0.000405302
-0.00991628
0.000344849
-0.00991275
0.000276809
-0.0099102
0.000208889
-0.00990874
0.000130641
4.76401e-05
-0.0108359
0.000730968
0.0108803
-0.0107924
0.000739799
-0.0107479
0.00077127
-0.0107046
0.000779577
-0.0106614
0.000800817
-0.0106199
0.000804283
-0.0105794
0.000814693
-0.0105412
0.000810119
-0.0105048
0.000808753
-0.0104712
0.000794048
-0.0104401
0.000780348
-0.010412
0.000754594
-0.0103867
0.00072882
-0.0103644
0.000692294
-0.0103448
0.000655632
-0.0103281
0.000609611
-0.0103137
0.000563917
-0.0103018
0.000510188
-0.0102919
0.000457391
-0.010284
0.000397415
-0.0102776
0.000338496
-0.0102729
0.000272111
-0.0102695
0.000205441
-0.0102675
0.000128637
4.6885e-05
-0.011245
0.000686604
0.0112894
-0.0112014
0.000696179
-0.0111566
0.00072646
-0.0111127
0.000735691
-0.0110686
0.000756764
-0.011026
0.000761644
-0.0109841
0.000772833
-0.0109443
0.000770277
-0.0109061
0.000770517
-0.0108704
0.000758387
-0.010837
0.000746918
-0.0108065
0.000724118
-0.0107786
0.000700929
-0.0107538
0.000667486
-0.0107316
0.00063347
-0.0107124
0.000590411
-0.0106957
0.000547181
-0.0106816
0.00049611
-0.0106697
0.000445449
-0.01066
0.00038775
-0.0106521
0.000330616
-0.0106462
0.000266172
-0.0106418
0.00020105
-0.0106392
0.000126045
4.59106e-05
-0.0116676
0.000642305
0.0117119
-0.0116238
0.000652398
-0.0115787
0.000681346
-0.0115342
0.000691246
-0.0114894
0.000711947
-0.0114457
0.000717963
-0.0114026
0.000729692
-0.0113612
0.000728875
-0.0113212
0.000730487
-0.0112835
0.000720689
-0.0112478
0.000711265
-0.0112149
0.000691251
-0.0111846
0.000670544
-0.0111572
0.000640118
-0.0111325
0.000608749
-0.0111108
0.000568696
-0.0110916
0.000528034
-0.0110753
0.000479764
-0.0110612
0.000431426
-0.0110497
0.00037623
-0.0110402
0.000321135
-0.011033
0.000258924
-0.0110276
0.000195665
-0.0110244
0.000122827
4.47053e-05
-0.012104
0.000598058
0.0121483
-0.0120601
0.000608456
-0.0120147
0.00063594
-0.0119697
0.000646271
-0.0119242
0.000666407
-0.0118795
0.000673292
-0.0118352
0.000685331
-0.0117923
0.00068598
-0.0117505
0.000688731
-0.0117108
0.000681018
-0.011673
0.000673445
-0.0116378
0.000656036
-0.0116049
0.000637693
-0.011575
0.000610198
-0.0115477
0.000581459
-0.0115235
0.000544436
-0.0115019
0.00050643
-0.0114832
0.000461089
-0.011467
0.000415259
-0.0114536
0.000362781
-0.0114424
0.000309986
-0.0114338
0.000250303
-0.0114274
0.000189237
-0.0114235
0.000118948
4.32581e-05
-0.0125549
0.000553842
0.0125991
-0.0125108
0.000564342
-0.0124651
0.000590244
-0.0124196
0.00060078
-0.0123734
0.000620172
-0.0123278
0.000627672
-0.0122822
0.000639801
-0.0122379
0.00064165
-0.0121945
0.00064531
-0.0121529
0.000639436
-0.012113
0.000633513
-0.0120755
0.000618518
-0.0120402
0.000602408
-0.0120077
0.000577742
-0.0119779
0.0005516
-0.011951
0.000517611
-0.0119269
0.000482334
-0.0119059
0.000440037
-0.0118875
0.00039689
-0.0118721
0.000347342
-0.0118592
0.00029711
-0.0118492
0.000240252
-0.0118416
0.000181723
-0.0118371
0.000114375
4.15591e-05
-0.0130208
0.000509624
0.013065
-0.0129764
0.000520039
-0.0129305
0.000544249
-0.0128845
0.000554778
-0.0128375
0.000573257
-0.012791
0.000581133
-0.0127443
0.00059314
-0.0126986
0.000595933
-0.0126536
0.000600277
-0.0126101
0.000595997
-0.0125682
0.000591522
-0.0125284
0.000578743
-0.0124907
0.000564725
-0.0124557
0.000542772
-0.0124233
0.000519176
-0.0123939
0.000488212
-0.0123673
0.000455723
-0.0123438
0.00041657
-0.0123232
0.000376272
-0.0123057
0.000329859
-0.0122911
0.000282451
-0.0122795
0.000228719
-0.0122709
0.000173082
-0.0122656
0.000109075
3.95992e-05
-0.0135021
0.00046536
0.0135463
-0.0134576
0.000475513
-0.0134112
0.000497931
-0.0133647
0.000508256
-0.0133171
0.000525664
-0.0132697
0.000533687
-0.0132219
0.000545374
-0.0131748
0.000548865
-0.0131282
0.000553675
-0.013083
0.000550748
-0.013039
0.000547519
-0.012997
0.000536755
-0.012957
0.000524679
-0.0129195
0.000505313
-0.0128845
0.000484202
-0.0128525
0.000456236
-0.0128234
0.000426582
-0.0127975
0.000390661
-0.0127746
0.000353368
-0.012755
0.000310288
-0.0127385
0.000265966
-0.0127255
0.000215661
-0.0127157
0.000163279
-0.0127096
0.000103024
3.73706e-05
-0.0139995
0.000420997
0.0140439
-0.0139547
0.000430721
-0.013908
0.000451255
-0.013861
0.000461189
-0.0138127
0.00047738
-0.0137643
0.000485337
-0.0137155
0.000496515
-0.0136671
0.000500468
-0.0136189
0.000505536
-0.0135719
0.000503728
-0.013526
0.000501545
-0.0134818
0.000492593
-0.0134394
0.000482307
-0.0133995
0.000465394
-0.013362
0.000446696
-0.0133275
0.000421693
-0.0132958
0.000394905
-0.0132674
0.000362294
-0.0132422
0.000328154
-0.0132205
0.000288597
-0.0132022
0.000247621
-0.0131875
0.000201044
-0.0131765
0.000152285
-0.0131697
9.6199e-05
3.48668e-05
-0.0145137
0.000376465
0.0145582
-0.0144686
0.000385606
-0.0144215
0.000404169
-0.0143738
0.000413539
-0.0143248
0.000428376
-0.0142756
0.000436065
-0.0142256
0.000446557
-0.0141759
0.000450751
-0.0141262
0.000455877
-0.0140775
0.000454962
-0.0140295
0.000453631
-0.0139832
0.000446294
-0.0139386
0.000437644
-0.0138962
0.000423046
-0.0138562
0.000406683
-0.0138191
0.000384596
-0.0137849
0.000360699
-0.0137541
0.000331464
-0.0137265
0.000300616
-0.0137027
0.000264768
-0.0136825
0.000227391
-0.0136663
0.000184842
-0.0136541
0.000140079
-0.0136465
8.85842e-05
3.20827e-05
-0.0150453
0.000331681
0.01509
-0.0149997
0.000340095
-0.0149522
0.000356604
-0.0149039
0.000365249
-0.0148541
0.000378605
-0.0148039
0.00038584
-0.0147528
0.00039548
-0.0147018
0.000399705
-0.0146506
0.0004047
-0.0146001
0.000404464
-0.0145503
0.000403799
-0.0145019
0.000397884
-0.0144549
0.000390718
-0.0144102
0.000378299
-0.0143677
0.000364188
-0.0143281
0.000344969
-0.0142913
0.000323979
-0.0142581
0.000298179
-0.0142282
0.000270755
-0.0142022
0.000238792
-0.0141801
0.000205266
-0.0141623
0.000167044
-0.0141489
0.000126648
-0.0141404
8.01697e-05
2.90156e-05
-0.0155949
0.000286547
0.0156401
-0.0155489
0.000294097
-0.0155008
0.000308476
-0.0154518
0.000316246
-0.0154012
0.000328
-0.01535
0.000334606
-0.0152977
0.00034324
-0.0152453
0.000347302
-0.0151926
0.00035199
-0.0151404
0.000352233
-0.0150887
0.000352057
-0.0150382
0.000347383
-0.014989
0.000341554
-0.0149419
0.000331182
-0.0148969
0.000319242
-0.0148548
0.000302839
-0.0148156
0.000284769
-0.0147799
0.00026246
-0.0147477
0.000238583
-0.0147196
0.00021068
-0.0146956
0.00018125
-0.0146762
0.000147649
-0.0146615
0.00011199
-0.0146523
7.09531e-05
2.56645e-05
-0.0161635
0.000240944
0.0162091
-0.0161169
0.000247502
-0.0160681
0.000259676
-0.0160183
0.000266432
-0.0159668
0.000276472
-0.0159145
0.000282291
-0.015861
0.000289774
-0.0158072
0.000293496
-0.0157529
0.000297713
-0.0156989
0.000298251
-0.0156453
0.0002984
-0.0155927
0.000294797
-0.0155413
0.000290171
-0.0154918
0.000281721
-0.0154445
0.000271876
-0.0153999
0.000258243
-0.0153582
0.000243104
-0.0153201
0.000224338
-0.0152856
0.000204131
-0.0152554
0.000180457
-0.0152295
0.000155362
-0.0152085
0.000126672
-0.0151927
9.61141e-05
-0.0151827
6.09406e-05
2.20317e-05
-0.0167517
0.000194731
0.0167979
-0.0167044
0.00020018
-0.0166548
0.000210073
-0.016604
0.000215688
-0.0165515
0.00022391
-0.016498
0.000228794
-0.0164432
0.000234995
-0.0163879
0.000238215
-0.016332
0.000241813
-0.0162762
0.000242479
-0.0162206
0.000242806
-0.016166
0.000240124
-0.0161124
0.000236577
-0.0160606
0.000229941
-0.0160108
0.000222123
-0.0159638
0.00021122
-0.0159198
0.000199028
-0.0158793
0.000183862
-0.0158426
0.000167444
-0.0158103
0.000148165
-0.0157826
0.000127641
-0.01576
0.000104147
-0.015743
7.90453e-05
-0.0157322
5.0148e-05
1.81224e-05
-0.0173604
0.000147742
0.0174074
-0.0173122
0.000151972
-0.0172616
0.00015951
-0.0172098
0.000163868
-0.017156
0.000170172
-0.0171012
0.000173991
-0.017045
0.00017879
-0.0169882
0.000181364
-0.0169306
0.000184211
-0.016873
0.00018486
-0.0168154
0.000185237
-0.0167586
0.000183344
-0.0167028
0.000180775
-0.0166487
0.000175861
-0.0165966
0.000170018
-0.0165472
0.00016182
-0.0165008
0.0001526
-0.016458
0.000141095
-0.0164192
0.000128587
-0.0163849
0.000113869
-0.0163554
9.81455e-05
-0.0163314
8.01248e-05
-0.0163131
6.08239e-05
-0.0163016
3.86024e-05
1.39458e-05
-0.0179903
9.97771e-05
0.0180383
-0.017941
0.000102687
-0.0178893
0.000107799
-0.0178363
0.000110796
-0.0177812
0.000115088
-0.0177249
0.000117726
-0.0176671
0.000121015
-0.0176086
0.00012282
-0.0175492
0.000124802
-0.0174896
0.000125314
-0.01743
0.000125634
-0.0173711
0.000124429
-0.0173131
0.000122757
-0.0172567
0.0001195
-0.0172023
0.000115601
-0.0171506
0.000110102
-0.0171019
0.000103891
-0.0170569
9.61216e-05
-0.017016
8.76479e-05
-0.0169798
7.76585e-05
-0.0169486
6.69593e-05
-0.0169231
5.46819e-05
-0.0169038
4.15098e-05
-0.0168916
2.63445e-05
9.51579e-06
-0.0186424
5.05788e-05
0.0186916
-0.0185919
5.21168e-05
-0.0185388
5.47257e-05
-0.0184842
5.6259e-05
-0.0184276
5.84502e-05
-0.0183697
5.98046e-05
-0.0183102
6.14915e-05
-0.0182498
6.24269e-05
-0.0181884
6.34544e-05
-0.0181268
6.37364e-05
-0.0180651
6.3923e-05
-0.018004
6.33344e-05
-0.0179438
6.25088e-05
-0.0178852
6.08759e-05
-0.0178285
5.8915e-05
-0.0177745
5.61356e-05
-0.0177236
5.29923e-05
-0.0176765
4.90483e-05
-0.0176336
4.47419e-05
-0.0175956
3.96525e-05
-0.0175629
3.4196e-05
-0.0175361
2.79216e-05
-0.0175158
2.11875e-05
-0.0175029
1.343e-05
4.85215e-06
-0.0193176
0.0193681
-0.0192654
-0.0192107
-0.0191545
-0.019096
-0.0190362
-0.0189747
-0.0189123
-0.0188488
-0.0187851
-0.0187212
-0.0186578
-0.0185953
-0.0185345
-0.0184755
-0.0184194
-0.0183664
-0.0183174
-0.0182726
-0.018233
-0.0181988
-0.0181709
-0.0181497
-0.0181362
0.000154868
-0.00452282
0.000137825
-0.00468028
0.000121542
-0.00484539
0.000106262
-0.00501808
9.09878e-05
-0.00519651
7.65423e-05
-0.00538278
6.27704e-05
-0.00557571
-0.00577553
4.7027e-05
-0.00450582
3.07681e-05
-0.00466402
1.51472e-05
-0.00482977
-2.62891e-07
-0.00500267
-1.28814e-05
-0.00518389
-2.54182e-05
-0.00537024
-3.73865e-05
-0.00556374
-4.87463e-05
-0.00576417
-5.94644e-05
-0.00597176
-6.95119e-05
-0.00618675
-7.88759e-05
-0.00640935
-8.74347e-05
-0.00663981
-9.54824e-05
-0.00687862
-0.000102752
-0.00712569
-0.000109247
-0.00738138
-0.000114977
-0.00764605
-0.000119931
-0.00792
-0.0001241
-0.00820355
-0.000127471
-0.00849703
-0.000130033
-0.00880078
-0.000131775
-0.00911516
-0.000132682
-0.00944053
-0.00013273
-0.00977732
-0.00013199
-0.010126
-0.000130358
-0.0104868
-0.000127854
-0.0108603
-0.00012447
-0.011247
-0.000120201
-0.0116474
-0.000115041
-0.012062
-0.000108987
-0.0124915
-0.000102035
-0.0129363
-9.41847e-05
-0.0133972
-8.54378e-05
-0.0138749
-7.57985e-05
-0.0143702
-6.52739e-05
-0.0148837
-5.38777e-05
-0.0154165
-4.16237e-05
-0.0159693
-2.85417e-05
-0.0165433
-1.46608e-05
-0.0171394
-0.017759
-5.90433e-05
-0.00449003
-7.37949e-05
-0.00464927
-8.76976e-05
-0.00481587
-0.00010043
-0.00498994
-0.000113135
-0.00517118
-0.00012472
-0.00535866
-0.00013558
-0.00555288
-0.000145672
-0.00575408
-0.00015499
-0.00596244
-0.000163528
-0.00617821
-0.000171268
-0.0064016
-0.000178169
-0.00663291
-0.00018436
-0.00687243
-0.000189722
-0.00712032
-0.000194226
-0.00737687
-0.000197871
-0.0076424
-0.000200648
-0.00791722
-0.000202544
-0.00820165
-0.000203547
-0.00849603
-0.000203644
-0.00880068
-0.000202821
-0.00911598
-0.000201063
-0.00944229
-0.000198355
-0.00978003
-0.000194725
-0.0101296
-0.000190112
-0.0104914
-0.000184516
-0.0108659
-0.000177929
-0.0112536
-0.00017034
-0.011655
-0.000161742
-0.0120706
-0.000152128
-0.0125011
-0.000141491
-0.012947
-0.000129827
-0.0134089
-0.000117134
-0.0138876
-0.000103412
-0.0143839
-8.86645e-05
-0.0148985
-7.28998e-05
-0.0154322
-5.61278e-05
-0.0159861
-3.83729e-05
-0.0165611
-1.96577e-05
-0.0171581
-0.0177787
-0.000163521
-0.00447535
-0.00017747
-0.00463532
-0.000190348
-0.00480299
-0.00020223
-0.00497806
-0.000213542
-0.00515987
-0.000223952
-0.00534825
-0.000233502
-0.00554333
-0.000242205
-0.00574537
-0.000250054
-0.0059546
-0.000257039
-0.00617123
-0.000263142
-0.0063955
-0.000268355
-0.0066277
-0.000272709
-0.00686808
-0.000276159
-0.00711687
-0.000278675
-0.00737436
-0.000280243
-0.00764083
-0.000280853
-0.00791661
-0.000280489
-0.00820202
-0.000279138
-0.00849738
-0.000276784
-0.00880304
-0.000273413
-0.00911935
-0.000269007
-0.0094467
-0.000263554
-0.00978548
-0.000257058
-0.0101361
-0.000249482
-0.010499
-0.000240813
-0.0108746
-0.00023104
-0.0112634
-0.000220152
-0.0116659
-0.000208137
-0.0120826
-0.000194984
-0.0125142
-0.000180684
-0.0129613
-0.00016523
-0.0134244
-0.000148615
-0.0139043
-0.000130837
-0.0144017
-0.000111893
-0.0149174
-9.17891e-05
-0.0154523
-7.05291e-05
-0.0160074
-4.81333e-05
-0.0165835
-2.46182e-05
-0.0171816
-0.0178033
-0.000267643
-0.00446164
-0.000280565
-0.00462239
-0.000292409
-0.00479115
-0.000303293
-0.00496718
-0.000313331
-0.00514983
-0.000322485
-0.00533909
-0.000330721
-0.00553509
-0.000338037
-0.00573806
-0.000344422
-0.00594821
-0.000349862
-0.00616578
-0.000354342
-0.00639102
-0.000357856
-0.00662418
-0.000360404
-0.00686553
-0.000361964
-0.00711531
-0.000362507
-0.00737381
-0.000362016
-0.00764132
-0.000360475
-0.00791815
-0.00035787
-0.00820462
-0.000354183
-0.00850107
-0.000349397
-0.00880782
-0.000343497
-0.00912525
-0.000336462
-0.00945373
-0.000328281
-0.00979366
-0.000318944
-0.0101455
-0.000308425
-0.0105095
-0.000296704
-0.0108863
-0.000283769
-0.0112763
-0.000269603
-0.0116801
-0.000254193
-0.0120981
-0.000237526
-0.0125309
-0.000219589
-0.0129792
-0.000200371
-0.0134436
-0.000179862
-0.0139248
-0.000158055
-0.0144235
-0.000134945
-0.0149405
-0.000110532
-0.0154768
-8.48178e-05
-0.0160331
-5.78161e-05
-0.0166105
-2.95388e-05
-0.0172099
-0.0178329
-0.000370942
-0.00444883
-0.000382836
-0.0046105
-0.00039363
-0.00478035
-0.000403428
-0.00495738
-0.000412283
-0.00514098
-0.000420192
-0.00533119
-0.000427124
-0.00552816
-0.000433064
-0.00573212
-0.000437997
-0.00594328
-0.000441909
-0.00616187
-0.000444782
-0.00638815
-0.000446609
-0.00662236
-0.000447377
-0.00686476
-0.000447068
-0.00711562
-0.000445658
-0.00737522
-0.000443127
-0.00764385
-0.000439458
-0.00792182
-0.000434631
-0.00820945
-0.000428629
-0.00850707
-0.000421434
-0.00881502
-0.000413025
-0.00913366
-0.000403384
-0.00946337
-0.000392495
-0.00980455
-0.000380342
-0.0101576
-0.000366902
-0.010523
-0.000352154
-0.0109011
-0.000336079
-0.0112924
-0.000318661
-0.0116975
-0.000299883
-0.0121168
-0.000279728
-0.0125511
-0.00025818
-0.0130007
-0.000235226
-0.0134665
-0.000210852
-0.0139491
-0.000185048
-0.0144493
-0.000157805
-0.0149678
-0.000129118
-0.0155054
-9.89847e-05
-0.0160632
-6.74152e-05
-0.0166421
-3.4416e-05
-0.0172429
-0.0178673
-0.000473243
-0.00443691
-0.000484138
-0.00459961
-0.000493892
-0.0047706
-0.000502604
-0.00494867
-0.000510303
-0.00513328
-0.000516986
-0.0053245
-0.000522629
-0.00552252
-0.00052721
-0.00572754
-0.00053071
-0.00593978
-0.000533111
-0.00615947
-0.000534397
-0.00638686
-0.000534553
-0.0066222
-0.000533564
-0.00686575
-0.000531411
-0.00711778
-0.000528071
-0.00737856
-0.000523523
-0.0076484
-0.000517747
-0.0079276
-0.000510722
-0.00821648
-0.000502429
-0.00851536
-0.000492846
-0.0088246
-0.000481953
-0.00914455
-0.000469729
-0.0094756
-0.000456155
-0.00981813
-0.000441212
-0.0101726
-0.000424877
-0.0105393
-0.000407126
-0.0109188
-0.000387939
-0.0113116
-0.000367295
-0.0117181
-0.000345176
-0.012139
-0.000321561
-0.0125747
-0.000296433
-0.0130259
-0.000269774
-0.0134932
-0.000241567
-0.0139773
-0.000211799
-0.0144791
-0.000180457
-0.0149991
-0.000147533
-0.0155384
-0.00011302
-0.0160977
-7.69242e-05
-0.0166782
-3.92467e-05
-0.0172806
-0.0179065
-0.000574473
-0.00442589
-0.000584388
-0.00458969
-0.000593113
-0.00476187
-0.000600748
-0.00494103
-0.000607313
-0.00512671
-0.000612794
-0.00531902
-0.000617166
-0.00551815
-0.000620407
-0.0057243
-0.000622494
-0.00593769
-0.000623407
-0.00615856
-0.000623126
-0.00638714
-0.000621634
-0.00662369
-0.000618912
-0.00686847
-0.000614939
-0.00712175
-0.000609694
-0.00738381
-0.000603153
-0.00765494
-0.000595294
-0.00793546
-0.000586095
-0.00822567
-0.000575535
-0.00852592
-0.000563589
-0.00883655
-0.000550237
-0.00915791
-0.000535455
-0.00949038
-0.000519222
-0.00983436
-0.000501516
-0.0101903
-0.000482312
-0.0105585
-0.000461586
-0.0109395
-0.000439314
-0.0113339
-0.000415474
-0.011742
-0.000390043
-0.0121644
-0.000363
-0.0126017
-0.000334322
-0.0130545
-0.000303991
-0.0135235
-0.000271987
-0.0140094
-0.000238291
-0.0145128
-0.000202888
-0.0150345
-0.000165766
-0.0155755
-0.000126915
-0.0161366
-8.6337e-05
-0.0167187
-4.40278e-05
-0.0173229
-0.0179505
-0.000674562
-0.00441575
-0.000683511
-0.00458074
-0.000691224
-0.00475416
-0.000697801
-0.00493445
-0.000703249
-0.00512127
-0.000707548
-0.00531472
-0.000710671
-0.00551502
-0.000712593
-0.00572237
-0.00071329
-0.005937
-0.000712736
-0.00615911
-0.000710912
-0.00638897
-0.000707796
-0.00662681
-0.000703366
-0.0068729
-0.000697599
-0.00712752
-0.000690474
-0.00739093
-0.000681965
-0.00766345
-0.00067205
-0.00794537
-0.000660703
-0.00823702
-0.000647901
-0.00853872
-0.00063362
-0.00885083
-0.000617835
-0.00917369
-0.000600523
-0.00950769
-0.000581658
-0.00985322
-0.000561217
-0.0102107
-0.000539173
-0.0105805
-0.0005155
-0.0109632
-0.000490173
-0.0113592
-0.000463167
-0.011769
-0.000434456
-0.0121931
-0.000404017
-0.0126322
-0.000371825
-0.0130867
-0.000337857
-0.0135575
-0.000302091
-0.0140451
-0.000264506
-0.0145503
-0.000225083
-0.0150739
-0.000183806
-0.0156168
-0.000140661
-0.0161797
-9.56475e-05
-0.0167638
-4.87561e-05
-0.0173698
-0.0179993
-0.000773449
-0.00440649
-0.000781444
-0.00457275
-0.000788161
-0.00474745
-0.000793697
-0.00492892
-0.000798047
-0.00511692
-0.000801186
-0.00531158
-0.000803083
-0.00551313
-0.00080371
-0.00572175
-0.000803039
-0.00593767
-0.000801044
-0.00616111
-0.000797701
-0.00639231
-0.000792985
-0.00663152
-0.000786873
-0.00687901
-0.00077934
-0.00713505
-0.000770362
-0.00739991
-0.000759912
-0.0076739
-0.000747967
-0.00795732
-0.000734499
-0.00825049
-0.000719484
-0.00855374
-0.000702895
-0.00886742
-0.000684706
-0.00919188
-0.00066489
-0.00952751
-0.000643423
-0.00987469
-0.000620276
-0.0102338
-0.000595423
-0.0106054
-0.000568835
-0.0109898
-0.000540485
-0.0113875
-0.000510346
-0.0117991
-0.000478389
-0.0122251
-0.000444589
-0.012666
-0.000408918
-0.0131224
-0.000371351
-0.0135951
-0.000331863
-0.0140846
-0.000290429
-0.0145918
-0.000247028
-0.0151173
-0.00020164
-0.0156622
-0.00015425
-0.0162271
-0.00010485
-0.0168132
-5.34286e-05
-0.0174212
-0.0180527
-0.000871073
-0.0043981
-0.000878125
-0.00456569
-0.000883862
-0.00474171
-0.000888376
-0.0049244
-0.000891648
-0.00511364
-0.000893648
-0.00530958
-0.000894342
-0.00551243
-0.000893699
-0.00572239
-0.000891686
-0.00593968
-0.000888275
-0.00616452
-0.000883438
-0.00639715
-0.000877149
-0.00663781
-0.000869381
-0.00688678
-0.000860109
-0.00714432
-0.000849306
-0.00741072
-0.000836944
-0.00768626
-0.000822997
-0.00797127
-0.000807438
-0.00826605
-0.000790238
-0.00857094
-0.000771371
-0.00888628
-0.000750807
-0.00921244
-0.000728519
-0.0095498
-0.000704479
-0.00989873
-0.000678659
-0.0102597
-0.000651029
-0.010633
-0.000621558
-0.0110193
-0.000590219
-0.0114189
-0.00055698
-0.0118323
-0.000521813
-0.0122602
-0.000484689
-0.0127031
-0.000445577
-0.0131615
-0.000404451
-0.0136362
-0.000361282
-0.0141278
-0.000316043
-0.014637
-0.000268709
-0.0151647
-0.000219259
-0.0157116
-0.000167671
-0.0162787
-0.000113938
-0.0168669
-5.80424e-05
-0.0174771
-0.0181108
-0.000967376
-0.00439059
-0.000973494
-0.00455958
-0.00097827
-0.00473693
-0.000981779
-0.00492089
-0.000983995
-0.00511143
-0.000984878
-0.0053087
-0.000984393
-0.00551292
-0.000982502
-0.00572428
-0.000979172
-0.00594301
-0.00097437
-0.00616932
-0.000968066
-0.00640345
-0.000960231
-0.00664565
-0.000950837
-0.00689618
-0.000939855
-0.0071553
-0.000927257
-0.00742331
-0.000913014
-0.00770051
-0.000897096
-0.00798718
-0.000879475
-0.00828367
-0.000860122
-0.00859029
-0.000839006
-0.0089074
-0.000816099
-0.00923535
-0.000791371
-0.00957452
-0.000764792
-0.00992531
-0.00073633
-0.0102881
-0.000705956
-0.0106634
-0.000673638
-0.0110516
-0.000639344
-0.0114532
-0.000603043
-0.0118686
-0.000564703
-0.0122986
-0.000524293
-0.0127435
-0.000481781
-0.013204
-0.000437137
-0.0136808
-0.00039033
-0.0141746
-0.000341332
-0.014686
-0.000290113
-0.0152159
-0.00023665
-0.0157651
-0.000180918
-0.0163344
-0.000122907
-0.0169249
-6.25948e-05
-0.0175374
-0.0181734
-0.0010623
-0.00438394
-0.0010675
-0.00455438
-0.00107133
-0.0047331
-0.00107385
-0.00491837
-0.00107503
-0.00511025
-0.00107482
-0.00530891
-0.00107317
-0.00551456
-0.00107006
-0.0057274
-0.00106544
-0.00594763
-0.00105927
-0.00617548
-0.00105153
-0.00641119
-0.00104218
-0.006655
-0.00103119
-0.00690716
-0.00101853
-0.00716796
-0.00100417
-0.00743768
-0.000988077
-0.0077166
-0.00097022
-0.00800504
-0.000950569
-0.00830332
-0.000929094
-0.00861177
-0.000905763
-0.00893073
-0.000880545
-0.00926057
-0.000853409
-0.00960166
-0.000824323
-0.0099544
-0.000793255
-0.0103192
-0.000760173
-0.0106965
-0.000725042
-0.0110867
-0.000687831
-0.0114904
-0.000648505
-0.011908
-0.000607031
-0.01234
-0.000563376
-0.0127871
-0.000517507
-0.0132499
-0.000469389
-0.0137289
-0.000418991
-0.014225
-0.00036628
-0.0147387
-0.000311226
-0.0152709
-0.000253802
-0.0158225
-0.000193982
-0.0163942
-0.00013175
-0.0169871
-6.70826e-05
-0.0176021
-0.0182404
-0.0011558
-0.00437815
-0.00116007
-0.0045501
-0.00116298
-0.0047302
-0.00116453
-0.00491682
-0.00116468
-0.0051101
-0.0011634
-0.0053102
-0.00116062
-0.00551734
-0.00115631
-0.0057317
-0.00115043
-0.00595351
-0.00114294
-0.00618298
-0.00113379
-0.00642034
-0.00112296
-0.00666583
-0.00111041
-0.00691972
-0.0010961
-0.00718227
-0.00108001
-0.00745377
-0.00106209
-0.00773451
-0.00104233
-0.00802481
-0.00102068
-0.00832497
-0.000997116
-0.00863533
-0.000971603
-0.00895624
-0.000944108
-0.00928806
-0.000914598
-0.00963117
-0.00088304
-0.00998596
-0.000849401
-0.0103528
-0.000813646
-0.0107322
-0.000775741
-0.0111246
-0.000735651
-0.0115305
-0.00069334
-0.0119503
-0.000648774
-0.0123846
-0.000601916
-0.012834
-0.000552733
-0.0132991
-0.000501187
-0.0137805
-0.000447245
-0.0142789
-0.000390872
-0.0147951
-0.000332036
-0.0153298
-0.000270706
-0.0158838
-0.000206854
-0.0164581
-0.000140462
-0.0170535
-7.15035e-05
-0.017671
-0.018312
-0.0012478
-0.00437321
-0.00125117
-0.00454673
-0.00125315
-0.00472822
-0.00125374
-0.00491622
-0.0012529
-0.00511094
-0.00125057
-0.00531253
-0.00124669
-0.00552121
-0.00124123
-0.00573717
-0.00123412
-0.00596062
-0.00122533
-0.00619177
-0.00121481
-0.00643086
-0.00120253
-0.00667811
-0.00118844
-0.0069338
-0.00117252
-0.00719819
-0.00115472
-0.00747156
-0.00113502
-0.00775421
-0.00111338
-0.00804645
-0.00108977
-0.00834858
-0.00106415
-0.00866095
-0.00103648
-0.0089839
-0.00100675
-0.0093178
-0.000974898
-0.00966302
-0.000940905
-0.0100199
-0.000904732
-0.010389
-0.000866343
-0.0107706
-0.000825703
-0.0111653
-0.000782774
-0.0115734
-0.00073752
-0.0119955
-0.000689904
-0.0124322
-0.000639889
-0.012884
-0.000587437
-0.0133515
-0.000532512
-0.0138354
-0.000475076
-0.0143364
-0.000415094
-0.0148551
-0.00035253
-0.0153923
-0.000287351
-0.015949
-0.000219528
-0.0165259
-0.000149039
-0.017124
-7.58546e-05
-0.0177442
-0.0183878
-0.00133826
-0.00436911
-0.00134072
-0.00454428
-0.00134179
-0.00472714
-0.00134146
-0.00491656
-0.00133966
-0.00511274
-0.00133632
-0.00531587
-0.00133138
-0.00552615
-0.00132478
-0.00574377
-0.00131647
-0.00596893
-0.0013064
-0.00620184
-0.00129453
-0.00644273
-0.00128082
-0.00669183
-0.00126523
-0.0069494
-0.00124772
-0.0072157
-0.00122825
-0.00749103
-0.0012068
-0.00777567
-0.00118332
-0.00806993
-0.00115777
-0.00837412
-0.00113013
-0.00868859
-0.00110036
-0.00901368
-0.00106842
-0.00934974
-0.00103427
-0.00969717
-0.000997878
-0.0100563
-0.000959211
-0.0104277
-0.000918229
-0.0108116
-0.000874895
-0.0112086
-0.00082917
-0.0116191
-0.000781016
-0.0120437
-0.000730396
-0.0124828
-0.00067727
-0.0129371
-0.000621599
-0.0134072
-0.000563345
-0.0138937
-0.000502467
-0.0143972
-0.00043893
-0.0149186
-0.000372694
-0.0154586
-0.000303727
-0.016018
-0.000231994
-0.0165976
-0.000157473
-0.0171985
-8.01333e-05
-0.0178215
-0.0184679
-0.00142713
-0.00436585
-0.00142869
-0.00454271
-0.0014289
-0.00472694
-0.00142767
-0.00491779
-0.00142492
-0.00511549
-0.00142058
-0.00532022
-0.00141457
-0.00553216
-0.00140685
-0.0057515
-0.00139735
-0.00597843
-0.00138602
-0.00621316
-0.00137283
-0.00645592
-0.00135773
-0.00670693
-0.00134067
-0.00696646
-0.00132161
-0.00723476
-0.00130052
-0.00751212
-0.00127735
-0.00779884
-0.00125207
-0.00809521
-0.00122464
-0.00840155
-0.00119502
-0.00871821
-0.00116318
-0.00904552
-0.00112907
-0.00938385
-0.00109267
-0.00973357
-0.00105392
-0.0100951
-0.0010128
-0.0104688
-0.000969271
-0.0108551
-0.000923287
-0.0112546
-0.000874811
-0.0116676
-0.000823804
-0.0120947
-0.000770227
-0.0125364
-0.000714038
-0.0129933
-0.000655198
-0.013466
-0.000593666
-0.0139552
-0.000529402
-0.0144615
-0.000462365
-0.0149856
-0.000392518
-0.0155284
-0.000319823
-0.0160907
-0.000244246
-0.0166732
-0.000165762
-0.017277
-8.4337e-05
-0.017903
-0.0185523
-0.00151437
-0.00436339
-0.00151507
-0.00454201
-0.0015144
-0.00472761
-0.00151224
-0.00491994
-0.00150852
-0.00511922
-0.00150315
-0.00532559
-0.00149608
-0.00553922
-0.00148725
-0.00576032
-0.0014766
-0.00598908
-0.00146408
-0.00622569
-0.00144962
-0.00647038
-0.00143318
-0.00672337
-0.0014147
-0.00698493
-0.00139415
-0.00725531
-0.00137148
-0.00753479
-0.00134665
-0.00782367
-0.00131961
-0.00812224
-0.00129034
-0.00843083
-0.00125879
-0.00874976
-0.00122492
-0.00907939
-0.00118869
-0.00942008
-0.00115007
-0.00977219
-0.00110902
-0.0101361
-0.00106549
-0.0105123
-0.00101945
-0.0109012
-0.000970859
-0.0113032
-0.000919677
-0.0117188
-0.000865863
-0.0121485
-0.000809375
-0.0125929
-0.000750174
-0.0130525
-0.000688216
-0.013528
-0.00062346
-0.01402
-0.000555864
-0.0145291
-0.000485387
-0.0150561
-0.000411989
-0.0156018
-0.00033563
-0.016167
-0.000256276
-0.0167526
-0.000173899
-0.0173594
-8.84634e-05
-0.0179884
-0.0186407
-0.00159989
-0.00436173
-0.00159968
-0.00454222
-0.00159806
-0.00472923
-0.00159493
-0.00492307
-0.00159025
-0.00512391
-0.00158392
-0.00533191
-0.00157589
-0.00554726
-0.00156606
-0.00577016
-0.00155435
-0.00600078
-0.0015407
-0.00623934
-0.00152503
-0.00648604
-0.0015073
-0.0067411
-0.00148746
-0.00700478
-0.00146545
-0.00727732
-0.00144124
-0.00755901
-0.00141478
-0.00785013
-0.00138602
-0.00815099
-0.00135494
-0.00846191
-0.00132148
-0.00878322
-0.00128562
-0.00911526
-0.0012473
-0.00945839
-0.0012065
-0.009813
-0.00116317
-0.0101795
-0.00111727
-0.0105582
-0.00106876
-0.0109497
-0.0010176
-0.0113543
-0.000963754
-0.0117726
-0.000907177
-0.0122051
-0.000847827
-0.0126523
-0.000785661
-0.0131147
-0.000720637
-0.013593
-0.000652711
-0.0140879
-0.000581841
-0.0146
-0.000507983
-0.01513
-0.000431096
-0.0156787
-0.00035114
-0.016247
-0.000268078
-0.0168356
-0.000181879
-0.0174456
-9.25101e-05
-0.0180778
-0.0187333
-0.00168348
-0.00436087
-0.00168235
-0.00454334
-0.00167986
-0.00473172
-0.00167595
-0.00492698
-0.00167051
-0.00512935
-0.0016634
-0.00533901
-0.00165452
-0.00555614
-0.00164375
-0.00578092
-0.00163102
-0.00601352
-0.00161625
-0.00625411
-0.00159938
-0.00650291
-0.00158036
-0.00676012
-0.00155915
-0.00702599
-0.00153568
-0.00730078
-0.00150993
-0.00758476
-0.00148184
-0.00787822
-0.00145137
-0.00818146
-0.00141848
-0.0084948
-0.00138313
-0.00881856
-0.00134529
-0.0091531
-0.00130491
-0.00949877
-0.00126194
-0.00985596
-0.00121636
-0.0102251
-0.00116812
-0.0106065
-0.00111718
-0.0110006
-0.00106349
-0.011408
-0.00100702
-0.0118291
-0.000947727
-0.0122644
-0.00088556
-0.0127144
-0.00082048
-0.0131798
-0.000752443
-0.0136611
-0.000681403
-0.0141589
-0.000607316
-0.0146741
-0.000530139
-0.0152072
-0.000449828
-0.015759
-0.000366342
-0.0163305
-0.000279643
-0.0169223
-0.000189699
-0.0175355
-9.64749e-05
-0.018171
-0.0188297
-0.00176524
-0.00436076
-0.00176352
-0.00454506
-0.00176052
-0.00473473
-0.00175604
-0.00493145
-0.00174992
-0.00513547
-0.00174199
-0.00534693
-0.00173217
-0.00556597
-0.00172036
-0.00579273
-0.00170651
-0.00602737
-0.00169056
-0.00627006
-0.00167244
-0.00652102
-0.00165211
-0.00678045
-0.0016295
-0.0070486
-0.00160458
-0.00732571
-0.00157728
-0.00761206
-0.00154757
-0.00790793
-0.00151541
-0.00821363
-0.00148075
-0.00852946
-0.00144354
-0.00885577
-0.00140376
-0.00919289
-0.00136134
-0.00954119
-0.00131627
-0.00990104
-0.00126848
-0.0102728
-0.00121795
-0.010657
-0.00116462
-0.011054
-0.00110846
-0.0114642
-0.00104942
-0.0118881
-0.000987456
-0.0123263
-0.00092253
-0.0127793
-0.000854593
-0.0132477
-0.000783601
-0.0137321
-0.000709508
-0.014233
-0.000632269
-0.0147513
-0.000551838
-0.0152876
-0.000468171
-0.0158427
-0.000381227
-0.0164174
-0.000290965
-0.0170126
-0.000197352
-0.0176292
-0.000100355
-0.018268
-0.0189301
-0.00184559
-0.0043613
-0.00184344
-0.00454722
-0.00183969
-0.00473848
-0.00183421
-0.00493694
-0.00182696
-0.00514272
-0.00181791
-0.00535599
-0.00180696
-0.00557692
-0.00179405
-0.00580564
-0.0017791
-0.00604232
-0.00176202
-0.00628714
-0.00174275
-0.0065403
-0.00172121
-0.006802
-0.00169733
-0.00707247
-0.00167107
-0.00735197
-0.00164237
-0.00764076
-0.00161118
-0.00793912
-0.00157745
-0.00824735
-0.00154114
-0.00856577
-0.0015022
-0.00889471
-0.00146058
-0.0092345
-0.00141625
-0.00958552
-0.00136916
-0.00994813
-0.00131927
-0.0103227
-0.00126653
-0.0107097
-0.00121091
-0.0111096
-0.00115235
-0.0115227
-0.00109082
-0.0119497
-0.00102627
-0.0123909
-0.000958661
-0.012847
-0.00088794
-0.0133184
-0.000814065
-0.0138059
-0.00073699
-0.0143101
-0.000656669
-0.0148316
-0.000573057
-0.0153712
-0.000486109
-0.0159296
-0.000395781
-0.0165077
-0.000302035
-0.0171063
-0.000204834
-0.0177264
-0.000104148
-0.0183687
-0.0190342
-0.00192338
-0.00191961
-0.00455098
-0.00191406
-0.00474403
-0.00190701
-0.00494399
-0.00189852
-0.00515121
-0.00188846
-0.00536605
-0.00187666
-0.00558871
-0.00186296
-0.00581933
-0.00184723
-0.00605805
-0.00182935
-0.00630502
-0.00180922
-0.00656043
-0.00178676
-0.00682446
-0.00176189
-0.00709734
-0.00173455
-0.00737931
-0.00170468
-0.00767063
-0.00167223
-0.00797158
-0.00163714
-0.00828245
-0.00159936
-0.00860355
-0.00155885
-0.00893522
-0.00151557
-0.00927779
-0.00146946
-0.00963162
-0.00142049
-0.0099971
-0.00136862
-0.0103746
-0.00131379
-0.0107646
-0.00125597
-0.0111674
-0.00119512
-0.0115836
-0.00113119
-0.0120136
-0.00106413
-0.0124579
-0.000993916
-0.0129172
-0.000920489
-0.0133919
-0.000843808
-0.0138826
-0.000763827
-0.0143901
-0.0006805
-0.0149149
-0.000593782
-0.0154579
-0.000503628
-0.0160198
-0.000409996
-0.0166014
-0.000312845
-0.0172035
-0.00021214
-0.0178271
-0.000107853
-0.018473
-0.0191421
-0.00199146
-0.00198488
-0.00475061
-0.00197719
-0.00495167
-0.00196823
-0.00516018
-0.00195774
-0.00537654
-0.00194547
-0.00560098
-0.00193122
-0.00583358
-0.00191484
-0.00607443
-0.00189621
-0.00632365
-0.00187524
-0.0065814
-0.00185185
-0.00684786
-0.00182595
-0.00712324
-0.00179749
-0.00740777
-0.0017664
-0.00770172
-0.00173263
-0.00800534
-0.00169613
-0.00831895
-0.00165685
-0.00864283
-0.00161473
-0.00897733
-0.00156975
-0.00932277
-0.00152184
-0.00967953
-0.00147097
-0.010048
-0.0014171
-0.0104285
-0.00136019
-0.0108215
-0.00130018
-0.0112274
-0.00123704
-0.0116467
-0.00117074
-0.0120799
-0.00110121
-0.0125275
-0.00102842
-0.01299
-0.000952335
-0.013468
-0.000872896
-0.0139621
-0.000790063
-0.0144729
-0.000703789
-0.0150012
-0.000614029
-0.0155477
-0.000520739
-0.0161131
-0.000423874
-0.0166982
-0.000323396
-0.017304
-0.000219269
-0.0179312
-0.000111467
-0.0185808
-0.0192535
-0.00205534
-0.00204808
-0.00203881
-0.00202753
-0.00201413
-0.00199854
-0.00198068
-0.00196051
-0.00193795
-0.00191294
-0.00188541
-0.00185531
-0.00182257
-0.00178714
-0.00174896
-0.00170799
-0.00166416
-0.00161744
-0.00156777
-0.00151509
-0.00145937
-0.00140056
-0.0013386
-0.00127345
-0.00120506
-0.00113339
-0.00105838
-0.000979984
-0.000898161
-0.00081286
-0.000724032
-0.000631633
-0.000535615
-0.000435938
-0.000332562
-0.000225455
-0.000114595
)
;

boundaryField
{
    inlet
    {
        type            calculated;
        value           nonuniform List<scalar> 
38
(
-0.00486683
-0.00504293
-0.00522541
-0.0054145
-0.00561042
-0.00581344
-0.0060238
-0.00624177
-0.00646763
-0.00670167
-0.00694417
-0.00719544
-0.00745581
-0.0077256
-0.00800516
-0.00829483
-0.00859498
-0.00890599
-0.00922826
-0.00956218
-0.00990819
-0.0102667
-0.0106382
-0.0110232
-0.0114221
-0.0118354
-0.0122636
-0.0127074
-0.0131672
-0.0136437
-0.0141374
-0.0146489
-0.015179
-0.0157283
-0.0162974
-0.0168871
-0.0174982
-0.0181314
)
;
    }
    outlet
    {
        type            calculated;
        value           nonuniform 0();
    }
    cylinder
    {
        type            calculated;
        value           nonuniform 0();
    }
    top
    {
        type            symmetryPlane;
        value           nonuniform 0();
    }
    bottom
    {
        type            symmetryPlane;
        value           uniform 0;
    }
    defaultFaces
    {
        type            empty;
        value           nonuniform 0();
    }
    procBoundary0to1
    {
        type            processor;
        value           nonuniform List<scalar> 
46
(
0.00661172
0.00689057
0.00718277
0.00748746
-0.000172251
0.0045402
0.00469732
0.00486168
0.00503336
0.00521178
0.00539723
0.00558948
0.00578868
4.96211e-05
0.00598248
0.0061968
0.00641871
0.00664837
0.00688667
0.00713296
0.00738787
0.00765178
0.00792495
0.00820772
0.0085004
0.00880334
0.0091169
0.00944144
0.00977737
0.0101253
0.0104852
0.0108578
0.0112436
0.0116431
0.0120569
0.0124854
0.0129294
0.0133894
0.0138662
0.0143605
0.0148732
0.0154051
0.0159571
0.0165303
0.0171255
0.0177444
)
;
    }
    procBoundary0to4
    {
        type            processor;
        value           nonuniform List<scalar> 
56
(
0.00192513
-0.00588213
0.00184613
0.00164309
0.00156446
0.00148406
-0.00598685
0.00129543
0.00121594
-0.0059492
0.001041
0.00096268
0.000882984
-0.00597243
0.000724537
0.000646467
0.000567228
0.000486867
-0.00601065
0.00034823
0.000270047
0.000190932
0.000110934
3.01043e-05
-5.15174e-05
-0.00604146
-0.000162912
-0.00166578
-0.00155011
-0.00154332
-0.00144115
-0.00139476
-0.00130103
-0.0012368
-0.00114726
-0.00107593
-0.000990356
-0.000917958
-0.000837308
-0.000767318
-0.00069243
-0.000626688
-0.000557905
-0.000497104
-0.000434076
-0.000377788
-0.000319359
-0.000266113
-0.000209847
-0.000156228
-9.68244e-05
-3.50669e-05
-0.00436306
0.00199721
-0.00455673
0.00206041
)
;
    }
    procBoundary0to5
    {
        type            processor;
        value           nonuniform List<scalar> 3(0.0060705 0.00632 -0.000190365);
    }
}


// ************************************************************************* //
