/*--------------------------------*- C++ -*----------------------------------*\
  =========                 |
  \\      /  F ield         | OpenFOAM: The Open Source CFD Toolbox
   \\    /   O peration     | Website:  https://openfoam.org
    \\  /    A nd           | Version:  7
     \\/     M anipulation  |
\*---------------------------------------------------------------------------*/
FoamFile
{
    version     2.0;
    format      ascii;
    class       volVectorField;
    location    "155";
    object      U;
}
// * * * * * * * * * * * * * * * * * * * * * * * * * * * * * * * * * * * * * //

dimensions      [0 1 -1 0 0 0 0];

internalField   nonuniform List<vector> 
1989
(
(0.776441 -0.068076 0)
(0.757579 -0.0396839 0)
(0.74051 -0.00974654 0)
(0.729129 0.0235386 0)
(0.727013 0.0609754 0)
(0.735594 0.101618 0)
(0.753874 0.143185 0)
(0.779275 0.183295 0)
(0.808804 0.220626 0)
(0.839981 0.255361 0)
(0.871424 0.288703 0)
(0.903234 0.321386 0)
(0.937029 0.351798 0)
(0.974798 0.375491 0)
(1.01653 0.38695 0)
(1.05974 0.380741 0)
(1.10194 0.350004 0)
(1.14202 0.286831 0)
(1.17923 0.188538 0)
(1.21056 0.0651485 0)
(1.2298 -0.0615052 0)
(1.23163 -0.168903 0)
(1.21589 -0.244815 0)
(1.18703 -0.289028 0)
(1.15102 -0.308525 0)
(1.11285 -0.311742 0)
(1.07561 -0.305494 0)
(1.04044 -0.294374 0)
(1.0074 -0.280784 0)
(1.29889 -0.0794303 0)
(1.29665 -0.0993987 0)
(1.29181 -0.119894 0)
(1.28422 -0.140447 0)
(1.27383 -0.160562 0)
(1.26072 -0.179753 0)
(1.24504 -0.19757 0)
(1.22704 -0.213625 0)
(1.20706 -0.227604 0)
(1.18543 -0.23928 0)
(1.16253 -0.248512 0)
(1.13873 -0.255235 0)
(1.11434 -0.259452 0)
(1.08967 -0.261218 0)
(1.06495 -0.260616 0)
(1.04039 -0.257751 0)
(1.01614 -0.252724 0)
(0.992312 -0.245624 0)
(0.968983 -0.236522 0)
(0.946215 -0.225452 0)
(0.92407 -0.212403 0)
(0.902619 -0.197336 0)
(0.881907 -0.180215 0)
(0.86201 -0.160912 0)
(0.843202 -0.139105 0)
(0.825826 -0.11456 0)
(0.809739 -0.0877052 0)
(0.794064 -0.0596918 0)
(0.77807 -0.0315007 0)
(0.762588 -0.00293519 0)
(0.750446 0.0273086 0)
(0.745204 0.0604376 0)
(0.749268 0.0964799 0)
(0.762888 0.134133 0)
(0.784381 0.171569 0)
(0.811124 0.207501 0)
(0.840624 0.241757 0)
(0.87136 0.274935 0)
(0.903348 0.307085 0)
(0.938057 0.336247 0)
(0.976941 0.358418 0)
(1.01947 0.368983 0)
(1.06336 0.362908 0)
(1.10657 0.333029 0)
(1.14843 0.271047 0)
(1.18814 0.174656 0)
(1.22146 0.0551051 0)
(1.24094 -0.0654668 0)
(1.24144 -0.165995 0)
(1.22382 -0.236109 0)
(1.19341 -0.276662 0)
(1.15644 -0.294623 0)
(1.11782 -0.297813 0)
(1.08044 -0.292303 0)
(1.04536 -0.282115 0)
(1.01253 -0.269425 0)
(1.28657 -0.078504 0)
(1.28394 -0.0969092 0)
(1.27898 -0.115749 0)
(1.27157 -0.13462 0)
(1.26166 -0.153095 0)
(1.24928 -0.17075 0)
(1.23458 -0.187188 0)
(1.21777 -0.202058 0)
(1.1991 -0.215074 0)
(1.17889 -0.226015 0)
(1.15745 -0.234736 0)
(1.13511 -0.241158 0)
(1.11215 -0.24526 0)
(1.08885 -0.247066 0)
(1.06545 -0.246632 0)
(1.04212 -0.244033 0)
(1.01904 -0.239345 0)
(0.99631 -0.232638 0)
(0.974042 -0.223964 0)
(0.952306 -0.213354 0)
(0.931181 -0.200797 0)
(0.910758 -0.186252 0)
(0.891119 -0.169681 0)
(0.872347 -0.151001 0)
(0.854668 -0.129975 0)
(0.838493 -0.106319 0)
(0.824025 -0.0801693 0)
(0.81075 -0.0524252 0)
(0.79771 -0.0243069 0)
(0.784688 0.00360592 0)
(0.773198 0.0318662 0)
(0.766138 0.0615747 0)
(0.766328 0.0933913 0)
(0.775125 0.126966 0)
(0.791991 0.161224 0)
(0.815041 0.195156 0)
(0.842066 0.228374 0)
(0.871569 0.260892 0)
(0.903466 0.292094 0)
(0.938862 0.319773 0)
(0.97855 0.340417 0)
(1.02162 0.350151 0)
(1.066 0.344129 0)
(1.11027 0.314764 0)
(1.15432 0.253578 0)
(1.19681 0.159242 0)
(1.23179 0.0443133 0)
(1.25088 -0.0692628 0)
(1.24962 -0.162291 0)
(1.23007 -0.226413 0)
(1.19831 -0.263396 0)
(1.1607 -0.279999 0)
(1.12194 -0.28332 0)
(1.0847 -0.278668 0)
(1.0499 -0.269501 0)
(1.01744 -0.257763 0)
(1.27447 -0.077221 0)
(1.27153 -0.0941782 0)
(1.26652 -0.111489 0)
(1.25931 -0.128806 0)
(1.24986 -0.14576 0)
(1.23819 -0.161983 0)
(1.22442 -0.177123 0)
(1.20871 -0.190867 0)
(1.1913 -0.20295 0)
(1.17243 -0.213166 0)
(1.15239 -0.221366 0)
(1.13145 -0.227461 0)
(1.10988 -0.23141 0)
(1.08793 -0.233216 0)
(1.06582 -0.232908 0)
(1.04373 -0.230537 0)
(1.02182 -0.226157 0)
(1.00022 -0.21982 0)
(0.97903 -0.211563 0)
(0.958348 -0.201411 0)
(0.938264 -0.189355 0)
(0.918882 -0.175358 0)
(0.900315 -0.159375 0)
(0.882667 -0.141351 0)
(0.866126 -0.121133 0)
(0.851077 -0.0984717 0)
(0.837916 -0.0733106 0)
(0.82655 -0.0462146 0)
(0.816192 -0.0183228 0)
(0.806049 0.00932441 0)
(0.796431 0.0365072 0)
(0.789145 0.0638499 0)
(0.786745 0.0921934 0)
(0.79125 0.121902 0)
(0.803239 0.152705 0)
(0.821853 0.18407 0)
(0.845542 0.215585 0)
(0.873095 0.246797 0)
(0.904357 0.276538 0)
(0.939941 0.302478 0)
(0.979964 0.321572 0)
(1.02323 0.330473 0)
(1.068 0.324292 0)
(1.11363 0.294998 0)
(1.16034 0.234326 0)
(1.20556 0.14239 0)
(1.24147 0.0329888 0)
(1.25935 -0.0726429 0)
(1.25588 -0.15765 0)
(1.23441 -0.215714 0)
(1.20158 -0.2493 0)
(1.16371 -0.264754 0)
(1.12517 -0.268359 0)
(1.08833 -0.264668 0)
(1.05403 -0.256594 0)
(1.0221 -0.245848 0)
(1.26267 -0.0756207 0)
(1.2595 -0.0912387 0)
(1.25447 -0.107137 0)
(1.24747 -0.123018 0)
(1.23847 -0.138563 0)
(1.22748 -0.15345 0)
(1.21458 -0.167371 0)
(1.19992 -0.180045 0)
(1.18368 -0.191232 0)
(1.16609 -0.200735 0)
(1.14738 -0.208409 0)
(1.12779 -0.214157 0)
(1.10757 -0.217924 0)
(1.08694 -0.219694 0)
(1.06611 -0.219476 0)
(1.04525 -0.217298 0)
(1.02451 -0.213197 0)
(1.00404 -0.207208 0)
(0.983944 -0.199357 0)
(0.96433 -0.189661 0)
(0.9453 -0.178112 0)
(0.926969 -0.164681 0)
(0.909469 -0.149323 0)
(0.892931 -0.131993 0)
(0.877525 -0.112602 0)
(0.863574 -0.090975 0)
(0.851529 -0.0669809 0)
(0.841616 -0.0408872 0)
(0.833429 -0.0135669 0)
(0.826095 0.0138328 0)
(0.819111 0.0405251 0)
(0.813112 0.0665028 0)
(0.80985 0.0923749 0)
(0.811362 0.118834 0)
(0.818996 0.14626 0)
(0.832967 0.174676 0)
(0.852678 0.203823 0)
(0.877497 0.232994 0)
(0.907322 0.260683 0)
(0.942309 0.284574 0)
(0.982004 0.302024 0)
(1.02506 0.309976 0)
(1.07026 0.303272 0)
(1.11772 0.273517 0)
(1.16735 0.213185 0)
(1.21469 0.124262 0)
(1.25035 0.0215043 0)
(1.26601 -0.0752826 0)
(1.25993 -0.151925 0)
(1.23666 -0.204028 0)
(1.20313 -0.23448 0)
(1.16541 -0.24902 0)
(1.12745 -0.25305 0)
(1.09131 -0.250394 0)
(1.05771 -0.243464 0)
(1.02648 -0.23374 0)
(1.25122 -0.0737377 0)
(1.24787 -0.0881169 0)
(1.24286 -0.102712 0)
(1.23609 -0.117266 0)
(1.22752 -0.131505 0)
(1.21717 -0.145148 0)
(1.2051 -0.157926 0)
(1.19142 -0.169589 0)
(1.1763 -0.179915 0)
(1.15991 -0.188724 0)
(1.14246 -0.195872 0)
(1.12417 -0.201259 0)
(1.10526 -0.204821 0)
(1.08591 -0.206524 0)
(1.06633 -0.206364 0)
(1.04668 -0.204349 0)
(1.02712 -0.2005 0)
(1.00778 -0.194839 0)
(0.988781 -0.187382 0)
(0.970242 -0.178139 0)
(0.952273 -0.167104 0)
(0.934997 -0.154253 0)
(0.918555 -0.139548 0)
(0.903102 -0.122949 0)
(0.88881 -0.104407 0)
(0.875944 -0.0838215 0)
(0.86492 -0.0610748 0)
(0.856126 -0.0362468 0)
(0.849545 -0.00989291 0)
(0.844564 0.016994 0)
(0.840376 0.0433755 0)
(0.836722 0.0686986 0)
(0.834335 0.0931052 0)
(0.834704 0.117219 0)
(0.839375 0.141748 0)
(0.84936 0.167166 0)
(0.865059 0.193468 0)
(0.88661 0.219926 0)
(0.914158 0.244966 0)
(0.947616 0.266438 0)
(0.986202 0.282027 0)
(1.02867 0.288709 0)
(1.07445 0.280893 0)
(1.12404 0.250109 0)
(1.1762 0.190231 0)
(1.22428 0.105311 0)
(1.25805 0.0104238 0)
(1.27043 -0.0767987 0)
(1.26148 -0.144997 0)
(1.23666 -0.191425 0)
(1.20289 -0.219086 0)
(1.16578 -0.232955 0)
(1.12878 -0.237529 0)
(1.09363 -0.235948 0)
(1.06092 -0.230185 0)
(1.03054 -0.221501 0)
(1.24015 -0.0716054 0)
(1.23667 -0.0848381 0)
(1.23171 -0.0982292 0)
(1.22518 -0.111558 0)
(1.21704 -0.124588 0)
(1.20729 -0.137076 0)
(1.196 -0.148785 0)
(1.18325 -0.159491 0)
(1.16917 -0.168997 0)
(1.15392 -0.177132 0)
(1.13768 -0.18376 0)
(1.12063 -0.188778 0)
(1.10296 -0.192115 0)
(1.08486 -0.193729 0)
(1.06651 -0.193598 0)
(1.04805 -0.191719 0)
(1.02965 -0.188099 0)
(1.01143 -0.182747 0)
(0.993535 -0.175673 0)
(0.976071 -0.16688 0)
(0.959162 -0.156362 0)
(0.942938 -0.144103 0)
(0.927545 -0.130072 0)
(0.913149 -0.114237 0)
(0.899932 -0.0965699 0)
(0.888126 -0.0770256 0)
(0.87808 -0.0555383 0)
(0.870213 -0.0321159 0)
(0.864771 -0.00704958 0)
(0.861516 0.01892 0)
(0.859757 0.0448076 0)
(0.858811 0.0697548 0)
(0.858562 0.0934326 0)
(0.859677 0.116131 0)
(0.863362 0.138528 0)
(0.87092 0.161288 0)
(0.883465 0.184619 0)
(0.90187 0.207942 0)
(0.926682 0.229859 0)
(0.957863 0.248526 0)
(0.994669 0.261872 0)
(1.03626 0.2667 0)
(1.08265 0.257017 0)
(1.13402 0.224835 0)
(1.18728 0.165996 0)
(1.23392 0.0863678 0)
(1.26392 0.000457088 0)
(1.27212 -0.0768193 0)
(1.26028 -0.136819 0)
(1.23436 -0.178045 0)
(1.20089 -0.203318 0)
(1.16486 -0.216745 0)
(1.12918 -0.221943 0)
(1.09528 -0.221442 0)
(1.06366 -0.216839 0)
(1.03426 -0.209194 0)
(1.22947 -0.069257 0)
(1.22592 -0.0814283 0)
(1.22104 -0.0937076 0)
(1.21475 -0.105905 0)
(1.20703 -0.117817 0)
(1.19786 -0.129232 0)
(1.1873 -0.139942 0)
(1.17542 -0.149749 0)
(1.16233 -0.158473 0)
(1.14815 -0.165959 0)
(1.13305 -0.172076 0)
(1.11718 -0.176722 0)
(1.10072 -0.179822 0)
(1.08382 -0.181326 0)
(1.06665 -0.181202 0)
(1.04937 -0.179436 0)
(1.03211 -0.176023 0)
(1.01501 -0.170964 0)
(0.998199 -0.164261 0)
(0.981804 -0.155914 0)
(0.965949 -0.145917 0)
(0.950767 -0.134258 0)
(0.936407 -0.120917 0)
(0.923039 -0.10587 0)
(0.910852 -0.0891019 0)
(0.900065 -0.0706033 0)
(0.890966 -0.050359 0)
(0.883938 -0.028376 0)
(0.879327 -0.00480479 0)
(0.877213 0.0198784 0)
(0.87723 0.0448898 0)
(0.878699 0.0693328 0)
(0.881061 0.0925789 0)
(0.884265 0.114527 0)
(0.888903 0.13557 0)
(0.896073 0.156273 0)
(0.907123 0.1769 0)
(0.923365 0.197046 0)
(0.945731 0.215627 0)
(0.974463 0.231176 0)
(1.0092 0.241785 0)
(1.04971 0.244025 0)
(1.09626 0.231819 0)
(1.14803 0.198317 0)
(1.1999 0.141556 0)
(1.24246 0.0685492 0)
(1.26702 -0.00764831 0)
(1.27058 -0.0750805 0)
(1.25618 -0.127467 0)
(1.22978 -0.164112 0)
(1.19723 -0.187414 0)
(1.16272 -0.200588 0)
(1.12869 -0.206445 0)
(1.09628 -0.206988 0)
(1.06593 -0.203507 0)
(1.03764 -0.196887 0)
(1.21923 -0.0667247 0)
(1.21564 -0.0779125 0)
(1.21086 -0.0891647 0)
(1.20483 -0.100318 0)
(1.1975 -0.111196 0)
(1.18889 -0.121615 0)
(1.17903 -0.131393 0)
(1.16796 -0.140355 0)
(1.15579 -0.148339 0)
(1.14263 -0.155201 0)
(1.12861 -0.16082 0)
(1.11386 -0.165096 0)
(1.09854 -0.167951 0)
(1.0828 -0.169331 0)
(1.06678 -0.169196 0)
(1.05064 -0.167523 0)
(1.0345 -0.1643 0)
(1.0185 -0.159519 0)
(1.00276 -0.153178 0)
(0.987426 -0.145273 0)
(0.972611 -0.135798 0)
(0.958456 -0.124745 0)
(0.945109 -0.112103 0)
(0.932739 -0.0978593 0)
(0.921536 -0.082009 0)
(0.911712 -0.0645623 0)
(0.90352 -0.0455411 0)
(0.89728 -0.0249798 0)
(0.893345 -0.00298461 0)
(0.891968 0.0201692 0)
(0.893093 0.0439115 0)
(0.896299 0.0674834 0)
(0.900987 0.0901745 0)
(0.906726 0.111601 0)
(0.913558 0.131801 0)
(0.922121 0.151046 0)
(0.933554 0.169469 0)
(0.949195 0.186755 0)
(0.970147 0.202118 0)
(0.996969 0.214426 0)
(1.02984 0.221875 0)
(1.06904 0.220936 0)
(1.11467 0.20597 0)
(1.16451 0.171775 0)
(1.21205 0.118365 0)
(1.24822 0.0530034 0)
(1.26637 -0.0133346 0)
(1.26547 -0.0715382 0)
(1.24923 -0.117174 0)
(1.22312 -0.149928 0)
(1.19207 -0.17164 0)
(1.1595 -0.184689 0)
(1.12739 -0.191188 0)
(1.09667 -0.1927 0)
(1.06774 -0.190272 0)
(1.04065 -0.184643 0)
(1.20942 -0.0640377 0)
(1.20584 -0.0743136 0)
(1.20118 -0.0846161 0)
(1.1954 -0.0948046 0)
(1.18847 -0.104726 0)
(1.18039 -0.114222 0)
(1.17117 -0.123133 0)
(1.16088 -0.131303 0)
(1.14957 -0.138587 0)
(1.13736 -0.144855 0)
(1.12436 -0.149992 0)
(1.11067 -0.153903 0)
(1.09645 -0.156511 0)
(1.08181 -0.157757 0)
(1.06691 -0.157598 0)
(1.05187 -0.156004 0)
(1.03682 -0.152955 0)
(1.0219 -0.14844 0)
(1.00722 -0.142451 0)
(0.992922 -0.134982 0)
(0.979128 -0.126028 0)
(0.965978 -0.115585 0)
(0.953618 -0.103648 0)
(0.942213 -0.0902159 0)
(0.931949 -0.0752933 0)
(0.923031 -0.0589033 0)
(0.915691 -0.0410881 0)
(0.910196 -0.0219124 0)
(0.906864 -0.00147145 0)
(0.905995 0.0200343 0)
(0.907735 0.0422265 0)
(0.91195 0.0645292 0)
(0.918242 0.0863018 0)
(0.926143 0.107042 0)
(0.935409 0.12651 0)
(0.946252 0.144645 0)
(0.959394 0.161344 0)
(0.975868 0.176259 0)
(0.996667 0.188781 0)
(1.02251 0.197986 0)
(1.05396 0.202144 0)
(1.09151 0.1979 0)
(1.13468 0.180552 0)
(1.1801 0.146722 0)
(1.22091 0.0978226 0)
(1.24946 0.0405535 0)
(1.26131 -0.0164267 0)
(1.25682 -0.066431 0)
(1.23974 -0.106316 0)
(1.2147 -0.135842 0)
(1.18567 -0.156263 0)
(1.15536 -0.16924 0)
(1.12536 -0.17631 0)
(1.09648 -0.178684 0)
(1.06909 -0.177215 0)
(1.04331 -0.172526 0)
(1.20007 -0.0612227 0)
(1.19651 -0.0706521 0)
(1.192 -0.0800762 0)
(1.18647 -0.0893735 0)
(1.17992 -0.0984117 0)
(1.17234 -0.107053 0)
(1.16373 -0.115157 0)
(1.15416 -0.122587 0)
(1.14367 -0.129213 0)
(1.13235 -0.134916 0)
(1.1203 -0.139591 0)
(1.10763 -0.143147 0)
(1.09444 -0.145509 0)
(1.08087 -0.146616 0)
(1.06703 -0.146423 0)
(1.05306 -0.144896 0)
(1.03908 -0.14201 0)
(1.0252 -0.137749 0)
(1.01156 -0.132103 0)
(0.998273 -0.125065 0)
(0.985477 -0.116631 0)
(0.973305 -0.106798 0)
(0.961901 -0.0955683 0)
(0.951426 -0.0829493 0)
(0.942056 -0.0689561 0)
(0.933989 -0.0536206 0)
(0.927437 -0.0369973 0)
(0.922639 -0.0191707 0)
(0.919861 -0.00024375 0)
(0.919389 0.0196129 0)
(0.921456 0.0401255 0)
(0.926125 0.0608733 0)
(0.933244 0.0813411 0)
(0.942506 0.101033 0)
(0.953639 0.11956 0)
(0.966621 0.136612 0)
(0.981787 0.151854 0)
(0.999749 0.164836 0)
(1.0212 0.174986 0)
(1.04677 0.181454 0)
(1.0771 0.182597 0)
(1.11247 0.175511 0)
(1.15174 0.156712 0)
(1.191 0.124437 0)
(1.22406 0.080796 0)
(1.2452 0.0314051 0)
(1.25186 -0.0172202 0)
(1.2451 -0.0602499 0)
(1.22823 -0.0953557 0)
(1.20495 -0.122204 0)
(1.17832 -0.141523 0)
(1.15047 -0.154402 0)
(1.12272 -0.16193 0)
(1.09578 -0.165034 0)
(1.07001 -0.164415 0)
(1.04562 -0.160598 0)
(1.19114 -0.0583043 0)
(1.18764 -0.0669476 0)
(1.18328 -0.0755588 0)
(1.17802 -0.0840325 0)
(1.17183 -0.0922545 0)
(1.16472 -0.100104 0)
(1.1567 -0.10746 0)
(1.1478 -0.1142 0)
(1.13808 -0.120209 0)
(1.1276 -0.12538 0)
(1.11645 -0.129615 0)
(1.10473 -0.132829 0)
(1.09253 -0.13495 0)
(1.07997 -0.135917 0)
(1.06716 -0.135685 0)
(1.05422 -0.134216 0)
(1.04126 -0.131483 0)
(1.0284 -0.127468 0)
(1.01576 -0.122158 0)
(1.00346 -0.115544 0)
(0.991637 -0.107624 0)
(0.980412 -0.0983986 0)
(0.969929 -0.087875 0)
(0.960344 -0.0760667 0)
(0.951823 -0.0629977 0)
(0.944551 -0.0487074 0)
(0.938725 -0.0332606 0)
(0.934562 -0.0167445 0)
(0.932293 0.000717979 0)
(0.932164 0.0189742 0)
(0.934415 0.0377923 0)
(0.939206 0.056851 0)
(0.946562 0.0757467 0)
(0.956368 0.0940419 0)
(0.968464 0.111305 0)
(0.982771 0.127095 0)
(0.999386 0.140922 0)
(1.01856 0.152239 0)
(1.04065 0.160431 0)
(1.06604 0.164645 0)
(1.09512 0.163386 0)
(1.12773 0.154362 0)
(1.16222 0.135286 0)
(1.19483 0.105547 0)
(1.22062 0.0673652 0)
(1.23572 0.0251505 0)
(1.23882 -0.0163574 0)
(1.23117 -0.0536046 0)
(1.21541 -0.0847466 0)
(1.19435 -0.109309 0)
(1.17033 -0.127608 0)
(1.14503 -0.140304 0)
(1.11958 -0.148146 0)
(1.09461 -0.151834 0)
(1.07054 -0.151943 0)
(1.04758 -0.148916 0)
(1.18263 -0.0553066 0)
(1.17921 -0.0632192 0)
(1.17502 -0.0710776 0)
(1.17001 -0.0787904 0)
(1.16418 -0.0862584 0)
(1.15752 -0.093377 0)
(1.15005 -0.100039 0)
(1.14179 -0.106138 0)
(1.13278 -0.111571 0)
(1.1231 -0.116242 0)
(1.1128 -0.120061 0)
(1.10198 -0.122948 0)
(1.09072 -0.124837 0)
(1.07912 -0.125668 0)
(1.06729 -0.125394 0)
(1.05534 -0.123978 0)
(1.04336 -0.121392 0)
(1.03148 -0.117614 0)
(1.01982 -0.112631 0)
(1.00848 -0.106435 0)
(0.997585 -0.0990238 0)
(0.987272 -0.0904011 0)
(0.977673 -0.0805774 0)
(0.968935 -0.0695726 0)
(0.961215 -0.0574165 0)
(0.954684 -0.0441564 0)
(0.949528 -0.0298613 0)
(0.945939 -0.0146219 0)
(0.944119 0.00143395 0)
(0.944286 0.0181512 0)
(0.946654 0.0353223 0)
(0.951403 0.0526775 0)
(0.958645 0.0698862 0)
(0.968402 0.0865707 0)
(0.980634 0.102312 0)
(0.995298 0.116631 0)
(1.01239 0.12898 0)
(1.03193 0.138756 0)
(1.054 0.145302 0)
(1.0787 0.147764 0)
(1.10604 0.144856 0)
(1.13542 0.134916 0)
(1.16499 0.116597 0)
(1.19155 0.0899551 0)
(1.2115 0.0569679 0)
(1.22235 0.0209621 0)
(1.2235 -0.0146096 0)
(1.21605 -0.047061 0)
(1.20197 -0.0748423 0)
(1.18334 -0.0973603 0)
(1.16197 -0.114639 0)
(1.13921 -0.12703 0)
(1.11603 -0.135028 0)
(1.09305 -0.139152 0)
(1.07069 -0.139863 0)
(1.04922 -0.137538 0)
(1.17452 -0.0522528 0)
(1.17119 -0.0594858 0)
(1.16717 -0.0666469 0)
(1.16243 -0.0736567 0)
(1.15694 -0.0804288 0)
(1.15072 -0.0868722 0)
(1.14377 -0.0928932 0)
(1.13611 -0.0983981 0)
(1.12778 -0.103296 0)
(1.11884 -0.107499 0)
(1.10935 -0.110927 0)
(1.09937 -0.113507 0)
(1.089 -0.115174 0)
(1.07832 -0.115874 0)
(1.06742 -0.115559 0)
(1.05641 -0.114194 0)
(1.04539 -0.111748 0)
(1.03445 -0.108201 0)
(1.02372 -0.103539 0)
(1.01329 -0.0977528 0)
(1.0033 -0.0908427 0)
(0.993862 -0.0828142 0)
(0.985105 -0.0736814 0)
(0.977169 -0.0634678 0)
(0.970201 -0.0522097 0)
(0.96436 -0.0399571 0)
(0.959814 -0.0267831 0)
(0.956739 -0.0127825 0)
(0.955315 0.0019189 0)
(0.955728 0.0171666 0)
(0.958165 0.0327642 0)
(0.962794 0.0484694 0)
(0.969749 0.0639933 0)
(0.979114 0.0790012 0)
(0.990925 0.0931041 0)
(1.00518 0.105839 0)
(1.02184 0.116663 0)
(1.04083 0.124976 0)
(1.06204 0.130116 0)
(1.08534 0.131278 0)
(1.11039 0.127418 0)
(1.13632 0.117402 0)
(1.16136 0.100511 0)
(1.183 0.0770957 0)
(1.19871 0.0487724 0)
(1.2069 0.0180073 0)
(1.20729 -0.0126145 0)
(1.20068 -0.0410157 0)
(1.1885 -0.0658519 0)
(1.1723 -0.0864605 0)
(1.15348 -0.102673 0)
(1.13316 -0.114627 0)
(1.11218 -0.122626 0)
(1.09116 -0.12704 0)
(1.07051 -0.128232 0)
(1.05053 -0.126515 0)
(1.16677 -0.049166 0)
(1.16357 -0.0557666 0)
(1.15973 -0.0622817 0)
(1.15525 -0.0686419 0)
(1.1501 -0.0747721 0)
(1.14429 -0.0805928 0)
(1.13783 -0.0860222 0)
(1.13074 -0.0909779 0)
(1.12306 -0.0953789 0)
(1.11482 -0.0991476 0)
(1.10608 -0.102211 0)
(1.09691 -0.104503 0)
(1.08738 -0.105963 0)
(1.07756 -0.106539 0)
(1.06756 -0.106187 0)
(1.05744 -0.104871 0)
(1.04732 -0.102563 0)
(1.03729 -0.099241 0)
(1.02745 -0.0948914 0)
(1.0179 -0.0895072 0)
(1.00877 -0.0830888 0)
(1.00016 -0.0756438 0)
(0.992202 -0.067189 0)
(0.985021 -0.057751 0)
(0.978756 -0.0473695 0)
(0.973551 -0.0360984 0)
(0.969561 -0.0240107 0)
(0.966942 -0.0112041 0)
(0.965855 0.00219794 0)
(0.966464 0.0160453 0)
(0.968927 0.0301507 0)
(0.973391 0.0442892 0)
(0.97998 0.0581963 0)
(0.988791 0.071567 0)
(0.999881 0.0840429 0)
(1.01327 0.0951972 0)
(1.0289 0.104529 0)
(1.04666 0.111478 0)
(1.06634 0.115425 0)
(1.08765 0.11566 0)
(1.11007 0.111375 0)
(1.13262 0.101823 0)
(1.15377 0.0866542 0)
(1.1716 0.0662986 0)
(1.18437 0.0420263 0)
(1.19098 0.015695 0)
(1.19124 -0.0107604 0)
(1.18572 -0.0356665 0)
(1.17541 -0.0578476 0)
(1.16149 -0.0766252 0)
(1.14503 -0.0917153 0)
(1.12699 -0.103109 0)
(1.10812 -0.110967 0)
(1.08899 -0.115538 0)
(1.07003 -0.117096 0)
(1.05156 -0.115896 0)
(1.15939 -0.0460682 0)
(1.15632 -0.0520804 0)
(1.15267 -0.0579968 0)
(1.14845 -0.063757 0)
(1.14363 -0.0692954 0)
(1.13823 -0.0745426 0)
(1.13224 -0.079427 0)
(1.12569 -0.0838764 0)
(1.1186 -0.0878192 0)
(1.11102 -0.0911862 0)
(1.103 -0.0939119 0)
(1.09458 -0.0959358 0)
(1.08584 -0.0972031 0)
(1.07685 -0.0976653 0)
(1.06769 -0.0972811 0)
(1.05843 -0.0960158 0)
(1.04916 -0.0938423 0)
(1.03999 -0.0907403 0)
(1.031 -0.0866964 0)
(1.02229 -0.0817048 0)
(1.01397 -0.0757669 0)
(1.00615 -0.0688921 0)
(0.998942 -0.0610991 0)
(0.992468 -0.0524169 0)
(0.986855 -0.0428868 0)
(0.982235 -0.0325659 0)
(0.978746 -0.0215266 0)
(0.976529 -0.00986742 0)
(0.975727 0.00229543 0)
(0.976482 0.0148147 0)
(0.978929 0.0275124 0)
(0.98319 0.0401779 0)
(0.989374 0.0525661 0)
(0.997561 0.0643945 0)
(1.0078 0.0753343 0)
(1.02011 0.0849998 0)
(1.03443 0.0929442 0)
(1.0506 0.0986677 0)
(1.0684 0.101625 0)
(1.08744 0.101222 0)
(1.10713 0.0968568 0)
(1.12655 0.0880389 0)
(1.14444 0.0746264 0)
(1.15935 0.057025 0)
(1.17002 0.0362263 0)
(1.17564 0.0136463 0)
(1.17604 -0.00923471 0)
(1.17158 -0.0310591 0)
(1.16297 -0.0508048 0)
(1.15107 -0.067813 0)
(1.13676 -0.0817372 0)
(1.12082 -0.0924701 0)
(1.10392 -0.100066 0)
(1.0866 -0.104676 0)
(1.06929 -0.106495 0)
(1.0523 -0.105723 0)
(1.15236 -0.0429805 0)
(1.14943 -0.0484451 0)
(1.14598 -0.053807 0)
(1.14202 -0.0590132 0)
(1.13752 -0.0640063 0)
(1.1325 -0.0687259 0)
(1.12696 -0.0731094 0)
(1.12092 -0.0770932 0)
(1.11441 -0.0806144 0)
(1.10745 -0.0836116 0)
(1.1001 -0.0860263 0)
(1.09239 -0.0878039 0)
(1.0844 -0.0888944 0)
(1.07618 -0.0892536 0)
(1.06781 -0.088843 0)
(1.05936 -0.0876303 0)
(1.05091 -0.08559 0)
(1.04255 -0.0827031 0)
(1.03436 -0.0789575 0)
(1.02644 -0.0743483 0)
(1.01889 -0.0688781 0)
(1.01181 -0.0625577 0)
(1.00531 -0.0554072 0)
(0.999493 -0.0474571 0)
(0.994481 -0.0387501 0)
(0.990393 -0.0293431 0)
(0.987354 -0.0193103 0)
(0.985487 -0.00874386 0)
(0.98492 0.00224153 0)
(0.985775 0.0135055 0)
(0.988165 0.0248808 0)
(0.992194 0.0361709 0)
(0.997946 0.0471484 0)
(1.00548 0.0575522 0)
(1.01484 0.0670828 0)
(1.02601 0.0753953 0)
(1.03892 0.0820981 0)
(1.0534 0.0867595 0)
(1.06921 0.0889174 0)
(1.08596 0.0880963 0)
(1.10305 0.0838509 0)
(1.11969 0.0758668 0)
(1.13485 0.0641062 0)
(1.14744 0.0489248 0)
(1.1565 0.0311067 0)
(1.16141 0.0117162 0)
(1.16198 -0.00806246 0)
(1.15845 -0.0271424 0)
(1.15129 -0.0446446 0)
(1.14116 -0.0599507 0)
(1.12875 -0.0726879 0)
(1.11472 -0.0826861 0)
(1.09966 -0.0899216 0)
(1.08407 -0.0944686 0)
(1.06834 -0.0964551 0)
(1.0528 -0.096031 0)
(1.14568 -0.0399226 0)
(1.1429 -0.0448778 0)
(1.13966 -0.0497262 0)
(1.13595 -0.054421 0)
(1.13176 -0.0589123 0)
(1.12711 -0.0631471 0)
(1.122 -0.0670709 0)
(1.11644 -0.0706279 0)
(1.11046 -0.0737627 0)
(1.10409 -0.0764211 0)
(1.09737 -0.078551 0)
(1.09033 -0.0801037 0)
(1.08304 -0.081034 0)
(1.07555 -0.0813018 0)
(1.06793 -0.0808718 0)
(1.06024 -0.0797144 0)
(1.05255 -0.0778062 0)
(1.04496 -0.0751298 0)
(1.03753 -0.0716745 0)
(1.03035 -0.0674365 0)
(1.02353 -0.0624196 0)
(1.01714 -0.0566357 0)
(1.01129 -0.0501057 0)
(1.00608 -0.0428609 0)
(1.00162 -0.0349445 0)
(0.998014 -0.0264128 0)
(0.995373 -0.017338 0)
(0.993809 -0.0078096 0)
(0.99343 0.00206304 0)
(0.994343 0.0121475 0)
(0.996642 0.0222877 0)
(1.00041 0.0323014 0)
(1.00571 0.0419792 0)
(1.0126 0.0510823 0)
(1.02107 0.0593405 0)
(1.03111 0.0664487 0)
(1.04263 0.072068 0)
(1.05546 0.0758326 0)
(1.06935 0.0773618 0)
(1.08393 0.0762829 0)
(1.09866 0.0722711 0)
(1.11287 0.0651275 0)
(1.12573 0.0548649 0)
(1.13641 0.0417951 0)
(1.14415 0.0265295 0)
(1.14846 0.0098878 0)
(1.14916 -0.00719185 0)
(1.14637 -0.0238267 0)
(1.14042 -0.0392678 0)
(1.13181 -0.0529524 0)
(1.12108 -0.0645068 0)
(1.10878 -0.0737236 0)
(1.09541 -0.0805247 0)
(1.08143 -0.084925 0)
(1.06721 -0.0869974 0)
(1.05307 -0.0868466 0)
(1.13934 -0.0369124 0)
(1.13671 -0.0413942 0)
(1.13367 -0.0457672 0)
(1.13022 -0.0499904 0)
(1.12634 -0.0540202 0)
(1.12204 -0.0578104 0)
(1.11734 -0.0613131 0)
(1.11224 -0.0644797 0)
(1.10676 -0.0672616 0)
(1.10094 -0.069611 0)
(1.0948 -0.0714818 0)
(1.0884 -0.0728307 0)
(1.08176 -0.0736174 0)
(1.07495 -0.0738057 0)
(1.06803 -0.0733638 0)
(1.06105 -0.072265 0)
(1.05409 -0.070488 0)
(1.04721 -0.0680174 0)
(1.04049 -0.0648439 0)
(1.03401 -0.0609649 0)
(1.02786 -0.0563854 0)
(1.02212 -0.0511179 0)
(1.01687 -0.0451839 0)
(1.01222 -0.0386149 0)
(1.00826 -0.0314534 0)
(1.00509 -0.0237548 0)
(1.0028 -0.0155884 0)
(1.00149 -0.00703971 0)
(1.00126 0.00178768 0)
(1.00219 0.0107703 0)
(1.00437 0.0197635 0)
(1.00786 0.0286 0)
(1.01271 0.0370887 0)
(1.01894 0.045014 0)
(1.02656 0.0521348 0)
(1.03551 0.0581841 0)
(1.04571 0.062872 0)
(1.05699 0.0658925 0)
(1.0691 0.0669379 0)
(1.0817 0.065719 0)
(1.09433 0.0620024 0)
(1.10643 0.0556617 0)
(1.11734 0.0467427 0)
(1.1264 0.035504 0)
(1.13302 0.0224248 0)
(1.13679 0.00815936 0)
(1.13754 -0.00656148 0)
(1.13533 -0.0210173 0)
(1.13038 -0.0345744 0)
(1.12306 -0.0467312 0)
(1.11379 -0.0571287 0)
(1.10303 -0.065542 0)
(1.09122 -0.0718569 0)
(1.07874 -0.0760441 0)
(1.06594 -0.0781331 0)
(1.05315 -0.0781896 0)
(1.13334 -0.0339664 0)
(1.13087 -0.0380084 0)
(1.12803 -0.0419416 0)
(1.12482 -0.0457304 0)
(1.12124 -0.0493363 0)
(1.11728 -0.052719 0)
(1.11296 -0.0558369 0)
(1.10829 -0.0586474 0)
(1.10329 -0.061108 0)
(1.09799 -0.0631768 0)
(1.0924 -0.0648132 0)
(1.08658 -0.065979 0)
(1.08056 -0.0666383 0)
(1.07439 -0.0667591 0)
(1.06812 -0.0663129 0)
(1.06181 -0.0652759 0)
(1.05551 -0.0636292 0)
(1.0493 -0.0613593 0)
(1.04325 -0.0584585 0)
(1.03742 -0.0549255 0)
(1.03189 -0.050766 0)
(1.02674 -0.0459931 0)
(1.02206 -0.0406285 0)
(1.01792 -0.0347032 0)
(1.01441 -0.0282586 0)
(1.01162 -0.0213481 0)
(1.00964 -0.0140379 0)
(1.00854 -0.00640876 0)
(1.00842 0.00144263 0)
(1.00934 0.00940199 0)
(1.01138 0.0173365 0)
(1.01457 0.0250939 0)
(1.01896 0.0325019 0)
(1.02456 0.0393679 0)
(1.03135 0.0454794 0)
(1.03927 0.0506054 0)
(1.04824 0.0545 0)
(1.05808 0.0569105 0)
(1.06858 0.0575902 0)
(1.07942 0.056317 0)
(1.09021 0.0529248 0)
(1.10049 0.0473352 0)
(1.10972 0.0396075 0)
(1.11739 0.0299583 0)
(1.12303 0.0187689 0)
(1.12631 0.00655385 0)
(1.12706 -0.00610561 0)
(1.12529 -0.0186244 0)
(1.12115 -0.0304706 0)
(1.11492 -0.0412031 0)
(1.10693 -0.0504879 0)
(1.09754 -0.0580964 0)
(1.08713 -0.063893 0)
(1.07604 -0.0678175 0)
(1.06458 -0.0698658 0)
(1.05306 -0.0700722 0)
(1.12767 -0.0310991 0)
(1.12536 -0.0347328 0)
(1.12273 -0.0382598 0)
(1.11976 -0.0416485 0)
(1.11645 -0.0448655 0)
(1.11282 -0.0478756 0)
(1.10887 -0.0506424 0)
(1.1046 -0.0531289 0)
(1.10005 -0.0552979 0)
(1.09522 -0.057113 0)
(1.09015 -0.0585385 0)
(1.08488 -0.0595409 0)
(1.07943 -0.0600887 0)
(1.07385 -0.0601535 0)
(1.06819 -0.0597103 0)
(1.06249 -0.0587382 0)
(1.05682 -0.0572206 0)
(1.05124 -0.055146 0)
(1.04579 -0.0525082 0)
(1.04056 -0.0493071 0)
(1.03561 -0.0455489 0)
(1.03101 -0.0412473 0)
(1.02683 -0.0364236 0)
(1.02316 -0.031108 0)
(1.02006 -0.0253404 0)
(1.01761 -0.0191712 0)
(1.01589 -0.0126631 0)
(1.01497 -0.00589167 0)
(1.01493 0.00105372 0)
(1.01581 0.00806834 0)
(1.01768 0.0150315 0)
(1.02057 0.0218059 0)
(1.02451 0.0282379 0)
(1.02949 0.0341571 0)
(1.0355 0.0393787 0)
(1.04246 0.0437044 0)
(1.05029 0.0469279 0)
(1.05883 0.0488421 0)
(1.06788 0.0492506 0)
(1.07716 0.0479848 0)
(1.08634 0.0449247 0)
(1.09505 0.0400276 0)
(1.10285 0.0333533 0)
(1.10932 0.0250869 0)
(1.11411 0.015531 0)
(1.11692 0.00509102 0)
(1.11762 -0.00576911 0)
(1.11618 -0.0165717 0)
(1.11271 -0.0268729 0)
(1.1074 -0.0362903 0)
(1.10051 -0.0445197 0)
(1.09233 -0.0513392 0)
(1.08319 -0.0566028 0)
(1.07337 -0.06023 0)
(1.06316 -0.0621923 0)
(1.05283 -0.0624991 0)
(1.12233 -0.0283231 0)
(1.12019 -0.0315783 0)
(1.11775 -0.0347302 0)
(1.11501 -0.0377511 0)
(1.11197 -0.0406117 0)
(1.10865 -0.0432813 0)
(1.10504 -0.0457284 0)
(1.10115 -0.0479208 0)
(1.09702 -0.0498262 0)
(1.09264 -0.0514127 0)
(1.08805 -0.0526495 0)
(1.08328 -0.0535072 0)
(1.07836 -0.0539583 0)
(1.07333 -0.0539782 0)
(1.06823 -0.0535449 0)
(1.06311 -0.0526403 0)
(1.05802 -0.0512502 0)
(1.053 -0.0493649 0)
(1.04813 -0.0469797 0)
(1.04344 -0.0440954 0)
(1.03902 -0.0407191 0)
(1.03492 -0.0368641 0)
(1.0312 -0.0325514 0)
(1.02795 -0.02781 0)
(1.02521 -0.0226777 0)
(1.02306 -0.0172022 0)
(1.02157 -0.0114413 0)
(1.02079 -0.00546488 0)
(1.02079 0.000644723 0)
(1.02162 0.0067923 0)
(1.02331 0.0128696 0)
(1.0259 0.018754 0)
(1.0294 0.0243097 0)
(1.0338 0.0293879 0)
(1.03907 0.033829 0)
(1.04514 0.0374647 0)
(1.05193 0.0401233 0)
(1.05929 0.0416363 0)
(1.06705 0.0418484 0)
(1.07496 0.0406313 0)
(1.08274 0.0379001 0)
(1.09009 0.0336337 0)
(1.09665 0.0278915 0)
(1.1021 0.020823 0)
(1.10613 0.0126786 0)
(1.10852 0.00377381 0)
(1.10914 -0.00551124 0)
(1.10795 -0.0147953 0)
(1.10502 -0.0237085 0)
(1.10048 -0.0319216 0)
(1.09454 -0.0391623 0)
(1.08744 -0.0452215 0)
(1.07942 -0.0499517 0)
(1.07076 -0.0532605 0)
(1.0617 -0.0551026 0)
(1.05249 -0.0554687 0)
(1.11732 -0.0256489 0)
(1.11533 -0.0285537 0)
(1.11308 -0.0313596 0)
(1.11057 -0.0340426 0)
(1.10779 -0.0365769 0)
(1.10476 -0.0389361 0)
(1.10147 -0.0410926 0)
(1.09794 -0.0430186 0)
(1.09419 -0.0446861 0)
(1.09023 -0.0460676 0)
(1.08609 -0.0471363 0)
(1.08179 -0.0478667 0)
(1.07736 -0.0482352 0)
(1.07283 -0.0482202 0)
(1.06825 -0.047803 0)
(1.06366 -0.046968 0)
(1.05909 -0.0457032 0)
(1.05461 -0.0440005 0)
(1.05025 -0.0418569 0)
(1.04607 -0.0392738 0)
(1.04212 -0.0362586 0)
(1.03847 -0.0328247 0)
(1.03518 -0.0289922 0)
(1.03229 -0.0247885 0)
(1.02988 -0.0202492 0)
(1.02799 -0.0154183 0)
(1.02669 -0.0103496 0)
(1.02603 -0.00510624 0)
(1.02605 0.00023701 0)
(1.0268 0.00559358 0)
(1.02832 0.0108677 0)
(1.03061 0.0159511 0)
(1.03368 0.0207246 0)
(1.03753 0.0250596 0)
(1.04211 0.0288196 0)
(1.04737 0.0318632 0)
(1.05322 0.0340482 0)
(1.05953 0.0352385 0)
(1.06613 0.0353119 0)
(1.07284 0.0341712 0)
(1.07941 0.0317571 0)
(1.08559 0.0280609 0)
(1.09109 0.0231382 0)
(1.09565 0.0171156 0)
(1.09902 0.01019 0)
(1.10103 0.00262016 0)
(1.10155 -0.00529293 0)
(1.10055 -0.0132399 0)
(1.09805 -0.0209132 0)
(1.09416 -0.0280319 0)
(1.08904 -0.0343563 0)
(1.08287 -0.039694 0)
(1.07587 -0.0439021 0)
(1.06825 -0.0468829 0)
(1.06024 -0.0485809 0)
(1.05206 -0.048973 0)
(1.11263 -0.0230851 0)
(1.1108 -0.0256656 0)
(1.10874 -0.0281529 0)
(1.10644 -0.0305257 0)
(1.1039 -0.0327617 0)
(1.10114 -0.0348381 0)
(1.09815 -0.0367308 0)
(1.09496 -0.0384161 0)
(1.09156 -0.0398696 0)
(1.08799 -0.0410677 0)
(1.08426 -0.0419873 0)
(1.08039 -0.0426066 0)
(1.07641 -0.0429051 0)
(1.07235 -0.0428645 0)
(1.06824 -0.0424687 0)
(1.06413 -0.0417046 0)
(1.06005 -0.0405622 0)
(1.05604 -0.0390351 0)
(1.05215 -0.0371212 0)
(1.04843 -0.034823 0)
(1.04492 -0.0321478 0)
(1.04168 -0.0291088 0)
(1.03876 -0.0257249 0)
(1.03621 -0.0220218 0)
(1.03408 -0.0180326 0)
(1.03242 -0.0137975 0)
(1.03128 -0.00936588 0)
(1.0307 -0.00479502 0)
(1.03073 -0.000151586 0)
(1.03139 0.00448828 0)
(1.03272 0.00903855 0)
(1.03472 0.0134049 0)
(1.0374 0.0174839 0)
(1.04073 0.0211656 0)
(1.04469 0.024334 0)
(1.04921 0.0268713 0)
(1.05421 0.0286608 0)
(1.05958 0.0295929 0)
(1.06517 0.0295717 0)
(1.07083 0.0285244 0)
(1.07635 0.0264088 0)
(1.08151 0.0232251 0)
(1.0861 0.0190235 0)
(1.08989 0.0139114 0)
(1.0927 0.00804504 0)
(1.09436 0.00163301 0)
(1.09477 -0.00508863 0)
(1.0939 -0.0118613 0)
(1.09176 -0.0184317 0)
(1.08842 -0.0245628 0)
(1.084 -0.030046 0)
(1.07864 -0.034708 0)
(1.07254 -0.0384142 0)
(1.06586 -0.0410673 0)
(1.05881 -0.042606 0)
(1.05157 -0.0429984 0)
(1.10826 -0.0206379 0)
(1.10659 -0.0229188 0)
(1.1047 -0.0251127 0)
(1.1026 -0.027201 0)
(1.10029 -0.0291646 0)
(1.09778 -0.0309835 0)
(1.09508 -0.0326372 0)
(1.09219 -0.0341051 0)
(1.08913 -0.0353665 0)
(1.08591 -0.036401 0)
(1.08256 -0.037189 0)
(1.07908 -0.0377117 0)
(1.07551 -0.0379518 0)
(1.07188 -0.0378937 0)
(1.06821 -0.0375238 0)
(1.06453 -0.0368311 0)
(1.06089 -0.0358075 0)
(1.05732 -0.0344482 0)
(1.05385 -0.0327519 0)
(1.05054 -0.0307216 0)
(1.04743 -0.0283649 0)
(1.04455 -0.0256942 0)
(1.04196 -0.0227272 0)
(1.0397 -0.0194878 0)
(1.03782 -0.016006 0)
(1.03635 -0.0123189 0)
(1.03535 -0.00847024 0)
(1.03484 -0.00451221 0)
(1.03486 -0.000503066 0)
(1.03543 0.00348963 0)
(1.03658 0.00739072 0)
(1.0383 0.0111183 0)
(1.04061 0.0145839 0)
(1.04347 0.0176936 0)
(1.04685 0.0203503 0)
(1.0507 0.0224563 0)
(1.05495 0.0239163 0)
(1.05948 0.0246427 0)
(1.0642 0.0245609 0)
(1.06894 0.023615 0)
(1.07354 0.0217771 0)
(1.07784 0.0190518 0)
(1.08164 0.0154838 0)
(1.08478 0.0111596 0)
(1.08709 0.00620927 0)
(1.08843 0.000799729 0)
(1.08874 -0.00488208 0)
(1.08797 -0.0106237 0)
(1.08611 -0.0162167 0)
(1.08323 -0.0214618 0)
(1.07941 -0.0261794 0)
(1.07476 -0.0302156 0)
(1.06945 -0.0334472 0)
(1.06361 -0.0357803 0)
(1.05742 -0.0371523 0)
(1.05104 -0.037526 0)
(1.10422 -0.0183115 0)
(1.10269 -0.0203157 0)
(1.10096 -0.0222396 0)
(1.09905 -0.0240672 0)
(1.09696 -0.025782 0)
(1.09469 -0.0273667 0)
(1.09225 -0.0288039 0)
(1.08964 -0.0300759 0)
(1.08688 -0.031165 0)
(1.08399 -0.0320539 0)
(1.08098 -0.0327259 0)
(1.07786 -0.0331651 0)
(1.07467 -0.0333569 0)
(1.07142 -0.0332882 0)
(1.06814 -0.0329476 0)
(1.06486 -0.0323261 0)
(1.06161 -0.0314172 0)
(1.05843 -0.0302173 0)
(1.05535 -0.028726 0)
(1.05241 -0.0269467 0)
(1.04965 -0.0248867 0)
(1.0471 -0.0225577 0)
(1.0448 -0.0199763 0)
(1.0428 -0.017164 0)
(1.04113 -0.0141483 0)
(1.03983 -0.0109621 0)
(1.03893 -0.00764455 0)
(1.03847 -0.00424148 0)
(1.03847 -0.00080508 0)
(1.03894 0.00260661 0)
(1.03992 0.00592847 0)
(1.04139 0.00908997 0)
(1.04335 0.0120158 0)
(1.04578 0.014627 0)
(1.04864 0.0168426 0)
(1.0519 0.018582 0)
(1.05547 0.0197684 0)
(1.05928 0.0203317 0)
(1.06322 0.0202138 0)
(1.06717 0.0193731 0)
(1.07099 0.0177901 0)
(1.07454 0.0154725 0)
(1.07768 0.0124587 0)
(1.08024 0.00882033 0)
(1.08212 0.00466226 0)
(1.0832 0.000116821 0)
(1.0834 -0.00465776 0)
(1.08269 -0.00949641 0)
(1.08107 -0.0142267 0)
(1.07857 -0.0186814 0)
(1.07526 -0.0227074 0)
(1.07123 -0.0261703 0)
(1.0666 -0.0289589 0)
(1.06151 -0.030986 0)
(1.05608 -0.0321903 0)
(1.05048 -0.0325322 0)
(1.1005 -0.0161077 0)
(1.0991 -0.0178563 0)
(1.09753 -0.0195318 0)
(1.0958 -0.0211205 0)
(1.0939 -0.022608 0)
(1.09185 -0.0239797 0)
(1.08964 -0.0252208 0)
(1.0873 -0.0263161 0)
(1.08482 -0.0272508 0)
(1.08222 -0.0280102 0)
(1.07952 -0.0285802 0)
(1.07673 -0.0289475 0)
(1.07387 -0.0290999 0)
(1.07097 -0.0290263 0)
(1.06804 -0.0287176 0)
(1.06512 -0.0281663 0)
(1.06223 -0.0273674 0)
(1.0594 -0.0263182 0)
(1.05666 -0.0250191 0)
(1.05405 -0.0234736 0)
(1.05159 -0.0216888 0)
(1.04933 -0.0196754 0)
(1.04729 -0.0174487 0)
(1.04551 -0.0150282 0)
(1.04403 -0.0124381 0)
(1.04287 -0.00970772 0)
(1.04206 -0.00687167 0)
(1.04163 -0.00396952 0)
(1.04159 -0.00104719 0)
(1.04198 0.00184541 0)
(1.04279 0.00465242 0)
(1.04402 0.00731411 0)
(1.04566 0.00976693 0)
(1.04771 0.0119449 0)
(1.05011 0.0137812 0)
(1.05284 0.0152101 0)
(1.05583 0.0161695 0)
(1.059 0.016604 0)
(1.06227 0.0164684 0)
(1.06554 0.0157318 0)
(1.06869 0.0143809 0)
(1.0716 0.0124243 0)
(1.07416 0.00989547 0)
(1.07624 0.00685344 0)
(1.07775 0.0033813 0)
(1.07858 -0.000413182 0)
(1.07869 -0.00440299 0)
(1.07803 -0.0084542 0)
(1.0766 -0.0124258 0)
(1.07442 -0.0161792 0)
(1.07154 -0.0195849 0)
(1.06804 -0.0225269 0)
(1.06401 -0.0249073 0)
(1.05957 -0.0266467 0)
(1.05483 -0.0276872 0)
(1.04992 -0.0279894 0)
(1.0971 -0.0140257 0)
(1.09583 -0.0155383 0)
(1.0944 -0.0169851 0)
(1.09283 -0.0183545 0)
(1.09112 -0.0196343 0)
(1.08926 -0.0208121 0)
(1.08727 -0.0218754 0)
(1.08516 -0.0228114 0)
(1.08293 -0.0236077 0)
(1.0806 -0.0242518 0)
(1.07818 -0.0247322 0)
(1.07568 -0.0250376 0)
(1.07312 -0.0251579 0)
(1.07053 -0.0250842 0)
(1.06792 -0.0248089 0)
(1.06531 -0.0243261 0)
(1.06274 -0.0236319 0)
(1.06022 -0.0227245 0)
(1.05778 -0.0216048 0)
(1.05546 -0.0202763 0)
(1.05327 -0.0187456 0)
(1.05126 -0.0170227 0)
(1.04945 -0.015121 0)
(1.04786 -0.013058 0)
(1.04654 -0.0108549 0)
(1.04549 -0.00853768 0)
(1.04476 -0.00613628 0)
(1.04435 -0.00368479 0)
(1.04428 -0.00122219 0)
(1.04457 0.00120821 0)
(1.04523 0.00355949 0)
(1.04624 0.00578134 0)
(1.04761 0.00782081 0)
(1.0493 0.00962338 0)
(1.0513 0.0111343 0)
(1.05357 0.0123003 0)
(1.05604 0.0130716 0)
(1.05867 0.0134047 0)
(1.06136 0.0132647 0)
(1.06404 0.0126282 0)
(1.06662 0.011487 0)
(1.06899 0.00984936 0)
(1.07107 0.0077441 0)
(1.07274 0.00521858 0)
(1.07392 0.00234147 0)
(1.07455 -0.000802832 0)
(1.07456 -0.004112 0)
(1.07394 -0.00747696 0)
(1.07266 -0.0107833 0)
(1.07074 -0.0139168 0)
(1.06823 -0.0167693 0)
(1.06518 -0.0192421 0)
(1.06168 -0.0212501 0)
(1.0578 -0.0227229 0)
(1.05366 -0.0236074 0)
(1.04937 -0.0238661 0)
(1.09403 -0.0120625 0)
(1.09287 -0.0133565 0)
(1.09158 -0.0145924 0)
(1.09015 -0.0157602 0)
(1.0886 -0.0168499 0)
(1.08693 -0.0178509 0)
(1.08513 -0.0187526 0)
(1.08323 -0.0195446 0)
(1.08122 -0.0202164 0)
(1.07913 -0.0207579 0)
(1.07695 -0.0211592 0)
(1.07472 -0.0214113 0)
(1.07243 -0.0215059 0)
(1.07011 -0.0214357 0)
(1.06777 -0.0211946 0)
(1.06545 -0.020778 0)
(1.06315 -0.020183 0)
(1.0609 -0.0194084 0)
(1.05873 -0.0184555 0)
(1.05666 -0.0173276 0)
(1.05471 -0.0160308 0)
(1.05292 -0.0145741 0)
(1.0513 -0.0129693 0)
(1.04988 -0.0112317 0)
(1.04868 -0.00937979 0)
(1.04774 -0.00743578 0)
(1.04706 -0.00542527 0)
(1.04666 -0.0033779 0)
(1.04656 -0.0013262 0)
(1.04676 0.000694236 0)
(1.04728 0.00264317 0)
(1.0481 0.00447884 0)
(1.04921 0.0061578 0)
(1.05061 0.00763544 0)
(1.05225 0.00886738 0)
(1.05412 0.00981087 0)
(1.05615 0.0104264 0)
(1.0583 0.01068 0)
(1.06051 0.0105445 0)
(1.06269 0.010003 0)
(1.06479 0.00905004 0)
(1.0667 0.00769418 0)
(1.06836 0.00595827 0)
(1.06968 0.00388177 0)
(1.0706 0.00151912 0)
(1.07104 -0.0010621 0)
(1.07098 -0.00378038 0)
(1.07037 -0.00654781 0)
(1.06922 -0.00927186 0)
(1.06753 -0.0118594 0)
(1.06532 -0.0142209 0)
(1.06266 -0.0162737 0)
(1.05959 -0.0179452 0)
(1.05621 -0.0191741 0)
(1.05259 -0.0199131 0)
(1.04884 -0.0201278 0)
(1.09128 -0.0102122 0)
(1.09023 -0.0113034 0)
(1.08905 -0.0123441 0)
(1.08776 -0.0133262 0)
(1.08636 -0.014241 0)
(1.08484 -0.0150801 0)
(1.08322 -0.0158346 0)
(1.0815 -0.0164959 0)
(1.0797 -0.0170554 0)
(1.07781 -0.0175049 0)
(1.07585 -0.0178363 0)
(1.07384 -0.0180423 0)
(1.07179 -0.0181162 0)
(1.06971 -0.0180522 0)
(1.06762 -0.0178454 0)
(1.06553 -0.0174923 0)
(1.06347 -0.0169908 0)
(1.06146 -0.0163402 0)
(1.05952 -0.0155419 0)
(1.05767 -0.0145991 0)
(1.05592 -0.0135173 0)
(1.05431 -0.0123042 0)
(1.05286 -0.0109701 0)
(1.05158 -0.00952817 0)
(1.0505 -0.00799422 0)
(1.04963 -0.00638681 0)
(1.04899 -0.00472764 0)
(1.0486 -0.00304138 0)
(1.04847 -0.00135482 0)
(1.04859 0.000301337 0)
(1.04898 0.00189453 0)
(1.04963 0.00339111 0)
(1.05053 0.00475559 0)
(1.05166 0.00595189 0)
(1.053 0.00694448 0)
(1.05452 0.00769942 0)
(1.05618 0.00818572 0)
(1.05793 0.00837682 0)
(1.05972 0.00825245 0)
(1.06149 0.00779995 0)
(1.06317 0.00701582 0)
(1.06471 0.00590783 0)
(1.06602 0.00449478 0)
(1.06705 0.0028078 0)
(1.06774 0.000890384 0)
(1.06803 -0.00120188 0)
(1.0679 -0.00340639 0)
(1.06731 -0.00565316 0)
(1.06625 -0.00786787 0)
(1.06474 -0.0099753 0)
(1.06279 -0.0119025 0)
(1.06045 -0.0135811 0)
(1.05776 -0.0149505 0)
(1.0548 -0.0159584 0)
(1.05163 -0.016564 0)
(1.04834 -0.0167366 0)
(1.08887 -0.00846586 0)
(1.08791 -0.00936792 0)
(1.08684 -0.0102272 0)
(1.08567 -0.0110371 0)
(1.08439 -0.0117905 0)
(1.08301 -0.0124805 0)
(1.08155 -0.0131 0)
(1.07999 -0.013642 0)
(1.07835 -0.0140996 0)
(1.07665 -0.0144661 0)
(1.07488 -0.0147352 0)
(1.07306 -0.014901 0)
(1.07121 -0.0149582 0)
(1.06934 -0.0149022 0)
(1.06745 -0.0147293 0)
(1.06557 -0.0144368 0)
(1.06372 -0.0140232 0)
(1.06191 -0.0134883 0)
(1.06016 -0.0128333 0)
(1.05849 -0.0120612 0)
(1.05692 -0.0111768 0)
(1.05547 -0.0101867 0)
(1.05415 -0.00909962 0)
(1.05299 -0.00792647 0)
(1.052 -0.0066804 0)
(1.0512 -0.00537689 0)
(1.05059 -0.0040338 0)
(1.0502 -0.00267114 0)
(1.05003 -0.00131144 0)
(1.05009 2.10502e-05 0)
(1.05037 0.00130057 0)
(1.05087 0.00249928 0)
(1.05158 0.00358897 0)
(1.05249 0.00454112 0)
(1.05357 0.00532774 0)
(1.0548 0.00592237 0)
(1.05615 0.00630102 0)
(1.05757 0.00644334 0)
(1.05901 0.00633413 0)
(1.06044 0.00596391 0)
(1.06178 0.00533091 0)
(1.063 0.00444151 0)
(1.06403 0.00331095 0)
(1.06482 0.00196423 0)
(1.06531 0.000435776 0)
(1.06548 -0.00123159 0)
(1.06528 -0.00298901 0)
(1.0647 -0.0047813 0)
(1.06373 -0.00654986 0)
(1.06236 -0.00823496 0)
(1.06063 -0.00977819 0)
(1.05855 -0.0111243 0)
(1.05618 -0.0122237 0)
(1.05357 -0.013033 0)
(1.05078 -0.0135179 0)
(1.04788 -0.013652 0)
(1.08681 -0.00681182 0)
(1.08593 -0.0075363 0)
(1.08495 -0.00822574 0)
(1.08388 -0.00887476 0)
(1.08271 -0.00947789 0)
(1.08145 -0.0100296 0)
(1.08011 -0.0105243 0)
(1.07869 -0.0109564 0)
(1.0772 -0.0113206 0)
(1.07565 -0.0116116 0)
(1.07404 -0.0118245 0)
(1.07239 -0.0119548 0)
(1.0707 -0.0119983 0)
(1.069 -0.0119515 0)
(1.06729 -0.0118116 0)
(1.06559 -0.0115768 0)
(1.0639 -0.0112458 0)
(1.06226 -0.0108188 0)
(1.06067 -0.010297 0)
(1.05916 -0.00968282 0)
(1.05773 -0.00898032 0)
(1.0564 -0.00819495 0)
(1.0552 -0.00733384 0)
(1.05413 -0.00640583 0)
(1.05322 -0.00542156 0)
(1.05247 -0.00439345 0)
(1.05189 -0.00333576 0)
(1.0515 -0.00226453 0)
(1.0513 -0.00119754 0)
(1.05129 -0.000153607 0)
(1.05148 0.000847106 0)
(1.05185 0.00178248 0)
(1.05241 0.00263061 0)
(1.05313 0.00336953 0)
(1.054 0.00397773 0)
(1.05499 0.00443502 0)
(1.05608 0.00472324 0)
(1.05723 0.00482725 0)
(1.05839 0.00473547 0)
(1.05953 0.00444142 0)
(1.06061 0.00394428 0)
(1.06157 0.00324888 0)
(1.06237 0.00236797 0)
(1.06296 0.00132068 0)
(1.0633 0.000132975 0)
(1.06336 -0.00116316 0)
(1.06312 -0.00252896 0)
(1.06254 -0.00392234 0)
(1.06163 -0.00529825 0)
(1.06038 -0.00661047 0)
(1.05882 -0.00781343 0)
(1.05696 -0.00886371 0)
(1.05485 -0.00972188 0)
(1.05253 -0.0103533 0)
(1.05005 -0.01073 0)
(1.04748 -0.0108303 0)
(1.08511 -0.0052348 0)
(1.0843 -0.00579091 0)
(1.08339 -0.00631966 0)
(1.0824 -0.00681697 0)
(1.08132 -0.00727869 0)
(1.08016 -0.0077006 0)
(1.07893 -0.0080785 0)
(1.07762 -0.00840822 0)
(1.07624 -0.00868571 0)
(1.07482 -0.00890703 0)
(1.07334 -0.00906851 0)
(1.07182 -0.00916675 0)
(1.07027 -0.00919872 0)
(1.06871 -0.00916186 0)
(1.06714 -0.00905413 0)
(1.06558 -0.00887414 0)
(1.06403 -0.00862121 0)
(1.06252 -0.00829548 0)
(1.06107 -0.007898 0)
(1.05967 -0.00743082 0)
(1.05836 -0.00689707 0)
(1.05714 -0.00630106 0)
(1.05602 -0.00564833 0)
(1.05503 -0.00494571 0)
(1.05417 -0.0042014 0)
(1.05346 -0.00342491 0)
(1.0529 -0.00262709 0)
(1.05251 -0.00182007 0)
(1.05228 -0.00101732 0)
(1.05222 -0.000233368 0)
(1.05233 0.000516785 0)
(1.05261 0.00121686 0)
(1.05304 0.00185033 0)
(1.05361 0.00240088 0)
(1.05431 0.00285265 0)
(1.05512 0.00319079 0)
(1.056 0.00340207 0)
(1.05693 0.00347544 0)
(1.05787 0.00340284 0)
(1.05879 0.00317968 0)
(1.05965 0.00280543 0)
(1.06041 0.00228437 0)
(1.06103 0.00162572 0)
(1.06146 0.000843513 0)
(1.06169 -4.27532e-05 0)
(1.06167 -0.00100948 0)
(1.06138 -0.00202815 0)
(1.06081 -0.00306768 0)
(1.05994 -0.00409468 0)
(1.05879 -0.00507476 0)
(1.05736 -0.00597383 0)
(1.05568 -0.0067592 0)
(1.05377 -0.00740097 0)
(1.05168 -0.00787266 0)
(1.04945 -0.00815262 0)
(1.04714 -0.00822397 0)
(1.08379 -0.00371357 0)
(1.08303 -0.00410809 0)
(1.08218 -0.00448294 0)
(1.08125 -0.00483527 0)
(1.08024 -0.00516214 0)
(1.07916 -0.0054606 0)
(1.078 -0.0057277 0)
(1.07678 -0.00596055 0)
(1.0755 -0.0061563 0)
(1.07417 -0.00631222 0)
(1.07279 -0.00642577 0)
(1.07137 -0.00649459 0)
(1.06993 -0.00651661 0)
(1.06847 -0.00649007 0)
(1.06701 -0.0064136 0)
(1.06555 -0.00628627 0)
(1.06412 -0.00610769 0)
(1.06271 -0.00587801 0)
(1.06135 -0.00559805 0)
(1.06005 -0.00526932 0)
(1.05882 -0.0048941 0)
(1.05768 -0.00447548 0)
(1.05663 -0.00401745 0)
(1.05569 -0.00352486 0)
(1.05488 -0.00300351 0)
(1.0542 -0.00246017 0)
(1.05365 -0.00190246 0)
(1.05325 -0.00133898 0)
(1.05301 -0.000779147 0)
(1.05291 -0.000233077 0)
(1.05296 0.000288844 0)
(1.05316 0.00077525 0)
(1.0535 0.00121465 0)
(1.05396 0.00159579 0)
(1.05453 0.00190779 0)
(1.05519 0.00214049 0)
(1.05592 0.00228486 0)
(1.05668 0.00233346 0)
(1.05746 0.00228093 0)
(1.05822 0.00212417 0)
(1.05892 0.00186303 0)
(1.05952 0.00150068 0)
(1.06001 0.00104315 0)
(1.06033 0.000500401 0)
(1.06046 -0.000114202 0)
(1.06038 -0.000783499 0)
(1.06006 -0.00148908 0)
(1.05949 -0.00220932 0)
(1.05866 -0.00292113 0)
(1.05758 -0.00360069 0)
(1.05625 -0.00422433 0)
(1.05469 -0.00476922 0)
(1.05294 -0.00521439 0)
(1.05102 -0.00554116 0)
(1.04898 -0.00573413 0)
(1.04687 -0.0057812 0)
(1.08288 -0.00222952 0)
(1.08215 -0.00246582 0)
(1.08134 -0.00269025 0)
(1.08046 -0.00290109 0)
(1.0795 -0.0030966 0)
(1.07846 -0.00327502 0)
(1.07736 -0.0034346 0)
(1.0762 -0.00357362 0)
(1.07498 -0.0036904 0)
(1.07371 -0.00378332 0)
(1.0724 -0.00385087 0)
(1.07106 -0.00389168 0)
(1.06969 -0.00390452 0)
(1.0683 -0.00388838 0)
(1.06691 -0.00384245 0)
(1.06553 -0.00376622 0)
(1.06417 -0.00365947 0)
(1.06283 -0.00352232 0)
(1.06154 -0.00335529 0)
(1.0603 -0.00315932 0)
(1.05913 -0.00293578 0)
(1.05804 -0.00268657 0)
(1.05704 -0.00241407 0)
(1.05614 -0.00212121 0)
(1.05535 -0.00181147 0)
(1.05469 -0.00148887 0)
(1.05415 -0.00115803 0)
(1.05375 -0.000823977 0)
(1.05349 -0.000492285 0)
(1.05337 -0.000168991 0)
(1.05338 0.000139524 0)
(1.05353 0.0004268 0)
(1.0538 0.00068605 0)
(1.05418 0.000910627 0)
(1.05466 0.00109415 0)
(1.05523 0.00123069 0)
(1.05585 0.00131496 0)
(1.05651 0.0013427 0)
(1.05717 0.00131072 0)
(1.05782 0.00121742 0)
(1.05841 0.00106271 0)
(1.05892 0.000848372 0)
(1.05931 0.000578247 0)
(1.05955 0.000258186 0)
(1.05962 -0.00010421 0)
(1.0595 -0.000498993 0)
(1.05916 -0.000914993 0)
(1.05859 -0.00133962 0)
(1.05779 -0.00175934 0)
(1.05675 -0.00216013 0)
(1.05549 -0.002528 0)
(1.05402 -0.00284943 0)
(1.05237 -0.00311196 0)
(1.05057 -0.00330443 0)
(1.04866 -0.0034176 0)
(1.04668 -0.00344418 0)
(1.0824 -0.000741878 0)
(1.08169 -0.000821253 0)
(1.08091 -0.000896597 0)
(1.08004 -0.000967343 0)
(1.07911 -0.00103291 0)
(1.0781 -0.00109273 0)
(1.07703 -0.00114621 0)
(1.0759 -0.00119278 0)
(1.07471 -0.00123189 0)
(1.07348 -0.00126301 0)
(1.0722 -0.00128564 0)
(1.07089 -0.00129932 0)
(1.06956 -0.00130366 0)
(1.06821 -0.00129831 0)
(1.06686 -0.00128303 0)
(1.06552 -0.00125764 0)
(1.06419 -0.00122208 0)
(1.06289 -0.00117639 0)
(1.06163 -0.00112076 0)
(1.06043 -0.00105551 0)
(1.05929 -0.000981093 0)
(1.05822 -0.000898153 0)
(1.05724 -0.00080749 0)
(1.05637 -0.000710086 0)
(1.05559 -0.000607101 0)
(1.05494 -0.000499884 0)
(1.05441 -0.000389961 0)
(1.05401 -0.000279037 0)
(1.05374 -0.000168972 0)
(1.0536 -6.17748e-05 0)
(1.05359 4.05645e-05 0)
(1.05371 0.000135826 0)
(1.05395 0.000221733 0)
(1.05429 0.000296088 0)
(1.05473 0.000356793 0)
(1.05524 0.000401878 0)
(1.05581 0.000429636 0)
(1.05642 0.000438635 0)
(1.05702 0.000427872 0)
(1.05761 0.000396787 0)
(1.05815 0.000345366 0)
(1.0586 0.000274251 0)
(1.05895 0.000184738 0)
(1.05915 7.87392e-05 0)
(1.05919 -4.13195e-05 0)
(1.05904 -0.000172096 0)
(1.05869 -0.000309867 0)
(1.05813 -0.00045049 0)
(1.05733 -0.000589492 0)
(1.05632 -0.000722232 0)
(1.05509 -0.000844075 0)
(1.05367 -0.000950534 0)
(1.05207 -0.00103746 0)
(1.05033 -0.00110113 0)
(1.04849 -0.00113848 0)
(1.04658 -0.00114704 0)
)
;

boundaryField
{
    inlet
    {
        type            uniformFixedValue;
        uniformValue    constant (1 0 0);
        value           nonuniform 0();
    }
    outlet
    {
        type            pressureInletOutletVelocity;
        value           nonuniform 0();
    }
    cylinder
    {
        type            fixedValue;
        value           nonuniform 0();
    }
    top
    {
        type            symmetryPlane;
    }
    bottom
    {
        type            symmetryPlane;
    }
    defaultFaces
    {
        type            empty;
    }
    procBoundary14to10
    {
        type            processor;
        value           nonuniform List<vector> 
57
(
(0.757971 -0.0774379 0)
(0.736736 -0.048409 0)
(0.719232 -0.0162337 0)
(0.709922 0.0211007 0)
(0.711758 0.0634223 0)
(0.724885 0.108649 0)
(0.747218 0.153691 0)
(0.775658 0.195884 0)
(0.807159 0.23406 0)
(0.839407 0.268833 0)
(0.871212 0.301976 0)
(0.902744 0.334853 0)
(0.935589 0.366266 0)
(0.972039 0.391456 0)
(1.01273 0.403918 0)
(1.05514 0.397639 0)
(1.09626 0.365973 0)
(1.13476 0.301277 0)
(1.16979 0.200851 0)
(1.19911 0.0742222 0)
(1.21771 -0.0576555 0)
(1.22049 -0.171204 0)
(1.20652 -0.252578 0)
(1.17935 -0.300451 0)
(1.14455 -0.321626 0)
(1.10712 -0.325026 0)
(1.07025 -0.318176 0)
(1.03518 -0.306225 0)
(1.0021 -0.29179 0)
(1.31124 -0.079965 0)
(1.30949 -0.101616 0)
(1.30485 -0.123897 0)
(1.29713 -0.146263 0)
(1.28629 -0.168143 0)
(1.27242 -0.18898 0)
(1.25571 -0.208263 0)
(1.23649 -0.225561 0)
(1.21511 -0.240536 0)
(1.192 -0.252954 0)
(1.16758 -0.26268 0)
(1.14226 -0.269673 0)
(1.11641 -0.273965 0)
(1.09034 -0.275643 0)
(1.06432 -0.274828 0)
(1.03853 -0.271655 0)
(1.01313 -0.266255 0)
(0.988218 -0.258741 0)
(0.963856 -0.249198 0)
(0.940083 -0.237668 0)
(0.916946 -0.224137 0)
(0.894482 -0.208577 0)
(0.872702 -0.190946 0)
(0.851698 -0.171049 0)
(0.831758 -0.148515 0)
(0.813021 -0.123271 0)
(0.794916 -0.0960632 0)
(0.794916 -0.0960632 0)
)
;
    }
    procBoundary14to11
    {
        type            processor;
        value           uniform (0.976469 -0.26529 0);
    }
    procBoundary14to13
    {
        type            processor;
        value           nonuniform List<vector> 
35
(
(1.29881 -0.0604057 0)
(1.2871 -0.0608919 0)
(1.27551 -0.0609247 0)
(1.26415 -0.0605471 0)
(1.25305 -0.0598006 0)
(1.24226 -0.0587252 0)
(1.2318 -0.0573607 0)
(1.22171 -0.055745 0)
(1.21201 -0.0539128 0)
(1.20272 -0.0518955 0)
(1.19383 -0.0497223 0)
(1.18532 -0.0474213 0)
(1.17717 -0.0450192 0)
(1.16938 -0.0425421 0)
(1.16193 -0.040015 0)
(1.15481 -0.0374613 0)
(1.14803 -0.0349027 0)
(1.14157 -0.0323593 0)
(1.13545 -0.029849 0)
(1.12965 -0.027388 0)
(1.12418 -0.0249903 0)
(1.11904 -0.0226681 0)
(1.11422 -0.0204311 0)
(1.10973 -0.0182873 0)
(1.10557 -0.0162421 0)
(1.10173 -0.0142989 0)
(1.09822 -0.0124587 0)
(1.09505 -0.0107199 0)
(1.09221 -0.00907855 0)
(1.08972 -0.00752757 0)
(1.08759 -0.00605748 0)
(1.08583 -0.00465529 0)
(1.08447 -0.00330217 0)
(1.08352 -0.00198299 0)
(1.08303 -0.000659023 0)
)
;
    }
    procBoundary14to15
    {
        type            processor;
        value           nonuniform List<vector> 
35
(
(0.981808 -0.254782 0)
(0.987078 -0.244008 0)
(0.992244 -0.233006 0)
(0.997268 -0.221822 0)
(1.00211 -0.210508 0)
(1.00675 -0.199121 0)
(1.01114 -0.187719 0)
(1.01526 -0.176363 0)
(1.0191 -0.16511 0)
(1.02264 -0.154014 0)
(1.02588 -0.143126 0)
(1.02882 -0.132493 0)
(1.03147 -0.122158 0)
(1.03383 -0.112165 0)
(1.03591 -0.10255 0)
(1.03772 -0.0933497 0)
(1.03928 -0.0845935 0)
(1.04061 -0.0763049 0)
(1.04171 -0.0685011 0)
(1.04261 -0.0611923 0)
(1.04334 -0.0543821 0)
(1.0439 -0.0480683 0)
(1.04433 -0.0422427 0)
(1.04464 -0.0368919 0)
(1.04485 -0.0319972 0)
(1.04498 -0.0275358 0)
(1.04504 -0.0234802 0)
(1.04504 -0.0197994 0)
(1.04501 -0.0164587 0)
(1.04496 -0.0134197 0)
(1.04489 -0.0106408 0)
(1.04481 -0.00807606 0)
(1.04475 -0.0056746 0)
(1.0447 -0.00337943 0)
(1.04467 -0.00112523 0)
)
;
    }
}


// ************************************************************************* //
