/*--------------------------------*- C++ -*----------------------------------*\
  =========                 |
  \\      /  F ield         | OpenFOAM: The Open Source CFD Toolbox
   \\    /   O peration     | Website:  https://openfoam.org
    \\  /    A nd           | Version:  7
     \\/     M anipulation  |
\*---------------------------------------------------------------------------*/
FoamFile
{
    version     2.0;
    format      ascii;
    class       volVectorField;
    location    "65";
    object      U;
}
// * * * * * * * * * * * * * * * * * * * * * * * * * * * * * * * * * * * * * //

dimensions      [0 1 -1 0 0 0 0];

internalField   nonuniform List<vector> 
1987
(
(1.13389 -0.244585 -4.93947e-20)
(1.13036 -0.233469 -2.69971e-20)
(1.12707 -0.222624 -2.63343e-20)
(1.12371 -0.212761 3.75102e-20)
(1.14042 -0.242186 3.77189e-20)
(1.1367 -0.231363 -1.22886e-20)
(1.13322 -0.220771 2.90598e-20)
(1.12971 -0.211098 -4.71618e-21)
(1.14678 -0.23968 -3.08197e-20)
(1.14287 -0.22915 1.1683e-20)
(1.13923 -0.218805 -3.4727e-20)
(1.13557 -0.209318 1.29906e-20)
(1.15295 -0.237077 1.07932e-20)
(1.14889 -0.226838 -1.23318e-21)
(1.1451 -0.216737 1.49046e-20)
(1.14132 -0.207433 -7.54484e-21)
(1.16357 -0.244538 1.57255e-20)
(1.15894 -0.234389 3.70837e-22)
(1.15474 -0.224439 1.76025e-21)
(1.15083 -0.214582 5.35867e-21)
(1.14695 -0.205454 -3.29159e-21)
(1.16951 -0.241468 -1.21031e-21)
(1.16475 -0.231626 6.8063e-23)
(1.16044 -0.221962 1.85032e-21)
(1.15641 -0.212352 -2.68456e-21)
(1.15246 -0.203392 1.33674e-21)
(1.17525 -0.23834 4.26927e-22)
(1.17039 -0.2288 7.54253e-22)
(1.16598 -0.219418 -1.55971e-21)
(1.16186 -0.210056 -3.03803e-21)
(1.15785 -0.201254 4.52696e-21)
(1.1808 -0.235164 -1.78974e-20)
(1.17586 -0.22592 1.44346e-20)
(1.17136 -0.216816 5.59556e-21)
(1.16717 -0.207705 2.36522e-21)
(1.16311 -0.19905 -3.87541e-21)
(1.18116 -0.222998 1.54649e-20)
(1.17659 -0.214165 6.63057e-21)
(1.17233 -0.205305 1.98805e-20)
(1.16824 -0.196788 -1.37497e-20)
(1.18629 -0.220042 -5.03357e-20)
(1.18168 -0.211473 1.85268e-20)
(1.17736 -0.202867 -4.69537e-20)
(1.17326 -0.194475 4.63719e-21)
(1.19126 -0.217063 5.76035e-21)
(1.18661 -0.208749 -6.44512e-21)
(1.18226 -0.200397 7.13177e-20)
(1.17815 -0.19212 -2.49327e-20)
(1.19608 -0.214069 7.54555e-20)
(1.1914 -0.206 -5.9595e-20)
(1.18702 -0.197903 -1.57727e-20)
(1.18291 -0.18973 -3.94419e-20)
(1.20074 -0.211069 -4.61567e-20)
(1.19605 -0.203233 -5.08203e-21)
(1.19166 -0.195391 -2.08863e-20)
(1.18756 -0.187311 7.3396e-20)
(1.20526 -0.20807 -8.64509e-20)
(1.20056 -0.200457 -1.4209e-20)
(1.19617 -0.192867 1.76616e-20)
(1.19209 -0.184871 -5.38585e-20)
(1.20963 -0.20508 -6.88312e-20)
(1.20495 -0.197677 3.83695e-20)
(1.20055 -0.190337 3.30164e-20)
(1.19651 -0.182414 4.56135e-20)
(1.21387 -0.202105 1.31863e-19)
(1.2092 -0.194899 5.25452e-20)
(1.20482 -0.187806 -2.51287e-19)
(1.20083 -0.179948 -9.70009e-21)
(1.21798 -0.19915 1.81569e-20)
(1.21334 -0.192131 2.5352e-20)
(1.20898 -0.18528 9.24519e-20)
(1.20503 -0.177476 -2.84314e-20)
(1.21736 -0.189376 1.04494e-20)
(1.21302 -0.182763 4.21474e-20)
(1.20914 -0.175004 -6.11782e-20)
(1.22126 -0.186639 -2.89729e-19)
(1.21696 -0.180259 -1.93432e-20)
(1.21315 -0.172536 -2.51337e-20)
(1.22506 -0.183923 8.25749e-20)
(1.2208 -0.177771 8.90017e-20)
(1.21707 -0.170075 3.08759e-21)
(1.22876 -0.181231 -6.94126e-20)
(1.22454 -0.175303 -1.71449e-19)
(1.22091 -0.167626 2.08377e-19)
(1.23234 -0.178562 1.31337e-19)
(1.22819 -0.172855 -9.37088e-20)
(1.22465 -0.165189 5.4321e-20)
(1.23174 -0.170429 -2.77465e-20)
(1.22832 -0.162768 -1.13799e-19)
(1.23518 -0.168023 2.00957e-19)
(1.2319 -0.160361 3.12044e-22)
(1.2385 -0.165631 -1.41951e-19)
(1.23539 -0.157969 -9.62045e-20)
(1.23877 -0.155585 2.85128e-20)
(1.24202 -0.153202 -4.8474e-20)
(1.24509 -0.150803 -4.22909e-19)
(1.14931 -0.195618 1.66522e-21)
(1.14672 -0.190074 -8.75166e-22)
(1.14424 -0.184485 -2.99252e-23)
(1.14207 -0.178909 1.76222e-21)
(1.14017 -0.173426 -1.7215e-21)
(1.13848 -0.168017 1.77843e-21)
(1.13691 -0.162677 -2.55843e-21)
(1.13542 -0.157381 1.87159e-21)
(1.13398 -0.15213 -2.0107e-21)
(1.13259 -0.146921 1.37607e-21)
(1.13124 -0.141752 -1.32471e-21)
(1.12991 -0.136626 5.50332e-22)
(1.12861 -0.131541 1.20866e-21)
(1.12733 -0.126488 -7.65727e-22)
(1.12607 -0.121479 -6.47329e-22)
(1.12483 -0.116512 4.22516e-22)
(1.1236 -0.111583 -4.02836e-24)
(1.12238 -0.106694 -6.04201e-22)
(1.12118 -0.101843 7.60291e-22)
(1.11998 -0.0970289 -2.1117e-22)
(1.1188 -0.0922523 -2.87699e-22)
(1.11762 -0.0875045 3.39106e-22)
(1.11646 -0.0827995 1.49246e-22)
(1.1153 -0.0781161 -3.70012e-22)
(1.11416 -0.0734495 3.17251e-22)
(1.11304 -0.0688188 -3.77772e-22)
(1.11193 -0.0642024 3.02961e-22)
(1.11085 -0.0596023 -1.16949e-22)
(1.1098 -0.0550125 2.71027e-22)
(1.10878 -0.0504266 -1.4622e-22)
(1.1078 -0.045838 -2.63369e-22)
(1.10687 -0.0412389 9.15162e-23)
(1.10599 -0.0366203 3.28214e-23)
(1.10518 -0.0319716 1.32763e-22)
(1.10445 -0.0272814 -2.73756e-22)
(1.1038 -0.0225334 -1.34956e-22)
(1.10325 -0.0177191 1.94308e-22)
(1.10282 -0.0127966 -1.32842e-22)
(1.10252 -0.0078008 1.30503e-22)
(1.10236 -0.00258225 -9.62573e-23)
(1.14395 -0.197222 1.58103e-21)
(1.1415 -0.191538 -1.57163e-21)
(1.13924 -0.18583 3.38822e-21)
(1.13732 -0.180148 -8.18298e-22)
(1.13565 -0.174571 -3.14031e-22)
(1.13418 -0.169069 9.75922e-22)
(1.1328 -0.163646 -3.07334e-21)
(1.13149 -0.158272 1.7826e-23)
(1.13023 -0.152947 8.50832e-22)
(1.12901 -0.147671 -1.08945e-21)
(1.12781 -0.14244 6.92807e-22)
(1.12664 -0.13726 -7.1462e-22)
(1.12547 -0.132123 -1.72628e-22)
(1.12433 -0.127021 1.27484e-23)
(1.1232 -0.121968 1.64036e-21)
(1.12209 -0.11696 -7.47057e-22)
(1.12098 -0.111994 -9.04604e-22)
(1.11988 -0.107071 8.2351e-22)
(1.11879 -0.102189 1.31443e-21)
(1.1177 -0.0973472 -9.27123e-22)
(1.11661 -0.0925444 8.31037e-23)
(1.11553 -0.087772 -1.18416e-21)
(1.11446 -0.0830475 6.4575e-22)
(1.11338 -0.0783435 1.36275e-21)
(1.11232 -0.0736546 -1.07326e-22)
(1.11128 -0.0690062 -4.06691e-22)
(1.11025 -0.0643731 -3.2248e-22)
(1.10924 -0.0597573 5.88883e-23)
(1.10825 -0.0551525 -6.81523e-22)
(1.10729 -0.0505526 2.40819e-22)
(1.10636 -0.0459505 7.186e-22)
(1.10548 -0.0413385 -3.84412e-22)
(1.10465 -0.0367073 8.58538e-22)
(1.10388 -0.0320465 -3.63888e-22)
(1.10318 -0.0273444 2.54439e-22)
(1.10257 -0.0225848 3.45483e-22)
(1.10205 -0.0177586 4.91955e-23)
(1.10164 -0.0128246 5.7267e-23)
(1.10135 -0.00781722 2.90115e-22)
(1.1012 -0.00258422 1.27316e-23)
(1.13849 -0.198748 4.30381e-21)
(1.13619 -0.192935 -3.48974e-22)
(1.13417 -0.187111 1.4183e-21)
(1.13251 -0.181336 -9.96999e-21)
(1.13108 -0.17567 8.68597e-21)
(1.12982 -0.170078 -3.51543e-21)
(1.12865 -0.164578 -1.41029e-21)
(1.12753 -0.159129 1.66344e-21)
(1.12645 -0.153735 1.43567e-21)
(1.12539 -0.148396 1.67628e-21)
(1.12436 -0.143106 -5.37915e-21)
(1.12334 -0.137875 3.38965e-21)
(1.12232 -0.132691 1.78267e-21)
(1.12131 -0.12754 6.33882e-22)
(1.12032 -0.122444 -5.27439e-21)
(1.11933 -0.117398 3.76051e-21)
(1.11835 -0.112397 9.51361e-22)
(1.11737 -0.107442 -8.95424e-22)
(1.11639 -0.10253 -1.57885e-21)
(1.1154 -0.0976606 1.45813e-21)
(1.11442 -0.0928322 -1.55753e-21)
(1.11344 -0.0880359 1.1973e-21)
(1.11246 -0.0832946 1.13712e-21)
(1.11146 -0.0785706 -2.11156e-21)
(1.11048 -0.0738582 5.97387e-23)
(1.10952 -0.0691924 3.53315e-22)
(1.10856 -0.0645433 5.25535e-22)
(1.10762 -0.0599121 -8.22934e-23)
(1.10669 -0.0552927 2.50607e-22)
(1.10579 -0.0506788 4.63737e-22)
(1.10492 -0.0460634 1.88211e-23)
(1.10408 -0.0414385 6.38467e-23)
(1.1033 -0.0367949 -1.073e-21)
(1.10257 -0.032122 7.04394e-22)
(1.10191 -0.0274079 -3.44275e-23)
(1.10133 -0.0226366 -6.61945e-22)
(1.10083 -0.0177985 -4.85039e-22)
(1.10045 -0.0128531 6.20501e-22)
(1.10018 -0.00783379 -1.01181e-23)
(1.10005 -0.00258662 -1.41171e-22)
(1.13294 -0.200192 -1.26659e-21)
(1.13081 -0.194264 -4.99067e-21)
(1.12904 -0.188326 8.92236e-21)
(1.12765 -0.182471 -3.48721e-21)
(1.12645 -0.176725 -3.92593e-21)
(1.12541 -0.171043 3.76614e-21)
(1.12444 -0.16547 -1.4365e-21)
(1.12352 -0.15995 3.44097e-21)
(1.12262 -0.154491 -8.93517e-21)
(1.12174 -0.149092 6.13522e-21)
(1.12088 -0.143748 3.12117e-21)
(1.12002 -0.138472 -1.93694e-21)
(1.11914 -0.133245 2.20906e-21)
(1.11827 -0.128047 -1.89234e-21)
(1.11742 -0.122906 -3.92512e-22)
(1.11657 -0.117824 2.56437e-21)
(1.11571 -0.11279 -1.78175e-21)
(1.11485 -0.107804 2.58157e-21)
(1.11398 -0.102864 -3.93966e-21)
(1.11311 -0.0979688 3.23211e-21)
(1.11223 -0.0931155 -1.54651e-21)
(1.11134 -0.0882964 7.14064e-23)
(1.11045 -0.0835398 -7.43557e-22)
(1.10954 -0.0787965 -1.78431e-21)
(1.10865 -0.0740604 4.363e-22)
(1.10776 -0.0693775 3.12617e-22)
(1.10687 -0.064713 5.51111e-22)
(1.106 -0.0600667 7.50242e-22)
(1.10513 -0.0554329 -9.48879e-22)
(1.10429 -0.0508052 -2.69022e-22)
(1.10347 -0.0461766 -1.41063e-22)
(1.10269 -0.0415389 -1.42727e-21)
(1.10195 -0.0368829 -7.91208e-22)
(1.10126 -0.0321979 -8.67936e-22)
(1.10064 -0.027472 -1.04895e-21)
(1.10009 -0.022689 1.10331e-21)
(1.09962 -0.0178389 -4.097e-22)
(1.09926 -0.012882 -5.43276e-22)
(1.099 -0.00785044 -4.28967e-23)
(1.09889 -0.00258929 3.08348e-23)
(1.12728 -0.20155 3.81463e-21)
(1.12533 -0.19552 -2.06588e-21)
(1.12385 -0.189469 -6.0556e-21)
(1.12274 -0.183558 -4.44431e-21)
(1.12174 -0.177744 9.06184e-21)
(1.12094 -0.171962 3.76787e-21)
(1.12018 -0.166317 -6.39998e-21)
(1.11946 -0.160732 -1.67496e-21)
(1.11875 -0.155212 1.91506e-22)
(1.11805 -0.149757 4.70418e-21)
(1.11736 -0.144362 -1.70888e-21)
(1.11666 -0.139049 6.54831e-21)
(1.11594 -0.133785 -6.73529e-21)
(1.11523 -0.128537 -3.93766e-21)
(1.11452 -0.123354 5.75375e-22)
(1.1138 -0.118238 2.01228e-21)
(1.11307 -0.113173 3.93794e-21)
(1.11232 -0.108159 -6.097e-21)
(1.11157 -0.103192 2.23836e-21)
(1.1108 -0.0982719 -1.89568e-21)
(1.11003 -0.0933948 3.55292e-21)
(1.10924 -0.0885551 -1.13283e-21)
(1.10843 -0.0837793 -2.44628e-22)
(1.10764 -0.0790169 1.50156e-21)
(1.10682 -0.0742627 -5.45794e-22)
(1.106 -0.0695621 -1.22168e-21)
(1.10519 -0.0648824 1.17682e-21)
(1.10438 -0.0602212 -2.54237e-21)
(1.10358 -0.0555732 8.06948e-22)
(1.10279 -0.0509319 7.51053e-22)
(1.10203 -0.0462902 7.77463e-22)
(1.1013 -0.0416399 1.10358e-24)
(1.1006 -0.0369715 1.83359e-21)
(1.09995 -0.0322745 1.47759e-22)
(1.09936 -0.0275365 3.38933e-22)
(1.09885 -0.0227419 -3.92045e-22)
(1.09841 -0.0178796 -9.9638e-23)
(1.09807 -0.0129114 9.09318e-22)
(1.09783 -0.00786715 -7.96154e-23)
(1.09773 -0.00259215 4.22297e-22)
(1.11485 -0.155897 6.42019e-21)
(1.11433 -0.150391 -4.39115e-21)
(1.11381 -0.144951 4.18302e-21)
(1.11327 -0.1396 2.34623e-21)
(1.11274 -0.134297 7.39608e-22)
(1.11219 -0.129009 3.33115e-21)
(1.11162 -0.12379 -5.5321e-21)
(1.11103 -0.118641 -2.49759e-21)
(1.11042 -0.113547 3.53559e-21)
(1.1098 -0.108506 2.13008e-21)
(1.10916 -0.103514 -3.22689e-21)
(1.1085 -0.0985702 4.60596e-21)
(1.10783 -0.093671 -2.88155e-21)
(1.10713 -0.0888143 -1.57178e-21)
(1.10641 -0.0840099 -4.53169e-22)
(1.10573 -0.0792288 5.44606e-22)
(1.10499 -0.0744673 1.49063e-21)
(1.10425 -0.0697471 -7.47697e-23)
(1.1035 -0.0650518 1.46179e-21)
(1.10276 -0.0603758 6.52418e-22)
(1.10202 -0.0557137 -3.61479e-22)
(1.10129 -0.0510589 -3.1865e-21)
(1.10058 -0.0464042 2.22491e-21)
(1.0999 -0.0417412 2.32906e-21)
(1.09925 -0.0370606 -2.40507e-21)
(1.09864 -0.0323515 1.39261e-21)
(1.09809 -0.0276016 -4.77136e-22)
(1.0976 -0.0227953 5.25093e-22)
(1.09719 -0.0179208 -1.24428e-21)
(1.09687 -0.0129412 -2.43506e-21)
(1.09665 -0.00788395 -1.45776e-21)
(1.09656 -0.00259547 -5.01638e-22)
(1.15456 -0.193942 -1.77182e-21)
(1.15185 -0.188547 9.18104e-22)
(1.14918 -0.183083 1.87796e-23)
(1.14677 -0.177621 -1.86203e-21)
(1.14464 -0.172239 1.82485e-21)
(1.14273 -0.166927 -1.88637e-21)
(1.14097 -0.161673 2.70445e-21)
(1.1393 -0.15646 -1.98326e-21)
(1.1377 -0.151285 2.13387e-21)
(1.13615 -0.146147 -1.44892e-21)
(1.13464 -0.141043 1.39282e-21)
(1.13316 -0.135976 -5.71169e-22)
(1.13172 -0.130944 -1.27103e-21)
(1.13031 -0.125943 8.0869e-22)
(1.12892 -0.12098 6.84949e-22)
(1.12755 -0.116054 -4.41036e-22)
(1.1262 -0.111164 8.91481e-24)
(1.12487 -0.106309 6.41678e-22)
(1.12356 -0.101491 -8.04367e-22)
(1.12226 -0.0967062 2.20805e-22)
(1.12097 -0.0919565 2.98736e-22)
(1.11971 -0.0872342 -3.64478e-22)
(1.11845 -0.0825503 -1.4619e-22)
(1.11721 -0.0778883 3.83316e-22)
(1.11599 -0.0732432 -3.33603e-22)
(1.11479 -0.0686305 3.97481e-22)
(1.11362 -0.0640313 -3.23599e-22)
(1.11247 -0.0594474 1.2245e-22)
(1.11135 -0.0548726 -2.77328e-22)
(1.11028 -0.050301 1.52577e-22)
(1.10924 -0.045726 2.82605e-22)
(1.10826 -0.04114 -1.01175e-22)
(1.10734 -0.0365339 -3.6512e-23)
(1.10649 -0.0318973 -1.40938e-22)
(1.10571 -0.027219 2.9355e-22)
(1.10503 -0.0224826 1.44738e-22)
(1.10446 -0.01768 -2.08684e-22)
(1.10401 -0.012769 1.43373e-22)
(1.10369 -0.00778455 -1.39727e-22)
(1.10351 -0.00258074 1.0268e-22)
(1.1597 -0.192198 -1.90359e-21)
(1.15689 -0.186959 1.85231e-21)
(1.15404 -0.181625 -4.04723e-21)
(1.15141 -0.176287 1.00704e-21)
(1.14905 -0.171013 3.92727e-22)
(1.14694 -0.1658 -1.15312e-21)
(1.14499 -0.160638 3.64955e-21)
(1.14314 -0.155511 -3.23209e-23)
(1.14138 -0.150416 -9.97941e-22)
(1.13967 -0.145351 1.30395e-21)
(1.13801 -0.140314 -8.34304e-22)
(1.1364 -0.135308 8.78885e-22)
(1.13481 -0.130333 1.9842e-22)
(1.13327 -0.125385 -2.35025e-23)
(1.13175 -0.12047 -1.8974e-21)
(1.13026 -0.115587 8.73627e-22)
(1.12879 -0.110737 1.04516e-21)
(1.12735 -0.105919 -9.60466e-22)
(1.12593 -0.101133 -1.52648e-21)
(1.12453 -0.0963794 1.05864e-21)
(1.12315 -0.0916576 -8.72845e-23)
(1.12178 -0.0869613 1.36043e-21)
(1.12044 -0.0822998 -7.3462e-22)
(1.11912 -0.0776597 -1.57505e-21)
(1.11782 -0.0730361 1.09394e-22)
(1.11654 -0.0684417 4.76263e-22)
(1.1153 -0.06386 3.60357e-22)
(1.11408 -0.0592925 -7.13803e-23)
(1.11291 -0.054733 7.8394e-22)
(1.11177 -0.0501759 -2.70787e-22)
(1.11068 -0.0456146 -7.98561e-22)
(1.10965 -0.0410416 4.1085e-22)
(1.10868 -0.0364481 -9.78035e-22)
(1.10779 -0.0318237 4.12483e-22)
(1.10698 -0.0271572 -2.75712e-22)
(1.10627 -0.0224323 -3.85591e-22)
(1.10566 -0.0176414 -6.75071e-23)
(1.10519 -0.0127417 -5.25127e-23)
(1.10485 -0.00776844 -3.40181e-22)
(1.10466 -0.00257965 -7.06206e-24)
(1.16473 -0.190391 -5.86111e-21)
(1.16183 -0.185315 4.61449e-22)
(1.15883 -0.180115 -1.89217e-21)
(1.15599 -0.17491 1.34639e-20)
(1.15342 -0.169752 -1.16722e-20)
(1.1511 -0.164641 4.75786e-21)
(1.14896 -0.159573 1.89211e-21)
(1.14695 -0.154535 -2.25202e-21)
(1.14502 -0.149522 -1.86908e-21)
(1.14316 -0.144534 -2.22462e-21)
(1.14136 -0.139567 7.1057e-21)
(1.1396 -0.134626 -4.42617e-21)
(1.13789 -0.129709 -2.35072e-21)
(1.13621 -0.124816 -8.45636e-22)
(1.13457 -0.11995 6.86444e-21)
(1.13296 -0.115113 -4.88063e-21)
(1.13138 -0.110303 -1.22603e-21)
(1.12982 -0.105523 1.1526e-21)
(1.1283 -0.100772 1.99517e-21)
(1.12679 -0.0960491 -1.8638e-21)
(1.12532 -0.0913559 1.96502e-21)
(1.12386 -0.0866862 -1.50181e-21)
(1.12243 -0.0820478 -1.44494e-21)
(1.12102 -0.0774301 2.60865e-21)
(1.11964 -0.0728284 -8.38038e-23)
(1.11829 -0.0682527 -4.17084e-22)
(1.11697 -0.0636887 -6.35776e-22)
(1.11569 -0.0591378 9.85694e-23)
(1.11445 -0.0545938 -3.18217e-22)
(1.11326 -0.0500512 -5.76651e-22)
(1.11212 -0.0455037 -4.39948e-24)
(1.11103 -0.0409438 -9.88635e-23)
(1.11002 -0.0363629 1.25579e-21)
(1.10908 -0.0317506 -8.24768e-22)
(1.10824 -0.027096 2.56467e-23)
(1.10749 -0.0223826 7.89092e-22)
(1.10686 -0.0176032 5.69107e-22)
(1.10636 -0.0127149 -7.37496e-22)
(1.10601 -0.00775246 -2.36928e-23)
(1.10581 -0.0025789 1.78479e-22)
(1.16966 -0.188525 1.91864e-21)
(1.16667 -0.183617 7.68918e-21)
(1.16354 -0.178557 -1.36508e-20)
(1.16052 -0.173492 5.27887e-21)
(1.15774 -0.168456 5.92368e-21)
(1.15522 -0.163452 -5.68472e-21)
(1.1529 -0.158481 2.20116e-21)
(1.15071 -0.153534 -5.23272e-21)
(1.14863 -0.148607 1.33855e-20)
(1.14662 -0.143697 -9.15527e-21)
(1.14468 -0.138804 -4.57104e-21)
(1.14279 -0.133929 2.80441e-21)
(1.14094 -0.129073 -3.28803e-21)
(1.13914 -0.124235 2.67119e-21)
(1.13737 -0.119421 5.34421e-22)
(1.13564 -0.11463 -3.70248e-21)
(1.13395 -0.109863 2.51732e-21)
(1.13229 -0.105122 -3.62306e-21)
(1.13065 -0.100406 5.48905e-21)
(1.12905 -0.0957155 -4.51333e-21)
(1.12748 -0.0910516 2.14823e-21)
(1.12593 -0.0864092 -1.13981e-22)
(1.12441 -0.0817947 1.04016e-21)
(1.12292 -0.0771999 2.44699e-21)
(1.12146 -0.07262 -5.99918e-22)
(1.12004 -0.0680634 -4.07912e-22)
(1.11865 -0.0635175 -7.36859e-22)
(1.1173 -0.0589833 -9.84168e-22)
(1.116 -0.0544549 1.20754e-21)
(1.11474 -0.049927 3.33587e-22)
(1.11355 -0.0453934 2.10178e-22)
(1.11241 -0.0408467 1.86809e-21)
(1.11135 -0.0362783 1.06316e-21)
(1.11038 -0.0316782 1.1403e-21)
(1.10949 -0.0270354 1.34889e-21)
(1.10871 -0.0223333 -1.39936e-21)
(1.10806 -0.0175655 5.35281e-22)
(1.10753 -0.0126884 6.7305e-22)
(1.10716 -0.00773656 1.59855e-23)
(1.10695 -0.00257844 -1.81322e-23)
(1.17447 -0.186608 -6.80269e-21)
(1.17142 -0.18187 3.67818e-21)
(1.16817 -0.176954 1.06668e-20)
(1.16499 -0.172036 7.61641e-21)
(1.16202 -0.167129 -1.57947e-20)
(1.1593 -0.162236 -6.41523e-21)
(1.15679 -0.157364 1.09844e-20)
(1.15444 -0.152511 2.71708e-21)
(1.15221 -0.147672 -2.85045e-22)
(1.15006 -0.142843 -7.91617e-21)
(1.14797 -0.138025 2.87719e-21)
(1.14595 -0.133218 -1.0834e-20)
(1.14397 -0.128425 1.09997e-20)
(1.14204 -0.123645 6.27769e-21)
(1.14016 -0.118883 -9.46648e-22)
(1.13831 -0.11414 -3.2474e-21)
(1.13651 -0.109417 -6.15963e-21)
(1.13474 -0.104716 9.51459e-21)
(1.133 -0.100036 -3.43748e-21)
(1.1313 -0.0953788 2.90651e-21)
(1.12963 -0.090745 -5.4252e-21)
(1.12799 -0.0861305 1.75764e-21)
(1.12639 -0.0815406 4.6915e-22)
(1.12481 -0.076969 -2.19872e-21)
(1.12328 -0.0724112 7.86724e-22)
(1.12178 -0.067874 1.80731e-21)
(1.12032 -0.0633465 -1.69485e-21)
(1.1189 -0.0588292 3.63356e-21)
(1.11754 -0.0543165 -1.16603e-21)
(1.11622 -0.0498034 -1.12583e-21)
(1.11497 -0.0452837 -1.02104e-21)
(1.11379 -0.0407501 7.66721e-23)
(1.11268 -0.0361944 -2.49592e-21)
(1.11166 -0.0316063 -1.23119e-22)
(1.11074 -0.0269753 -4.31997e-22)
(1.10993 -0.0222846 5.13474e-22)
(1.10925 -0.0175281 1.76823e-22)
(1.1087 -0.0126623 -1.25769e-21)
(1.10831 -0.00772074 7.98843e-23)
(1.10808 -0.00257819 -5.59948e-22)
(1.17917 -0.184644 -2.42802e-20)
(1.17606 -0.180079 1.23764e-20)
(1.17273 -0.175309 2.4739e-20)
(1.1694 -0.170545 -3.42947e-20)
(1.16625 -0.165773 1.13257e-21)
(1.16334 -0.160995 2.08742e-20)
(1.16066 -0.156225 7.52962e-21)
(1.15814 -0.151467 -2.74908e-20)
(1.15575 -0.146717 1.4574e-20)
(1.15346 -0.141972 8.22e-21)
(1.15124 -0.137231 -7.92144e-21)
(1.14908 -0.132495 -4.43388e-21)
(1.14698 -0.127766 -1.33e-21)
(1.14493 -0.123046 -5.94299e-21)
(1.14293 -0.118338 9.99158e-21)
(1.14097 -0.113644 4.38026e-21)
(1.13906 -0.108966 -6.21705e-21)
(1.13718 -0.104305 -3.77186e-21)
(1.13534 -0.0996629 5.51014e-21)
(1.13354 -0.0950393 -7.73728e-21)
(1.13178 -0.0904363 4.83515e-21)
(1.13005 -0.0858503 2.63591e-21)
(1.12836 -0.0812856 7.74004e-22)
(1.1267 -0.0767376 -9.58382e-22)
(1.12509 -0.0722021 -2.37234e-21)
(1.12351 -0.0676846 5.57998e-23)
(1.12198 -0.0631756 -2.35408e-21)
(1.1205 -0.0586754 -1.03539e-21)
(1.11907 -0.0541786 5.89679e-22)
(1.1177 -0.0496803 4.76572e-21)
(1.1164 -0.0451746 -3.27334e-21)
(1.11516 -0.0406542 -3.49335e-21)
(1.11401 -0.0361111 3.53377e-21)
(1.11295 -0.0315351 -2.02877e-21)
(1.11199 -0.0269158 7.2482e-22)
(1.11115 -0.0222364 -7.69559e-22)
(1.11043 -0.0174911 1.9017e-21)
(1.10986 -0.0126366 3.49207e-21)
(1.10946 -0.00770497 2.12237e-21)
(1.10922 -0.00257811 7.16329e-22)
(1.18376 -0.18264 -9.87259e-21)
(1.1806 -0.178247 4.01842e-20)
(1.17719 -0.173625 -6.92788e-21)
(1.17375 -0.169019 -2.80346e-20)
(1.17044 -0.164389 2.21892e-20)
(1.16735 -0.15973 -7.19598e-21)
(1.16448 -0.155066 -4.25664e-21)
(1.16181 -0.150405 -1.01011e-20)
(1.15927 -0.145746 1.78613e-21)
(1.15684 -0.141086 1.21472e-20)
(1.15448 -0.136424 -9.35309e-21)
(1.1522 -0.13176 3.0578e-21)
(1.14998 -0.127097 8.82874e-21)
(1.14781 -0.122438 -5.76253e-21)
(1.14569 -0.117785 1.10381e-20)
(1.14362 -0.113142 -8.50874e-21)
(1.14159 -0.10851 7.97313e-21)
(1.13961 -0.103891 1.12048e-21)
(1.13767 -0.0992864 -1.56618e-21)
(1.13578 -0.0946974 -9.90861e-21)
(1.13392 -0.0901258 8.45868e-21)
(1.1321 -0.0855687 -5.09424e-21)
(1.13032 -0.0810299 6.71889e-22)
(1.12858 -0.0765058 6.16866e-21)
(1.12689 -0.0719928 -7.0199e-21)
(1.12524 -0.0674952 5.81849e-21)
(1.12364 -0.063005 2.88974e-21)
(1.1221 -0.058522 2.34383e-21)
(1.1206 -0.0540412 -7.69661e-22)
(1.11917 -0.0495578 -1.32023e-21)
(1.11781 -0.045066 -2.27154e-22)
(1.11653 -0.040559 8.36997e-22)
(1.11533 -0.0360284 -1.61286e-21)
(1.11423 -0.0314644 2.92249e-21)
(1.11323 -0.0268568 -1.84682e-21)
(1.11235 -0.0221886 -4.06925e-23)
(1.11161 -0.0174545 -5.2321e-21)
(1.11102 -0.0126111 -3.44807e-21)
(1.1106 -0.00768923 5.86287e-22)
(1.11034 -0.00257815 -1.37008e-21)
(1.18825 -0.1806 6.43053e-20)
(1.18504 -0.17638 -3.14765e-20)
(1.18157 -0.171906 -1.51141e-20)
(1.17803 -0.167461 3.69148e-20)
(1.17458 -0.162979 -1.0302e-20)
(1.17132 -0.158445 -6.37139e-22)
(1.16828 -0.153888 1.69423e-20)
(1.16544 -0.149326 -1.32839e-20)
(1.16275 -0.14476 2.18184e-20)
(1.16018 -0.140186 1.42871e-21)
(1.1577 -0.135604 -2.47253e-20)
(1.15529 -0.131014 1.09706e-20)
(1.15295 -0.126419 -1.53712e-20)
(1.15066 -0.121822 5.82199e-21)
(1.14843 -0.117226 -5.2084e-21)
(1.14625 -0.112634 6.14586e-21)
(1.14412 -0.108049 -1.23134e-20)
(1.14203 -0.103472 4.1618e-21)
(1.14 -0.0989069 7.13237e-21)
(1.138 -0.0943532 -4.04687e-21)
(1.13605 -0.0898136 -1.75668e-21)
(1.13414 -0.0852859 2.26309e-21)
(1.13228 -0.0807735 4.52892e-21)
(1.13046 -0.0762737 5.02705e-22)
(1.12869 -0.0717833 -4.60022e-21)
(1.12697 -0.067306 -1.97998e-23)
(1.1253 -0.0628347 1.41284e-21)
(1.12368 -0.058369 -4.42703e-21)
(1.12213 -0.0539043 -1.5107e-21)
(1.12064 -0.0494358 5.3342e-22)
(1.11923 -0.0449581 -1.98708e-22)
(1.11789 -0.0404643 -5.06686e-21)
(1.11665 -0.0359462 -2.09593e-21)
(1.1155 -0.0313942 -1.29673e-21)
(1.11447 -0.0267982 -1.9501e-22)
(1.11356 -0.0221412 2.55823e-21)
(1.11279 -0.0174182 3.11696e-21)
(1.11217 -0.0125859 3.49679e-21)
(1.11173 -0.00767351 -4.50836e-21)
(1.11146 -0.00257824 -4.64692e-22)
(1.19262 -0.178531 1.35326e-20)
(1.18937 -0.174481 -2.41546e-20)
(1.18586 -0.170155 5.69318e-20)
(1.18225 -0.165874 -6.68873e-21)
(1.17868 -0.161545 -6.84994e-20)
(1.17526 -0.15714 2.41362e-20)
(1.17205 -0.152694 3.256e-20)
(1.16905 -0.148232 1.08266e-20)
(1.16621 -0.14376 -4.02687e-20)
(1.16351 -0.139273 3.93741e-20)
(1.1609 -0.134772 -2.68762e-20)
(1.15837 -0.130257 4.13631e-21)
(1.1559 -0.125732 6.34794e-21)
(1.1535 -0.121198 -2.51313e-21)
(1.15116 -0.11666 -7.42232e-21)
(1.14887 -0.112121 1.70867e-20)
(1.14663 -0.107583 -1.48566e-20)
(1.14445 -0.103051 3.53857e-21)
(1.14231 -0.0985248 -8.03766e-22)
(1.14022 -0.0940071 2.56464e-21)
(1.13818 -0.0895 2.17519e-21)
(1.13618 -0.0850022 -4.23964e-21)
(1.13423 -0.0805166 7.13732e-21)
(1.13233 -0.0760414 -5.14108e-21)
(1.13048 -0.0715739 -2.83228e-21)
(1.12869 -0.067117 3.43061e-21)
(1.12695 -0.0626647 -5.95932e-22)
(1.12527 -0.0582165 -6.63479e-22)
(1.12365 -0.0537678 1.24259e-21)
(1.1221 -0.0493144 -4.78688e-21)
(1.12063 -0.0448508 3.33621e-21)
(1.11925 -0.0403701 2.59429e-21)
(1.11795 -0.0358646 -2.08611e-22)
(1.11677 -0.0313246 1.026e-21)
(1.11569 -0.0267401 -3.45705e-21)
(1.11475 -0.0220941 7.04693e-22)
(1.11395 -0.0173821 -9.58254e-22)
(1.11332 -0.012561 1.51733e-21)
(1.11286 -0.00765776 3.57823e-21)
(1.11258 -0.00257834 1.43941e-21)
(1.1969 -0.176438 4.61813e-20)
(1.19361 -0.172557 -4.5396e-20)
(1.19005 -0.168375 -2.02787e-20)
(1.18639 -0.164259 3.91066e-20)
(1.18272 -0.160088 6.89849e-21)
(1.17916 -0.155816 -1.67469e-20)
(1.17579 -0.151484 1.05785e-20)
(1.17263 -0.147125 -6.56141e-21)
(1.16964 -0.142747 -3.6417e-20)
(1.1668 -0.138349 4.28723e-20)
(1.16407 -0.13393 -3.30488e-20)
(1.16142 -0.129492 2.54883e-20)
(1.15884 -0.125037 -1.24417e-20)
(1.15632 -0.120567 -1.15454e-20)
(1.15387 -0.116088 7.99904e-22)
(1.15148 -0.111603 3.10145e-20)
(1.14913 -0.107114 -1.72541e-20)
(1.14685 -0.102626 2.08638e-20)
(1.14461 -0.0981402 -2.47839e-20)
(1.14243 -0.0936591 9.77702e-21)
(1.14029 -0.0891852 5.03874e-22)
(1.13821 -0.0847176 -4.49663e-21)
(1.13618 -0.0802592 3.56596e-21)
(1.1342 -0.075809 2.82005e-21)
(1.13227 -0.0713644 -5.0662e-22)
(1.1304 -0.0669282 1.79088e-21)
(1.12859 -0.0624951 -1.88482e-22)
(1.12684 -0.0580644 2.55601e-21)
(1.12516 -0.0536319 1.0533e-21)
(1.12356 -0.0491936 -2.53651e-21)
(1.12203 -0.0447439 -3.29411e-21)
(1.1206 -0.0402765 2.45369e-21)
(1.11926 -0.0357835 5.31574e-21)
(1.11803 -0.0312553 -4.03131e-22)
(1.11692 -0.0266824 1.19013e-21)
(1.11594 -0.0220474 4.29061e-22)
(1.11512 -0.0173463 2.46844e-22)
(1.11445 -0.0125362 -3.34125e-21)
(1.11398 -0.00764199 -3.76926e-21)
(1.11369 -0.0025784 -1.10028e-21)
(1.20108 -0.174325 7.65861e-20)
(1.19774 -0.17061 2.34395e-20)
(1.19415 -0.166571 -5.03565e-20)
(1.19045 -0.162619 -1.2803e-21)
(1.18671 -0.158608 -3.67614e-21)
(1.18303 -0.154475 4.78474e-20)
(1.17951 -0.150261 -2.5985e-20)
(1.17619 -0.146006 -1.33236e-20)
(1.17305 -0.141723 -2.34291e-21)
(1.17008 -0.137414 -5.75149e-22)
(1.16722 -0.133079 2.72201e-20)
(1.16445 -0.128718 -3.97334e-20)
(1.16175 -0.124334 1.84177e-20)
(1.15913 -0.11993 -2.02637e-20)
(1.15657 -0.115511 3.2959e-21)
(1.15407 -0.11108 -6.72928e-21)
(1.15162 -0.106641 2.14791e-20)
(1.14924 -0.102198 -1.04832e-21)
(1.14691 -0.0977535 -6.01263e-22)
(1.14463 -0.0933095 -1.33897e-20)
(1.1424 -0.0888692 4.51224e-21)
(1.14023 -0.0844324 9.68894e-21)
(1.13812 -0.0800015 -1.4858e-20)
(1.13606 -0.0755765 5.70834e-21)
(1.13405 -0.0711551 -3.11566e-21)
(1.13211 -0.0667397 -5.18359e-22)
(1.13023 -0.0623258 5.81204e-21)
(1.12841 -0.0579127 -4.74628e-21)
(1.12667 -0.0534965 6.78314e-21)
(1.12501 -0.0490732 3.80339e-21)
(1.12343 -0.0446376 3.11873e-21)
(1.12194 -0.0401833 7.34704e-22)
(1.12055 -0.0357028 -6.84194e-21)
(1.11928 -0.0311864 1.45652e-21)
(1.11813 -0.0266249 -2.5448e-21)
(1.11713 -0.022001 -4.67641e-21)
(1.11627 -0.0173106 9.8276e-23)
(1.11559 -0.0125116 1.28374e-21)
(1.1151 -0.00762614 -2.2378e-21)
(1.11479 -0.00257834 9.03792e-22)
(1.20517 -0.172198 -4.06771e-20)
(1.20179 -0.168645 -6.01222e-21)
(1.19816 -0.164746 5.61532e-20)
(1.19444 -0.160956 1.56484e-20)
(1.19064 -0.157108 -5.12173e-20)
(1.18686 -0.153117 -1.46725e-20)
(1.1832 -0.149024 3.71234e-20)
(1.17972 -0.144875 -1.62295e-20)
(1.17644 -0.140689 2.33138e-20)
(1.17333 -0.13647 -4.00788e-20)
(1.17034 -0.132219 4.22569e-20)
(1.16746 -0.127936 -1.31174e-20)
(1.16465 -0.123624 -5.44278e-21)
(1.16192 -0.119287 1.25668e-20)
(1.15925 -0.114929 -2.63764e-20)
(1.15665 -0.110553 1.77455e-20)
(1.1541 -0.106165 -1.15335e-20)
(1.15162 -0.101768 2.5463e-20)
(1.14919 -0.0973648 -2.4436e-20)
(1.14682 -0.0929585 2.37827e-23)
(1.1445 -0.0885523 1.67808e-20)
(1.14225 -0.0841465 -1.54739e-20)
(1.14005 -0.0797436 2.69315e-21)
(1.13791 -0.0753439 6.85845e-21)
(1.13583 -0.0709459 5.79009e-22)
(1.13381 -0.0665515 -1.04529e-21)
(1.13186 -0.0621569 -6.81909e-21)
(1.12998 -0.0577615 7.55196e-21)
(1.12817 -0.0533615 9.05346e-22)
(1.12645 -0.0489533 -1.20274e-21)
(1.12482 -0.0445317 -2.57046e-21)
(1.12328 -0.0400905 2.27814e-21)
(1.12184 -0.0356225 2.52561e-21)
(1.12053 -0.0311179 2.00337e-21)
(1.11934 -0.0265678 1.52412e-21)
(1.1183 -0.0219547 -2.03145e-21)
(1.11742 -0.017275 -1.67205e-21)
(1.11671 -0.0124871 -1.21161e-21)
(1.11621 -0.00761021 -1.96226e-21)
(1.11589 -0.00257813 7.3308e-22)
(1.20917 -0.17006 8.42979e-20)
(1.20574 -0.166666 -6.9074e-20)
(1.20208 -0.162902 9.57493e-20)
(1.19834 -0.159273 -5.92962e-20)
(1.19451 -0.155589 -3.33807e-21)
(1.19064 -0.151743 -2.43466e-20)
(1.18686 -0.147775 7.50869e-20)
(1.18324 -0.143735 -3.4345e-21)
(1.17981 -0.139647 -1.20504e-20)
(1.17656 -0.135518 -2.22819e-20)
(1.17345 -0.131351 2.2934e-21)
(1.17045 -0.127147 2.87105e-20)
(1.16753 -0.122909 -2.74248e-20)
(1.16469 -0.118639 1.45695e-20)
(1.16192 -0.114342 -9.05522e-21)
(1.15921 -0.110023 1.5297e-20)
(1.15657 -0.105686 -3.3645e-20)
(1.15399 -0.101335 1.27049e-20)
(1.15146 -0.0969743 2.02106e-21)
(1.149 -0.0926063 7.41273e-21)
(1.1466 -0.0882346 1.67547e-21)
(1.14425 -0.0838601 -8.46555e-21)
(1.14197 -0.0794854 1.1621e-20)
(1.13975 -0.0751115 -7.84863e-21)
(1.13759 -0.0707368 1.02989e-20)
(1.1355 -0.0663636 -6.9468e-21)
(1.13348 -0.0619884 -5.40849e-21)
(1.13154 -0.0576106 -1.90312e-21)
(1.12967 -0.053227 1.14087e-20)
(1.12789 -0.0488338 -4.26172e-21)
(1.1262 -0.0444262 -1.17455e-22)
(1.12461 -0.0399981 -7.35215e-21)
(1.12313 -0.0355424 2.40215e-21)
(1.12177 -0.0310496 2.74778e-21)
(1.12055 -0.0265108 -2.56377e-21)
(1.11947 -0.0219086 1.26636e-21)
(1.11856 -0.0172395 6.88315e-21)
(1.11783 -0.0124626 1.91438e-21)
(1.11731 -0.00759416 1.03144e-20)
(1.11698 -0.0025777 3.01642e-21)
(1.21309 -0.167915 -1.07488e-19)
(1.2096 -0.164678 8.86357e-20)
(1.20591 -0.161045 -2.48142e-20)
(1.20216 -0.157572 -1.90251e-20)
(1.19831 -0.154051 3.90201e-20)
(1.19439 -0.150354 -2.29284e-20)
(1.19049 -0.146513 -9.69568e-21)
(1.18674 -0.142585 -9.35336e-21)
(1.18317 -0.138596 3.65949e-20)
(1.17978 -0.134559 -1.40587e-20)
(1.17654 -0.130477 3.19262e-23)
(1.17342 -0.126352 2.41773e-20)
(1.17039 -0.122187 -3.85965e-20)
(1.16745 -0.117986 2.83184e-20)
(1.16457 -0.113751 -5.06751e-21)
(1.16177 -0.109489 3.08041e-21)
(1.15902 -0.105204 -2.38439e-20)
(1.15635 -0.1009 1.52794e-20)
(1.15373 -0.0965823 -1.54832e-20)
(1.15118 -0.092253 -1.15742e-20)
(1.14868 -0.0879162 -3.12101e-21)
(1.14625 -0.0835734 3.00625e-21)
(1.14389 -0.0792272 5.99727e-21)
(1.14159 -0.0748791 -3.89182e-21)
(1.13935 -0.070528 -6.81393e-21)
(1.13719 -0.0661759 7.17064e-21)
(1.1351 -0.0618202 4.05834e-21)
(1.13309 -0.0574602 -4.3789e-21)
(1.13116 -0.0530928 7.64448e-22)
(1.12932 -0.0487146 -1.80634e-21)
(1.12757 -0.044321 7.64358e-21)
(1.12593 -0.039906 -8.01672e-21)
(1.1244 -0.0354626 1.76586e-21)
(1.123 -0.0309814 -7.9747e-22)
(1.12174 -0.0264539 1.39758e-21)
(1.12063 -0.0218625 3.46637e-21)
(1.11969 -0.0172039 -2.88373e-21)
(1.11894 -0.0124381 -2.92085e-22)
(1.1184 -0.00757796 -6.17421e-21)
(1.11807 -0.00257701 -3.27909e-21)
(1.21693 -0.165768 -7.29725e-20)
(1.21339 -0.162682 -6.748e-20)
(1.20965 -0.159177 1.05248e-19)
(1.20589 -0.155856 -6.9148e-20)
(1.20204 -0.152498 -3.16947e-20)
(1.19808 -0.148949 1.06678e-19)
(1.1941 -0.145239 -3.14614e-20)
(1.19022 -0.141425 -4.69455e-20)
(1.18651 -0.137539 2.44554e-20)
(1.18298 -0.133593 1.68086e-20)
(1.17961 -0.129596 -3.2534e-20)
(1.17638 -0.125551 2.23926e-20)
(1.17324 -0.12146 7.54879e-21)
(1.17019 -0.117328 -1.41699e-20)
(1.16721 -0.113157 8.10359e-21)
(1.16431 -0.108952 1.29847e-20)
(1.16147 -0.10472 -3.23999e-21)
(1.15869 -0.100464 -2.36987e-20)
(1.15598 -0.096189 1.46007e-20)
(1.15334 -0.0918987 1.02964e-21)
(1.15076 -0.0875972 7.9343e-21)
(1.14825 -0.0832864 -9.37685e-21)
(1.1458 -0.078969 1.75795e-20)
(1.14342 -0.0746468 -2.03109e-20)
(1.14111 -0.0703194 6.6206e-21)
(1.13887 -0.0659886 -6.24837e-21)
(1.13671 -0.0616524 1.25265e-20)
(1.13463 -0.0573101 -5.438e-21)
(1.13264 -0.0529589 -4.44049e-21)
(1.13074 -0.0485957 -1.3859e-22)
(1.12894 -0.044216 -5.91858e-22)
(1.12724 -0.039814 -5.68176e-21)
(1.12567 -0.0353829 -3.69753e-21)
(1.12423 -0.0309133 5.43421e-21)
(1.12293 -0.026397 -1.57213e-21)
(1.12179 -0.0218165 6.05994e-22)
(1.12082 -0.0171682 4.8052e-21)
(1.12005 -0.0124136 -2.42293e-21)
(1.11949 -0.00756159 1.18696e-21)
(1.11914 -0.002576 8.87332e-22)
(1.22069 -0.16362 4.0906e-20)
(1.21709 -0.160682 2.40645e-20)
(1.21331 -0.157302 4.03642e-20)
(1.20955 -0.15413 -1.44377e-19)
(1.2057 -0.15093 -1.87719e-20)
(1.20172 -0.14753 1.00074e-19)
(1.19767 -0.143953 4.88389e-20)
(1.19368 -0.140257 -4.85556e-20)
(1.18983 -0.136475 5.21099e-20)
(1.18617 -0.132623 -6.10014e-20)
(1.18267 -0.128711 4.35642e-20)
(1.17932 -0.124745 -1.52501e-20)
(1.17607 -0.120729 -4.2473e-20)
(1.17292 -0.116666 2.03266e-20)
(1.16984 -0.112559 2.50309e-20)
(1.16684 -0.108413 -2.85493e-20)
(1.1639 -0.104233 -3.57625e-21)
(1.16103 -0.100026 1.50344e-20)
(1.15823 -0.0957945 -1.09384e-20)
(1.1555 -0.0915437 -1.25887e-20)
(1.15283 -0.0872778 1.38685e-20)
(1.15023 -0.0829991 2.97282e-21)
(1.1477 -0.0787107 1.39918e-20)
(1.14524 -0.0744147 -1.40631e-20)
(1.14285 -0.070111 -1.67229e-21)
(1.14054 -0.0658016 2.57185e-20)
(1.13831 -0.0614848 8.26583e-22)
(1.13617 -0.0571603 -5.6429e-21)
(1.13411 -0.0528254 5.3005e-21)
(1.13215 -0.0484771 -1.07391e-20)
(1.13029 -0.0441112 6.41014e-21)
(1.12855 -0.0397221 4.09568e-21)
(1.12693 -0.0353032 6.96448e-22)
(1.12544 -0.0308452 -6.70592e-21)
(1.12411 -0.0263401 1.91637e-23)
(1.12293 -0.0217703 9.22315e-22)
(1.12194 -0.0171324 -5.11604e-21)
(1.12114 -0.0123889 1.76223e-21)
(1.12057 -0.00754502 5.46082e-21)
(1.12021 -0.00257461 -1.3167e-21)
(1.22438 -0.161473 8.7934e-20)
(1.22073 -0.158681 -3.63899e-20)
(1.21689 -0.155422 1.97903e-20)
(1.21312 -0.152395 -8.62469e-20)
(1.20929 -0.14935 1.29221e-19)
(1.2053 -0.146098 -7.58265e-20)
(1.2012 -0.142655 1.2092e-20)
(1.19711 -0.13908 8.92916e-21)
(1.19315 -0.135405 7.42458e-20)
(1.18935 -0.131647 -5.88186e-20)
(1.18572 -0.127821 3.85099e-20)
(1.18225 -0.123935 -3.38292e-20)
(1.17889 -0.119994 1.43634e-20)
(1.17563 -0.116 -7.97523e-21)
(1.17245 -0.111957 -2.45277e-20)
(1.16935 -0.10787 1.5193e-20)
(1.16632 -0.103745 3.08044e-21)
(1.16336 -0.099586 -2.75517e-21)
(1.16047 -0.0953989 2.49572e-20)
(1.15764 -0.091188 -2.47733e-20)
(1.15489 -0.086958 2.80365e-20)
(1.1522 -0.0827118 -2.10684e-20)
(1.14959 -0.0784526 1.85065e-20)
(1.14705 -0.0741828 -9.93118e-21)
(1.14459 -0.0699029 -1.29842e-20)
(1.14221 -0.0656149 -3.9644e-21)
(1.13991 -0.0613176 1.5316e-20)
(1.13769 -0.0570107 -1.50083e-21)
(1.13557 -0.052692 -9.79984e-21)
(1.13355 -0.0483586 -3.44294e-21)
(1.13164 -0.0440065 -4.27173e-21)
(1.12985 -0.0396303 -4.102e-21)
(1.12818 -0.0352235 3.07805e-21)
(1.12665 -0.0307771 2.62168e-21)
(1.12528 -0.026283 1.35887e-22)
(1.12407 -0.0217239 1.75733e-21)
(1.12305 -0.0170963 -4.7988e-21)
(1.12223 -0.012364 -6.02173e-21)
(1.12164 -0.00752821 -7.60413e-21)
(1.12128 -0.00257281 -2.27077e-21)
(1.228 -0.159331 -1.40202e-19)
(1.2243 -0.15668 5.15203e-20)
(1.2204 -0.153541 -7.2571e-20)
(1.21662 -0.150654 6.80005e-20)
(1.2128 -0.147762 1.21694e-19)
(1.20881 -0.144653 6.34777e-21)
(1.20468 -0.141344 -6.84643e-20)
(1.20052 -0.137893 2.92252e-21)
(1.19645 -0.134328 -8.0313e-20)
(1.19252 -0.130667 8.97667e-21)
(1.18876 -0.126927 2.65515e-20)
(1.18516 -0.123121 5.57115e-21)
(1.18169 -0.119255 1.9263e-21)
(1.17833 -0.115331 7.84345e-21)
(1.17505 -0.111353 -1.56745e-20)
(1.17186 -0.107326 1.71968e-20)
(1.16873 -0.103255 -2.41669e-20)
(1.16568 -0.099145 -1.77377e-20)
(1.16269 -0.0950025 1.82953e-20)
(1.15978 -0.0908318 -1.89818e-21)
(1.15694 -0.086638 -9.26802e-21)
(1.15417 -0.0824244 2.79553e-21)
(1.15148 -0.0781945 1.31756e-20)
(1.14886 -0.0739511 -1.00695e-20)
(1.14632 -0.0696951 4.1936e-21)
(1.14386 -0.0654285 -1.77993e-21)
(1.14149 -0.0611507 -7.84126e-21)
(1.13921 -0.0568614 9.19592e-21)
(1.13703 -0.0525588 -7.59417e-21)
(1.13495 -0.0482402 1.28747e-20)
(1.13298 -0.0439018 -4.9851e-21)
(1.13114 -0.0395384 9.57216e-21)
(1.12942 -0.0351437 -6.71327e-21)
(1.12785 -0.0307087 -4.58974e-21)
(1.12644 -0.0262256 -1.05517e-22)
(1.1252 -0.0216773 -2.86833e-21)
(1.12415 -0.0170599 1.87289e-21)
(1.12331 -0.0123388 9.4582e-21)
(1.12271 -0.00751114 1.41982e-21)
(1.12233 -0.00257055 8.29628e-21)
(1.23156 -0.157192 4.37375e-20)
(1.22781 -0.154681 -2.88348e-20)
(1.22384 -0.15166 2.30598e-20)
(1.22004 -0.148912 -3.31872e-20)
(1.21624 -0.146166 -4.05594e-21)
(1.21227 -0.143198 -1.50361e-20)
(1.20812 -0.140022 1.21015e-19)
(1.2039 -0.136697 -8.41884e-20)
(1.19973 -0.133245 -4.90781e-20)
(1.19568 -0.129683 3.03735e-20)
(1.19179 -0.126031 -5.02547e-20)
(1.18807 -0.122305 6.25329e-20)
(1.18448 -0.118514 7.67633e-20)
(1.18102 -0.11466 -7.41369e-20)
(1.17764 -0.110747 -1.92295e-20)
(1.17435 -0.106779 3.5454e-20)
(1.17113 -0.102763 6.65995e-21)
(1.16798 -0.0987029 1.31204e-20)
(1.16491 -0.0946053 -1.66074e-20)
(1.16191 -0.0904752 1.89244e-20)
(1.15898 -0.0863178 -1.01686e-20)
(1.15613 -0.0821371 5.08533e-21)
(1.15335 -0.0779366 1.03021e-20)
(1.15066 -0.0737197 -4.10896e-21)
(1.14804 -0.0694875 -1.36406e-20)
(1.14551 -0.0652424 1.46112e-20)
(1.14307 -0.0609839 1.06686e-20)
(1.14073 -0.0567122 -1.00089e-21)
(1.13848 -0.0524257 -8.82695e-21)
(1.13634 -0.0481218 5.724e-21)
(1.13432 -0.0437971 8.67786e-21)
(1.13242 -0.0394463 -2.43884e-21)
(1.13065 -0.0350636 1.73292e-21)
(1.12904 -0.03064 6.62994e-22)
(1.12759 -0.0261679 9.1859e-21)
(1.12631 -0.0216303 5.339e-21)
(1.12524 -0.0170231 -6.50136e-21)
(1.12438 -0.0123133 2.66676e-21)
(1.12376 -0.00749378 5.92465e-21)
(1.12338 -0.00256777 -2.04657e-21)
(1.23503 -0.155056 -8.07669e-20)
(1.23125 -0.152683 1.65881e-19)
(1.22722 -0.149782 2.65548e-20)
(1.2234 -0.147171 -8.86864e-20)
(1.21961 -0.144567 7.82661e-20)
(1.21565 -0.141733 -6.14986e-20)
(1.2115 -0.138688 -2.62406e-20)
(1.20725 -0.13549 8.75728e-20)
(1.20299 -0.132155 -3.04998e-20)
(1.19883 -0.128695 -3.46357e-21)
(1.19482 -0.125131 -1.12309e-19)
(1.19097 -0.121486 3.02033e-20)
(1.18727 -0.11777 -2.32799e-20)
(1.18369 -0.113986 5.18233e-21)
(1.18022 -0.110138 7.3773e-20)
(1.17683 -0.106231 -6.35032e-20)
(1.17352 -0.10227 2.28973e-20)
(1.17028 -0.09826 -1.04329e-20)
(1.16712 -0.0942076 2.00134e-20)
(1.16403 -0.0901184 -1.31703e-20)
(1.16101 -0.0859977 9.39868e-21)
(1.15808 -0.0818499 -1.07996e-20)
(1.15522 -0.077679 -1.27551e-20)
(1.15245 -0.0734886 6.22519e-21)
(1.14975 -0.0692802 -8.08983e-22)
(1.14715 -0.0650565 4.51629e-22)
(1.14464 -0.0608174 -5.07094e-21)
(1.14223 -0.0565632 1.29241e-20)
(1.13992 -0.0522926 -2.51778e-20)
(1.13772 -0.0480034 -7.30393e-21)
(1.13564 -0.0436921 1.39496e-20)
(1.13369 -0.039354 1.93825e-22)
(1.13188 -0.0349832 2.78361e-21)
(1.13022 -0.0305708 -1.4333e-21)
(1.12873 -0.0261098 -7.29095e-21)
(1.12742 -0.0215828 -1.09024e-20)
(1.12632 -0.0169858 5.0168e-21)
(1.12544 -0.0122874 -3.58127e-21)
(1.12481 -0.00747609 -3.77216e-21)
(1.12442 -0.00256444 2.15956e-21)
(1.23843 -0.152919 -1.89157e-21)
(1.23462 -0.150687 1.30218e-19)
(1.23054 -0.147908 -1.06141e-19)
(1.2267 -0.145433 1.02288e-19)
(1.22292 -0.142966 -6.35894e-20)
(1.21897 -0.140261 9.40157e-20)
(1.21483 -0.137345 -2.03876e-21)
(1.21055 -0.134275 -2.61359e-20)
(1.20624 -0.131058 -6.61724e-20)
(1.20197 -0.127702 1.11923e-19)
(1.19783 -0.124229 -4.7003e-20)
(1.19386 -0.120665 1.84206e-20)
(1.19004 -0.117024 -1.86281e-21)
(1.18636 -0.11331 -5.0112e-20)
(1.18278 -0.109528 4.16324e-20)
(1.1793 -0.105681 5.08583e-20)
(1.17589 -0.101776 -3.32584e-20)
(1.17256 -0.0978161 -2.84143e-20)
(1.16931 -0.0938094 2.01867e-20)
(1.16614 -0.0897612 -1.8672e-20)
(1.16304 -0.0856774 3.22238e-20)
(1.16002 -0.0815628 -1.65334e-20)
(1.15708 -0.0774215 2.35815e-21)
(1.15423 -0.0732576 1.41411e-20)
(1.15146 -0.0690731 -9.8364e-21)
(1.14878 -0.0648707 6.90209e-21)
(1.1462 -0.0606509 -6.14121e-21)
(1.14372 -0.0564142 -2.62548e-20)
(1.14135 -0.0521594 1.7832e-20)
(1.13909 -0.0478847 9.25867e-21)
(1.13695 -0.0435869 -2.1569e-20)
(1.13495 -0.0392613 4.18279e-21)
(1.13309 -0.0349023 5.25305e-21)
(1.13139 -0.0305012 2.08525e-22)
(1.12986 -0.026051 8.47758e-21)
(1.12852 -0.0215348 7.40486e-21)
(1.12739 -0.016948 1.08089e-21)
(1.12649 -0.0122609 -2.01371e-21)
(1.12585 -0.00745805 -2.63253e-21)
(1.12545 -0.00256051 -5.71858e-21)
(1.24171 -0.150773 1.67067e-19)
(1.23791 -0.14869 3.53741e-20)
(1.23379 -0.14604 -1.63274e-19)
(1.22994 -0.143701 1.3387e-20)
(1.22616 -0.141365 1.66918e-19)
(1.22221 -0.138782 -1.00545e-19)
(1.21808 -0.13599 -5.79595e-21)
(1.21381 -0.133048 3.66015e-20)
(1.20945 -0.129952 -5.23161e-20)
(1.2051 -0.126702 8.0765e-20)
(1.20085 -0.123323 -4.81713e-20)
(1.19675 -0.119843 8.29325e-21)
(1.19281 -0.116278 3.10682e-20)
(1.18901 -0.112634 -3.43243e-21)
(1.18533 -0.108917 -4.41851e-20)
(1.18175 -0.105131 -4.91581e-20)
(1.17826 -0.101281 7.81458e-20)
(1.17484 -0.0973721 2.28771e-20)
(1.1715 -0.0934113 -7.39662e-20)
(1.16824 -0.0894044 2.36126e-20)
(1.16505 -0.0853576 5.32948e-21)
(1.16195 -0.0812762 -1.0648e-20)
(1.15893 -0.0771646 9.60302e-21)
(1.156 -0.0730272 -8.55774e-21)
(1.15316 -0.0688665 2.22364e-20)
(1.15041 -0.0646854 -1.59741e-20)
(1.14776 -0.0604847 2.36356e-21)
(1.14521 -0.0562652 1.01476e-20)
(1.14277 -0.0520262 -6.14492e-21)
(1.14045 -0.0477659 8.42028e-21)
(1.13826 -0.0434813 -8.95205e-21)
(1.1362 -0.0391681 -2.356e-21)
(1.1343 -0.0348209 -4.54946e-22)
(1.13255 -0.030431 -4.11233e-21)
(1.13099 -0.0259917 -2.1007e-21)
(1.12961 -0.0214862 -1.03977e-21)
(1.12846 -0.0169095 -2.73076e-21)
(1.12753 -0.012234 -5.28236e-21)
(1.12688 -0.00743964 6.7055e-22)
(1.12648 -0.00255596 9.1366e-23)
(1.24484 -0.148606 -1.46338e-19)
(1.24111 -0.146685 1.06026e-19)
(1.237 -0.144174 3.86501e-20)
(1.23315 -0.141974 -1.69412e-19)
(1.22937 -0.139766 1.7576e-20)
(1.22542 -0.137303 -3.54185e-21)
(1.2213 -0.134633 5.77339e-20)
(1.21703 -0.131816 -2.07668e-21)
(1.21264 -0.12884 5.91948e-20)
(1.20822 -0.125698 2.69354e-20)
(1.20386 -0.122414 -6.54326e-20)
(1.19963 -0.119019 -1.74489e-20)
(1.19557 -0.115529 3.34202e-20)
(1.19166 -0.111956 1.42926e-20)
(1.18788 -0.108304 1.72007e-20)
(1.1842 -0.104579 1.94e-20)
(1.18061 -0.100784 -8.04866e-20)
(1.17711 -0.0969267 5.47235e-20)
(1.17368 -0.0930121 -2.27883e-20)
(1.17033 -0.0890468 -2.75651e-20)
(1.16706 -0.0850373 2.44509e-20)
(1.16387 -0.0809892 2.09156e-20)
(1.16077 -0.0769074 -1.54712e-20)
(1.15776 -0.0727966 -7.24815e-21)
(1.15484 -0.0686596 1.08981e-20)
(1.15202 -0.0644997 -3.73979e-21)
(1.1493 -0.0603182 9.48041e-21)
(1.14669 -0.0561159 -9.16213e-21)
(1.14418 -0.0518925 9.51417e-21)
(1.1418 -0.0476464 -3.47973e-21)
(1.13956 -0.0433751 1.1982e-21)
(1.13745 -0.0390742 1.47568e-20)
(1.13549 -0.0347386 -3.35574e-21)
(1.13371 -0.0303599 1.36969e-21)
(1.1321 -0.0259314 5.8877e-21)
(1.13069 -0.0214367 -1.00774e-20)
(1.12951 -0.0168703 -9.67664e-22)
(1.12856 -0.0122063 7.78883e-21)
(1.1279 -0.00742078 -2.4406e-21)
(1.12749 -0.00255073 -1.18975e-21)
(1.24775 -0.146397 3.63933e-20)
(1.24418 -0.144668 4.16286e-20)
(1.24009 -0.142315 -1.38925e-19)
(1.23625 -0.140253 1.36005e-19)
(1.23246 -0.138164 -1.88343e-19)
(1.22851 -0.135812 1.59858e-19)
(1.22441 -0.133261 -3.30897e-20)
(1.22017 -0.13057 -4.67005e-20)
(1.21578 -0.127716 -5.83363e-22)
(1.21131 -0.124687 2.0145e-20)
(1.20685 -0.121503 -9.9017e-20)
(1.20252 -0.118195 5.90514e-20)
(1.19833 -0.114783 5.40695e-20)
(1.19431 -0.111279 1.08255e-20)
(1.19042 -0.107693 -6.00778e-20)
(1.18664 -0.104029 2.97548e-20)
(1.18296 -0.10029 -3.48187e-20)
(1.17936 -0.0964836 7.13068e-20)
(1.17585 -0.0926152 -5.47882e-20)
(1.17241 -0.0886915 -3.5392e-20)
(1.16906 -0.0847191 1.00437e-20)
(1.16579 -0.0807043 2.65164e-20)
(1.16261 -0.0766521 -9.07911e-22)
(1.15952 -0.0725676 -1.64455e-20)
(1.15652 -0.0684542 2.49358e-20)
(1.15363 -0.0643153 -1.54899e-20)
(1.15084 -0.0601526 1.83897e-21)
(1.14815 -0.0559673 -1.06497e-20)
(1.14559 -0.0517592 -2.0304e-21)
(1.14315 -0.0475272 1.80583e-21)
(1.14084 -0.0432688 -7.19999e-21)
(1.13868 -0.0389801 -6.66307e-21)
(1.13668 -0.034656 8.79945e-21)
(1.13485 -0.0302883 1.97393e-21)
(1.1332 -0.0258705 -8.23557e-22)
(1.13177 -0.0213865 7.52299e-22)
(1.13055 -0.0168304 -2.73982e-21)
(1.12959 -0.0121781 -4.61124e-21)
(1.12891 -0.00740156 6.72642e-21)
(1.1285 -0.00254483 1.34156e-21)
(1.24708 -0.14261 1.37183e-19)
(1.24318 -0.140444 9.24857e-21)
(1.23942 -0.138539 -1.0743e-19)
(1.23562 -0.136578 1.54724e-19)
(1.23164 -0.134339 -1.45999e-19)
(1.22753 -0.131901 1.25636e-19)
(1.22328 -0.129325 -1.48995e-19)
(1.21889 -0.126586 1.33098e-19)
(1.21437 -0.123665 -2.07306e-20)
(1.20984 -0.120583 -5.17922e-20)
(1.20539 -0.117364 -4.10073e-20)
(1.20109 -0.114029 7.94433e-20)
(1.19694 -0.110597 -1.47946e-20)
(1.19294 -0.107076 2.24826e-20)
(1.18907 -0.103472 3.6492e-21)
(1.18529 -0.0997898 -5.4274e-20)
(1.18161 -0.0960347 -1.25291e-20)
(1.178 -0.092213 4.79532e-20)
(1.17448 -0.0883314 1.64057e-20)
(1.17105 -0.0843969 7.74702e-21)
(1.1677 -0.0804157 -1.00496e-20)
(1.16443 -0.0763935 -1.37249e-20)
(1.16127 -0.0723357 2.04424e-20)
(1.15819 -0.0682461 -1.92353e-20)
(1.15522 -0.0641284 1.97129e-21)
(1.15236 -0.0599846 -1.17185e-20)
(1.14961 -0.0558164 1.34154e-20)
(1.14698 -0.0516237 5.02586e-21)
(1.14448 -0.0474058 -1.14116e-21)
(1.14212 -0.0431605 -1.6967e-21)
(1.1399 -0.0388839 -2.90919e-21)
(1.13785 -0.0345714 -4.07062e-21)
(1.13598 -0.0302148 1.55702e-21)
(1.1343 -0.0258079 1.42918e-22)
(1.13283 -0.0213348 5.72185e-21)
(1.13159 -0.0167891 4.68254e-21)
(1.1306 -0.0121487 -3.42482e-21)
(1.12991 -0.00738166 4.25729e-22)
(1.12949 -0.00253815 3.83911e-21)
(1.24958 -0.140509 1.4599e-20)
(1.24589 -0.138555 3.82183e-20)
(1.24223 -0.136795 -1.78982e-19)
(1.23849 -0.134951 7.97744e-20)
(1.23456 -0.132829 -4.75061e-20)
(1.23049 -0.130516 9.39775e-20)
(1.2263 -0.128067 -1.7022e-20)
(1.22193 -0.12545 6.48724e-20)
(1.21741 -0.122646 -6.97445e-20)
(1.21282 -0.11967 -1.93277e-20)
(1.20828 -0.116544 -9.76069e-21)
(1.20385 -0.11329 3.47482e-22)
(1.19959 -0.10993 7.97041e-20)
(1.19548 -0.106474 -5.56874e-20)
(1.1915 -0.102931 -3.87848e-20)
(1.18763 -0.0993041 6.23653e-20)
(1.18385 -0.0955997 -5.92146e-20)
(1.18016 -0.091824 7.30995e-20)
(1.17655 -0.0879837 -9.08886e-20)
(1.17303 -0.084086 4.46175e-20)
(1.1696 -0.0801376 9.92419e-21)
(1.16625 -0.0761445 3.06673e-21)
(1.16301 -0.0721124 2.48304e-21)
(1.15986 -0.0680457 -8.72168e-21)
(1.15681 -0.0639482 -1.25055e-21)
(1.15388 -0.0598225 4.77498e-21)
(1.15106 -0.0556705 2.0765e-22)
(1.14837 -0.0514925 1.04537e-20)
(1.14581 -0.0472879 -2.85719e-21)
(1.14339 -0.0430549 1.26153e-20)
(1.14112 -0.0387899 -1.20121e-21)
(1.13902 -0.0344884 -3.38296e-21)
(1.1371 -0.0301425 -5.54837e-22)
(1.13538 -0.0257461 -2.01167e-21)
(1.13388 -0.0212836 -1.01058e-20)
(1.13261 -0.016748 3.3332e-21)
(1.1316 -0.0121193 6.28893e-21)
(1.1309 -0.00736181 -4.6128e-22)
(1.13048 -0.0025309 -5.96985e-21)
(1.2489 -0.136656 -7.90726e-20)
(1.24545 -0.135106 -1.07486e-19)
(1.24169 -0.133396 6.99015e-20)
(1.23767 -0.131374 -9.24637e-20)
(1.23354 -0.129156 8.37665e-20)
(1.22932 -0.126805 2.37927e-20)
(1.22495 -0.12429 -2.61334e-21)
(1.2204 -0.121592 8.38662e-21)
(1.21576 -0.118719 3.49213e-20)
(1.21113 -0.115687 -4.97783e-20)
(1.2066 -0.112515 1.94495e-20)
(1.20221 -0.109226 -1.2163e-20)
(1.19799 -0.105837 -5.37739e-20)
(1.1939 -0.102354 1.50252e-20)
(1.18994 -0.0987848 1.18226e-19)
(1.18607 -0.095133 -8.86608e-20)
(1.18229 -0.0914053 3.23452e-20)
(1.1786 -0.0876084 1.00072e-20)
(1.175 -0.0837495 -1.9787e-20)
(1.17148 -0.0798359 1.30024e-20)
(1.16806 -0.0758738 -9.50699e-21)
(1.16473 -0.0718693 1.2342e-20)
(1.16151 -0.0678271 1.874e-21)
(1.15839 -0.0637515 -2.37366e-20)
(1.15539 -0.0596454 -5.50842e-21)
(1.1525 -0.0555109 2.2082e-20)
(1.14974 -0.0513488 -1.15561e-20)
(1.14712 -0.0471588 -1.18959e-21)
(1.14464 -0.0429393 2.16099e-21)
(1.14232 -0.0386868 -3.42721e-21)
(1.14017 -0.0343974 9.96599e-21)
(1.13821 -0.0300631 -7.1206e-21)
(1.13645 -0.025678 1.47988e-22)
(1.13491 -0.0212271 2.07142e-21)
(1.13362 -0.0167027 4.93844e-21)
(1.1326 -0.0120866 -5.62226e-21)
(1.13188 -0.00734 8.00007e-22)
(1.13146 -0.00252243 -2.62242e-22)
(1.25038 -0.134532 -9.86357e-21)
(1.24751 -0.133197 8.48301e-20)
(1.24416 -0.131677 -2.0283e-19)
(1.24037 -0.129833 4.0089e-20)
(1.23637 -0.127779 -7.28412e-20)
(1.23223 -0.125567 1.47686e-19)
(1.2279 -0.123176 -1.83251e-20)
(1.22338 -0.120597 3.8812e-22)
(1.21872 -0.117837 -1.01408e-19)
(1.21403 -0.114905 1.11063e-19)
(1.20939 -0.111821 -1.8458e-20)
(1.20489 -0.108608 1.72936e-20)
(1.20054 -0.105284 -4.17796e-20)
(1.19635 -0.101861 4.57159e-20)
(1.19228 -0.0983454 -1.89848e-20)
(1.18831 -0.0947424 -6.92452e-21)
(1.18445 -0.0910586 2.66346e-20)
(1.18067 -0.0873009 2.10021e-20)
(1.17698 -0.0834767 -6.36431e-20)
(1.17338 -0.0795935 1.39529e-20)
(1.16987 -0.075658 2.82587e-21)
(1.16647 -0.0716767 1.41225e-21)
(1.16317 -0.0676546 9.5258e-21)
(1.15997 -0.0635966 -7.08881e-21)
(1.15689 -0.0595059 6.21709e-21)
(1.15394 -0.055385 -4.84044e-21)
(1.15111 -0.0512351 -1.32045e-20)
(1.14843 -0.0470561 1.3055e-20)
(1.14589 -0.0428467 -1.06774e-20)
(1.14352 -0.0386038 -8.53687e-21)
(1.14132 -0.0343235 4.5971e-21)
(1.13931 -0.0299981 -5.37809e-23)
(1.13751 -0.0256219 -4.91749e-22)
(1.13594 -0.0211802 -2.07707e-21)
(1.13463 -0.0166647 1.65841e-21)
(1.13358 -0.0120591 -2.68058e-22)
(1.13285 -0.00732145 -1.54765e-21)
(1.13243 -0.00251445 4.32502e-21)
(1.25089 -0.13155 -1.37135e-19)
(1.2474 -0.130119 3.25947e-20)
(1.24345 -0.128336 2.47364e-20)
(1.23936 -0.126353 -3.16369e-20)
(1.23517 -0.124218 -6.01474e-20)
(1.23082 -0.121914 1.52174e-19)
(1.22629 -0.119433 -1.81377e-19)
(1.2216 -0.116772 1.23449e-19)
(1.21684 -0.113932 -1.10348e-20)
(1.2121 -0.110932 4.55766e-20)
(1.20748 -0.107794 -7.6057e-21)
(1.20302 -0.104538 5.26015e-21)
(1.19872 -0.101178 -7.46651e-20)
(1.19456 -0.097722 5.10442e-20)
(1.1905 -0.094175 -2.99545e-20)
(1.18655 -0.090543 -2.27335e-20)
(1.18268 -0.086833 7.6545e-21)
(1.17891 -0.0830524 2.79614e-20)
(1.17523 -0.0792088 -5.11032e-20)
(1.17164 -0.0753091 2.604e-20)
(1.16816 -0.0713603 1.22486e-20)
(1.16478 -0.0673677 4.7101e-21)
(1.16152 -0.0633364 -1.52559e-20)
(1.15837 -0.0592699 -4.23054e-21)
(1.15535 -0.0551712 4.2381e-21)
(1.15246 -0.0510416 1.56265e-20)
(1.14971 -0.0468815 2.74721e-22)
(1.14712 -0.0426898 -7.14346e-21)
(1.14469 -0.0384636 -5.50764e-22)
(1.14245 -0.0341994 7.7714e-21)
(1.1404 -0.0298896 -5.36001e-21)
(1.13856 -0.0255289 -3.1504e-21)
(1.13696 -0.0211027 7.32378e-22)
(1.13562 -0.0166026 3.28744e-22)
(1.13455 -0.0120139 -9.62334e-22)
(1.13381 -0.00729223 -7.12687e-22)
(1.1334 -0.00250239 1.51993e-22)
(1.25162 -0.129265 2.19773e-19)
(1.24934 -0.128293 -2.00669e-20)
(1.24602 -0.126857 -7.40303e-20)
(1.24221 -0.125117 -4.12043e-20)
(1.23813 -0.123152 3.42753e-20)
(1.23385 -0.120988 3.35572e-20)
(1.22937 -0.118638 -4.80203e-20)
(1.22471 -0.116102 9.84718e-20)
(1.21992 -0.11338 1.49372e-20)
(1.2151 -0.110481 3.19846e-20)
(1.21036 -0.107428 -5.11822e-20)
(1.20575 -0.104241 -5.97129e-20)
(1.20131 -0.100938 7.51297e-20)
(1.19702 -0.097531 -2.27547e-20)
(1.19285 -0.0940265 2.71772e-20)
(1.18879 -0.0904312 -3.20749e-20)
(1.18483 -0.0867523 -5.00668e-20)
(1.18097 -0.0829972 1.92201e-20)
(1.17719 -0.0791741 5.21623e-20)
(1.17352 -0.0752903 -2.64377e-20)
(1.16995 -0.0713532 1.12111e-20)
(1.16649 -0.067369 -2.30491e-20)
(1.16314 -0.0633432 2.09608e-21)
(1.15991 -0.0592799 4.10352e-21)
(1.15681 -0.0551825 -1.74133e-21)
(1.15385 -0.0510529 7.10306e-21)
(1.15104 -0.0468917 -1.04876e-20)
(1.14838 -0.0426982 8.716e-21)
(1.14589 -0.03847 -8.23612e-22)
(1.14359 -0.0342035 -5.52126e-21)
(1.14149 -0.0298917 3.29966e-21)
(1.13961 -0.025529 2.68527e-21)
(1.13798 -0.0211015 -6.17672e-22)
(1.1366 -0.0166001 -8.60202e-22)
(1.13552 -0.0120115 -2.30829e-21)
(1.13476 -0.00728915 1.609e-21)
(1.13435 -0.0024983 -1.91243e-22)
(1.25541 -0.124848 0)
(1.25726 -0.118899 0)
(1.25718 -0.113071 0)
(1.25348 -0.124001 0)
(1.256 -0.118153 0)
(1.25664 -0.112491 0)
(1.25703 -0.106863 0)
(1.25756 -0.101222 0)
(1.25794 -0.0956185 0)
(1.25797 -0.090092 0)
(1.25763 -0.0846487 0)
(1.25697 -0.0792845 0)
(1.25602 -0.0740023 0)
(1.25482 -0.0688091 0)
(1.25336 -0.0637109 0)
(1.25167 -0.058711 0)
(1.25036 -0.122723 0)
(1.25332 -0.117014 0)
(1.25441 -0.111499 0)
(1.25524 -0.106064 0)
(1.25627 -0.100638 0)
(1.25724 -0.0952436 0)
(1.25795 -0.0899172 0)
(1.25834 -0.0846689 0)
(1.25845 -0.0794942 0)
(1.25833 -0.0743917 0)
(1.25798 -0.0693659 0)
(1.25739 -0.0644217 0)
(1.25659 -0.0595624 0)
(1.2466 -0.121149 0)
(1.24984 -0.115602 0)
(1.25124 -0.110229 0)
(1.25235 -0.104959 0)
(1.25366 -0.0997151 0)
(1.25498 -0.0945004 0)
(1.25609 -0.0893463 0)
(1.25692 -0.0842662 0)
(1.25752 -0.0792569 0)
(1.25792 -0.0743154 0)
(1.25812 -0.0694434 0)
(1.25813 -0.0646448 0)
(1.25794 -0.0599224 0)
(1.2425 -0.119342 0)
(1.24592 -0.113973 0)
(1.24756 -0.108751 0)
(1.24886 -0.103638 0)
(1.25035 -0.0985623 0)
(1.25187 -0.0935143 0)
(1.25322 -0.0885187 0)
(1.25433 -0.0835906 0)
(1.25523 -0.0787298 0)
(1.25595 -0.0739329 0)
(1.2565 -0.0692004 0)
(1.25688 -0.0645354 0)
(1.25709 -0.0599403 0)
(1.23818 -0.117335 0)
(1.24172 -0.112158 0)
(1.24354 -0.107099 0)
(1.245 -0.102145 0)
(1.24661 -0.0972333 0)
(1.24828 -0.0923476 0)
(1.24979 -0.0875058 0)
(1.25108 -0.0827234 0)
(1.25217 -0.0780029 0)
(1.25309 -0.0733418 0)
(1.25387 -0.06874 0)
(1.25449 -0.0642001 0)
(1.25496 -0.0597244 0)
(1.23364 -0.115143 0)
(1.23727 -0.110167 0)
(1.23926 -0.105283 0)
(1.24085 -0.100495 0)
(1.24258 -0.0957499 0)
(1.24435 -0.0910273 0)
(1.24599 -0.08634 0)
(1.24742 -0.0817033 0)
(1.24865 -0.0771218 0)
(1.24972 -0.0725941 0)
(1.25064 -0.0681202 0)
(1.25143 -0.0637021 0)
(1.25207 -0.0593426 0)
(1.22891 -0.112768 0)
(1.23261 -0.108001 0)
(1.23475 -0.103304 0)
(1.23647 -0.0986904 0)
(1.2383 -0.0941167 0)
(1.24017 -0.0895611 0)
(1.24191 -0.0850325 0)
(1.24345 -0.0805452 0)
(1.2448 -0.0761053 0)
(1.24599 -0.071713 0)
(1.24703 -0.0673683 0)
(1.24794 -0.0630733 0)
(1.24871 -0.0588305 0)
(1.22402 -0.11021 0)
(1.22778 -0.105661 0)
(1.23005 -0.101159 0)
(1.2319 -0.0967288 0)
(1.23381 -0.0923329 0)
(1.23577 -0.0879496 0)
(1.23761 -0.083585 0)
(1.23925 -0.0792524 0)
(1.2407 -0.074959 0)
(1.24199 -0.0707063 0)
(1.24315 -0.0664947 0)
(1.24416 -0.0623262 0)
(1.24504 -0.0582036 0)
(1.2191 -0.107479 0)
(1.22287 -0.103153 0)
(1.22525 -0.0988536 0)
(1.22721 -0.0946136 0)
(1.2292 -0.0904008 0)
(1.23123 -0.0861946 0)
(1.23315 -0.0819989 0)
(1.23488 -0.0778262 0)
(1.23643 -0.0736844 0)
(1.23782 -0.069576 0)
(1.23906 -0.0655021 0)
(1.24017 -0.0614648 0)
(1.24115 -0.0574668 0)
(1.21422 -0.104592 0)
(1.21799 -0.100492 0)
(1.22045 -0.0964005 0)
(1.2225 -0.0923545 0)
(1.22456 -0.0883282 0)
(1.22665 -0.0843024 0)
(1.22863 -0.0802794 0)
(1.23044 -0.0762707 0)
(1.23207 -0.0722848 0)
(1.23353 -0.0683251 0)
(1.23486 -0.0643933 0)
(1.23605 -0.0604916 0)
(1.23711 -0.0566228 0)
(1.20948 -0.101569 0)
(1.21321 -0.0976956 0)
(1.21574 -0.0938139 0)
(1.21785 -0.0899637 0)
(1.21997 -0.0861257 0)
(1.2221 -0.0822821 0)
(1.22413 -0.0784342 0)
(1.226 -0.0745926 0)
(1.22769 -0.0707659 0)
(1.22922 -0.0669584 0)
(1.23062 -0.0631723 0)
(1.23188 -0.0594101 0)
(1.23302 -0.0556747 0)
(1.2049 -0.0984262 0)
(1.20857 -0.0947774 0)
(1.21114 -0.0911055 0)
(1.21331 -0.0874521 0)
(1.21546 -0.0838029 0)
(1.21762 -0.0801424 0)
(1.21969 -0.0764713 0)
(1.22161 -0.0727989 0)
(1.22335 -0.069134 0)
(1.22494 -0.0654815 0)
(1.2264 -0.0618442 0)
(1.22772 -0.0582247 0)
(1.22892 -0.0546262 0)
(1.20046 -0.0951743 0)
(1.20407 -0.0917464 0)
(1.20667 -0.0882833 0)
(1.20888 -0.0848264 0)
(1.21106 -0.0813663 0)
(1.21324 -0.0778894 0)
(1.21534 -0.0743959 0)
(1.21729 -0.0708944 0)
(1.21908 -0.0673934 0)
(1.22072 -0.0638983 0)
(1.22222 -0.0604124 0)
(1.2236 -0.0569387 0)
(1.22486 -0.0534802 0)
(1.19615 -0.0918207 0)
(1.19969 -0.088609 0)
(1.2023 -0.0853523 0)
(1.20455 -0.0820911 0)
(1.20675 -0.0788196 0)
(1.20895 -0.0755263 0)
(1.21107 -0.072211 0)
(1.21305 -0.0688815 0)
(1.21487 -0.0655462 0)
(1.21656 -0.0622107 0)
(1.21811 -0.0588787 0)
(1.21953 -0.0555533 0)
(1.22084 -0.0522379 0)
(1.19196 -0.0883718 0)
(1.19541 -0.0853707 0)
(1.19803 -0.082317 0)
(1.2003 -0.0792496 0)
(1.20252 -0.0761656 0)
(1.20473 -0.0730552 0)
(1.20687 -0.0699182 0)
(1.20887 -0.0667615 0)
(1.21073 -0.0635931 0)
(1.21244 -0.0604189 0)
(1.21403 -0.0572429 0)
(1.2155 -0.0540684 0)
(1.21685 -0.0508988 0)
(1.18786 -0.0848343 0)
(1.19123 -0.0820375 0)
(1.19385 -0.0791824 0)
(1.19613 -0.076306 0)
(1.19836 -0.0734075 0)
(1.20058 -0.0704787 0)
(1.20272 -0.0675193 0)
(1.20474 -0.0645354 0)
(1.20663 -0.0615347 0)
(1.20837 -0.0585231 0)
(1.21 -0.0555049 0)
(1.2115 -0.0524833 0)
(1.2129 -0.0494621 0)
(1.18386 -0.0812155 0)
(1.18714 -0.0786161 0)
(1.18974 -0.0759545 0)
(1.19204 -0.0732655 0)
(1.19427 -0.0705496 0)
(1.19649 -0.0678003 0)
(1.19863 -0.065017 0)
(1.20067 -0.0622053 0)
(1.20257 -0.0593724 0)
(1.20434 -0.0565241 0)
(1.20599 -0.0536647 0)
(1.20753 -0.0507978 0)
(1.20896 -0.0479269 0)
(1.17996 -0.077523 0)
(1.18314 -0.0751139 0)
(1.18572 -0.07264 0)
(1.18802 -0.0701338 0)
(1.19025 -0.067597 0)
(1.19246 -0.0650243 0)
(1.1946 -0.062415 0)
(1.19664 -0.0597742 0)
(1.19855 -0.0571084 0)
(1.20034 -0.0544234 0)
(1.20202 -0.0517234 0)
(1.20359 -0.0490122 0)
(1.20505 -0.0462932 0)
(1.17616 -0.0737644 0)
(1.17925 -0.0715379 0)
(1.18179 -0.0692455 0)
(1.18408 -0.0669171 0)
(1.1863 -0.0645553 0)
(1.1885 -0.0621557 0)
(1.19063 -0.0597178 0)
(1.19267 -0.0572458 0)
(1.19459 -0.0547459 0)
(1.1964 -0.0522236 0)
(1.19809 -0.0496831 0)
(1.19968 -0.0471281 0)
(1.20117 -0.044562 0)
(1.17247 -0.0699468 0)
(1.17545 -0.0678952 0)
(1.17796 -0.0657778 0)
(1.18023 -0.0636217 0)
(1.18244 -0.0614303 0)
(1.18462 -0.0591999 0)
(1.18674 -0.05693 0)
(1.18877 -0.0546243 0)
(1.19069 -0.0522885 0)
(1.19251 -0.0499277 0)
(1.19421 -0.0475461 0)
(1.19582 -0.0451473 0)
(1.19733 -0.0427346 0)
(1.16889 -0.0660766 0)
(1.17177 -0.0641921 0)
(1.17423 -0.0622429 0)
(1.17649 -0.0602534 0)
(1.17867 -0.0582274 0)
(1.18083 -0.0561619 0)
(1.18293 -0.0540563 0)
(1.18495 -0.051914 0)
(1.18687 -0.04974 0)
(1.18868 -0.0475391 0)
(1.1904 -0.0453154 0)
(1.19202 -0.0430722 0)
(1.19355 -0.0408129 0)
(1.16543 -0.0621593 0)
(1.16821 -0.0604344 0)
(1.17062 -0.0586465 0)
(1.17285 -0.0568178 0)
(1.17501 -0.054952 0)
(1.17714 -0.0530467 0)
(1.17922 -0.0511015 0)
(1.18122 -0.0491192 0)
(1.18313 -0.0471043 0)
(1.18494 -0.0450612 0)
(1.18667 -0.0429939 0)
(1.1883 -0.0409054 0)
(1.18983 -0.0387991 0)
(1.16209 -0.0581994 0)
(1.16478 -0.0566267 0)
(1.16714 -0.0549934 0)
(1.16933 -0.0533194 0)
(1.17147 -0.0516085 0)
(1.17357 -0.0498588 0)
(1.17562 -0.0480697 0)
(1.1776 -0.0462438 0)
(1.1795 -0.044385 0)
(1.1813 -0.0424974 0)
(1.18302 -0.0405845 0)
(1.18466 -0.0386496 0)
(1.1862 -0.0366954 0)
(1.15889 -0.0542005 0)
(1.16148 -0.0527727 0)
(1.16379 -0.0512875 0)
(1.16595 -0.0497623 0)
(1.16805 -0.048201 0)
(1.17012 -0.046602 0)
(1.17214 -0.0449648 0)
(1.1741 -0.0432915 0)
(1.17598 -0.0415855 0)
(1.17778 -0.0398507 0)
(1.17949 -0.0380903 0)
(1.18112 -0.0363071 0)
(1.18267 -0.034504 0)
(1.15584 -0.0501647 0)
(1.15833 -0.0488751 0)
(1.16058 -0.0475316 0)
(1.16271 -0.0461496 0)
(1.16477 -0.0447326 0)
(1.16681 -0.0432795 0)
(1.1688 -0.0417898 0)
(1.17074 -0.0402653 0)
(1.17259 -0.0387089 0)
(1.17438 -0.037124 0)
(1.17608 -0.0355137 0)
(1.17771 -0.0338805 0)
(1.17926 -0.0322271 0)
(1.15293 -0.0460931 0)
(1.15533 -0.0449354 0)
(1.15753 -0.0437275 0)
(1.15962 -0.0424831 0)
(1.16165 -0.0412055 0)
(1.16366 -0.0398937 0)
(1.16562 -0.0385472 0)
(1.16752 -0.0371676 0)
(1.16936 -0.0357574 0)
(1.17112 -0.0343196 0)
(1.17281 -0.0328568 0)
(1.17444 -0.0313717 0)
(1.17598 -0.0298664 0)
(1.15019 -0.0419854 0)
(1.1525 -0.0409536 0)
(1.15465 -0.0398758 0)
(1.1567 -0.0387639 0)
(1.1587 -0.0376208 0)
(1.16067 -0.0364458 0)
(1.1626 -0.0352385 0)
(1.16447 -0.034 0)
(1.16628 -0.0327327 0)
(1.16803 -0.031439 0)
(1.16971 -0.0301215 0)
(1.17132 -0.0287822 0)
(1.17287 -0.0274234 0)
(1.14763 -0.0378393 0)
(1.14986 -0.0369281 0)
(1.15196 -0.0359754 0)
(1.15397 -0.0349911 0)
(1.15593 -0.0339782 0)
(1.15787 -0.0329359 0)
(1.15976 -0.0318639 0)
(1.16161 -0.0307631 0)
(1.1634 -0.0296355 0)
(1.16512 -0.0284832 0)
(1.16679 -0.0273084 0)
(1.16839 -0.0261131 0)
(1.16993 -0.0248992 0)
(1.14526 -0.033652 0)
(1.14742 -0.0328567 0)
(1.14946 -0.0320243 0)
(1.15144 -0.0311634 0)
(1.15337 -0.0302766 0)
(1.15527 -0.0293632 0)
(1.15713 -0.028423 0)
(1.15895 -0.0274566 0)
(1.16071 -0.0264658 0)
(1.16242 -0.0254523 0)
(1.16407 -0.0244181 0)
(1.16566 -0.0233649 0)
(1.16719 -0.0222942 0)
(1.1431 -0.0294167 0)
(1.14519 -0.0287332 0)
(1.14719 -0.0280173 0)
(1.14913 -0.0272761 0)
(1.15103 -0.0265119 0)
(1.15289 -0.0257243 0)
(1.15473 -0.0249128 0)
(1.15652 -0.0240781 0)
(1.15826 -0.0232216 0)
(1.15995 -0.0223448 0)
(1.16158 -0.0214492 0)
(1.16316 -0.0205365 0)
(1.16468 -0.0196079 0)
(1.14116 -0.0251284 0)
(1.14319 -0.0245532 0)
(1.14515 -0.0239503 0)
(1.14706 -0.0233256 0)
(1.14893 -0.0226811 0)
(1.15077 -0.0220163 0)
(1.15257 -0.021331 0)
(1.15434 -0.0206256 0)
(1.15606 -0.0199013 0)
(1.15773 -0.0191592 0)
(1.15934 -0.0184008 0)
(1.16091 -0.0176272 0)
(1.16242 -0.0168397 0)
(1.13948 -0.0207739 0)
(1.14145 -0.0203046 0)
(1.14337 -0.0198123 0)
(1.14525 -0.0193019 0)
(1.1471 -0.018775 0)
(1.14891 -0.0182312 0)
(1.15069 -0.0176703 0)
(1.15243 -0.0170927 0)
(1.15413 -0.0164991 0)
(1.15579 -0.0158907 0)
(1.15739 -0.0152685 0)
(1.15894 -0.0146334 0)
(1.16044 -0.0139865 0)
(1.13807 -0.0163441 0)
(1.14 -0.0159785 0)
(1.14189 -0.0155949 0)
(1.14374 -0.0151971 0)
(1.14557 -0.0147861 0)
(1.14736 -0.0143619 0)
(1.14912 -0.0139242 0)
(1.15084 -0.0134733 0)
(1.15252 -0.0130097 0)
(1.15416 -0.0125343 0)
(1.15575 -0.0120479 0)
(1.15729 -0.0115512 0)
(1.15879 -0.011045 0)
(1.13695 -0.0118273 0)
(1.13885 -0.0115648 0)
(1.14072 -0.0112892 0)
(1.14255 -0.0110034 0)
(1.14436 -0.0107081 0)
(1.14613 -0.0104032 0)
(1.14788 -0.0100886 0)
(1.14958 -0.00976426 0)
(1.15125 -0.00943076 0)
(1.15288 -0.00908861 0)
(1.15446 -0.0087384 0)
(1.15599 -0.00838067 0)
(1.15748 -0.00801597 0)
(1.13618 -0.00717668 0)
(1.13805 -0.00701763 0)
(1.1399 -0.00685107 0)
(1.14172 -0.00667848 0)
(1.14351 -0.00650025 0)
(1.14528 -0.00631628 0)
(1.14701 -0.00612643 0)
(1.1487 -0.00593076 0)
(1.15036 -0.00572948 0)
(1.15198 -0.00552294 0)
(1.15355 -0.00531145 0)
(1.15508 -0.00509534 0)
(1.15656 -0.00487492 0)
(1.13576 -0.00245677 0)
(1.13762 -0.00239957 0)
(1.13947 -0.00234036 0)
(1.14128 -0.0022794 0)
(1.14307 -0.0022168 0)
(1.14483 -0.00215252 0)
(1.14655 -0.00208649 0)
(1.14824 -0.00201871 0)
(1.14989 -0.00194924 0)
(1.15151 -0.00187815 0)
(1.15308 -0.00180553 0)
(1.1546 -0.0017315 0)
(1.15608 -0.00165613 0)
)
;

boundaryField
{
    inlet
    {
        type            uniformFixedValue;
        uniformValue    constant (1 0 0);
        value           nonuniform 0();
    }
    outlet
    {
        type            pressureInletOutletVelocity;
        value           nonuniform 0();
    }
    cylinder
    {
        type            fixedValue;
        value           nonuniform 0();
    }
    top
    {
        type            symmetryPlane;
    }
    bottom
    {
        type            symmetryPlane;
    }
    defaultFaces
    {
        type            empty;
    }
    procBoundary1to0
    {
        type            processor;
        value           nonuniform List<vector> 
46
(
(1.12718 -0.246867 -3.41982e-20)
(1.12387 -0.23546 1.41399e-20)
(1.12078 -0.224367 -8.29162e-21)
(1.11752 -0.214309 2.99418e-20)
(1.12149 -0.20282 1.03871e-20)
(1.12149 -0.20282 1.03871e-20)
(1.11975 -0.196702 -6.43392e-21)
(1.11857 -0.190533 -1.31972e-20)
(1.11774 -0.184599 1.69043e-20)
(1.11699 -0.178727 -2.00111e-22)
(1.11642 -0.172826 -1.11349e-20)
(1.11589 -0.167114 -4.08966e-21)
(1.11537 -0.16147 1.48816e-20)
(1.11537 -0.16147 1.48816e-20)
(1.11094 -0.15655 -1.61354e-21)
(1.1106 -0.151 -5.90344e-21)
(1.11025 -0.14552 5.86276e-21)
(1.10987 -0.140116 -1.56028e-21)
(1.10952 -0.134768 -3.6365e-21)
(1.10913 -0.129462 2.22939e-21)
(1.1087 -0.124216 -5.11495e-21)
(1.10824 -0.119036 3.56546e-21)
(1.10777 -0.113913 -3.67868e-21)
(1.10727 -0.108845 1.42912e-21)
(1.10674 -0.103829 1.44932e-21)
(1.10619 -0.0988627 4.43721e-21)
(1.10562 -0.0939424 -5.98591e-21)
(1.10503 -0.0890671 2.5829e-21)
(1.10441 -0.0842396 -8.1111e-22)
(1.1038 -0.0794409 -2.65578e-21)
(1.10315 -0.0746675 3.45875e-21)
(1.10249 -0.0699306 -8.75307e-22)
(1.10181 -0.0652202 7.52149e-23)
(1.10114 -0.0605298 -5.04293e-23)
(1.10046 -0.0558539 -1.33421e-21)
(1.0998 -0.0511858 3.95088e-23)
(1.09914 -0.0465182 -1.74925e-22)
(1.09851 -0.0418428 1.5984e-21)
(1.0979 -0.03715 3.38751e-23)
(1.09733 -0.0324289 -7.3068e-22)
(1.09682 -0.0276671 -2.35201e-22)
(1.09636 -0.0228491 1.0834e-21)
(1.09597 -0.0179623 1.6599e-21)
(1.09568 -0.0129714 -4.73389e-22)
(1.09547 -0.00790087 -2.68655e-21)
(1.0954 -0.00259929 2.41944e-22)
)
;
    }
    procBoundary1to2
    {
        type            processor;
        value           nonuniform List<vector> 
36
(
(1.24976 -0.0538118 0)
(1.25558 -0.0547898 0)
(1.25757 -0.0552777 0)
(1.25714 -0.0554164 0)
(1.25527 -0.0553145 0)
(1.25257 -0.0550432 0)
(1.24935 -0.0546421 0)
(1.24579 -0.0541291 0)
(1.24199 -0.0535108 0)
(1.23804 -0.0527898 0)
(1.23402 -0.051969 0)
(1.22999 -0.0510516 0)
(1.22599 -0.0500402 0)
(1.22202 -0.0489357 0)
(1.21808 -0.0477376 0)
(1.21417 -0.0464446 0)
(1.21028 -0.0450555 0)
(1.2064 -0.04357 0)
(1.20255 -0.0419883 0)
(1.19874 -0.0403114 0)
(1.19498 -0.0385407 0)
(1.19128 -0.036678 0)
(1.18766 -0.034725 0)
(1.18414 -0.0326837 0)
(1.18073 -0.0305559 0)
(1.17746 -0.0283432 0)
(1.17434 -0.0260471 0)
(1.1714 -0.0236684 0)
(1.16865 -0.0212078 0)
(1.16613 -0.0186649 0)
(1.16387 -0.0160394 0)
(1.16189 -0.0133287 0)
(1.16022 -0.0105301 0)
(1.15891 -0.00764483 0)
(1.15799 -0.00465053 0)
(1.15751 -0.00157953 0)
)
;
    }
    procBoundary1to5
    {
        type            processor;
        value           nonuniform List<vector> 
59
(
(1.13784 -0.255983 2.10926e-20)
(1.14458 -0.253271 -1.44052e-20)
(1.15111 -0.250451 1.47361e-20)
(1.15744 -0.247536 5.70055e-21)
(1.15744 -0.247536 5.70055e-21)
(1.1688 -0.25491 2.21821e-20)
(1.17485 -0.251498 -1.20596e-20)
(1.18069 -0.248033 -9.54482e-21)
(1.18632 -0.244526 3.91894e-20)
(1.18617 -0.231951 -1.11276e-20)
(1.18617 -0.231951 -1.11276e-20)
(1.19135 -0.228712 7.83977e-21)
(1.19636 -0.225457 -9.33928e-20)
(1.2012 -0.222195 6.11512e-20)
(1.20587 -0.218935 -7.75359e-21)
(1.21038 -0.215684 4.20906e-20)
(1.21474 -0.212451 -1.60312e-20)
(1.21894 -0.20924 1.95655e-20)
(1.223 -0.206057 -3.24022e-20)
(1.22196 -0.196222 5.87751e-20)
(1.22196 -0.196222 5.87751e-20)
(1.22581 -0.193322 8.56612e-20)
(1.22954 -0.190453 -1.46388e-19)
(1.23314 -0.187614 1.5656e-19)
(1.23658 -0.184802 -2.34108e-19)
(1.23579 -0.175915 -2.13788e-19)
(1.23579 -0.175915 -2.13788e-19)
(1.23911 -0.173283 1.56267e-19)
(1.24223 -0.170656 -2.56973e-20)
(1.24167 -0.163245 -2.19802e-19)
(1.24167 -0.163245 -2.19802e-19)
(1.24462 -0.160849 1.71271e-19)
(1.24726 -0.158417 8.68351e-20)
(1.24788 -0.148362 -1.25054e-19)
(1.24788 -0.148362 -1.25054e-19)
(1.25024 -0.145836 -6.27919e-19)
(1.25031 -0.144109 1.25998e-19)
(1.25031 -0.144109 1.25998e-19)
(1.25233 -0.141705 -1.05474e-19)
(1.25198 -0.138294 -2.07391e-19)
(1.25198 -0.138294 -2.07391e-19)
(1.25272 -0.135876 3.1445e-19)
(1.25353 -0.132632 -1.32765e-19)
(1.25353 -0.132632 -1.32765e-19)
(1.2521 -0.129729 1.21224e-19)
(1.25524 -0.125119 0)
(1.25594 -0.119066 0)
(1.25462 -0.113011 0)
(1.25681 -0.107189 0)
(1.25681 -0.107189 0)
(1.25644 -0.101273 0)
(1.25581 -0.0954132 0)
(1.25475 -0.0896501 0)
(1.25327 -0.0839838 0)
(1.25144 -0.0784126 0)
(1.24931 -0.0729432 0)
(1.24692 -0.0675837 0)
(1.24428 -0.0623393 0)
(1.24142 -0.0572128 0)
)
;
    }
}


// ************************************************************************* //
