/*--------------------------------*- C++ -*----------------------------------*\
  =========                 |
  \\      /  F ield         | OpenFOAM: The Open Source CFD Toolbox
   \\    /   O peration     | Website:  https://openfoam.org
    \\  /    A nd           | Version:  7
     \\/     M anipulation  |
\*---------------------------------------------------------------------------*/
FoamFile
{
    version     2.0;
    format      ascii;
    class       surfaceScalarField;
    location    "115";
    object      phi;
}
// * * * * * * * * * * * * * * * * * * * * * * * * * * * * * * * * * * * * * //

dimensions      [0 3 -1 0 0 0 0];

internalField   nonuniform List<scalar> 
3883
(
-0.00721049
0.00282251
-0.00727652
0.00272028
0.00255443
-0.0070277
-0.00733973
0.00261765
0.00245437
-0.00708916
-0.00739999
0.00251462
0.00235404
-0.00714725
-0.00745713
0.00241118
0.00225346
-0.0072019
-0.00751103
0.00230736
0.0021015
-0.00696239
0.00215262
-0.00725302
-0.00756155
0.00220314
0.00200403
-0.00700917
0.00205153
-0.00730051
-0.00760857
0.00209855
0.00190641
-0.00705233
0.0019502
-0.0073443
-0.00765197
0.0019936
0.00180864
-0.0070918
0.00184864
-0.0073843
-0.00769165
0.00188832
0.00167504
-0.0068454
0.00171075
-0.00712751
0.00174689
-0.00742044
-0.0077275
0.00178274
0.00158087
-0.00687724
0.00161275
-0.00715939
0.00164495
-0.00745263
-0.00775943
0.00167688
0.00148668
-0.00690526
0.00151468
-0.00718739
0.00154287
-0.00748082
-0.00778734
0.00157078
0.00139251
-0.00692941
0.00141655
-0.00721144
0.00144068
-0.00750495
-0.00781115
0.00146449
0.00129836
-0.00694966
0.00131841
-0.00723148
0.00133841
-0.00752495
-0.00783078
0.00135804
0.00120429
-0.00696596
0.00122028
-0.00724748
0.0012361
-0.00754076
-0.00784617
0.00125149
0.00111031
-0.00697826
0.00112221
-0.00725937
0.0011338
-0.00755235
-0.00785724
0.00114487
0.00101648
-0.00698654
0.00102424
-0.00726713
0.00103155
-0.00755966
-0.00786395
0.00103825
0.000922818
-0.00699076
0.000926398
-0.00727071
0.000929394
-0.00756266
-0.00786623
0.000931675
0.000829246
-0.00672378
0.000829376
-0.00699089
0.000828744
-0.00727008
0.000827388
-0.0075613
-0.00786404
0.000825204
0.00074018
-0.00672071
0.000736192
-0.00698691
0.000731319
-0.00726521
0.000725579
-0.00755556
-0.00785736
0.000718894
0.00065144
-0.00671361
0.000643311
-0.00697878
0.000634168
-0.00725606
0.00062402
-0.00754541
-0.00784614
0.000612807
0.000563065
-0.00670248
0.000550774
-0.00696649
0.000537341
-0.00724263
0.000522764
-0.00753084
-0.00783038
0.000507003
0.000475098
-0.0066873
0.000458626
-0.00695001
0.000440883
-0.00722489
0.000421863
-0.00751182
-0.00781004
0.000401524
0.000387583
0.000366912
-0.00692934
0.000344839
-0.00720282
0.000321361
-0.00748834
-0.0077851
0.000296417
0.000275683
-0.00690446
0.000249263
-0.0071764
0.000221292
-0.00746037
-0.00775553
0.000191725
0.000184995
-0.00687537
0.000154231
-0.00714563
0.000121687
-0.00742782
8.73982e-05
9.49039e-05
5.98119e-05
0.00665519
-0.000294686
-0.00666514
0.00663634
-0.000430783
0.0066107
-0.000568698
0.00657576
-0.000710101
0.00652962
-0.000856577
0.00647177
-0.00100591
0.00640199
-0.0011548
0.00632017
-0.0013003
0.00622658
-0.00143961
0.00612201
-0.00156963
0.00600765
-0.00168717
0.00588502
-0.00178925
-0.00187325
0.00682866
-0.000283513
-0.00683983
0.00680906
-0.000411185
0.00678192
-0.000541555
0.00674596
-0.000674145
0.00669957
-0.000810186
0.00664206
-0.000948408
0.00657328
-0.00108601
0.00649322
-0.00122024
0.00640215
-0.00134854
0.00630076
-0.00146823
0.00619011
-0.00157652
0.00607157
-0.00167071
-0.00174839
0.00700637
-0.00027149
-0.0070184
0.00698624
-0.00039105
0.00695809
-0.000513404
0.00692134
-0.000637398
0.00687484
-0.000763686
0.00681788
-0.000891448
0.00675028
-0.00101841
0.0066721
-0.00114207
0.00658363
-0.00126007
0.00648549
-0.00137008
0.00637861
-0.00146964
0.00626422
-0.00155633
-0.00162793
0.00718931
-0.00025859
-0.00720221
0.00716847
-0.000370211
0.00713962
-0.000484555
0.00710239
-0.000600162
0.00705596
-0.00071726
0.00699972
-0.00083521
0.00693348
-0.000952163
0.00685731
-0.0010659
0.00677151
-0.00117428
0.00667666
-0.00127523
0.00657359
-0.00136657
0.00646341
-0.00144615
-0.00151194
0.0073775
-0.000244663
-0.00739143
0.00735604
-0.000348751
0.00732678
-0.000455288
0.00728936
-0.000562748
0.00724323
-0.000671132
0.0071879
-0.000779874
0.00712317
-0.000887435
0.00704914
-0.00099187
0.00696612
-0.00109126
0.00687462
-0.00118373
0.00677541
-0.00126737
0.0066695
-0.00134024
-0.0014005
0.00757113
-0.000229993
-0.0075858
0.00754925
-0.000326874
0.00751982
-0.000425852
0.00748252
-0.000525448
0.00743694
-0.000625553
0.00738271
-0.000725645
0.00731968
-0.000824407
0.00724795
-0.000920138
0.00716781
-0.00101112
0.00707975
-0.00109567
0.00698447
-0.00117209
0.00688289
-0.00123865
-0.00129369
0.00777067
-0.000214849
-0.00778582
0.00774857
-0.000304766
0.00771919
-0.000396476
0.00768228
-0.000488535
0.0076375
-0.000580781
0.0075846
-0.000672739
0.00752345
-0.000763262
0.00745417
-0.000850854
0.00737703
-0.000933983
0.00729251
-0.00101114
0.00720123
-0.00108081
0.00710404
-0.00114146
-0.00119156
0.00797679
-0.00019941
-0.00799223
0.00795465
-0.000282629
0.00792556
-0.000367378
0.00788927
-0.000452247
0.00784554
-0.000537048
0.00779415
-0.000621358
0.00773506
-0.000704168
0.00766837
-0.000784159
0.00759434
-0.000859961
0.00751343
-0.000930229
0.00742622
-0.000993605
0.00733347
-0.00104871
-0.00109419
0.00819034
-0.000183856
-0.0082059
0.00816836
-0.000260647
0.00813973
-0.000338743
0.00810426
-0.000416779
0.00806175
-0.000494545
0.00801207
-0.000571669
0.00795516
-0.000647266
0.00789117
-0.000720163
0.00782034
-0.000789139
0.0077431
-0.000852988
0.00766
-0.000910499
0.00757173
-0.000960441
-0.00100159
0.0084122
-0.000168322
-0.00842773
0.00839051
-0.000238961
0.00836249
-0.00031072
0.00832799
-0.000382281
0.00828686
-0.000453419
0.008239
-0.000523804
0.00818439
-0.000592661
0.00812318
-0.000658948
0.00805561
-0.000721572
0.00798208
-0.000779456
0.0079031
-0.000831517
0.00781931
-0.000876655
-0.000913767
0.00864303
-0.000152912
-0.00865844
0.00862176
-0.000217693
0.00859448
-0.000283436
0.00856108
-0.000348883
0.00852145
-0.000413791
0.00847552
-0.000477869
0.0084233
-0.000540438
0.00836492
-0.000600575
0.00830065
-0.0006573
0.00823085
-0.00070965
0.00815599
-0.000756659
0.00807668
-0.000797344
-0.000830719
0.00888336
-0.000137732
-0.00889854
0.00886263
-0.000196959
0.0088362
-0.000257011
0.00880402
-0.000316697
0.00876599
-0.000375764
0.00872207
-0.000433952
0.0086723
-0.000490667
0.00861682
-0.00054509
0.00855587
-0.000596348
0.00848979
-0.000643578
0.00841905
-0.000685917
0.0083442
-0.000722491
-0.000752417
0.00913358
-0.000122889
-0.00914843
0.0091135
-0.000176871
0.00908804
-0.000231557
0.00905717
-0.000285829
0.00902084
-0.000339433
0.00897902
-0.000392132
0.00893176
-0.000443407
0.00887921
-0.000492536
0.0088216
-0.000538738
0.00875926
-0.000581241
0.00869262
-0.000619277
0.0086222
-0.000652068
-0.000678828
0.00939407
-0.000108487
-0.00940847
0.00937473
-0.000157532
0.00935035
-0.000207176
0.0093209
-0.000256378
0.00928635
-0.000304884
0.0092467
-0.00035248
0.009202
-0.000398713
0.00915241
-0.000442946
0.00909816
-0.000484482
0.00903955
-0.000522633
0.00897699
-0.000556717
0.00891096
-0.000586041
-0.000609908
0.00966522
-9.46246e-05
-0.00967908
0.00964673
-0.000139039
0.00962351
-0.000183961
0.00959556
-0.000228428
0.00956287
-0.000272191
0.00952545
-0.000315056
0.00948336
-0.000356627
0.00943676
-0.000396342
0.00938586
-0.000433586
0.00933097
-0.000467742
0.00927246
-0.000498206
0.00921078
-0.000524364
-0.0005456
0.0099475
-8.13906e-05
-0.00996073
0.00992993
-0.000121477
0.00990797
-0.000161993
0.00988159
-0.000202053
0.00985082
-0.000241416
0.00981567
-0.000279905
0.00977622
-0.000317177
0.00973261
-0.000352738
0.00968507
-0.000386041
0.00963386
-0.000416541
0.00957936
-0.000443701
0.00952198
-0.00046698
-0.000485835
0.0102414
-6.88618e-05
-0.0102539
0.0102248
-0.000104919
0.0102042
-0.000141338
0.0101794
-0.00017731
0.0101506
-0.000212603
0.0101178
-0.000247059
0.010081
-0.000280378
0.0100404
-0.000312128
0.00999615
-0.000341826
0.0099486
-0.00036899
0.00989804
-0.000393145
0.00984488
-0.000413816
-0.000430524
0.0105474
-5.71047e-05
-0.0105592
0.0105319
-8.94245e-05
0.0105126
-0.000122048
0.0104896
-0.000154241
0.0104628
-0.000185784
0.0104322
-0.000216533
0.0103981
-0.000246228
0.0103604
-0.000274493
0.0103195
-0.000300903
0.0102756
-0.000325032
0.0102289
-0.000346464
0.0101798
-0.00036478
-0.000379563
0.0108662
-4.61757e-05
-0.0108771
0.0108518
-7.50422e-05
0.0108339
-0.000104163
0.0108125
-0.000132875
0.0107877
-0.000160972
0.0107595
-0.000188326
0.010728
-0.00021471
0.0106933
-0.000239798
0.0106556
-0.000263219
0.0106152
-0.000284597
0.0105723
-0.000303567
0.0105273
-0.000319766
-0.000332829
0.0111981
-3.61212e-05
-0.0112082
0.0111849
-6.18095e-05
0.0111685
-8.77097e-05
0.0111488
-0.000113227
0.011126
-0.000138169
0.0111001
-0.000162423
0.0110712
-0.000185792
0.0110394
-0.000207993
0.0110049
-0.000228703
0.0109679
-0.000247595
0.0109286
-0.000264349
0.0108875
-0.000278649
-0.000290181
0.011544
-2.69787e-05
-0.0115531
0.0115319
-4.97526e-05
0.0115169
-7.27018e-05
0.011499
-9.52966e-05
0.0114782
-0.000117362
0.0114545
-0.000138794
0.0114282
-0.000159425
0.0113992
-0.000179011
0.0113677
-0.000197273
0.0113341
-0.000213924
0.0112984
-0.000228688
0.0112611
-0.000241292
-0.000251465
0.0119042
-1.87763e-05
-0.0119124
0.0118933
-3.88875e-05
0.0118798
-5.91423e-05
0.0118636
-7.90739e-05
0.0118447
-9.8522e-05
0.0118233
-0.000117394
0.0117994
-0.000135547
0.0117732
-0.000152772
0.0117448
-0.000168827
0.0117143
-0.000183466
0.0116821
-0.000196448
0.0116483
-0.000207539
-0.000216508
0.0122795
-1.15341e-05
-0.0122867
0.0122698
-2.92189e-05
0.0122577
-4.70219e-05
0.0122431
-6.45345e-05
0.0122262
-8.16105e-05
0.012207
-9.81678e-05
0.0121855
-0.000114085
0.012162
-0.000129183
0.0121364
-0.000143255
0.012109
-0.000156089
0.01208
-0.000167479
0.0120497
-0.000177224
-0.000185127
0.0126704
-5.26384e-06
-0.0126767
0.0126619
-2.07409e-05
0.0126512
-3.63222e-05
0.0126383
-5.16439e-05
0.0126233
-6.65749e-05
0.0126062
-8.10442e-05
0.012587
-9.49483e-05
0.012566
-0.000108136
0.0125432
-0.000120429
0.0125187
-0.000131649
0.0124929
-0.000141618
0.0124658
-0.000150166
-0.000157126
0.0130776
2.22515e-08
-0.0130829
0.0130703
-1.34378e-05
0.013061
-2.70094e-05
0.0130497
-4.03523e-05
0.0130365
-5.33519e-05
0.0130214
-6.59433e-05
0.0130045
-7.80392e-05
0.0129859
-8.95129e-05
0.0129657
-0.000100215
0.012944
-0.000109991
0.0129211
-0.000118693
0.0128971
-0.000126176
-0.000132301
0.0135018
4.41195e-06
-0.0135062
0.0134957
-7.30767e-06
0.0134878
-1.90524e-05
0.013478
-3.06112e-05
0.0134665
-4.187e-05
0.0134534
-5.27729e-05
0.0134386
-6.3247e-05
0.0134222
-7.3186e-05
0.0134045
-8.2464e-05
0.0133855
-9.09513e-05
0.0133653
-9.85225e-05
0.0133442
-0.000105057
-0.000110438
0.0139438
7.83933e-06
-0.0139472
0.0139388
-2.29575e-06
0.0139321
-1.23932e-05
0.0139239
-2.23471e-05
0.013914
-3.20417e-05
0.0139027
-4.14303e-05
0.0138899
-5.04517e-05
0.0138757
-5.90172e-05
0.0138603
-6.70211e-05
0.0138437
-7.4356e-05
0.0138261
-8.09166e-05
0.0138076
-8.66028e-05
-9.1318e-05
0.0144043
1.03337e-05
-0.0144067
0.0144003
1.68573e-06
0.0143949
-6.98535e-06
0.014388
-1.54886e-05
0.0143797
-2.37785e-05
0.0143701
-3.1808e-05
0.0143592
-3.95266e-05
0.014347
-4.68605e-05
0.0143337
-5.37237e-05
0.0143194
-6.00258e-05
0.0143042
-6.56801e-05
0.0142882
-7.06038e-05
-7.47183e-05
0.014884
1.19512e-05
-0.0148856
0.014881
4.63412e-06
0.0148768
-2.75275e-06
0.0148713
-9.95097e-06
0.0148645
-1.69759e-05
0.0148564
-2.3784e-05
0.0148472
-3.0333e-05
0.0148369
-3.65622e-05
0.0148256
-4.24004e-05
0.0148134
-4.77739e-05
0.0148003
-5.26113e-05
0.0147865
-5.68453e-05
-6.0412e-05
0.0153839
1.27251e-05
-0.0153847
0.0153819
6.60026e-06
0.0153788
4.07216e-07
0.0153745
-5.64214e-06
0.015369
-1.15255e-05
0.0153625
-1.72339e-05
0.0153549
-2.27297e-05
0.0153463
-2.79626e-05
0.0153367
-3.28757e-05
0.0153264
-3.74095e-05
0.0153153
-4.15057e-05
0.0153035
-4.51101e-05
-4.81709e-05
0.015905
1.27092e-05
-0.015905
0.0159039
7.66013e-06
0.0159018
2.56162e-06
0.0158986
-2.46186e-06
0.0158944
-7.31062e-06
0.0158892
-1.20233e-05
0.015883
-1.65636e-05
0.0158759
-2.08935e-05
0.015868
-2.49675e-05
0.0158593
-2.87354e-05
0.01585
-3.21528e-05
0.0158401
-3.51754e-05
-3.77629e-05
0.0164483
1.19633e-05
-0.0164475
0.016448
7.8936e-06
0.0164468
3.78505e-06
0.0164446
-2.96996e-07
0.0164415
-4.20106e-06
0.0164375
-8.00574e-06
0.0164326
-1.16768e-05
0.0164269
-1.51816e-05
0.0164204
-1.84852e-05
0.0164133
-2.15492e-05
0.0164054
-2.43373e-05
0.0163971
-2.68164e-05
-2.89543e-05
0.017015
1.05511e-05
-0.0170135
0.0170155
7.37815e-06
0.0170151
4.17225e-06
0.0170138
1.0098e-06
0.0170116
-2.07107e-06
0.0170087
-5.036e-06
0.0170049
-7.90216e-06
0.0170004
-1.06436e-05
0.0169951
-1.32326e-05
0.0169892
-1.56393e-05
0.0169827
-1.78373e-05
0.0169757
-1.98003e-05
-2.15051e-05
0.0176064
8.55435e-06
-0.0176044
0.0176075
6.21719e-06
0.0176078
3.85483e-06
0.0176073
1.52643e-06
0.017606
-7.55059e-07
0.0176039
-2.94148e-06
0.0176011
-5.05704e-06
0.0175975
-7.08212e-06
0.0175933
-8.99822e-06
0.0175884
-1.07835e-05
0.017583
-1.2418e-05
0.0175771
-1.38839e-05
-1.51642e-05
0.0182239
6.0589e-06
-0.0182214
0.0182256
4.51561e-06
0.0182265
2.95402e-06
0.0182266
1.41552e-06
0.018226
-1.05538e-07
0.0182246
-1.54504e-06
0.0182225
-2.94371e-06
0.0182197
-4.28537e-06
0.0182162
-5.55603e-06
0.0182122
-6.74143e-06
0.0182076
-7.82979e-06
0.0182025
-8.80889e-06
-9.66773e-06
0.0188693
3.17456e-06
-0.0188664
0.0188715
2.39726e-06
0.0188728
1.61441e-06
0.0188734
8.42522e-07
0.0188732
8.87221e-08
0.0188723
-6.40898e-07
0.0188707
-1.34214e-06
0.0188684
-2.01512e-06
0.0188655
-2.65246e-06
0.018862
-3.24809e-06
0.018858
-3.79551e-06
0.0188534
-4.28895e-06
-4.7231e-06
0.0195445
-0.0195413
0.0195469
0.0195485
0.0195493
0.0195494
0.0195488
0.0195474
0.0195454
0.0195428
0.0195395
0.0195357
0.0195314
0.000588145
0.00481226
-0.0047876
0.000563612
0.00496459
-0.00494005
0.000539478
0.00512209
-0.00509795
0.000515909
0.00528563
-0.00526206
0.000492915
0.00545537
-0.00543238
0.000470463
0.00563123
-0.00560878
0.000448548
0.00581315
-0.00579123
0.000427166
0.00600118
-0.00597979
0.000406326
0.00619546
-0.00617462
0.000386043
0.00639618
-0.0063759
0.000366327
0.00660359
-0.00658387
0.000347184
0.00681785
-0.00679871
0.000328621
0.00703932
-0.00702076
0.000310654
0.00726823
-0.00725027
0.000293283
0.00750487
-0.0074875
0.000276506
0.00774954
-0.00773276
0.00026032
0.00800257
-0.00798639
0.000244718
0.00826431
-0.00824871
0.000229689
0.00853511
-0.00852008
0.000215217
0.00881536
-0.00880089
0.000201281
0.00910541
-0.00909147
0.000187863
0.00940578
-0.00939236
0.000174947
0.00971686
-0.00970395
0.000162507
0.0100391
-0.0100267
0.000150513
0.0103731
-0.0103611
0.000138937
0.0107193
-0.0107077
0.000127745
0.0110782
-0.011067
0.000116905
0.0114505
-0.0114397
0.000106382
0.0118368
-0.0118263
9.6139e-05
0.0122377
-0.0122275
8.61388e-05
0.012654
-0.012644
7.63421e-05
0.0130864
-0.0130766
6.67083e-05
0.0135357
-0.013526
5.71958e-05
0.0140027
-0.0139932
4.77605e-05
0.0144885
-0.0144791
3.83561e-05
0.0149941
-0.0149847
2.89333e-05
0.0155205
-0.0155111
1.94402e-05
0.016069
-0.0160596
9.81134e-06
0.016641
-0.0166314
0.017238
-0.0172282
0.000693163
0.00483799
0.000667475
0.00499028
0.00064208
0.00514748
0.000617166
0.00531054
0.000592769
0.00547977
0.000568866
0.00565513
0.000545441
0.00583657
0.00052249
0.00602413
0.000500017
0.00621793
0.000478036
0.00641817
0.00045656
0.00662507
0.000435585
0.00683883
0.000415129
0.00705978
0.000395199
0.00728816
0.000375793
0.00752427
0.000356909
0.00776842
0.000338542
0.00802094
0.000320681
0.00828217
0.000303313
0.00855248
0.000286425
0.00883225
0.000269982
0.00912185
0.000253975
0.00942179
0.000238377
0.00973246
0.00022316
0.0100544
0.000208291
0.010388
0.000193737
0.0107338
0.000179462
0.0110925
0.00016543
0.0114645
0.000151601
0.0118506
0.000137934
0.0122514
0.000124388
0.0126675
0.000110918
0.0130998
9.74798e-05
0.0135491
8.40259e-05
0.0140162
7.05075e-05
0.014502
5.68728e-05
0.0150077
4.30664e-05
0.0155343
2.90308e-05
0.0160831
1.46928e-05
0.0166554
0.0172527
0.00079839
0.00486481
0.00077153
0.00501714
0.000744854
0.00517416
0.000718573
0.00533682
0.000692748
0.00550559
0.000667368
0.00568051
0.000642414
0.00586153
0.000617875
0.00604867
0.000593753
0.00624205
0.00057006
0.00644186
0.000546808
0.00664832
0.000523994
0.00686164
0.000501634
0.00708214
0.00047973
0.00731007
0.000458282
0.00754572
0.000437285
0.00778942
0.000416731
0.0080415
0.000396608
0.0083023
0.000376899
0.00857219
0.00035759
0.00885156
0.000338642
0.0091408
0.000320044
0.00944039
0.000301764
0.00975074
0.00028377
0.0100723
0.000266027
0.0104057
0.000248498
0.0107514
0.000231143
0.0111098
0.000213921
0.0114818
0.000196788
0.0118678
0.000179701
0.0122685
0.000162611
0.0126846
0.000145472
0.013117
0.000128232
0.0135663
0.00011084
0.0140336
9.32419e-05
0.0145196
7.53798e-05
0.0150256
5.71927e-05
0.0155525
3.86166e-05
0.0161017
1.95728e-05
0.0166744
0.0172723
0.000903758
0.00489273
0.000875709
0.00504518
0.000847737
0.00520213
0.000820068
0.00536449
0.00079279
0.00553287
0.000765908
0.00570739
0.000739402
0.00588803
0.000713256
0.00607481
0.000687471
0.00626784
0.000662051
0.00646728
0.00063701
0.00667336
0.000612347
0.0068863
0.000588073
0.00710641
0.000564189
0.00733395
0.000540693
0.00756922
0.000517578
0.00781254
0.000494833
0.00806424
0.000472446
0.00832468
0.000450395
0.00859424
0.000428662
0.00887329
0.000407212
0.00916225
0.000386023
0.00946158
0.000365063
0.0097717
0.000344295
0.0100931
0.000323682
0.0104263
0.000303181
0.0107719
0.000282749
0.0111303
0.000262343
0.0115022
0.000241912
0.0118882
0.000221409
0.012289
0.000200782
0.0127053
0.000179978
0.0131378
0.000158943
0.0135874
0.000137619
0.0140549
0.000115947
0.0145413
9.38634e-05
0.0150477
7.13015e-05
0.0155751
4.81913e-05
0.0161248
2.44471e-05
0.0166982
0.0172967
0.00100921
0.00492177
0.00097995
0.00507444
0.000950667
0.00523141
0.00092159
0.00539357
0.000892834
0.00556163
0.000864424
0.0057358
0.000836342
0.00591612
0.000808571
0.00610258
0.000781105
0.0062953
0.000753947
0.00649444
0.000727106
0.0067002
0.000700583
0.00691283
0.000674387
0.00713261
0.000648516
0.00735982
0.000622966
0.00759477
0.00059773
0.00783777
0.000572793
0.00808918
0.000548139
0.00834934
0.000523747
0.00861863
0.000499593
0.00889745
0.000475641
0.0091862
0.000451866
0.00948535
0.000428229
0.00979534
0.000404692
0.0101167
0.000381213
0.0104498
0.000357747
0.0107953
0.000334246
0.0111538
0.000310661
0.0115258
0.00028694
0.0119119
0.000263029
0.0123129
0.000238872
0.0127294
0.000214413
0.0131622
0.000189591
0.0136122
0.000164343
0.0140801
0.000138606
0.0145671
0.00011231
0.015074
8.53829e-05
0.015602
5.77478e-05
0.0161524
2.93124e-05
0.0167266
0.017326
0.00111467
0.00495197
0.00108419
0.00510492
0.00105358
0.00526202
0.00102308
0.00542407
0.000992818
0.00559188
0.000962853
0.00576577
0.000933174
0.0059458
0.000903757
0.006132
0.000874594
0.00632447
0.000845684
0.00652335
0.000817033
0.00672885
0.000788642
0.00694122
0.000760516
0.00716074
0.000732653
0.00738768
0.000705046
0.00762237
0.000677685
0.00786513
0.000650555
0.00811631
0.000623636
0.00837626
0.000596904
0.00864536
0.000570332
0.00892402
0.000543882
0.00921265
0.000517524
0.00951171
0.000491217
0.00982165
0.000464917
0.010143
0.00043858
0.0104761
0.000412157
0.0108217
0.000385595
0.0111803
0.000358841
0.0115525
0.000331839
0.0119389
0.00030453
0.0123402
0.000276855
0.0127571
0.000248751
0.0131903
0.000220152
0.0136408
0.000190993
0.0141093
0.000161203
0.0145968
0.000130707
0.0151045
9.94262e-05
0.0156333
6.72786e-05
0.0161846
3.41648e-05
0.0167597
0.0173602
0.00122011
0.00498335
0.00118837
0.00513666
0.00115642
0.00529398
0.00112447
0.00545602
0.00109268
0.00562367
0.00106114
0.00579731
0.00102984
0.0059771
0.000998754
0.00616308
0.000967878
0.00635534
0.000937203
0.00655402
0.000906732
0.00675932
0.000876464
0.00697149
0.000846402
0.0071908
0.000816541
0.00741754
0.000786874
0.00765204
0.000757388
0.00789462
0.000728065
0.00814563
0.000698883
0.00840544
0.000669814
0.00867443
0.000640828
0.00895301
0.000611886
0.00924159
0.000582952
0.00954064
0.000553982
0.00985062
0.000524929
0.010172
0.000495743
0.0105053
0.000466372
0.0108511
0.00043676
0.01121
0.000406848
0.0115824
0.000376577
0.0119692
0.000345883
0.0123709
0.000314702
0.0127883
0.000282967
0.0132221
0.000250607
0.0136731
0.00021755
0.0141424
0.000183721
0.0146307
0.00014904
0.0151391
0.000113421
0.0156689
7.6777e-05
0.0162212
3.9001e-05
0.0167975
0.0173992
0.00132544
0.00501594
0.00129243
0.00516967
0.00125911
0.0053273
0.0012257
0.00548944
0.00119237
0.005657
0.00115922
0.00583046
0.00112627
0.00601005
0.0010935
0.00619585
0.0010609
0.00638795
0.00102844
0.00658647
0.000996141
0.00679162
0.000963988
0.00700364
0.000931984
0.0072228
0.000900123
0.00744941
0.000868395
0.00768377
0.000836783
0.00792623
0.000805269
0.00817714
0.000773826
0.00843688
0.000742425
0.00870583
0.000711032
0.0089844
0.000679605
0.00927302
0.000648103
0.00957215
0.000616479
0.00988224
0.000584683
0.0102038
0.00055266
0.0105373
0.000520354
0.0108834
0.000487704
0.0112426
0.000454649
0.0116155
0.000421123
0.0120027
0.000387059
0.012405
0.000352387
0.0128229
0.000317036
0.0132574
0.000280931
0.0137093
0.000243994
0.0141793
0.000206144
0.0146685
0.000167296
0.015178
0.000127358
0.0157088
8.62361e-05
0.0162623
4.38172e-05
0.0168399
0.017443
0.00143063
0.0050498
0.00139631
0.00520399
0.00136161
0.005362
0.00132672
0.00552433
0.00129182
0.0056919
0.00125704
0.00586524
0.00122241
0.00604467
0.00118794
0.00623033
0.00115359
0.0064223
0.00111934
0.00662072
0.0010852
0.00682577
0.00105116
0.00703768
0.00101721
0.00725675
0.000983341
0.00748327
0.00094955
0.00771756
0.000915815
0.00795997
0.000882112
0.00821085
0.000848414
0.00847058
0.000814687
0.00873956
0.000780894
0.00901819
0.00074699
0.00930692
0.000712931
0.0096062
0.000678665
0.00991651
0.000644137
0.0102383
0.00060929
0.0105722
0.000574063
0.0109187
0.000538391
0.0112783
0.000502208
0.0116517
0.000465444
0.0120395
0.000428027
0.0124424
0.000389883
0.0128611
0.000350935
0.0132964
0.000311104
0.0137491
0.000270306
0.0142201
0.000228456
0.0147104
0.000185462
0.015221
0.000141226
0.0157531
9.56487e-05
0.0163079
4.861e-05
0.0168869
0.0174916
0.00153563
0.00508495
0.00149996
0.00523965
0.00146386
0.00539811
0.00142747
0.00556072
0.00139098
0.00572839
0.00135454
0.00590168
0.00131822
0.00608099
0.00128201
0.00626653
0.00124589
0.00645842
0.00120984
0.00665677
0.00117385
0.00686176
0.00113791
0.00707363
0.00110201
0.00729265
0.00106614
0.00751914
0.00103028
0.00775341
0.000994428
0.00799582
0.000958541
0.00824673
0.000922593
0.00850653
0.000886548
0.0087756
0.000850364
0.00905438
0.000813994
0.00934329
0.000777389
0.00964281
0.000740493
0.0099534
0.000703249
0.0102756
0.000665593
0.0106099
0.000627461
0.0109568
0.000588784
0.0113169
0.000549491
0.011691
0.000509508
0.0120795
0.000468758
0.0124831
0.000427162
0.0129027
0.000384639
0.0133389
0.000341103
0.0137926
0.000296467
0.0142647
0.00025064
0.0147562
0.000203523
0.0152681
0.000155015
0.0158016
0.000105008
0.0163579
5.33757e-05
0.0169386
0.017545
0.00164037
0.00512146
0.00160332
0.0052767
0.00156579
0.00543565
0.00152788
0.00559862
0.00148979
0.00576648
0.00145167
0.0059398
0.00141362
0.00611904
0.00137566
0.0063045
0.00133775
0.00649632
0.00129989
0.00669463
0.00126204
0.00689961
0.00122419
0.00711148
0.00118633
0.00733051
0.00114846
0.00755702
0.00111054
0.00779133
0.00107257
0.0080338
0.0010345
0.0082848
0.000996311
0.00854472
0.000957956
0.00881396
0.000919392
0.00909294
0.000880568
0.00938212
0.000841431
0.00968195
0.000801921
0.00999291
0.000761976
0.0103155
0.000721529
0.0106503
0.00068051
0.0109978
0.000638848
0.0113586
0.000596465
0.0117333
0.000553283
0.0121226
0.000509222
0.0125272
0.000464197
0.0129477
0.000418122
0.013385
0.000370907
0.0138398
0.000322458
0.0143132
0.00027268
0.014806
0.000221468
0.0153193
0.000168715
0.0158543
0.000114307
0.0164123
5.81108e-05
0.0169948
0.0176031
0.00174483
0.00515937
0.00170635
0.00531518
0.00166735
0.00547465
0.00162791
0.00563806
0.00158819
0.0058062
0.00154837
0.00597962
0.00150857
0.00615884
0.00146882
0.00634424
0.00142912
0.00653603
0.00138942
0.00673434
0.00134969
0.00693933
0.00130993
0.00715124
0.00127012
0.00737032
0.00123024
0.0075969
0.00119027
0.0078313
0.00115018
0.00807389
0.00110994
0.00832504
0.00106952
0.00858514
0.00102886
0.00885461
0.00098793
0.00913387
0.000946666
0.00942338
0.000905011
0.0097236
0.000862903
0.010035
0.000820275
0.0103581
0.000777056
0.0106935
0.000733171
0.0110417
0.000688544
0.0114032
0.000643095
0.0117788
0.000596739
0.012169
0.000549391
0.0125745
0.000500962
0.0129961
0.000451361
0.0134346
0.000400493
0.0138907
0.00034826
0.0143654
0.00029456
0.0148597
0.000239283
0.0153746
0.000182316
0.0159113
0.000123538
0.0164711
6.28118e-05
0.0170555
0.0176659
0.00184895
0.00519874
0.00180899
0.00535514
0.00176849
0.00551515
0.00172749
0.00567905
0.00168613
0.00584757
0.00164458
0.00602117
0.00160301
0.00620042
0.00156146
0.00638579
0.00151993
0.00657756
0.00147838
0.00677589
0.00143677
0.00698093
0.0013951
0.00719291
0.00135332
0.00741209
0.00131143
0.00763879
0.0012694
0.00787333
0.00122721
0.00811609
0.0011848
0.00836744
0.00114216
0.00862779
0.00109921
0.00889755
0.00105593
0.00917716
0.00101224
0.00946707
0.000968084
0.00976776
0.000923396
0.0100797
0.000878105
0.0104034
0.000832135
0.0107395
0.000785407
0.0110884
0.000737839
0.0114508
0.000689347
0.0118273
0.000639842
0.0122185
0.000589234
0.0126251
0.000537429
0.0130479
0.000484332
0.0134877
0.000429841
0.0139452
0.000373855
0.0144214
0.000316264
0.0149173
0.000256955
0.0154339
0.000195808
0.0159724
0.000132696
0.0165342
6.74752e-05
0.0171207
0.0177334
0.0019527
0.00523964
0.0019112
0.00539665
0.00186915
0.0055572
0.00182658
0.00572162
0.00178355
0.00589059
0.00174027
0.00606445
0.00169689
0.00624379
0.00165351
0.00642917
0.00161013
0.00662094
0.00156671
0.00681931
0.00152321
0.00702443
0.00147961
0.00723652
0.00143588
0.00745583
0.00139198
0.00768268
0.0013479
0.00791741
0.0013036
0.00816039
0.00125904
0.008412
0.00121418
0.00867265
0.00116896
0.00894277
0.00112334
0.00922279
0.00107724
0.00951317
0.0010306
0.00981439
0.000983357
0.010127
0.000935424
0.0104514
0.000886726
0.0107882
0.000837179
0.011138
0.000786696
0.0115013
0.000735188
0.0118788
0.000682562
0.0122711
0.000628723
0.012679
0.000573573
0.0131031
0.00051701
0.0135442
0.000458929
0.0140033
0.000399222
0.0144811
0.000337776
0.0149787
0.000274471
0.0154972
0.000209181
0.0160377
0.000141773
0.0166016
7.20974e-05
0.0171904
0.0178055
0.00205605
0.00528214
0.00201294
0.00543976
0.0019693
0.00560084
0.00192511
0.00576581
0.00188041
0.0059353
0.00183536
0.0061095
0.00179016
0.00628899
0.00174493
0.0064744
0.00169967
0.0066662
0.00165437
0.00686461
0.00160897
0.00706983
0.00156343
0.00728205
0.00151773
0.00750153
0.00147183
0.00772858
0.0014257
0.00796354
0.0013793
0.00820678
0.0013326
0.0084587
0.00128554
0.00871971
0.00123806
0.00899024
0.00119011
0.00927073
0.00114162
0.00956166
0.00109253
0.00986349
0.00104274
0.0101767
0.000992191
0.0105019
0.000940789
0.0108396
0.000888449
0.0111903
0.000835079
0.0115547
0.000780585
0.0119333
0.000724868
0.0123268
0.00066783
0.012736
0.000609367
0.0131615
0.000549372
0.0136042
0.000487736
0.0140649
0.000424345
0.0145445
0.00035908
0.015044
0.000291818
0.0155645
0.000222425
0.0161071
0.000150762
0.0166733
7.66751e-05
0.0172645
0.0178822
0.00215897
0.00532631
0.00211417
0.00548456
0.00206888
0.00564612
0.00202305
0.00581164
0.00197664
0.00598171
0.00192981
0.00615633
0.00188277
0.00633603
0.00183566
0.00652152
0.00178851
0.00671335
0.00174129
0.00691182
0.00169397
0.00711715
0.0016465
0.00732953
0.00159883
0.0075492
0.00155093
0.00777648
0.00150275
0.00801171
0.00145427
0.00825527
0.00140543
0.00850755
0.00135618
0.00876897
0.00130646
0.00903996
0.0012562
0.00932099
0.00120534
0.00961251
0.00115381
0.00991503
0.00110151
0.010229
0.00104836
0.0105551
0.000994286
0.0108937
0.000939181
0.0112454
0.000882954
0.0116109
0.000825504
0.0119907
0.000766729
0.0123856
0.000706525
0.0127962
0.000644784
0.0132233
0.000581394
0.0136676
0.00051624
0.0141301
0.000449204
0.0146115
0.000380161
0.015113
0.000308983
0.0156356
0.00023553
0.0161806
0.000159658
0.0167491
8.12048e-05
0.0173429
0.0179634
0.00226143
0.00537223
0.00221486
0.00553113
0.00216786
0.00569312
0.00212034
0.00585916
0.00207221
0.00602984
0.00202358
0.00620496
0.00197467
0.00638493
0.00192565
0.00657054
0.00187658
0.00676242
0.00182744
0.00696096
0.00177819
0.00716641
0.00172876
0.00737895
0.00167912
0.00759884
0.00162921
0.00782639
0.001579
0.00806192
0.00152844
0.00830583
0.00147747
0.00855851
0.00142605
0.00882039
0.0013741
0.00909191
0.00132156
0.00937353
0.00126835
0.00966572
0.0012144
0.00996898
0.00115961
0.0102838
0.0011039
0.0106108
0.00104718
0.0109504
0.000989339
0.0113032
0.000930285
0.0116699
0.000869913
0.0120511
0.000808115
0.0124474
0.000744782
0.0128596
0.0006798
0.0132883
0.000613053
0.0137344
0.000544422
0.0141987
0.000473782
0.0146822
0.000401004
0.0151858
0.000325954
0.0157107
0.000248486
0.016258
0.000168452
0.0168292
8.56833e-05
0.0174257
0.018049
0.00236341
0.00542001
0.00231499
0.00557955
0.00226621
0.00574191
0.00221695
0.00590841
0.00216705
0.00607974
0.0021166
0.00625541
0.00206581
0.00643572
0.00201487
0.00662148
0.00196386
0.00681343
0.00191276
0.00701206
0.00186155
0.00721762
0.00181017
0.00743033
0.00175855
0.00765046
0.00170665
0.0078783
0.0016544
0.00811417
0.00160177
0.00835846
0.00154869
0.00861159
0.0014951
0.00887398
0.00144095
0.00914607
0.00138614
0.00942833
0.00133061
0.00972126
0.00127426
0.0100253
0.00121701
0.0103411
0.00115877
0.010669
0.00109942
0.0110097
0.00103888
0.0113638
0.000977039
0.0117318
0.00091378
0.0121144
0.000848996
0.0125122
0.000782571
0.012926
0.000714388
0.0133565
0.000644326
0.0138044
0.000572259
0.0142708
0.00049806
0.0147564
0.000421593
0.0152623
0.000342718
0.0157896
0.000261285
0.0163395
0.00017714
0.0169133
9.01069e-05
0.0175127
0.0181392
0.0024649
0.00546973
0.00241453
0.00562992
0.00236388
0.00579255
0.00231283
0.00595946
0.00226114
0.00613143
0.00220884
0.00630772
0.00215615
0.00648842
0.00210326
0.00667436
0.00205028
0.00686641
0.00199721
0.00706512
0.00194403
0.0072708
0.00189068
0.00748369
0.00183708
0.00770406
0.00178317
0.0079322
0.0017289
0.00816844
0.0016742
0.00841316
0.00161903
0.00866677
0.0015633
0.0089297
0.00150695
0.00920242
0.0014499
0.00948539
0.00139206
0.00977909
0.00133335
0.010084
0.00127367
0.0104008
0.00121292
0.0107298
0.00115099
0.0110717
0.00108778
0.011427
0.00102318
0.0117964
0.000957073
0.0121805
0.000889341
0.0125799
0.000819866
0.0129955
0.000748524
0.0134278
0.00067519
0.0138778
0.000599733
0.0143462
0.000522021
0.0148341
0.000441912
0.0153424
0.000359263
0.0158722
0.000273917
0.0164248
0.000185713
0.0170015
9.44729e-05
0.017604
0.0182336
0.00256588
0.0055215
0.00251346
0.00568234
0.00246087
0.00584515
0.00240797
0.00601236
0.00235443
0.00618496
0.00230024
0.0063619
0.00224563
0.00654303
0.00219079
0.0067292
0.00213581
0.00692139
0.00208075
0.00712019
0.00202557
0.00732597
0.00197024
0.00753903
0.00191465
0.00775965
0.00185874
0.00798811
0.00180244
0.00822474
0.0017457
0.00846991
0.00168843
0.00872403
0.00163058
0.00898756
0.00157206
0.00926094
0.00151279
0.00954466
0.00145267
0.0098392
0.00139162
0.0101451
0.00132954
0.0104628
0.00126631
0.010793
0.00120184
0.0111361
0.001136
0.0114928
0.00106868
0.0118637
0.000999759
0.0122494
0.000929122
0.0126506
0.000856638
0.0130679
0.000782182
0.0135023
0.000705622
0.0139543
0.000626823
0.014425
0.000545647
0.0149153
0.000461948
0.0154261
0.000375577
0.0159586
0.000286372
0.016514
0.000194167
0.0170937
9.87777e-05
0.0176994
0.0183324
0.00266635
0.00557543
0.00261177
0.00573692
0.00255715
0.00589977
0.00250233
0.00606719
0.00244689
0.00624041
0.00239078
0.00641801
0.00233422
0.00659959
0.0022774
0.00678602
0.00222041
0.00697838
0.00216332
0.00717729
0.00210614
0.00738315
0.0020488
0.00759636
0.00199122
0.00781724
0.0019333
0.00804603
0.00187499
0.00828305
0.0018162
0.00852869
0.00175686
0.00878337
0.0016969
0.00904752
0.00163623
0.00932161
0.00157476
0.00960613
0.0015124
0.00990157
0.00144904
0.0102084
0.00138458
0.0105273
0.00131892
0.0108587
0.00125192
0.0112031
0.00118349
0.0115613
0.00111349
0.0119337
0.00104181
0.0123211
0.000968309
0.0127241
0.000892863
0.0131434
0.000815339
0.0135798
0.000735601
0.0140341
0.00065351
0.0145071
0.000568921
0.0149999
0.000481686
0.0155133
0.000391648
0.0160486
0.000298642
0.016607
0.000202495
0.0171899
0.000103018
0.0177988
0.0184354
0.0027663
0.00563164
0.00270944
0.00579377
0.0026527
0.00595651
0.00259588
0.00612401
0.00253846
0.00629783
0.00248038
0.00647609
0.00242187
0.00665809
0.00236307
0.00684483
0.00230403
0.00703741
0.00224489
0.00723643
0.00218568
0.00744236
0.00212633
0.00765572
0.00206673
0.00787683
0.00200682
0.00810594
0.00194649
0.00834338
0.00188567
0.00858952
0.00182427
0.00884477
0.00176222
0.00910957
0.00169942
0.00938441
0.00163577
0.00966977
0.00157119
0.00996615
0.00150555
0.0102741
0.00143876
0.0105941
0.00137069
0.0109267
0.00130122
0.0112726
0.00123023
0.0116323
0.0011576
0.0120063
0.00108319
0.0123955
0.00100687
0.0128004
0.000928512
0.0132217
0.000847969
0.0136603
0.000765104
0.0141169
0.000679773
0.0145924
0.000591827
0.0150878
0.000501111
0.015604
0.000407464
0.0161423
0.000310717
0.0167038
0.000210691
0.0172899
0.000107191
0.0179023
0.0185426
0.00286573
0.00569025
0.00280649
0.00585301
0.00274756
0.00601544
0.00268866
0.00618291
0.00262916
0.00635733
0.00256905
0.0065362
0.00250857
0.00671858
0.00244775
0.00690565
0.00238665
0.00709851
0.00232544
0.00729763
0.00226417
0.00750363
0.00220278
0.00771712
0.00214117
0.00793844
0.00207924
0.00816786
0.0020169
0.00840572
0.00195406
0.00865236
0.00189062
0.00890821
0.00182649
0.0091737
0.00176158
0.00944932
0.00169579
0.00973556
0.00162901
0.0100329
0.00156113
0.010342
0.00149203
0.0106632
0.00142159
0.0109972
0.00134969
0.0113445
0.00127619
0.0117058
0.00120096
0.0120816
0.00112388
0.0124726
0.00104479
0.0128795
0.00096356
0.013303
0.00088005
0.0137438
0.000794111
0.0142029
0.000705595
0.014681
0.000614347
0.015179
0.000520209
0.0156982
0.000423015
0.0162395
0.000322589
0.0168042
0.000218748
0.0173937
0.000111293
0.0180098
0.0186539
0.00296458
0.0057514
0.00290285
0.00591473
0.00284165
0.00607664
0.00278057
0.00624399
0.00271889
0.006419
0.00265672
0.00659836
0.00259425
0.00678106
0.00253137
0.00696853
0.00246819
0.00716169
0.0024049
0.00736092
0.00234156
0.00756697
0.0022781
0.00778057
0.00221446
0.00800208
0.00215052
0.0082318
0.00208617
0.00847006
0.00202132
0.00871722
0.00195584
0.00897368
0.00188966
0.00923988
0.00182267
0.00951631
0.00175476
0.00980347
0.00168582
0.0101019
0.00161573
0.0104121
0.00154436
0.0107346
0.00147159
0.0110699
0.00139729
0.0114188
0.00132132
0.0117817
0.00124355
0.0121593
0.00116383
0.0125523
0.00108202
0.0129613
0.000997982
0.013387
0.000911557
0.0138303
0.0008226
0.0142918
0.000730955
0.0147726
0.000636466
0.0152735
0.000538966
0.0157957
0.000438287
0.0163401
0.000334248
0.0169082
0.000226661
0.0175013
0.000115322
0.0181211
0.0187692
0.00306293
0.00299868
0.00597898
0.00293516
0.00614016
0.00287175
0.00630741
0.00280774
0.00648301
0.00274345
0.00666265
0.00267893
0.00684558
0.00261396
0.0070335
0.00254867
0.00722698
0.00248329
0.00742631
0.00241784
0.00763242
0.0023523
0.00784611
0.00228661
0.00806777
0.00222065
0.00829776
0.00215429
0.00853642
0.00208742
0.00878409
0.00201993
0.00904117
0.00195172
0.0093081
0.00188266
0.00958537
0.00181266
0.00987348
0.00174158
0.010173
0.00166931
0.0104843
0.00159571
0.0108082
0.00152065
0.011145
0.001444
0.0114955
0.00136561
0.0118601
0.00128533
0.0122396
0.00120303
0.0126346
0.00111856
0.0130458
0.00103175
0.0134738
0.000942469
0.0139195
0.00085055
0.0143837
0.000755837
0.0148673
0.000658166
0.0153712
0.000557369
0.0158965
0.000453271
0.0164442
0.000345688
0.0170158
0.000234424
0.0176126
0.000119274
0.0182363
0.0188885
0.0030936
0.00302777
0.00620599
0.00296191
0.00637326
0.00289553
0.00654939
0.00282912
0.00672906
0.00276249
0.00691221
0.00269537
0.00710062
0.00262797
0.00729437
0.00256047
0.00749381
0.00249289
0.0077
0.00242525
0.00791375
0.0023575
0.00813552
0.00228951
0.00836575
0.00222114
0.00860479
0.00215228
0.00885296
0.00208279
0.00911065
0.00201256
0.00937833
0.00194147
0.00965646
0.0018694
0.00994555
0.00179623
0.0102461
0.00172182
0.0105587
0.00164603
0.0108839
0.00156873
0.0112223
0.00148977
0.0115744
0.001409
0.0119409
0.00132628
0.0123223
0.00124145
0.0127194
0.00115435
0.0131329
0.00106485
0.0135633
0.000972761
0.0140116
0.000877941
0.0144786
0.000780221
0.014965
0.000679433
0.015472
0.000575405
0.0160005
0.000467956
0.0165517
0.000356898
0.0171269
0.000242032
0.0177275
0.000123147
0.0183552
0.0190116
0.00312004
0.0062743
0.00305137
0.00644193
0.00298249
0.00661828
0.00291389
0.00679766
0.00284504
0.00698105
0.00277575
0.00716991
0.00270624
0.00736388
0.00263659
0.00756346
0.00256685
0.00776974
0.00249709
0.00798351
0.00242725
0.00820536
0.00235721
0.00843579
0.00228683
0.00867517
0.00221597
0.00892382
0.00214448
0.00918214
0.00207225
0.00945056
0.00199914
0.00972956
0.00192503
0.0100197
0.00184979
0.0103214
0.00177326
0.0106353
0.00169532
0.0109619
0.00161581
0.0113018
0.00153458
0.0116556
0.00145148
0.012024
0.00136636
0.0124075
0.00127905
0.0128067
0.0011894
0.0132225
0.00109724
0.0136555
0.00100242
0.0141065
0.000904754
0.0145762
0.00080409
0.0150657
0.000700251
0.0155758
0.000593059
0.0161077
0.00048233
0.0166624
0.000367871
0.0172413
0.000249478
0.0178459
0.000126938
0.0184777
0.0191386
0.00321097
0.0031395
0.0065134
0.00306823
0.00668955
0.00299732
0.00686857
0.00292611
0.00705227
0.00285461
0.00724141
0.00278295
0.00743554
0.00271113
0.00763529
0.00263923
0.00784164
0.00256734
0.0080554
0.00249541
0.00827729
0.00242333
0.00850788
0.00235095
0.00874755
0.00227811
0.00899666
0.00220466
0.00925558
0.00213047
0.00952475
0.0020554
0.00980464
0.0019793
0.0100958
0.00190204
0.0103986
0.00182346
0.0107138
0.00174343
0.0110419
0.00166177
0.0113835
0.00157834
0.0117391
0.00149297
0.0121093
0.00140551
0.0124949
0.00131579
0.0128965
0.00122364
0.0133147
0.0011289
0.0137502
0.0010314
0.014204
0.000930964
0.0146767
0.000827426
0.0151692
0.000720605
0.0156827
0.000610321
0.016218
0.000496386
0.0167764
0.000378601
0.0173591
0.000256759
0.0179677
0.000130645
0.0186038
0.0192692
0.00322667
0.00658788
0.00315308
0.00676315
0.00307975
0.00694189
0.00300621
0.00712581
0.00293254
0.00731507
0.00285871
0.00750937
0.0027847
0.00770929
0.00271065
0.00791569
0.00263662
0.00812942
0.00256259
0.00835132
0.00248845
0.00858201
0.00241406
0.00882195
0.00233924
0.00907148
0.00226383
0.00933099
0.00218767
0.0096009
0.00211063
0.00988168
0.00203254
0.0101738
0.00195327
0.0104779
0.00187265
0.0107945
0.00179054
0.011124
0.00170676
0.0114672
0.00162115
0.0118247
0.00153355
0.0121969
0.00144379
0.0125847
0.0013517
0.0129885
0.0012571
0.0134093
0.00115983
0.0138475
0.00105971
0.0143041
0.000956559
0.0147798
0.00085021
0.0152756
0.000740476
0.0157924
0.000627172
0.0163313
0.000510104
0.0168934
0.000389073
0.0174802
0.000263864
0.0180929
0.000134261
0.0187334
0.0194035
0.00331762
0.00324094
0.00316443
0.00308803
0.00301168
0.00293525
0.00285872
0.00278219
0.00270571
0.0026293
0.00255287
0.00247627
0.00239933
0.00232185
0.00224367
0.00216462
0.00208455
0.00200327
0.00192064
0.00183648
0.00175063
0.0016629
0.00157313
0.00148113
0.00138674
0.00128976
0.00119003
0.00108736
0.000981568
0.000872479
0.000759903
0.00064365
0.000523523
0.000399317
0.000270815
0.0001378
0.000483395
-0.00476399
0.000460002
-0.00491666
0.000437112
-0.00507506
0.000414863
-0.00523981
0.00039325
-0.00541076
0.000372226
-0.00558775
0.000351798
-0.00577081
0.000331967
-0.00595996
0.000312744
-0.00615539
0.000294146
-0.0063573
0.000276172
-0.0065659
0.000258855
-0.00678139
0.000242172
-0.00700408
0.000226156
-0.00723425
0.000210809
-0.00747215
0.000196131
-0.00771809
0.00018212
-0.00797238
0.00016877
-0.00823536
0.000156079
-0.00850739
0.000144022
-0.00878884
0.000132588
-0.00908004
0.000121753
-0.00938153
0.000111518
-0.00969371
0.000101855
-0.010017
9.27361e-05
-0.010352
8.41364e-05
-0.0106991
7.60276e-05
-0.0110589
6.83803e-05
-0.011432
6.11634e-05
-0.0118191
5.43451e-05
-0.0122207
4.78914e-05
-0.0126375
4.17682e-05
-0.0130704
3.59398e-05
-0.0135202
3.03687e-05
-0.0139876
2.50167e-05
-0.0144737
1.98427e-05
-0.0149795
1.48036e-05
-0.015506
9.8518e-06
-0.0160546
4.93156e-06
-0.0166265
-0.0172232
0.000378949
-0.00474142
0.000356685
-0.0048944
0.000335023
-0.0050534
0.00031407
-0.00521886
0.000293814
-0.00539051
0.000274195
-0.00556813
0.000255229
-0.00575184
0.000236926
-0.00594166
0.000219303
-0.00613777
0.00020238
-0.00634038
0.000186147
-0.00654967
0.000170634
-0.00676588
0.000155814
-0.00698926
0.000141734
-0.00722017
0.000128404
-0.00745882
0.000115819
-0.0077055
0.000103976
-0.00796053
9.28718e-05
-0.00822426
8.25082e-05
-0.00849702
7.2884e-05
-0.00877921
6.39237e-05
-0.00907108
5.56762e-05
-0.00937328
4.81203e-05
-0.00968616
4.12313e-05
-0.0100101
3.49856e-05
-0.0103457
2.93613e-05
-0.0106935
2.43338e-05
-0.0110539
1.98776e-05
-0.0114276
1.59657e-05
-0.0118151
1.25701e-05
-0.0122173
9.66181e-06
-0.0126346
7.21037e-06
-0.013068
5.18491e-06
-0.0135182
3.55336e-06
-0.013986
2.28184e-06
-0.0144725
1.33608e-06
-0.0149786
6.73857e-07
-0.0155054
2.67962e-07
-0.0160542
3.48092e-08
-0.0166263
-0.0172232
0.000274856
-0.00471986
0.000253702
-0.00487324
0.00023325
-0.00503295
0.000213581
-0.00519919
0.000194653
-0.00537158
0.000176401
-0.00554988
0.00015886
-0.0057343
0.000142059
-0.00592486
0.000126015
-0.00612173
0.000110741
-0.00632511
9.62792e-05
-0.00653521
8.25152e-05
-0.00675211
6.9532e-05
-0.00697628
5.73783e-05
-0.00720802
4.60485e-05
-0.00744749
3.55355e-05
-0.00769499
2.58357e-05
-0.00795084
1.69448e-05
-0.00821537
8.84757e-06
-0.00848893
1.47707e-06
-0.00877184
-4.82009e-06
-0.00906478
-1.04052e-05
-0.0093677
-1.52471e-05
-0.00968132
-1.93433e-05
-0.010006
-2.2705e-05
-0.0103424
-2.5348e-05
-0.0106908
-2.72908e-05
-0.0110519
-2.85545e-05
-0.0114263
-2.91613e-05
-0.0118145
-2.91351e-05
-0.0122173
-2.85003e-05
-0.0126353
-2.72824e-05
-0.0130692
-2.55078e-05
-0.0135199
-2.32038e-05
-0.0139883
-2.03987e-05
-0.0144753
-1.7123e-05
-0.0149818
-1.34077e-05
-0.0155091
-9.29016e-06
-0.0160583
-4.81122e-06
-0.0166307
-0.017228
0.000171147
-0.00469928
0.000151044
-0.00485314
0.000131748
-0.00501365
0.000113362
-0.0051808
9.57533e-05
-0.00535397
7.87367e-05
-0.00553286
6.25692e-05
-0.00571813
4.72202e-05
-0.00590951
3.26735e-05
-0.00610718
1.89168e-05
-0.00631135
5.90586e-06
-0.0065222
-5.93225e-06
-0.00674028
-1.68031e-05
-0.0069654
-2.68819e-05
-0.00719794
-3.61199e-05
-0.00743825
-4.44907e-05
-0.00768662
-5.19816e-05
-0.00794334
-5.85853e-05
-0.00820876
-6.43031e-05
-0.00848321
-6.90928e-05
-0.00876705
-7.30829e-05
-0.00906079
-7.61539e-05
-0.00936463
-7.83615e-05
-0.00967911
-7.97131e-05
-0.0100047
-8.02234e-05
-0.0103419
-7.99081e-05
-0.0106911
-7.87843e-05
-0.0110531
-7.68701e-05
-0.0114282
-7.41842e-05
-0.0118172
-7.07469e-05
-0.0122207
-6.65789e-05
-0.0126394
-6.17012e-05
-0.0130741
-5.61359e-05
-0.0135255
-4.99057e-05
-0.0139945
-4.30336e-05
-0.0144821
-3.55456e-05
-0.0149893
-2.74663e-05
-0.0155172
-1.88282e-05
-0.016067
-9.66456e-06
-0.0166399
-0.0172377
6.7561e-05
4.83729e-05
3.00327e-05
1.25031e-05
-4.024e-06
-1.90758e-05
-3.34728e-05
-4.70954e-05
-5.98866e-05
-7.18154e-05
-8.27942e-05
-9.29698e-05
-0.00010221
-0.000110483
-0.000117797
-0.000124144
-0.00012952
-0.000133921
-0.000137343
-0.000139772
-0.000141274
-0.00905929
-0.000141789
-0.00936411
-0.00014134
-0.00967956
-0.00013994
-0.0100061
-0.000137598
-0.0103442
-0.000134327
-0.0106944
-0.000130142
-0.0110573
-0.000125055
-0.0114333
-0.000119084
-0.0118232
-0.000112243
-0.0122276
-0.00010455
-0.0126471
-9.60216e-05
-0.0130826
-8.66752e-05
-0.0135349
-7.65288e-05
-0.0140047
-6.56011e-05
-0.0144931
-5.3912e-05
-0.015001
-4.14817e-05
-0.0155296
-2.83361e-05
-0.0160801
-1.45028e-05
-0.0166537
-0.0172522
-0.000209234
-0.000207197
-0.000204103
-0.000199959
-0.000194775
-0.000188559
-0.000181321
-0.000173072
-0.000163826
-0.000153592
-0.000142386
-0.000130218
-0.000117103
-0.000103054
-8.80842e-05
-7.22088e-05
-5.5443e-05
-3.78066e-05
-1.93217e-05
)
;

boundaryField
{
    inlet
    {
        type            calculated;
        value           nonuniform 0();
    }
    outlet
    {
        type            calculated;
        value           nonuniform 0();
    }
    cylinder
    {
        type            calculated;
        value           nonuniform 0();
    }
    top
    {
        type            symmetryPlane;
        value           uniform 0;
    }
    bottom
    {
        type            symmetryPlane;
        value           nonuniform 0();
    }
    defaultFaces
    {
        type            empty;
        value           nonuniform 0();
    }
    procBoundary13to9
    {
        type            processor;
        value           nonuniform List<scalar> 
58
(
-0.00312667
-0.00302572
0.00714179
-0.00292434
-0.00275381
-0.00265425
0.00696297
-0.0024897
-0.00239291
-0.00229595
-0.00219881
0.00691205
-0.00205117
-0.00195725
-0.00186325
-0.00176917
0.0068098
-0.00163944
-0.00154904
-0.00145867
-0.00136835
-0.00127811
-0.00118799
-0.00109801
-0.0010082
-0.000918598
0.00672286
-0.000828322
-0.000743254
-0.000658533
-0.000574196
-0.000490284
-0.000406837
-0.00666804
-0.000300565
-0.000214089
-0.000128197
0.00030463
0.00044964
0.000594331
0.000745039
0.000902718
0.00106376
0.00122457
0.00138213
0.0015332
0.0016742
0.00180153
0.00191188
0.00200243
0.00581513
-0.00316041
0.0060458
-0.00318836
-0.00328152
0.00634485
-0.00330115
-0.00339488
)
;
    }
    procBoundary13to10
    {
        type            processor;
        value           nonuniform List<scalar> 2(0.00575584 0.00594671);
    }
    procBoundary13to12
    {
        type            processor;
        value           nonuniform List<scalar> 
46
(
-0.00772124
-0.00684207
-0.00711054
2.28993e-05
-0.00739091
-0.00467944
-0.00483395
-0.00499531
-0.00516327
-0.00533744
-0.00551781
-0.00570373
-0.00589589
-0.00609439
-0.00629942
-0.00651122
-0.0067301
-0.00695616
-0.00718966
-0.00743094
-0.00768027
-0.00793797
-0.00820436
-0.00847979
-0.00876462
0.000210207
-0.00906026
-0.00936615
-0.00968265
-0.0100102
-0.0103494
-0.0107006
-0.0110645
-0.0114416
-0.0118324
-0.0122378
-0.0126583
-0.0130948
-0.013548
-0.0140187
-0.014508
-0.0150169
-0.0155464
-0.0160977
-0.0166722
-0.0172715
)
;
    }
    procBoundary13to14
    {
        type            processor;
        value           nonuniform List<scalar> 
35
(
0.00614376
0.00634742
0.00655806
0.00677607
0.00700192
0.0072361
0.00747913
0.00773149
0.00799363
0.0082659
0.00854861
0.00884204
0.00914648
0.00946221
0.00978957
0.0101289
0.0104805
0.0108449
0.0112223
0.0116133
0.0120183
0.0124378
0.0128723
0.0133223
0.0137885
0.0142716
0.0147722
0.0152913
0.0158296
0.0163883
0.0169682
0.0175707
0.018197
0.0188485
0.0195267
)
;
    }
}


// ************************************************************************* //
