/*--------------------------------*- C++ -*----------------------------------*\
  =========                 |
  \\      /  F ield         | OpenFOAM: The Open Source CFD Toolbox
   \\    /   O peration     | Website:  https://openfoam.org
    \\  /    A nd           | Version:  7
     \\/     M anipulation  |
\*---------------------------------------------------------------------------*/
FoamFile
{
    version     2.0;
    format      ascii;
    class       volVectorField;
    location    "100";
    object      U;
}
// * * * * * * * * * * * * * * * * * * * * * * * * * * * * * * * * * * * * * //

dimensions      [0 1 -1 0 0 0 0];

internalField   nonuniform List<vector> 
1987
(
(0.863449 -0.289361 0)
(0.889757 -0.33752 0)
(0.91567 -0.38698 0)
(0.944048 -0.431155 0)
(0.975974 -0.45909 0)
(1.01 -0.458541 0)
(1.04428 -0.418307 0)
(1.07641 -0.332116 0)
(1.10456 -0.203764 0)
(1.12732 -0.0507827 0)
(1.1411 0.0985536 0)
(1.142 0.218143 0)
(1.12928 0.296133 0)
(1.1057 0.335156 0)
(1.07622 0.345014 0)
(1.04499 0.336918 0)
(1.01345 0.320632 0)
(0.86398 -0.279609 0)
(0.891 -0.328217 0)
(0.91841 -0.377255 0)
(0.948856 -0.420392 0)
(0.983024 -0.447428 0)
(1.01959 -0.44662 0)
(1.0564 -0.407012 0)
(1.09067 -0.322193 0)
(1.12092 -0.195557 0)
(1.1453 -0.0450307 0)
(1.15923 0.10071 0)
(1.15871 0.216105 0)
(1.14378 0.29032 0)
(1.11788 0.326834 0)
(1.08629 0.33564 0)
(1.05347 0.3274 0)
(1.021 0.311297 0)
(0.989283 0.292319 0)
(0.959846 0.27073 0)
(0.933477 0.246557 0)
(0.907256 0.222632 0)
(0.878382 0.200826 0)
(0.848316 0.176952 0)
(0.824104 0.143776 0)
(0.811459 0.0969929 0)
(0.812909 0.0402627 0)
(0.825547 -0.0205627 0)
(0.846234 -0.0797559 0)
(0.87087 -0.138843 0)
(0.897557 -0.199717 0)
(0.925145 -0.265721 0)
(0.952452 -0.331659 0)
(0.979132 -0.388355 0)
(1.00127 -0.422636 0)
(1.01874 -0.421011 0)
(1.02624 -0.377924 0)
(1.02771 -0.28544 0)
(1.02092 -0.157882 0)
(1.01472 -0.00706492 0)
(1.00288 0.127625 0)
(0.994389 0.234402 0)
(0.976714 0.292898 0)
(0.96275 0.319697 0)
(0.941258 0.310317 0)
(0.927022 0.289286 0)
(0.903641 0.255224 0)
(0.881251 0.225851 0)
(0.857165 0.19406 0)
(0.839581 0.148274 0)
(0.836156 0.111458 0)
(0.84063 0.0182104 0)
(0.850426 -0.0184877 0)
(0.875404 -0.159482 0)
(0.873365 -0.179331 0)
(0.903343 -0.304076 0)
(0.883845 -0.312231 0)
(0.863697 -0.269375 0)
(0.891554 -0.318178 0)
(0.920582 -0.366555 0)
(0.953077 -0.408506 0)
(0.989519 -0.43454 0)
(1.02864 -0.433445 0)
(1.06782 -0.394512 0)
(1.1043 -0.311071 0)
(1.13689 -0.186346 0)
(1.16292 -0.0387905 0)
(1.17688 0.102721 0)
(1.17483 0.213394 0)
(1.15763 0.283572 0)
(1.12947 0.317526 0)
(1.09593 0.325367 0)
(1.06164 0.317164 0)
(1.02835 0.301405 0)
(0.996168 0.283013 0)
(0.96621 0.262337 0)
(0.939618 0.238835 0)
(0.914061 0.214742 0)
(0.886476 0.192489 0)
(0.857243 0.169239 0)
(0.832775 0.138476 0)
(0.81906 0.0952596 0)
(0.819369 0.0420687 0)
(0.831154 -0.0161168 0)
(0.851344 -0.0736981 0)
(0.875831 -0.131998 0)
(0.902799 -0.192506 0)
(0.931261 -0.258365 0)
(0.960021 -0.324452 0)
(0.988751 -0.381704 0)
(1.01336 -0.417291 0)
(1.03354 -0.417451 0)
(1.04351 -0.376631 0)
(1.04716 -0.285947 0)
(1.04178 -0.159572 0)
(1.0359 -0.00937141 0)
(1.02288 0.125046 0)
(1.01263 0.231187 0)
(0.992663 0.289094 0)
(0.976427 0.315407 0)
(0.952368 0.306135 0)
(0.936655 0.284915 0)
(0.912706 0.250264 0)
(0.890266 0.220566 0)
(0.865527 0.189709 0)
(0.846884 0.145572 0)
(0.84194 0.111816 0)
(0.846288 0.0193154 0)
(0.85538 -0.0146408 0)
(0.882093 -0.156945 0)
(0.881065 -0.176756 0)
(0.912832 -0.302103 0)
(0.896222 -0.314445 0)
(0.862627 -0.258629 0)
(0.891395 -0.307332 0)
(0.922095 -0.354823 0)
(0.956627 -0.395443 0)
(0.995379 -0.420355 0)
(1.03695 -0.418938 0)
(1.07836 -0.380716 0)
(1.11717 -0.298708 0)
(1.15228 -0.176115 0)
(1.17996 -0.0320191 0)
(1.19382 0.104543 0)
(1.19011 0.209946 0)
(1.17061 0.27584 0)
(1.14031 0.307211 0)
(1.105 0.314192 0)
(1.06942 0.306213 0)
(1.03545 0.290974 0)
(1.00297 0.27324 0)
(0.97264 0.253536 0)
(0.945824 0.230895 0)
(0.920856 0.20686 0)
(0.894619 0.18419 0)
(0.866439 0.16136 0)
(0.841889 0.132802 0)
(0.827071 0.0931282 0)
(0.82605 0.0436303 0)
(0.836792 -0.0117227 0)
(0.85637 -0.067525 0)
(0.880659 -0.124896 0)
(0.907886 -0.184889 0)
(0.937207 -0.250439 0)
(0.967405 -0.316533 0)
(0.998212 -0.374217 0)
(1.02538 -0.411079 0)
(1.04836 -0.413079 0)
(1.06095 -0.374668 0)
(1.06697 -0.286001 0)
(1.06315 -0.161107 0)
(1.05767 -0.0118767 0)
(1.04348 0.122009 0)
(1.03138 0.227363 0)
(1.00907 0.284604 0)
(0.990557 0.31039 0)
(0.963893 0.301314 0)
(0.946547 0.280137 0)
(0.921956 0.245055 0)
(0.899546 0.21501 0)
(0.87422 0.18503 0)
(0.854573 0.142458 0)
(0.847904 0.112018 0)
(0.852058 0.0203365 0)
(0.860338 -0.0105385 0)
(0.888744 -0.15401 0)
(0.88897 -0.173811 0)
(0.92251 -0.299526 0)
(0.909238 -0.316429 0)
(0.86098 -0.247362 0)
(0.890589 -0.295599 0)
(0.922922 -0.341967 0)
(0.959478 -0.381092 0)
(1.00052 -0.404776 0)
(1.04435 -0.403049 0)
(1.08789 -0.36558 0)
(1.1292 -0.285014 0)
(1.16696 -0.164767 0)
(1.19624 -0.0247592 0)
(1.2098 0.106109 0)
(1.20429 0.205685 0)
(1.18249 0.267077 0)
(1.15019 0.295888 0)
(1.11337 0.302133 0)
(1.07671 0.294566 0)
(1.04221 0.280032 0)
(1.00962 0.263035 0)
(0.979101 0.244337 0)
(0.952091 0.222718 0)
(0.927615 0.198991 0)
(0.902742 0.175983 0)
(0.875834 0.15338 0)
(0.851433 0.126761 0)
(0.835529 0.0905398 0)
(0.832986 0.0448671 0)
(0.842454 -0.00743796 0)
(0.861263 -0.0612601 0)
(0.885286 -0.117534 0)
(0.912736 -0.176846 0)
(0.942884 -0.241906 0)
(0.974487 -0.30785 0)
(1.00738 -0.365816 0)
(1.03718 -0.40391 0)
(1.06302 -0.407802 0)
(1.07838 -0.371953 0)
(1.08693 -0.285537 0)
(1.08481 -0.162441 0)
(1.07983 -0.0145738 0)
(1.0645 0.118478 0)
(1.0505 0.222874 0)
(1.0258 0.279379 0)
(1.00504 0.3046 0)
(0.975781 0.295794 0)
(0.956664 0.2749 0)
(0.931342 0.239588 0)
(0.909051 0.209189 0)
(0.88322 0.180023 0)
(0.862673 0.13889 0)
(0.85407 0.112016 0)
(0.857936 0.0212478 0)
(0.86529 -0.00618965 0)
(0.895289 -0.150627 0)
(0.89703 -0.170448 0)
(0.93231 -0.296262 0)
(0.922859 -0.318107 0)
(0.859235 -0.235661 0)
(0.889379 -0.282967 0)
(0.923176 -0.327924 0)
(0.961687 -0.365374 0)
(1.00489 -0.387766 0)
(1.05074 -0.385771 0)
(1.09635 -0.349026 0)
(1.14035 -0.269836 0)
(1.1809 -0.152209 0)
(1.2116 -0.0170384 0)
(1.22457 0.10733 0)
(1.21709 0.200529 0)
(1.19304 0.25725 0)
(1.15895 0.283573 0)
(1.1209 0.289229 0)
(1.08343 0.282255 0)
(1.04858 0.268614 0)
(1.01605 0.252442 0)
(0.985548 0.234763 0)
(0.958411 0.21429 0)
(0.934325 0.191126 0)
(0.910777 0.167917 0)
(0.885341 0.145375 0)
(0.861372 0.120381 0)
(0.844473 0.087442 0)
(0.840231 0.0456853 0)
(0.848153 -0.00334218 0)
(0.865984 -0.0549445 0)
(0.889636 -0.109919 0)
(0.917255 -0.168366 0)
(0.948173 -0.232741 0)
(0.981134 -0.298356 0)
(1.01612 -0.35643 0)
(1.04856 -0.395703 0)
(1.07731 -0.401537 0)
(1.09555 -0.368397 0)
(1.10678 -0.284478 0)
(1.10648 -0.163518 0)
(1.10211 -0.0174475 0)
(1.08574 0.114424 0)
(1.06981 0.217668 0)
(1.04272 0.273371 0)
(1.01974 0.297996 0)
(0.987962 0.289516 0)
(0.966965 0.269151 0)
(0.940812 0.233848 0)
(0.918729 0.203114 0)
(0.892495 0.174694 0)
(0.871204 0.134831 0)
(0.86047 0.111758 0)
(0.86392 0.0220172 0)
(0.870226 -0.00161439 0)
(0.901656 -0.146752 0)
(0.905178 -0.166614 0)
(0.942149 -0.292217 0)
(0.937036 -0.319396 0)
(0.85824 -0.223754 0)
(0.888305 -0.269529 0)
(0.923198 -0.312699 0)
(0.963445 -0.348275 0)
(1.00853 -0.369349 0)
(1.0561 -0.367094 0)
(1.10378 -0.330921 0)
(1.15073 -0.253008 0)
(1.19413 -0.138387 0)
(1.22592 -0.00888625 0)
(1.23788 0.108088 0)
(1.22824 0.194396 0)
(1.20201 0.246345 0)
(1.16639 0.270309 0)
(1.12747 0.275545 0)
(1.08951 0.269334 0)
(1.05451 0.256764 0)
(1.02221 0.241514 0)
(0.991932 0.22485 0)
(0.964775 0.205601 0)
(0.940982 0.183248 0)
(0.918663 0.160033 0)
(0.894855 0.137435 0)
(0.871645 0.11372 0)
(0.853936 0.0837978 0)
(0.847866 0.0459804 0)
(0.853936 0.000459035 0)
(0.870512 -0.0486404 0)
(0.893636 -0.102072 0)
(0.921333 -0.159449 0)
(0.952938 -0.222928 0)
(0.9872 -0.288014 0)
(1.02424 -0.346 0)
(1.05932 -0.386387 0)
(1.09099 -0.394203 0)
(1.11221 -0.36391 0)
(1.1262 -0.282743 0)
(1.12783 -0.164275 0)
(1.12421 -0.0204718 0)
(1.10692 0.109827 0)
(1.08909 0.211701 0)
(1.05964 0.266536 0)
(1.03452 0.290547 0)
(1.00035 0.282435 0)
(0.977405 0.262835 0)
(0.950305 0.227819 0)
(0.928521 0.196801 0)
(0.901998 0.169063 0)
(0.880182 0.130254 0)
(0.867142 0.111178 0)
(0.870014 0.0226055 0)
(0.875145 0.00315421 0)
(0.907769 -0.142341 0)
(0.913339 -0.162256 0)
(0.951921 -0.28729 0)
(0.951701 -0.3202 0)
(0.859285 -0.21203 0)
(0.888341 -0.255515 0)
(0.923673 -0.296402 0)
(0.965154 -0.329874 0)
(1.01161 -0.349593 0)
(1.06059 -0.346982 0)
(1.1105 -0.311096 0)
(1.1607 -0.23437 0)
(1.20679 -0.123312 0)
(1.23908 -0.000492969 0)
(1.24945 0.108206 0)
(1.23743 0.187197 0)
(1.20917 0.234371 0)
(1.17237 0.256169 0)
(1.13298 0.261173 0)
(1.09486 0.255876 0)
(1.05994 0.244533 0)
(1.02803 0.230308 0)
(0.998192 0.214648 0)
(0.971167 0.196651 0)
(0.947595 0.175329 0)
(0.926354 0.152354 0)
(0.904259 0.129653 0)
(0.882154 0.106862 0)
(0.86393 0.0795957 0)
(0.855989 0.0456454 0)
(0.859893 0.00384079 0)
(0.874862 -0.0424383 0)
(0.897219 -0.094035 0)
(0.92485 -0.15011 0)
(0.957035 -0.212458 0)
(0.992527 -0.276793 0)
(1.03155 -0.334479 0)
(1.06922 -0.375901 0)
(1.10379 -0.385723 0)
(1.12804 -0.358403 0)
(1.14486 -0.280259 0)
(1.14851 -0.164652 0)
(1.14577 -0.0235816 0)
(1.12775 0.104687 0)
(1.1081 0.204937 0)
(1.07636 0.258841 0)
(1.04921 0.282236 0)
(1.01282 0.274516 0)
(0.987931 0.255899 0)
(0.959764 0.221482 0)
(0.938361 0.190268 0)
(0.91167 0.16316 0)
(0.889612 0.125143 0)
(0.874136 0.110208 0)
(0.876228 0.0229658 0)
(0.880046 0.00806763 0)
(0.913551 -0.137359 0)
(0.92142 -0.157321 0)
(0.961495 -0.281375 0)
(0.966761 -0.320408 0)
(0.864071 -0.201008 0)
(0.890984 -0.241325 0)
(0.92575 -0.279307 0)
(0.967585 -0.310378 0)
(1.01469 -0.328618 0)
(1.06483 -0.32537 0)
(1.11724 -0.289344 0)
(1.17085 -0.213815 0)
(1.21909 -0.107124 0)
(1.25089 0.00786445 0)
(1.25894 0.107462 0)
(1.24437 0.178858 0)
(1.21433 0.221373 0)
(1.17674 0.241262 0)
(1.13732 0.246236 0)
(1.09945 0.241976 0)
(1.06484 0.231986 0)
(1.03348 0.218886 0)
(1.00427 0.204218 0)
(0.977559 0.187454 0)
(0.954182 0.167336 0)
(0.933827 0.144882 0)
(0.913438 0.122122 0)
(0.892765 0.0999235 0)
(0.874427 0.0748637 0)
(0.864706 0.0445838 0)
(0.866166 0.00665043 0)
(0.879105 -0.0364672 0)
(0.900349 -0.0858806 0)
(0.927694 -0.140377 0)
(0.960311 -0.201327 0)
(0.996942 -0.264671 0)
(1.03784 -0.321828 0)
(1.07801 -0.364188 0)
(1.11543 -0.376023 0)
(1.14272 -0.351794 0)
(1.16238 -0.276951 0)
(1.16812 -0.164594 0)
(1.16639 -0.0267859 0)
(1.14786 0.09901 0)
(1.12656 0.197358 0)
(1.09267 0.250262 0)
(1.06361 0.273056 0)
(1.02526 0.265741 0)
(0.998484 0.248293 0)
(0.969129 0.214817 0)
(0.948176 0.183537 0)
(0.921434 0.15703 0)
(0.899482 0.119496 0)
(0.881509 0.108771 0)
(0.882585 0.0230407 0)
(0.884941 0.0130579 0)
(0.91893 -0.131782 0)
(0.929321 -0.151757 0)
(0.970713 -0.274355 0)
(0.982096 -0.319894 0)
(0.874406 -0.191212 0)
(0.898155 -0.227503 0)
(0.931118 -0.26189 0)
(0.972094 -0.29016 0)
(1.01899 -0.306591 0)
(1.07013 -0.302152 0)
(1.12528 -0.26548 0)
(1.18197 -0.191402 0)
(1.23114 -0.0901839 0)
(1.26106 0.01576 0)
(1.26597 0.10559 0)
(1.24876 0.169331 0)
(1.21731 0.207445 0)
(1.17944 0.225732 0)
(1.14045 0.230881 0)
(1.10321 0.227748 0)
(1.06919 0.219193 0)
(1.03851 0.20731 0)
(1.0101 0.19363 0)
(0.98391 0.178042 0)
(0.96076 0.159234 0)
(0.941088 0.137591 0)
(0.922291 0.114912 0)
(0.903312 0.0930442 0)
(0.885346 0.0696818 0)
(0.874109 0.0427295 0)
(0.872944 0.008715 0)
(0.883385 -0.0309023 0)
(0.903043 -0.0777263 0)
(0.929775 -0.13031 0)
(0.962621 -0.189551 0)
(1.00027 -0.251636 0)
(1.04289 -0.308023 0)
(1.08541 -0.351204 0)
(1.12557 -0.365045 0)
(1.15587 -0.34401 0)
(1.17837 -0.272743 0)
(1.18625 -0.164038 0)
(1.18564 -0.0300201 0)
(1.16687 0.0928312 0)
(1.14415 0.188966 0)
(1.10831 0.240789 0)
(1.07751 0.263017 0)
(1.0375 0.256113 0)
(1.00899 0.239978 0)
(0.978345 0.207797 0)
(0.957891 0.176628 0)
(0.931203 0.150727 0)
(0.909761 0.113339 0)
(0.889321 0.106789 0)
(0.889125 0.0227699 0)
(0.889854 0.018036 0)
(0.923839 -0.1256 0)
(0.93694 -0.145524 0)
(0.979385 -0.266112 0)
(0.99755 -0.318516 0)
(0.891526 -0.182945 0)
(0.911706 -0.2146 0)
(0.941802 -0.244768 0)
(0.980692 -0.269712 0)
(1.02659 -0.283696 0)
(1.07858 -0.277248 0)
(1.13621 -0.239525 0)
(1.19466 -0.16755 0)
(1.24271 -0.0731735 0)
(1.26904 0.0226141 0)
(1.27009 0.102323 0)
(1.25036 0.158627 0)
(1.21802 0.192741 0)
(1.18044 0.209767 0)
(1.14236 0.215278 0)
(1.10614 0.213324 0)
(1.07298 0.206235 0)
(1.04312 0.19564 0)
(1.01562 0.182957 0)
(0.990164 0.168466 0)
(0.96734 0.151003 0)
(0.948169 0.130434 0)
(0.930749 0.108065 0)
(0.91361 0.0863742 0)
(0.896538 0.0641864 0)
(0.884239 0.0400748 0)
(0.88044 0.00987365 0)
(0.887933 -0.0259636 0)
(0.90541 -0.0697474 0)
(0.931068 -0.120005 0)
(0.963842 -0.177163 0)
(1.00232 -0.237694 0)
(1.04645 -0.293057 0)
(1.09114 -0.336922 0)
(1.13388 -0.352741 0)
(1.1671 -0.334988 0)
(1.1924 -0.267579 0)
(1.20243 -0.162898 0)
(1.20307 -0.0331627 0)
(1.18438 0.0862171 0)
(1.16055 0.179794 0)
(1.12304 0.230435 0)
(1.09072 0.252145 0)
(1.04937 0.24566 0)
(1.01938 0.230929 0)
(0.987363 0.200394 0)
(0.96743 0.16956 0)
(0.940875 0.144319 0)
(0.920388 0.106721 0)
(0.897631 0.104192 0)
(0.895909 0.0220809 0)
(0.894832 0.022886 0)
(0.928227 -0.118823 0)
(0.944177 -0.138595 0)
(0.987295 -0.256532 0)
(1.01292 -0.316116 0)
(0.915179 -0.176024 0)
(0.932447 -0.202907 0)
(0.95937 -0.228469 0)
(0.995469 -0.249491 0)
(1.03986 -0.260132 0)
(1.09225 -0.2508 0)
(1.15103 -0.211986 0)
(1.20874 -0.143207 0)
(1.25297 -0.0570834 0)
(1.27406 0.0277899 0)
(1.27086 0.0974695 0)
(1.24902 0.146856 0)
(1.21646 0.177487 0)
(1.17978 0.193592 0)
(1.14307 0.199614 0)
(1.10824 0.198847 0)
(1.0762 0.193202 0)
(1.04728 0.183934 0)
(1.0208 0.172269 0)
(0.996254 0.158795 0)
(0.973913 0.142637 0)
(0.955122 0.123347 0)
(0.938795 0.101581 0)
(0.923484 0.0800516 0)
(0.907783 0.0585674 0)
(0.895048 0.036689 0)
(0.888855 0.00999922 0)
(0.893063 -0.021903 0)
(0.907689 -0.0621858 0)
(0.931656 -0.109623 0)
(0.963915 -0.16424 0)
(1.00294 -0.222876 0)
(1.0483 -0.276948 0)
(1.09492 -0.321335 0)
(1.14001 -0.339082 0)
(1.17601 -0.324676 0)
(1.20401 -0.261393 0)
(1.2162 -0.16112 0)
(1.21823 -0.0361567 0)
(1.19996 0.0792494 0)
(1.17542 0.1699 0)
(1.13661 0.219232 0)
(1.10301 0.240485 0)
(1.0607 0.234434 0)
(1.02956 0.221142 0)
(0.996142 0.192582 0)
(0.976725 0.162343 0)
(0.950343 0.137877 0)
(0.931268 0.0997252 0)
(0.906488 0.100921 0)
(0.903021 0.0208908 0)
(0.899948 0.0274604 0)
(0.93206 -0.111486 0)
(0.950949 -0.130969 0)
(0.994202 -0.245508 0)
(1.02797 -0.312521 0)
(0.943082 -0.16967 0)
(0.959095 -0.192176 0)
(0.983633 -0.213122 0)
(1.01714 -0.229727 0)
(1.05982 -0.236169 0)
(1.11158 -0.223406 0)
(1.16901 -0.184018 0)
(1.22263 -0.119793 0)
(1.26042 -0.0430308 0)
(1.27522 0.0307654 0)
(1.26794 0.0910092 0)
(1.24472 0.134257 0)
(1.21274 0.161979 0)
(1.17759 0.177456 0)
(1.14268 0.184082 0)
(1.10954 0.184463 0)
(1.07886 0.18019 0)
(1.05102 0.172247 0)
(1.0256 0.16163 0)
(1.00211 0.149107 0)
(0.980444 0.13416 0)
(0.962005 0.116264 0)
(0.946464 0.095411 0)
(0.932803 0.0741765 0)
(0.918816 0.0530485 0)
(0.90637 0.032732 0)
(0.898307 0.00904102 0)
(0.899141 -0.0189701 0)
(0.910271 -0.0553468 0)
(0.931791 -0.0993994 0)
(0.962897 -0.150925 0)
(1.00204 -0.207259 0)
(1.04823 -0.259747 0)
(1.09645 -0.304463 0)
(1.14362 -0.324063 0)
(1.1822 -0.313034 0)
(1.21274 -0.254132 0)
(1.2271 -0.158642 0)
(1.23067 -0.038896 0)
(1.21322 0.072049 0)
(1.18843 0.159384 0)
(1.14877 0.207245 0)
(1.11418 0.228099 0)
(1.0713 0.222515 0)
(1.03942 0.210637 0)
(1.00465 0.184335 0)
(0.985719 0.154981 0)
(0.9595 0.131472 0)
(0.942272 0.0924679 0)
(0.915916 0.0969476 0)
(0.910564 0.0191256 0)
(0.905321 0.0315808 0)
(0.935334 -0.103653 0)
(0.957198 -0.122674 0)
(0.99986 -0.232959 0)
(1.0424 -0.307544 0)
(0.971469 -0.162757 0)
(0.988138 -0.181615 0)
(1.0118 -0.198309 0)
(1.04362 -0.210335 0)
(1.08456 -0.21219 0)
(1.13407 -0.196144 0)
(1.18712 -0.15724 0)
(1.23361 -0.0988402 0)
(1.26334 -0.0319142 0)
(1.27179 0.0313386 0)
(1.26129 0.0831697 0)
(1.23771 0.1212 0)
(1.20712 0.146559 0)
(1.17406 0.161618 0)
(1.14129 0.168864 0)
(1.11008 0.170311 0)
(1.08097 0.167298 0)
(1.05433 0.160635 0)
(1.03003 0.151089 0)
(1.00766 0.139481 0)
(0.98687 0.125625 0)
(0.968854 0.109137 0)
(0.953843 0.0894683 0)
(0.941508 0.0687861 0)
(0.929367 0.0478503 0)
(0.917916 0.0284586 0)
(0.908771 0.00707245 0)
(0.906508 -0.0173545 0)
(0.91369 -0.0495713 0)
(0.931939 -0.0896638 0)
(0.961038 -0.137452 0)
(0.999658 -0.19099 0)
(1.04613 -0.241555 0)
(1.09553 -0.286365 0)
(1.14438 -0.307705 0)
(1.18525 -0.300051 0)
(1.21816 -0.245753 0)
(1.23468 -0.155364 0)
(1.24001 -0.0412613 0)
(1.22383 0.0647673 0)
(1.1993 0.148382 0)
(1.1593 0.194567 0)
(1.12407 0.215067 0)
(1.08099 0.210005 0)
(1.04884 0.199468 0)
(1.01286 0.175637 0)
(0.994373 0.147465 0)
(0.968251 0.125166 0)
(0.953231 0.0850972 0)
(0.925899 0.0922808 0)
(0.918648 0.0167247 0)
(0.911117 0.0350364 0)
(0.93809 -0.0954261 0)
(0.96291 -0.113785 0)
(1.00404 -0.218844 0)
(1.05587 -0.300994 0)
(0.996654 -0.154341 0)
(1.01517 -0.170286 0)
(1.03925 -0.183309 0)
(1.0703 -0.191054 0)
(1.10929 -0.18868 0)
(1.15486 -0.170275 0)
(1.20113 -0.133182 0)
(1.23888 -0.0814339 0)
(1.26049 -0.0240823 0)
(1.26368 0.0297485 0)
(1.25131 0.0744215 0)
(1.22845 0.108139 0)
(1.19998 0.131576 0)
(1.16944 0.146319 0)
(1.13906 0.154125 0)
(1.10994 0.156517 0)
(1.08254 0.154625 0)
(1.05724 0.149157 0)
(1.03408 0.140687 0)
(1.01287 0.129986 0)
(0.993109 0.117107 0)
(0.975668 0.101953 0)
(0.96104 0.0836488 0)
(0.949642 0.0638409 0)
(0.93922 0.0431439 0)
(0.929304 0.0241829 0)
(0.920025 0.00431542 0)
(0.915372 -0.0171141 0)
(0.918541 -0.0451749 0)
(0.9328 -0.0808219 0)
(0.958869 -0.124178 0)
(0.996043 -0.174319 0)
(1.04204 -0.222547 0)
(1.09201 -0.26715 0)
(1.14206 -0.290075 0)
(1.18481 -0.285752 0)
(1.21983 -0.236208 0)
(1.23858 -0.151183 0)
(1.24596 -0.0430747 0)
(1.23155 0.0575905 0)
(1.20781 0.137062 0)
(1.16802 0.181323 0)
(1.13252 0.201484 0)
(1.08961 0.197025 0)
(1.0577 0.18772 0)
(1.02076 0.166487 0)
(1.00267 0.139776 0)
(0.976527 0.119001 0)
(0.963948 0.0777857 0)
(0.936366 0.0869834 0)
(0.927368 0.0136579 0)
(0.917566 0.0375908 0)
(0.940427 -0.0869514 0)
(0.968124 -0.104422 0)
(1.00654 -0.203181 0)
(1.06798 -0.292689 0)
(1.01653 -0.144129 0)
(1.03689 -0.157665 0)
(1.06178 -0.167625 0)
(1.09228 -0.171778 0)
(1.12882 -0.166191 0)
(1.16922 -0.146823 0)
(1.20775 -0.112725 0)
(1.23701 -0.0678355 0)
(1.25189 -0.019159 0)
(1.25156 0.0266345 0)
(1.23878 0.0653741 0)
(1.21759 0.0955295 0)
(1.19174 0.117334 0)
(1.16398 0.131755 0)
(1.13614 0.139997 0)
(1.10919 0.143187 0)
(1.08362 0.142263 0)
(1.05975 0.137874 0)
(1.03778 0.130458 0)
(1.01772 0.120676 0)
(0.999077 0.10869 0)
(0.982401 0.0947416 0)
(0.968147 0.0778619 0)
(0.957329 0.059234 0)
(0.94828 0.0390061 0)
(0.940141 0.0202167 0)
(0.931646 0.00113087 0)
(0.925689 -0.0181084 0)
(0.92533 -0.042353 0)
(0.935234 -0.0732998 0)
(0.957248 -0.111578 0)
(0.991801 -0.157633 0)
(1.03627 -0.203012 0)
(1.08597 -0.247015 0)
(1.13651 -0.271308 0)
(1.18057 -0.270196 0)
(1.21744 -0.225453 0)
(1.23861 -0.145947 0)
(1.24843 -0.0441301 0)
(1.23627 0.0507306 0)
(1.21381 0.125617 0)
(1.1748 0.167663 0)
(1.13945 0.187463 0)
(1.09703 0.183711 0)
(1.06586 0.175513 0)
(1.02832 0.156909 0)
(1.0106 0.131887 0)
(0.984297 0.112989 0)
(0.974214 0.0707155 0)
(0.947177 0.0811763 0)
(0.936772 0.00995112 0)
(0.924939 0.0389958 0)
(0.942535 -0.0784256 0)
(0.972948 -0.0947652 0)
(1.00729 -0.186076 0)
(1.07835 -0.28247 0)
(1.03097 -0.132504 0)
(1.05225 -0.143901 0)
(1.07736 -0.151336 0)
(1.10679 -0.152779 0)
(1.1402 -0.145264 0)
(1.17501 -0.126293 0)
(1.20627 -0.0959177 0)
(1.22859 -0.057525 0)
(1.23878 -0.0163239 0)
(1.23674 0.0227831 0)
(1.22473 0.0566083 0)
(1.20581 0.0837386 0)
(1.18284 0.104055 0)
(1.15795 0.11807 0)
(1.13267 0.126579 0)
(1.10793 0.130401 0)
(1.08422 0.130291 0)
(1.06188 0.126853 0)
(1.04113 0.120434 0)
(1.02221 0.111584 0)
(1.00471 0.100453 0)
(0.988964 0.0875708 0)
(0.975198 0.0720612 0)
(0.964738 0.0548229 0)
(0.956602 0.0353975 0)
(0.950133 0.0167933 0)
(0.943085 -0.00204002 0)
(0.937087 -0.019971 0)
(0.934273 -0.0410732 0)
(0.940071 -0.0674328 0)
(0.957305 -0.100201 0)
(0.987957 -0.14148 0)
(1.02954 -0.1834 0)
(1.07776 -0.226295 0)
(1.12778 -0.251647 0)
(1.17242 -0.253491 0)
(1.21096 -0.213408 0)
(1.2349 -0.139446 0)
(1.24761 -0.0441944 0)
(1.2381 0.0443993 0)
(1.21731 0.114243 0)
(1.17956 0.153758 0)
(1.14479 0.173129 0)
(1.10318 0.170201 0)
(1.07318 0.162993 0)
(1.0355 0.146956 0)
(1.01819 0.123774 0)
(0.991582 0.107101 0)
(0.983828 0.0640572 0)
(0.958125 0.0750384 0)
(0.946822 0.00570629 0)
(0.933525 0.0390268 0)
(0.944715 -0.070097 0)
(0.977574 -0.0850538 0)
(1.00632 -0.167743 0)
(1.08659 -0.270224 0)
(1.04107 -0.120193 0)
(1.0621 -0.129617 0)
(1.0864 -0.134991 0)
(1.11389 -0.134586 0)
(1.14366 -0.126285 0)
(1.17313 -0.108656 0)
(1.1984 -0.0821961 0)
(1.21572 -0.0495902 0)
(1.2231 -0.0146986 0)
(1.22066 0.0188692 0)
(1.21012 0.0485437 0)
(1.19372 0.0729936 0)
(1.17364 0.0918626 0)
(1.15156 0.105344 0)
(1.12881 0.113938 0)
(1.10624 0.118221 0)
(1.08439 0.118777 0)
(1.06362 0.116157 0)
(1.04417 0.110654 0)
(1.02636 0.102729 0)
(1.00998 0.0924508 0)
(0.995261 0.0805271 0)
(0.982157 0.0662611 0)
(0.972008 0.0504798 0)
(0.964366 0.03218 0)
(0.95918 0.0139985 0)
(0.95382 -0.00478747 0)
(0.948903 -0.0221583 0)
(0.945111 -0.0410022 0)
(0.947796 -0.0633166 0)
(0.960179 -0.0905455 0)
(0.985852 -0.126532 0)
(1.02299 -0.16438 0)
(1.06809 -0.205548 0)
(1.11623 -0.231478 0)
(1.16067 -0.235769 0)
(1.20091 -0.199926 0)
(1.22809 -0.131417 0)
(1.24402 -0.0430377 0)
(1.23733 0.0387691 0)
(1.21838 0.103108 0)
(1.18229 0.13978 0)
(1.14853 0.158618 0)
(1.10801 0.156635 0)
(1.07957 0.150329 0)
(1.04226 0.136717 0)
(1.02544 0.115426 0)
(0.99846 0.10127 0)
(0.992634 0.0579443 0)
(0.968948 0.0687909 0)
(0.957364 0.0011327 0)
(0.943553 0.0375338 0)
(0.947383 -0.062255 0)
(0.982288 -0.0755871 0)
(1.00387 -0.148534 0)
(1.09238 -0.255919 0)
(1.04822 -0.107889 0)
(1.06807 -0.115515 0)
(1.09065 -0.119245 0)
(1.11552 -0.117689 0)
(1.14148 -0.109387 0)
(1.16626 -0.0935562 0)
(1.1869 -0.070799 0)
(1.2008 -0.043179 0)
(1.20665 -0.0135515 0)
(1.20455 0.0153382 0)
(1.19572 0.0413972 0)
(1.18179 0.0633823 0)
(1.16442 0.0807946 0)
(1.145 0.09361 0)
(1.12466 0.102111 0)
(1.1042 0.106689 0)
(1.08419 0.107773 0)
(1.065 0.105846 0)
(1.04688 0.10116 0)
(1.03019 0.09413 0)
(1.01489 0.0847128 0)
(1.00122 0.07369 0)
(0.98893 0.0605272 0)
(0.979195 0.0461409 0)
(0.971798 0.0291745 0)
(0.9674 0.0117634 0)
(0.963531 -0.00684987 0)
(0.960373 -0.0240854 0)
(0.957084 -0.0415341 0)
(0.958227 -0.0606873 0)
(0.966551 -0.082878 0)
(0.98677 -0.113476 0)
(1.01805 -0.146821 0)
(1.05816 -0.185569 0)
(1.10295 -0.211308 0)
(1.1466 -0.217126 0)
(1.18875 -0.184804 0)
(1.21948 -0.121623 0)
(1.23852 -0.0405425 0)
(1.23437 0.0339043 0)
(1.21718 0.0923228 0)
(1.18303 0.125898 0)
(1.1507 0.14408 0)
(1.11157 0.143144 0)
(1.08493 0.137691 0)
(1.04854 0.126314 0)
(1.03236 0.10686 0)
(1.00505 0.0953969 0)
(1.00055 0.0524477 0)
(0.979362 0.0626649 0)
(0.968107 -0.00346811 0)
(0.955109 0.034496 0)
(0.951044 -0.0552009 0)
(0.98747 -0.066714 0)
(1.00043 -0.128952 0)
(1.09551 -0.239633 0)
(1.05351 -0.0960654 0)
(1.07164 -0.102115 0)
(1.09199 -0.104571 0)
(1.11392 -0.102359 0)
(1.13623 -0.0944926 0)
(1.15704 -0.0805521 0)
(1.17415 -0.0610997 0)
(1.18568 -0.0377115 0)
(1.19068 -0.0125044 0)
(1.18917 0.0123685 0)
(1.18199 0.0352118 0)
(1.17029 0.0548873 0)
(1.15539 0.0708256 0)
(1.13841 0.0828599 0)
(1.12033 0.0911114 0)
(1.10189 0.0958317 0)
(1.08366 0.0973154 0)
(1.06603 0.0959693 0)
(1.04926 0.0920018 0)
(1.03373 0.0858074 0)
(1.01945 0.0772528 0)
(1.0068 0.0671116 0)
(0.995411 0.0549465 0)
(0.986252 0.0418171 0)
(0.979057 0.0262444 0)
(0.975048 0.00991161 0)
(0.972206 -0.00818053 0)
(0.970902 -0.0253057 0)
(0.96915 -0.0419552 0)
(0.970412 -0.0589354 0)
(0.976167 -0.0770724 0)
(0.991356 -0.102771 0)
(1.01607 -0.131567 0)
(1.04981 -0.167188 0)
(1.09027 -0.191595 0)
(1.13289 -0.197584 0)
(1.17696 -0.167898 0)
(1.21079 -0.110054 0)
(1.232 -0.0368317 0)
(1.22963 0.0297073 0)
(1.2139 0.0819234 0)
(1.18186 0.112266 0)
(1.15136 0.129675 0)
(1.11392 0.129854 0)
(1.08923 0.125245 0)
(1.05425 0.115892 0)
(1.03891 0.0981342 0)
(1.01149 0.0893707 0)
(1.00761 0.0475578 0)
(0.989123 0.0568584 0)
(0.978652 -0.00773035 0)
(0.968035 0.0300776 0)
(0.956191 -0.0491949 0)
(0.993558 -0.0588043 0)
(0.996729 -0.109656 0)
(1.09599 -0.221599 0)
(1.05756 -0.0849709 0)
(1.07379 -0.0896945 0)
(1.09175 -0.09119 0)
(1.11079 -0.0886543 0)
(1.12981 -0.0814179 0)
(1.14732 -0.0692719 0)
(1.16165 -0.0526924 0)
(1.17141 -0.0328764 0)
(1.17586 -0.0114274 0)
(1.17492 0.00996957 0)
(1.16916 0.0299279 0)
(1.15941 0.0474316 0)
(1.14668 0.0618944 0)
(1.1319 0.0730625 0)
(1.11591 0.0809381 0)
(1.09938 0.0856663 0)
(1.08286 0.0874317 0)
(1.06675 0.0865652 0)
(1.05134 0.0832223 0)
(1.03696 0.0777903 0)
(1.0237 0.0700791 0)
(1.01201 0.060816 0)
(1.00153 0.0495927 0)
(0.993073 0.0375733 0)
(0.986183 0.0233351 0)
(0.98238 0.00825137 0)
(0.980086 -0.0089178 0)
(0.980268 -0.025641 0)
(0.980376 -0.0416943 0)
(0.982925 -0.0573108 0)
(0.987755 -0.0726082 0)
(0.999201 -0.0944015 0)
(1.01793 -0.119024 0)
(1.04528 -0.150861 0)
(1.08141 -0.172537 0)
(1.12293 -0.177186 0)
(1.16811 -0.149408 0)
(1.20337 -0.0971589 0)
(1.225 -0.0323675 0)
(1.22332 0.0259198 0)
(1.20871 0.0718957 0)
(1.17891 0.0990369 0)
(1.15063 0.115585 0)
(1.11519 0.116888 0)
(1.09252 0.113134 0)
(1.05934 0.105604 0)
(1.04503 0.0893543 0)
(1.0179 0.0831022 0)
(1.01393 0.0431854 0)
(0.998087 0.0514919 0)
(0.988556 -0.0112673 0)
(0.981886 0.024657 0)
(0.963144 -0.0443842 0)
(1.00095 -0.0521914 0)
(0.993728 -0.0914258 0)
(1.09403 -0.202232 0)
(1.0607 -0.0747084 0)
(1.07505 -0.0783495 0)
(1.09073 -0.0791434 0)
(1.1071 -0.0764975 0)
(1.12326 -0.0699583 0)
(1.138 -0.0594375 0)
(1.15008 -0.0453262 0)
(1.15841 -0.0285381 0)
(1.1624 -0.0103045 0)
(1.16192 0.00807095 0)
(1.15733 0.025439 0)
(1.14922 0.0409118 0)
(1.13838 0.0539224 0)
(1.12555 0.0641707 0)
(1.11148 0.0715743 0)
(1.09673 0.076198 0)
(1.08184 0.0781391 0)
(1.0672 0.0776601 0)
(1.05311 0.0748588 0)
(1.03988 0.0701121 0)
(1.02764 0.0632038 0)
(1.01686 0.0548094 0)
(1.00725 0.0445077 0)
(0.999553 0.0334899 0)
(0.993109 0.0204707 0)
(0.989524 0.00666853 0)
(0.987482 -0.00927025 0)
(0.988612 -0.0251811 0)
(0.990277 -0.0405148 0)
(0.994462 -0.0552278 0)
(0.999556 -0.0687728 0)
(1.00896 -0.0877951 0)
(1.02351 -0.108842 0)
(1.04602 -0.136373 0)
(1.07877 -0.154074 0)
(1.11885 -0.156256 0)
(1.16324 -0.130128 0)
(1.19735 -0.0838734 0)
(1.21739 -0.0278365 0)
(1.21545 0.0222402 0)
(1.20176 0.0622386 0)
(1.17437 0.0863735 0)
(1.14863 0.102005 0)
(1.11552 0.104368 0)
(1.09486 0.101474 0)
(1.06379 0.0955886 0)
(1.05062 0.0806627 0)
(1.02432 0.0765552 0)
(1.01971 0.0391881 0)
(1.00626 0.0465774 0)
(0.997443 -0.0137674 0)
(0.995968 0.018786 0)
(0.971882 -0.0407401 0)
(1.00986 -0.047086 0)
(0.992529 -0.0750854 0)
(1.09017 -0.182149 0)
(1.06313 -0.0653013 0)
(1.07572 -0.0680782 0)
(1.0893 -0.0683746 0)
(1.10331 -0.0657562 0)
(1.11701 -0.0599208 0)
(1.12944 -0.0508422 0)
(1.13963 -0.0388462 0)
(1.14677 -0.0246331 0)
(1.15033 -0.00914403 0)
(1.15016 0.00658977 0)
(1.1465 0.0216322 0)
(1.13976 0.0352204 0)
(1.13055 0.0468253 0)
(1.11945 0.0561295 0)
(1.10711 0.062993 0)
(1.09401 0.0674225 0)
(1.08065 0.069447 0)
(1.06742 0.0692713 0)
(1.0546 0.0669379 0)
(1.04251 0.0628039 0)
(1.03127 0.0566461 0)
(1.02138 0.0490938 0)
(1.01258 0.0397048 0)
(1.00563 0.0296264 0)
(0.999733 0.0177252 0)
(0.996467 0.00514815 0)
(0.994598 -0.00940483 0)
(0.99623 -0.0241635 0)
(0.998857 -0.0385226 0)
(1.00434 -0.0524575 0)
(1.01016 -0.0649469 0)
(1.019 -0.0820467 0)
(1.03162 -0.100045 0)
(1.05157 -0.123001 0)
(1.08202 -0.136106 0)
(1.11984 -0.135524 0)
(1.16104 -0.111286 0)
(1.19157 -0.0713209 0)
(1.20861 -0.0238858 0)
(1.20596 0.0184821 0)
(1.19329 0.0530262 0)
(1.16852 0.074456 0)
(1.14559 0.0891304 0)
(1.11508 0.092416 0)
(1.0964 0.0903545 0)
(1.06759 0.0859512 0)
(1.05558 0.0722151 0)
(1.0307 0.069769 0)
(1.02516 0.0354171 0)
(1.01378 0.0420176 0)
(1.00513 -0.0150692 0)
(1.00948 0.0130783 0)
(0.981948 -0.0380454 0)
(1.02013 -0.0434778 0)
(0.994106 -0.0613784 0)
(1.08522 -0.162136 0)
(1.06497 -0.0567363 0)
(1.07595 -0.0588331 0)
(1.08765 -0.0587886 0)
(1.09962 -0.0562882 0)
(1.11121 -0.051131 0)
(1.12169 -0.0433251 0)
(1.1303 -0.0331439 0)
(1.13639 -0.0211243 0)
(1.13954 -0.00799032 0)
(1.13958 0.0054348 0)
(1.13666 0.018399 0)
(1.13105 0.030254 0)
(1.12322 0.0405186 0)
(1.11364 0.048879 0)
(1.10285 0.0551596 0)
(1.09126 0.0593263 0)
(1.07934 0.0613566 0)
(1.06743 0.0614087 0)
(1.05583 0.0594767 0)
(1.04484 0.0558897 0)
(1.03459 0.0504277 0)
(1.02556 0.0436752 0)
(1.01754 0.035184 0)
(1.01128 0.0260106 0)
(1.00597 0.0151648 0)
(1.00312 0.00373922 0)
(1.00147 -0.00940083 0)
(1.00335 -0.022827 0)
(1.00639 -0.0360042 0)
(1.01257 -0.0490868 0)
(1.01903 -0.0607806 0)
(1.02816 -0.0763182 0)
(1.04051 -0.0915679 0)
(1.0596 -0.110018 0)
(1.08824 -0.118727 0)
(1.12272 -0.115911 0)
(1.15891 -0.0940365 0)
(1.18455 -0.0603393 0)
(1.19821 -0.0208412 0)
(1.19503 0.0146744 0)
(1.1837 0.0444188 0)
(1.16175 0.0634615 0)
(1.14174 0.0771349 0)
(1.11403 0.0811413 0)
(1.09727 0.0798388 0)
(1.07081 0.0767566 0)
(1.05986 0.0641482 0)
(1.03691 0.0628543 0)
(1.03042 0.0317661 0)
(1.02087 0.0376565 0)
(1.01173 -0.0152094 0)
(1.02171 0.00807268 0)
(0.992545 -0.0359374 0)
(1.0312 -0.0410625 0)
(0.998924 -0.0508261 0)
(1.08012 -0.143076 0)
(1.06632 -0.0489815 0)
(1.07584 -0.0505476 0)
(1.08591 -0.0502819 0)
(1.0961 -0.0479561 0)
(1.1059 -0.0434365 0)
(1.11473 -0.0367545 0)
(1.122 -0.0281309 0)
(1.12718 -0.0179875 0)
(1.12994 -0.00689189 0)
(1.1301 0.00452547 0)
(1.12775 0.0156438 0)
(1.12307 0.0259178 0)
(1.11642 0.034921 0)
(1.10817 0.0423572 0)
(1.09876 0.048033 0)
(1.08855 0.051888 0)
(1.07796 0.0538614 0)
(1.06729 0.054075 0)
(1.05684 0.052484 0)
(1.0469 0.0493854 0)
(1.0376 0.0445657 0)
(1.0294 0.0385634 0)
(1.02212 0.0309449 0)
(1.0165 0.0226497 0)
(1.01178 0.0128268 0)
(1.00938 0.00249501 0)
(1.00802 -0.00927327 0)
(1.01003 -0.0213309 0)
(1.01315 -0.0332352 0)
(1.01952 -0.0453321 0)
(1.02632 -0.056191 0)
(1.03596 -0.0701467 0)
(1.04867 -0.0828021 0)
(1.06743 -0.0971428 0)
(1.09401 -0.102277 0)
(1.12433 -0.0981516 0)
(1.15484 -0.0790316 0)
(1.17561 -0.0511684 0)
(1.1864 -0.0185985 0)
(1.18321 0.0110363 0)
(1.17355 0.0366108 0)
(1.15448 0.0535277 0)
(1.13736 0.0661423 0)
(1.11253 0.0706329 0)
(1.0976 0.0699745 0)
(1.07352 0.0680345 0)
(1.06349 0.0565551 0)
(1.04277 0.0559632 0)
(1.03555 0.0282016 0)
(1.02766 0.0333567 0)
(1.0176 -0.0144117 0)
(1.03222 0.00408909 0)
(1.00284 -0.0340178 0)
(1.04218 -0.0392911 0)
(1.00659 -0.0435708 0)
(1.07587 -0.125769 0)
(1.06727 -0.0419935 0)
(1.0755 -0.0431501 0)
(1.08412 -0.0427519 0)
(1.09278 -0.0406327 0)
(1.10107 -0.0367064 0)
(1.10851 -0.0310143 0)
(1.11464 -0.0237357 0)
(1.11904 -0.015203 0)
(1.12143 -0.00585646 0)
(1.12165 0.00380748 0)
(1.11974 0.0132862 0)
(1.11583 0.0221265 0)
(1.11018 0.0299551 0)
(1.10307 0.0365018 0)
(1.09488 0.0415679 0)
(1.08591 0.0450787 0)
(1.07653 0.046947 0)
(1.06701 0.0472654 0)
(1.05764 0.0459618 0)
(1.0487 0.0432984 0)
(1.04031 0.0390715 0)
(1.03291 0.033768 0)
(1.02633 0.0269887 0)
(1.02132 0.0195461 0)
(1.01715 0.0107244 0)
(1.01518 0.00144514 0)
(1.01414 -0.00901555 0)
(1.01624 -0.0197496 0)
(1.01932 -0.0303829 0)
(1.0256 -0.0413792 0)
(1.03248 -0.0512541 0)
(1.04244 -0.0634892 0)
(1.05534 -0.0737191 0)
(1.07342 -0.0845779 0)
(1.09739 -0.0871619 0)
(1.1233 -0.0825882 0)
(1.14848 -0.0663171 0)
(1.16518 -0.0435715 0)
(1.17394 -0.0168454 0)
(1.17122 0.00781444 0)
(1.16339 0.0297462 0)
(1.14713 0.0447202 0)
(1.1327 0.0562114 0)
(1.11072 0.0609473 0)
(1.09753 0.0607945 0)
(1.07579 0.0597963 0)
(1.06653 0.0494751 0)
(1.04814 0.0492497 0)
(1.04053 0.0247498 0)
(1.03416 0.0290738 0)
(1.02321 -0.0130058 0)
(1.04085 0.00117552 0)
(1.01233 -0.0319754 0)
(1.05211 -0.0375812 0)
(1.01595 -0.0392527 0)
(1.07349 -0.110654 0)
(1.06132 -0.0337342 0)
(1.0679 -0.0357221 0)
(1.07498 -0.0365661 0)
(1.08235 -0.0360998 0)
(1.08971 -0.0342041 0)
(1.09671 -0.0308245 0)
(1.10297 -0.0260041 0)
(1.10813 -0.0198897 0)
(1.11186 -0.0127428 0)
(1.11391 -0.00490304 0)
(1.11414 0.00323011 0)
(1.11258 0.0112569 0)
(1.10929 0.0188039 0)
(1.10448 0.0255487 0)
(1.09836 0.0312504 0)
(1.09125 0.0357158 0)
(1.08339 0.0388638 0)
(1.0751 0.0405916 0)
(1.06664 0.0409683 0)
(1.05827 0.039905 0)
(1.05026 0.0376281 0)
(1.04273 0.0339489 0)
(1.03608 0.0292959 0)
(1.03018 0.0233153 0)
(1.02572 0.0166996 0)
(1.02207 0.00886029 0)
(1.02049 0.000599546 0)
(1.01976 -0.00862382 0)
(1.02193 -0.0181057 0)
(1.02494 -0.0275113 0)
(1.03103 -0.0373348 0)
(1.03783 -0.0461002 0)
(1.0478 -0.0565509 0)
(1.06039 -0.0646225 0)
(1.07724 -0.0727026 0)
(1.09826 -0.073633 0)
(1.12002 -0.0691795 0)
(1.14072 -0.0555725 0)
(1.15432 -0.0371602 0)
(1.16176 -0.0152899 0)
(1.15975 0.00516235 0)
(1.15369 0.023872 0)
(1.14002 0.0370266 0)
(1.128 0.0473395 0)
(1.10873 0.0521047 0)
(1.09713 0.0523166 0)
(1.07768 0.0520488 0)
(1.06908 0.042905 0)
(1.05292 0.0428371 0)
(1.04527 0.0214608 0)
(1.04025 0.0248727 0)
(1.02891 -0.0113221 0)
(1.04773 -0.000832106 0)
(1.02091 -0.0296645 0)
(1.06027 -0.0355609 0)
(1.02566 -0.0370419 0)
(1.07379 -0.0976144 0)
(1.06258 -0.0285374 0)
(1.06827 -0.0301129 0)
(1.07435 -0.03072 0)
(1.08064 -0.0302327 0)
(1.08688 -0.0285664 0)
(1.09279 -0.0256861 0)
(1.09807 -0.0216341 0)
(1.10241 -0.0165287 0)
(1.10555 -0.0105768 0)
(1.1073 -0.00404341 0)
(1.10753 0.00275396 0)
(1.10623 0.00949758 0)
(1.10345 0.0158826 0)
(1.09935 0.0216339 0)
(1.09407 0.0265419 0)
(1.08789 0.0304254 0)
(1.08101 0.0332036 0)
(1.07371 0.0347663 0)
(1.06621 0.0351647 0)
(1.05876 0.0343009 0)
(1.0516 0.0323677 0)
(1.04486 0.0291935 0)
(1.03891 0.0251471 0)
(1.03365 0.0199238 0)
(1.02971 0.0141065 0)
(1.02654 0.00722359 0)
(1.0253 -4.98935e-05 0)
(1.02486 -0.00810384 0)
(1.02706 -0.0164029 0)
(1.03002 -0.0246312 0)
(1.03588 -0.0332522 0)
(1.04251 -0.0408571 0)
(1.0522 -0.0495834 0)
(1.06407 -0.0558407 0)
(1.07932 -0.061784 0)
(1.09742 -0.0617205 0)
(1.11561 -0.0576643 0)
(1.1327 -0.0464115 0)
(1.14399 -0.0315962 0)
(1.15053 -0.0137494 0)
(1.14925 0.00311789 0)
(1.14474 0.0189468 0)
(1.13335 0.0303758 0)
(1.12341 0.0394782 0)
(1.10664 0.0440922 0)
(1.0965 0.0445415 0)
(1.07922 0.0447988 0)
(1.07124 0.0368223 0)
(1.05713 0.0368061 0)
(1.0497 0.0183743 0)
(1.04581 0.0208792 0)
(1.03474 -0.0096149 0)
(1.05313 -0.00218547 0)
(1.02878 -0.0270971 0)
(1.06646 -0.0331453 0)
(1.03484 -0.0358605 0)
(1.07686 -0.086073 0)
(1.06352 -0.0238675 0)
(1.06844 -0.0251073 0)
(1.07366 -0.0255373 0)
(1.07903 -0.0250625 0)
(1.08432 -0.0236221 0)
(1.08931 -0.0211958 0)
(1.09375 -0.0178219 0)
(1.09741 -0.0135963 0)
(1.10006 -0.00868057 0)
(1.10154 -0.00328384 0)
(1.10174 0.00234753 0)
(1.10065 0.00795839 0)
(1.09828 0.0133019 0)
(1.09476 0.0181474 0)
(1.09021 0.0223162 0)
(1.08483 0.0256437 0)
(1.0788 0.0280537 0)
(1.07237 0.0294363 0)
(1.06574 0.0298281 0)
(1.05911 0.0291298 0)
(1.05273 0.0275029 0)
(1.04672 0.0247941 0)
(1.04142 0.0213142 0)
(1.03674 0.0168099 0)
(1.03328 0.0117592 0)
(1.03054 0.00579903 0)
(1.0296 -0.000519692 0)
(1.02941 -0.00746642 0)
(1.03163 -0.0146419 0)
(1.03455 -0.0217414 0)
(1.04017 -0.0291668 0)
(1.04655 -0.0356289 0)
(1.05578 -0.042778 0)
(1.06669 -0.0475719 0)
(1.08028 -0.051904 0)
(1.09574 -0.0512901 0)
(1.11099 -0.0477333 0)
(1.12521 -0.0385064 0)
(1.13474 -0.0266548 0)
(1.1406 -0.0121654 0)
(1.13993 0.00162757 0)
(1.13669 0.0148716 0)
(1.12725 0.0246629 0)
(1.11907 0.0325512 0)
(1.10456 0.0368708 0)
(1.09571 0.0374506 0)
(1.08047 0.0380498 0)
(1.07306 0.031201 0)
(1.06079 0.0311952 0)
(1.05375 0.0155093 0)
(1.05078 0.0172117 0)
(1.0405 -0.00803466 0)
(1.05744 -0.00307895 0)
(1.03608 -0.0243552 0)
(1.07098 -0.0304016 0)
(1.04329 -0.0346824 0)
(1.08198 -0.0753306 0)
(1.06422 -0.0196774 0)
(1.06846 -0.0206438 0)
(1.07295 -0.0209428 0)
(1.07753 -0.0205034 0)
(1.08203 -0.0192819 0)
(1.08626 -0.0172675 0)
(1.09001 -0.0144937 0)
(1.09309 -0.0110379 0)
(1.09531 -0.00702473 0)
(1.09656 -0.00261904 0)
(1.09673 0.00198998 0)
(1.0958 0.00659827 0)
(1.09376 0.0110084 0)
(1.09073 0.0150301 0)
(1.08678 0.0185142 0)
(1.08208 0.0213157 0)
(1.0768 0.0233658 0)
(1.07113 0.0245604 0)
(1.06525 0.0249249 0)
(1.05936 0.0243646 0)
(1.05369 0.0230119 0)
(1.04832 0.0207326 0)
(1.04361 0.0177845 0)
(1.03946 0.0139608 0)
(1.03643 0.00964752 0)
(1.03409 0.00457383 0)
(1.03339 -0.000825196 0)
(1.03342 -0.00672255 0)
(1.03563 -0.0128261 0)
(1.03852 -0.0188454 0)
(1.04389 -0.0251107 0)
(1.04997 -0.03049 0)
(1.05862 -0.036246 0)
(1.06854 -0.0398828 0)
(1.08057 -0.0430125 0)
(1.09378 -0.042137 0)
(1.10667 -0.0391009 0)
(1.11863 -0.0316082 0)
(1.12677 -0.022205 0)
(1.13206 -0.0105408 0)
(1.13184 0.000603463 0)
(1.12961 0.0115264 0)
(1.12179 0.0197703 0)
(1.11507 0.0264673 0)
(1.10256 0.030382 0)
(1.09483 0.0310086 0)
(1.08144 0.0317944 0)
(1.07459 0.0260179 0)
(1.06396 0.0260097 0)
(1.05737 0.0128708 0)
(1.05516 0.0139321 0)
(1.04588 -0.00664215 0)
(1.061 -0.00360862 0)
(1.04281 -0.0215098 0)
(1.07441 -0.0273784 0)
(1.05109 -0.0327863 0)
(1.08794 -0.064895 0)
(1.06471 -0.0159149 0)
(1.06839 -0.0166579 0)
(1.07225 -0.0168614 0)
(1.07618 -0.0164724 0)
(1.08002 -0.015461 0)
(1.08361 -0.0138209 0)
(1.08679 -0.0115806 0)
(1.0894 -0.00880123 0)
(1.09128 -0.00558043 0)
(1.09233 -0.00204316 0)
(1.09246 0.00166421 0)
(1.09164 0.00538151 0)
(1.08988 0.00895348 0)
(1.08724 0.0122261 0)
(1.08379 0.0150778 0)
(1.07967 0.0173847 0)
(1.07502 0.0190871 0)
(1.07 0.0200914 0)
(1.06478 0.0204144 0)
(1.05954 0.0199703 0)
(1.05447 0.0188643 0)
(1.04968 0.0169843 0)
(1.04548 0.0145369 0)
(1.0418 0.0113585 0)
(1.03915 0.00775578 0)
(1.03715 0.00352908 0)
(1.03667 -0.000983045 0)
(1.03688 -0.00588346 0)
(1.03908 -0.0109622 0)
(1.04192 -0.0159509 0)
(1.04703 -0.0211106 0)
(1.05279 -0.0254862 0)
(1.06084 -0.0300319 0)
(1.06982 -0.0327586 0)
(1.08049 -0.0349947 0)
(1.09185 -0.0340462 0)
(1.10287 -0.0315215 0)
(1.11303 -0.0255236 0)
(1.12006 -0.0181601 0)
(1.12486 -0.00890341 0)
(1.12497 -5.08961e-05 0)
(1.12352 0.00878979 0)
(1.11701 0.0155792 0)
(1.11149 0.021127 0)
(1.10069 0.0245532 0)
(1.09392 0.0251645 0)
(1.08218 0.026011 0)
(1.07586 0.0212462 0)
(1.06666 0.0212339 0)
(1.06051 0.0104515 0)
(1.05895 0.0110433 0)
(1.05067 -0.00543253 0)
(1.06405 -0.00380748 0)
(1.04886 -0.0185807 0)
(1.07722 -0.0240532 0)
(1.05827 -0.0298559 0)
(1.09365 -0.0545825 0)
(1.06505 -0.0125228 0)
(1.06825 -0.0130821 0)
(1.0716 -0.0132169 0)
(1.075 -0.0128888 0)
(1.0783 -0.0120768 0)
(1.08138 -0.0107781 0)
(1.0841 -0.00901641 0)
(1.08632 -0.00683825 0)
(1.08792 -0.00431792 0)
(1.0888 -0.00154822 0)
(1.08889 0.00135721 0)
(1.08817 0.00427715 0)
(1.08662 0.00709247 0)
(1.08429 0.00968166 0)
(1.08125 0.0119485 0)
(1.07761 0.0137914 0)
(1.07348 0.0151606 0)
(1.06901 0.0159759 0)
(1.06435 0.016248 0)
(1.05964 0.0159031 0)
(1.0551 0.0150226 0)
(1.05081 0.0135158 0)
(1.04705 0.0115426 0)
(1.04377 0.00897966 0)
(1.04145 0.00606124 0)
(1.03975 0.00264636 0)
(1.03944 -0.00100901 0)
(1.0398 -0.00495953 0)
(1.04196 -0.00905677 0)
(1.04476 -0.0130645 0)
(1.04961 -0.0171816 0)
(1.05506 -0.020636 0)
(1.06254 -0.0241336 0)
(1.07067 -0.0261422 0)
(1.08022 -0.0277121 0)
(1.0901 -0.0268146 0)
(1.09966 -0.0247816 0)
(1.1084 -0.0200922 0)
(1.11456 -0.0144519 0)
(1.11894 -0.00727347 0)
(1.11927 -0.000413504 0)
(1.11839 0.00654974 0)
(1.11295 0.0119743 0)
(1.10838 0.0164246 0)
(1.09902 0.0193016 0)
(1.09306 0.0198521 0)
(1.08273 0.0206617 0)
(1.07689 0.0168502 0)
(1.06892 0.016834 0)
(1.06319 0.00823938 0)
(1.06216 0.00851267 0)
(1.05476 -0.00436377 0)
(1.06668 -0.003687 0)
(1.05411 -0.0155466 0)
(1.07968 -0.0203825 0)
(1.06464 -0.0258981 0)
(1.09849 -0.0444021 0)
(1.06527 -0.00943883 0)
(1.06809 -0.00984483 0)
(1.07104 -0.00993102 0)
(1.07401 -0.00967008 0)
(1.07689 -0.00904776 0)
(1.07957 -0.00806366 0)
(1.08192 -0.0067354 0)
(1.08384 -0.00509796 0)
(1.08521 -0.00320467 0)
(1.08596 -0.00112537 0)
(1.08602 0.00105873 0)
(1.08536 0.00325772 0)
(1.08397 0.00538339 0)
(1.0819 0.00734415 0)
(1.07918 0.00906722 0)
(1.07591 0.0104734 0)
(1.0722 0.0115237 0)
(1.06817 0.0121534 0)
(1.06396 0.012369 0)
(1.05971 0.0121109 0)
(1.0556 0.0114395 0)
(1.0517 0.0102846 0)
(1.04832 0.00876544 0)
(1.04537 0.0067921 0)
(1.04332 0.00453647 0)
(1.04186 0.00190386 0)
(1.04169 -0.000920575 0)
(1.04216 -0.00396086 0)
(1.0443 -0.00711443 0)
(1.04704 -0.0101871 0)
(1.05166 -0.0133234 0)
(1.05683 -0.0159317 0)
(1.06379 -0.0185169 0)
(1.07123 -0.0199495 0)
(1.07986 -0.0210196 0)
(1.08859 -0.0202541 0)
(1.09704 -0.0186927 0)
(1.1047 -0.015171 0)
(1.11019 -0.0110102 0)
(1.11422 -0.00565537 0)
(1.1147 -0.000546101 0)
(1.11424 0.00470456 0)
(1.10962 0.00884407 0)
(1.1058 0.0122493 0)
(1.09759 0.0145336 0)
(1.09228 0.0149908 0)
(1.08312 0.0156908 0)
(1.07771 0.0127796 0)
(1.07073 0.0127621 0)
(1.06537 0.00621259 0)
(1.06477 0.00628969 0)
(1.05812 -0.00338054 0)
(1.06892 -0.00326446 0)
(1.05848 -0.0123741 0)
(1.08183 -0.0163562 0)
(1.06999 -0.0210788 0)
(1.10228 -0.0343945 0)
(1.0654 -0.00659376 0)
(1.06794 -0.00686909 0)
(1.07058 -0.00692092 0)
(1.07323 -0.00673115 0)
(1.07579 -0.0062908 0)
(1.07817 -0.00560013 0)
(1.08025 -0.00467148 0)
(1.08194 -0.00352902 0)
(1.08315 -0.0022095 0)
(1.0838 -0.000760569 0)
(1.08383 0.000762401 0)
(1.08321 0.00229795 0)
(1.08195 0.00378523 0)
(1.08005 0.00516017 0)
(1.07758 0.00637182 0)
(1.0746 0.00736346 0)
(1.0712 0.00810691 0)
(1.06751 0.00855486 0)
(1.06365 0.00871076 0)
(1.05974 0.00853114 0)
(1.05596 0.00805699 0)
(1.05239 0.00723889 0)
(1.04928 0.006159 0)
(1.0466 0.00475639 0)
(1.04476 0.00314848 0)
(1.04348 0.00127588 0)
(1.04341 -0.000736811 0)
(1.04398 -0.00289635 0)
(1.04608 -0.00513613 0)
(1.04878 -0.00731107 0)
(1.0532 -0.00951922 0)
(1.05812 -0.0113426 0)
(1.06468 -0.0131209 0)
(1.07157 -0.0140781 0)
(1.07951 -0.0147671 0)
(1.08739 -0.0141855 0)
(1.09503 -0.0130789 0)
(1.1019 -0.0106222 0)
(1.1069 -0.00776242 0)
(1.11065 -0.00404859 0)
(1.11124 -0.000512368 0)
(1.11106 0.00315763 0)
(1.10705 0.0060779 0)
(1.10378 0.00848303 0)
(1.09645 0.0101439 0)
(1.09165 0.0104846 0)
(1.08338 0.011024 0)
(1.07832 0.00896831 0)
(1.07211 0.00895378 0)
(1.06706 0.00433714 0)
(1.06678 0.00431548 0)
(1.06071 -0.0024309 0)
(1.07072 -0.00257246 0)
(1.06188 -0.0090382 0)
(1.08359 -0.0120045 0)
(1.07411 -0.0155934 0)
(1.10502 -0.0245467 0)
(1.06548 -0.00391003 0)
(1.06782 -0.00406989 0)
(1.07025 -0.00409709 0)
(1.07268 -0.00398143 0)
(1.07503 -0.00371795 0)
(1.0772 -0.00330685 0)
(1.07911 -0.00275582 0)
(1.08065 -0.00207884 0)
(1.08174 -0.00129763 0)
(1.08232 -0.000439756 0)
(1.08233 0.000462665 0)
(1.08175 0.00137327 0)
(1.08056 0.00225634 0)
(1.07879 0.00307387 0)
(1.07647 0.00379566 0)
(1.07369 0.00438747 0)
(1.07051 0.0048323 0)
(1.06705 0.00510113 0)
(1.06343 0.00519565 0)
(1.05975 0.00508913 0)
(1.0562 0.00480556 0)
(1.05285 0.00431545 0)
(1.04994 0.00366679 0)
(1.04744 0.00282473 0)
(1.04574 0.00185738 0)
(1.04459 0.000732706 0)
(1.0446 -0.000478107 0)
(1.04522 -0.00177361 0)
(1.0473 -0.00311784 0)
(1.04995 -0.00441885 0)
(1.05424 -0.00573571 0)
(1.05899 -0.00681639 0)
(1.06525 -0.00786014 0)
(1.07177 -0.00840935 0)
(1.07923 -0.0087951 0)
(1.08655 -0.00843003 0)
(1.09365 -0.00776822 0)
(1.1 -0.00631195 0)
(1.10467 -0.00463402 0)
(1.10823 -0.00244185 0)
(1.10888 -0.000359011 0)
(1.10889 0.00181796 0)
(1.10528 0.00356322 0)
(1.10237 0.00499794 0)
(1.09565 0.00601238 0)
(1.09119 0.00622018 0)
(1.08354 0.006564 0)
(1.07873 0.0053334 0)
(1.07304 0.00532536 0)
(1.06822 0.00256854 0)
(1.06815 0.00252269 0)
(1.06251 -0.00147459 0)
(1.07199 -0.00165874 0)
(1.06424 -0.00553016 0)
(1.08487 -0.0073739 0)
(1.07694 -0.00960867 0)
(1.1068 -0.0147786 0)
(1.06551 -0.0012989 0)
(1.06775 -0.00135137 0)
(1.07007 -0.00135977 0)
(1.07239 -0.00132077 0)
(1.07463 -0.00123281 0)
(1.0767 -0.001096 0)
(1.07851 -0.000912764 0)
(1.07997 -0.000688046 0)
(1.08101 -0.000428704 0)
(1.08155 -0.000143767 0)
(1.08155 0.000155888 0)
(1.08098 0.000458368 0)
(1.07984 0.000751912 0)
(1.07813 0.00102386 0)
(1.0759 0.00126418 0)
(1.07321 0.00146141 0)
(1.07015 0.00160984 0)
(1.06681 0.00169967 0)
(1.06331 0.00173139 0)
(1.05976 0.00169595 0)
(1.05633 0.00160127 0)
(1.05309 0.00143757 0)
(1.05028 0.00122054 0)
(1.04788 0.000939004 0)
(1.04625 0.000615071 0)
(1.04517 0.000239011 0)
(1.04521 -0.000166421 0)
(1.04586 -0.000599308 0)
(1.04793 -0.0010489 0)
(1.05056 -0.00148282 0)
(1.05477 -0.00192181 0)
(1.05942 -0.00228033 0)
(1.06553 -0.0026255 0)
(1.07185 -0.00280435 0)
(1.07907 -0.00292873 0)
(1.0861 -0.00280368 0)
(1.09293 -0.00258304 0)
(1.09902 -0.00209895 0)
(1.10352 -0.00154488 0)
(1.10698 -0.00081879 0)
(1.10766 -0.000128786 0)
(1.10776 0.000594056 0)
(1.10436 0.00117687 0)
(1.10164 0.00165413 0)
(1.09522 0.00199719 0)
(1.09094 0.00206612 0)
(1.08362 0.00218574 0)
(1.07895 0.00177383 0)
(1.07353 0.00177204 0)
(1.06883 0.00085211 0)
(1.06886 0.000830685 0)
(1.06345 -0.000495414 0)
(1.07267 -0.000576976 0)
(1.06548 -0.00186656 0)
(1.08555 -0.0024975 0)
(1.07839 -0.00325503 0)
(1.1077 -0.00494989 0)
)
;

boundaryField
{
    inlet
    {
        type            uniformFixedValue;
        uniformValue    constant (1 0 0);
        value           nonuniform 0();
    }
    outlet
    {
        type            pressureInletOutletVelocity;
        value           nonuniform List<vector> 
35
(
(0.883845 -0.312231 0)
(0.896222 -0.314445 0)
(0.909238 -0.316429 0)
(0.922859 -0.318107 0)
(0.937036 -0.319396 0)
(0.951701 -0.3202 0)
(0.966761 -0.320408 0)
(0.982096 -0.319894 0)
(0.99755 -0.318516 0)
(1.01292 -0.316116 0)
(1.02797 -0.312521 0)
(1.0424 -0.307544 0)
(1.05587 -0.300994 0)
(1.06798 -0.292689 0)
(1.07835 -0.28247 0)
(1.08659 -0.270224 0)
(1.09238 -0.255919 0)
(1.09551 -0.239633 0)
(1.09599 -0.221599 0)
(1.09403 -0.202232 0)
(1.09017 -0.182149 0)
(1.08522 -0.162136 0)
(1.08012 -0.143076 0)
(1.07587 -0.125769 0)
(1.07349 -0.110654 0)
(1.07379 -0.0976144 0)
(1.07686 -0.086073 0)
(1.08198 -0.0753306 0)
(1.08794 -0.064895 0)
(1.09365 -0.0545825 0)
(1.09849 -0.0444021 0)
(1.10228 -0.0343945 0)
(1.10502 -0.0245467 0)
(1.1068 -0.0147786 0)
(1.1077 -0.00494989 0)
)
;
    }
    cylinder
    {
        type            fixedValue;
        value           nonuniform 0();
    }
    top
    {
        type            symmetryPlane;
    }
    bottom
    {
        type            symmetryPlane;
    }
    defaultFaces
    {
        type            empty;
    }
    procBoundary3to2
    {
        type            processor;
        value           nonuniform List<vector> 
36
(
(0.83525 -0.232561 0)
(0.834922 -0.221724 0)
(0.83395 -0.2107 0)
(0.832716 -0.199633 0)
(0.831959 -0.188787 0)
(0.832825 -0.178558 0)
(0.836803 -0.169452 0)
(0.845502 -0.161972 0)
(0.860164 -0.156417 0)
(0.880989 -0.152636 0)
(0.906588 -0.14989 0)
(0.934099 -0.146981 0)
(0.960182 -0.142705 0)
(0.982375 -0.13637 0)
(0.99983 -0.128029 0)
(1.01307 -0.118283 0)
(1.02321 -0.107889 0)
(1.03125 -0.0974544 0)
(1.03786 -0.0873566 0)
(1.0434 -0.0777864 0)
(1.04804 -0.0688298 0)
(1.05189 -0.0605215 0)
(1.05507 -0.0528701 0)
(1.05764 -0.0458688 0)
(1.0597 -0.0394994 0)
(1.0597 -0.0394994 0)
(1.05543 -0.0307858 0)
(1.05744 -0.0261372 0)
(1.05905 -0.0219295 0)
(1.06033 -0.0181294 0)
(1.06133 -0.0146973 0)
(1.06209 -0.0115875 0)
(1.06265 -0.00874757 0)
(1.06304 -0.00611817 0)
(1.06329 -0.00363107 0)
(1.06342 -0.00120677 0)
)
;
    }
    procBoundary3to6
    {
        type            processor;
        value           uniform (0.834812 -0.243136 0);
    }
    procBoundary3to7
    {
        type            processor;
        value           nonuniform List<vector> 
57
(
(0.862201 -0.298575 0)
(0.887904 -0.346053 0)
(0.912472 -0.395662 0)
(0.938782 -0.440703 0)
(0.968436 -0.469463 0)
(1.00002 -0.469186 0)
(1.03167 -0.428528 0)
(1.06167 -0.341074 0)
(1.08794 -0.210986 0)
(1.10919 -0.0560034 0)
(1.12275 0.0963592 0)
(1.12492 0.219605 0)
(1.11434 0.301071 0)
(1.09312 0.342521 0)
(1.06584 0.353505 0)
(1.03628 0.345724 0)
(1.00578 0.329399 0)
(0.982369 0.301134 0)
(0.982369 0.301134 0)
(0.953578 0.278713 0)
(0.92741 0.254078 0)
(0.90047 0.230519 0)
(0.870398 0.209147 0)
(0.839705 0.18445 0)
(0.815874 0.148702 0)
(0.804235 0.0983812 0)
(0.806651 0.0382772 0)
(0.819988 -0.0250236 0)
(0.841085 -0.0856899 0)
(0.865837 -0.145441 0)
(0.89223 -0.206543 0)
(0.918943 -0.272535 0)
(0.944803 -0.33819 0)
(0.969469 -0.394225 0)
(0.989247 -0.427184 0)
(1.00412 -0.423841 0)
(1.0093 -0.378642 0)
(1.00879 -0.284536 0)
(1.00076 -0.156056 0)
(0.994322 -0.00494532 0)
(0.983614 0.129791 0)
(0.976771 0.237063 0)
(0.961324 0.296069 0)
(0.949605 0.323313 0)
(0.930602 0.313923 0)
(0.917678 0.293297 0)
(0.894803 0.259947 0)
(0.872534 0.230863 0)
(0.849147 0.19809 0)
(0.83264 0.150602 0)
(0.830537 0.11098 0)
(0.83509 0.0170422 0)
(0.84549 -0.0220795 0)
(0.868737 -0.161669 0)
(0.865906 -0.18158 0)
(0.894096 -0.305525 0)
(0.87213 -0.309848 0)
)
;
    }
}


// ************************************************************************* //
