/*--------------------------------*- C++ -*----------------------------------*\
  =========                 |
  \\      /  F ield         | OpenFOAM: The Open Source CFD Toolbox
   \\    /   O peration     | Website:  https://openfoam.org
    \\  /    A nd           | Version:  7
     \\/     M anipulation  |
\*---------------------------------------------------------------------------*/
FoamFile
{
    version     2.0;
    format      ascii;
    class       volVectorField;
    location    "9.5";
    object      U;
}
// * * * * * * * * * * * * * * * * * * * * * * * * * * * * * * * * * * * * * //

dimensions      [0 1 -1 0 0 0 0];

internalField   nonuniform List<vector> 
4032
(
(3 -3.98136e-17 0)
(3 -2.49968e-17 0)
(3 -1.25545e-16 0)
(3 4.79792e-17 0)
(3 -1.61553e-16 0)
(3 -5.65872e-16 0)
(3 -4.43201e-16 0)
(3 -3.30139e-16 0)
(3 -1.26375e-16 0)
(3 2.58193e-16 0)
(3 5.39427e-16 0)
(2.90008 0.0032052 0)
(0.988222 0.0160688 0)
(0.709591 0.0193521 0)
(0.657826 0.0241455 0)
(0.597977 0.0256013 0)
(0.539035 0.0268051 0)
(0.478291 0.0281293 0)
(0.415787 0.0296229 0)
(0.350862 0.0314136 0)
(0.283 0.0334096 0)
(0.210617 0.0364527 0)
(0.131979 0.0391009 0)
(0.0494272 0.0445647 0)
(3 -1.62278e-16 0)
(3 -2.98497e-16 0)
(3 -4.77813e-16 0)
(3 -3.15603e-16 0)
(3 -1.68295e-16 0)
(3 -5.63704e-16 0)
(3 -9.26441e-16 0)
(3 -9.85346e-16 0)
(3 -9.02437e-16 0)
(3 -4.62171e-16 0)
(3 8.51687e-17 0)
(2.91011 0.0202741 0)
(0.994223 0.0743217 0)
(0.695497 0.0666606 0)
(0.64141 0.0707797 0)
(0.582687 0.075323 0)
(0.524 0.0797389 0)
(0.463016 0.084387 0)
(0.399987 0.0891395 0)
(0.33479 0.0946493 0)
(0.267466 0.100588 0)
(0.197414 0.110232 0)
(0.122214 0.11887 0)
(0.0459754 0.134597 0)
(3 -2.23384e-17 0)
(3 -2.19423e-16 0)
(3 -8.6541e-17 0)
(3 -3.09571e-16 0)
(3 -2.86693e-16 0)
(3 -2.1292e-16 0)
(3 -1.18278e-15 0)
(3 -1.72289e-15 0)
(3 -1.20992e-15 0)
(3 -3.44954e-16 0)
(3 -5.83113e-16 0)
(2.95412 0.0404628 0)
(1.03177 0.137815 0)
(0.710911 0.115818 0)
(0.65646 0.122341 0)
(0.595718 0.129804 0)
(0.534901 0.13738 0)
(0.471768 0.145432 0)
(0.406164 0.153385 0)
(0.337866 0.162055 0)
(0.266948 0.170143 0)
(0.194398 0.183584 0)
(0.117687 0.195129 0)
(0.0438133 0.217486 0)
(3 2.08259e-16 0)
(3 1.63296e-16 0)
(3 -2.53258e-17 0)
(3 9.99865e-17 0)
(3 -1.92212e-16 0)
(3 -8.30987e-16 0)
(3 -1.12607e-15 0)
(3 -8.09057e-16 0)
(3 -1.07242e-16 0)
(3 3.14218e-16 0)
(3 -1.09045e-15 0)
(3.00843 0.00638895 0)
(1.10717 0.182253 0)
(0.743733 0.152634 0)
(0.692275 0.166543 0)
(0.632812 0.178542 0)
(0.571808 0.190099 0)
(0.508065 0.202865 0)
(0.440508 0.216139 0)
(0.368317 0.231155 0)
(0.290868 0.244361 0)
(0.211179 0.262848 0)
(0.126836 0.277032 0)
(0.045911 0.302491 0)
(3 -9.18189e-17 0)
(3 -3.89739e-16 0)
(3 -8.1342e-16 0)
(3 -1.20264e-16 0)
(3 1.61383e-16 0)
(3 -5.5644e-16 0)
(3 -7.42157e-16 0)
(3 -2.65934e-16 0)
(3 2.74207e-16 0)
(3 -6.6713e-17 0)
(3 -9.42507e-17 0)
(3.00061 3.09251e-05 0)
(1.21558 0.224428 0)
(0.750245 0.197042 0)
(0.695814 0.21775 0)
(0.639773 0.234291 0)
(0.581422 0.249299 0)
(0.521136 0.266817 0)
(0.45727 0.285671 0)
(0.389364 0.307351 0)
(0.314695 0.325425 0)
(0.235656 0.34859 0)
(0.145568 0.367797 0)
(0.0549919 0.399438 0)
(3 -9.89516e-18 0)
(3 -8.21157e-17 0)
(3 -2.67551e-16 0)
(3 -1.13594e-16 0)
(3 -1.73905e-16 0)
(3 -4.25554e-16 0)
(3 -5.88494e-16 0)
(3 -4.62371e-16 0)
(3 -8.26617e-16 0)
(3 -8.72897e-16 0)
(3 -4.17455e-16 0)
(3 -1.2249e-07 0)
(1.39511 0.274602 0)
(0.765609 0.245302 0)
(0.697087 0.261894 0)
(0.64817 0.281174 0)
(0.59804 0.298897 0)
(0.547622 0.320335 0)
(0.492249 0.344605 0)
(0.430462 0.37506 0)
(0.355192 0.40539 0)
(0.268326 0.443158 0)
(0.166179 0.478364 0)
(0.0561632 0.517328 0)
(3 -1.45077e-16 0)
(3 -9.76568e-17 0)
(3 1.8029e-16 0)
(3 1.23582e-16 0)
(3 -3.32978e-16 0)
(3 -1.90555e-16 0)
(3 -1.47107e-16 0)
(3 -2.65495e-16 0)
(3 -1.2162e-15 0)
(3 -1.40748e-15 0)
(3 3.84674e-16 0)
(3 -1.22293e-07 0)
(1.66891 0.325818 0)
(0.795954 0.309189 0)
(0.696735 0.30861 0)
(0.646023 0.325257 0)
(0.598085 0.343616 0)
(0.554759 0.369874 0)
(0.508442 0.402346 0)
(0.45912 0.444931 0)
(0.397825 0.492029 0)
(0.326563 0.543739 0)
(0.23343 0.594742 0)
(0.101446 0.660493 0)
(3 -1.59997e-16 0)
(3 -1.53817e-16 0)
(3 1.12505e-16 0)
(3 1.86394e-16 0)
(3 9.2931e-16 0)
(3 1.08602e-15 0)
(3 1.10883e-15 0)
(3 7.91551e-16 0)
(3 4.9062e-16 0)
(3 1.15123e-15 0)
(3 1.55374e-15 0)
(3 -2.54923e-08 0)
(2.07169 0.367441 0)
(0.852168 0.394348 0)
(0.716884 0.370035 0)
(0.667223 0.379044 0)
(0.62033 0.392355 0)
(0.579649 0.416731 0)
(0.540649 0.452282 0)
(0.502042 0.50122 0)
(0.457736 0.56055 0)
(0.395688 0.641573 0)
(0.275588 0.757763 0)
(0.151693 0.924954 0)
(3 -2.00944e-17 0)
(3 1.04375e-16 0)
(3 -1.36862e-16 0)
(3 -4.06109e-16 0)
(3 -4.38727e-17 0)
(3 1.12902e-15 0)
(3 1.4946e-15 0)
(3 1.23512e-15 0)
(3 1.09307e-15 0)
(3 1.0709e-15 0)
(3 8.6124e-16 0)
(3 -2.63138e-09 0)
(2.65555 0.303191 0)
(0.984263 0.477838 0)
(0.803385 0.406324 0)
(0.751643 0.414909 0)
(0.694083 0.433363 0)
(0.642757 0.459532 0)
(0.599965 0.496762 0)
(0.563718 0.550083 0)
(0.529864 0.626876 0)
(0.497039 0.751049 0)
(0.465809 0.923299 0)
(0.579403 1.20399 0)
(3 -2.36064e-16 0)
(3 -4.83283e-16 0)
(3 -4.21097e-16 0)
(3 -1.04861e-15 0)
(3 -8.40869e-16 0)
(3 -3.25352e-16 0)
(3 -4.84586e-17 0)
(3 1.65869e-16 0)
(3 5.32813e-16 0)
(3 3.70735e-16 0)
(3 5.79826e-16 0)
(3 -1.05255e-10 0)
(3.07674 0.0427785 0)
(1.21894 0.469458 0)
(0.882185 0.44753 0)
(0.838724 0.474034 0)
(0.78525 0.489782 0)
(0.731032 0.511247 0)
(0.682703 0.544836 0)
(0.643885 0.597075 0)
(0.624449 0.681685 0)
(0.62352 0.816596 0)
(0.686811 0.965614 0)
(0.97037 1.13836 0)
(3 -2.45436e-16 0)
(3 4.50132e-16 0)
(3 3.34024e-16 0)
(3 4.08881e-16 0)
(3 4.84272e-16 0)
(3 3.92947e-16 0)
(3 -4.153e-16 0)
(3 -4.78122e-16 0)
(3 -4.29961e-16 0)
(3 3.77909e-17 0)
(3 9.77674e-16 0)
(3 -2.18317e-12 0)
(3.00865 8.22197e-05 0)
(1.43576 0.462121 0)
(0.884209 0.512209 0)
(0.836677 0.531517 0)
(0.801004 0.550915 0)
(0.772684 0.575541 0)
(0.745159 0.607663 0)
(0.720564 0.651728 0)
(0.723356 0.725633 0)
(0.751239 0.840084 0)
(0.872973 0.963205 0)
(1.18011 1.06874 0)
(3 4.57586e-16 0)
(3 3.61253e-16 0)
(3 3.97301e-16 0)
(3 8.18928e-16 0)
(3 -1.03039e-17 0)
(3 -5.34905e-18 0)
(3 6.48085e-17 0)
(3 5.10346e-17 0)
(3 -2.16612e-17 0)
(3 4.56181e-16 0)
(3 1.05816e-15 0)
(3 -1.72627e-14 0)
(3.00006 -2.51378e-06 0)
(1.94245 0.494228 0)
(0.929038 0.576652 0)
(0.853439 0.560363 0)
(0.83409 0.582008 0)
(0.81975 0.607592 0)
(0.809696 0.642248 0)
(0.801946 0.682705 0)
(0.817609 0.7461 0)
(0.86705 0.837451 0)
(1.01026 0.939834 0)
(1.27436 1.0074 0)
(3 1.48806e-16 0)
(3 -2.34391e-16 0)
(3 1.98057e-16 0)
(3 2.09118e-16 0)
(3 1.76179e-16 0)
(3 3.63278e-16 0)
(3 5.68975e-16 0)
(3 1.92549e-16 0)
(3 2.84454e-16 0)
(3 1.23686e-16 0)
(3 5.66246e-16 0)
(3 1.15784e-15 0)
(3.00001 -3.19151e-06 0)
(2.74671 0.319519 0)
(1.09629 0.635006 0)
(0.920516 0.58099 0)
(0.891421 0.601764 0)
(0.87386 0.63065 0)
(0.87017 0.668872 0)
(0.87651 0.710967 0)
(0.901474 0.76554 0)
(0.966345 0.834539 0)
(1.10588 0.906789 0)
(1.31656 0.948509 0)
(3 -3.3317e-16 0)
(3 -3.95847e-16 0)
(3 -2.91926e-16 0)
(3 -2.8506e-16 0)
(3 -4.35612e-16 0)
(3 -7.90884e-16 0)
(3 -1.10042e-15 0)
(3 -8.6979e-16 0)
(3 -6.52354e-16 0)
(3 -8.76623e-16 0)
(3 -9.81065e-16 0)
(3 -2.63491e-16 0)
(3 -6.73653e-07 0)
(3.07455 0.0261044 0)
(1.43566 0.631819 0)
(1.00187 0.652574 0)
(0.950616 0.652182 0)
(0.924977 0.66663 0)
(0.923261 0.694063 0)
(0.939516 0.73025 0)
(0.974428 0.773653 0)
(1.04772 0.827582 0)
(1.17515 0.8791 0)
(1.34694 0.906483 0)
(3 -4.74817e-16 0)
(3 -2.43677e-16 0)
(3 -6.28368e-16 0)
(3 -6.4254e-16 0)
(3 -6.46453e-16 0)
(3 -1.10371e-15 0)
(3 -8.84043e-16 0)
(3 -5.77395e-16 0)
(3 -5.32842e-16 0)
(3 -2.59771e-16 0)
(3 -4.30077e-16 0)
(3 -6.273e-16 0)
(3 -6.84307e-08 0)
(3.00414 7.37273e-05 0)
(1.98915 0.600119 0)
(1.06341 0.724455 0)
(1.01096 0.702093 0)
(0.995005 0.699042 0)
(0.991408 0.715157 0)
(1.00619 0.741824 0)
(1.04432 0.777714 0)
(1.11492 0.816376 0)
(1.22307 0.849672 0)
(1.35965 0.865508 0)
(3 -2.98124e-17 0)
(3 -1.37079e-16 0)
(3 -6.58112e-16 0)
(3 -5.77221e-16 0)
(3 -1.4086e-16 0)
(3 -9.48887e-18 0)
(3 9.44693e-16 0)
(3 1.35398e-15 0)
(3 1.4574e-15 0)
(3 1.03841e-15 0)
(3 3.83616e-16 0)
(3 -3.43159e-16 0)
(3 -2.16996e-09 0)
(3.00001 -3.2719e-07 0)
(2.93269 0.222002 0)
(1.28164 0.69819 0)
(1.08249 0.7192 0)
(1.0873 0.720514 0)
(1.08184 0.740581 0)
(1.08695 0.762002 0)
(1.1148 0.788195 0)
(1.17547 0.817318 0)
(1.26475 0.839177 0)
(1.37765 0.847745 0)
(3 3.70274e-17 0)
(3 -9.34689e-17 0)
(3 1.13098e-17 0)
(3 -3.09651e-16 0)
(3 -6.51826e-16 0)
(3 -2.05461e-16 0)
(3 -2.69741e-16 0)
(3 -1.80192e-16 0)
(3 8.83156e-18 0)
(3 -1.58518e-16 0)
(3 -2.35512e-16 0)
(3 -6.21462e-16 0)
(3 -4.81114e-12 0)
(3 -7.83207e-07 0)
(3.04124 0.00646398 0)
(1.57254 0.659955 0)
(1.10014 0.756517 0)
(1.11138 0.765391 0)
(1.11727 0.783208 0)
(1.13976 0.795173 0)
(1.17373 0.806018 0)
(1.22767 0.817568 0)
(1.3027 0.827932 0)
(1.39762 0.830635 0)
(3 6.3295e-17 0)
(3 3.29397e-16 0)
(3 1.871e-16 0)
(3 2.28987e-16 0)
(3 1.95418e-16 0)
(3 -3.01715e-16 0)
(3 -9.53982e-16 0)
(3 -1.22517e-15 0)
(3 -8.27704e-16 0)
(3 -9.86929e-16 0)
(3 -3.29894e-16 0)
(3 -1.1096e-16 0)
(3 -5.87002e-15 0)
(3 -1.49936e-07 0)
(3.0008 3.61581e-05 0)
(2.38929 0.510768 0)
(1.20585 0.788982 0)
(1.13547 0.791974 0)
(1.14885 0.795611 0)
(1.17694 0.80539 0)
(1.2168 0.816936 0)
(1.26929 0.827321 0)
(1.33761 0.833569 0)
(1.41845 0.832537 0)
(3 3.70339e-16 0)
(3 6.09094e-16 0)
(3 4.95764e-16 0)
(3 8.24029e-16 0)
(3 8.18932e-16 0)
(3 -1.04065e-16 0)
(3 -2.5324e-16 0)
(3 -2.79888e-16 0)
(3 -4.9765e-16 0)
(3 -4.30946e-16 0)
(3 -3.73675e-16 0)
(3 5.5846e-17 0)
(3 -2.14639e-17 0)
(3 -4.7091e-09 0)
(3.00002 -5.49835e-06 0)
(3.05766 0.0723858 0)
(1.56673 0.776513 0)
(1.18497 0.786254 0)
(1.19834 0.794115 0)
(1.22119 0.806071 0)
(1.25882 0.817104 0)
(1.30804 0.8262 0)
(1.3703 0.830776 0)
(1.44278 0.829417 0)
(3 -3.33706e-17 0)
(3 -3.08349e-16 0)
(3 3.31568e-16 0)
(3 5.61362e-16 0)
(3 6.49186e-16 0)
(3 4.35445e-16 0)
(3 2.05273e-16 0)
(3 -8.69769e-17 0)
(3 -8.98012e-17 0)
(3 -1.01974e-16 0)
(3 -4.55335e-16 0)
(3 -4.64305e-16 0)
(3 -1.27046e-16 0)
(3 -1.70343e-11 0)
(3 -1.38982e-06 0)
(3.00815 0.0013808 0)
(2.29499 0.630797 0)
(1.26379 0.84857 0)
(1.2226 0.833674 0)
(1.25518 0.832948 0)
(1.2892 0.837323 0)
(1.33594 0.841717 0)
(1.39421 0.843485 0)
(1.46058 0.842814 0)
(3 -1.90222e-16 0)
(3 -5.66685e-16 0)
(3 -9.21227e-16 0)
(3 -7.97622e-16 0)
(3 -3.7752e-16 0)
(3 3.37601e-16 0)
(3 3.45728e-16 0)
(3 2.504e-16 0)
(3 -1.12088e-16 0)
(3 -5.04116e-16 0)
(3 -3.1032e-16 0)
(3 -5.09774e-16 0)
(3 -4.17956e-16 0)
(3 -8.21914e-15 0)
(3 -1.18904e-07 0)
(3.00003 9.49002e-06 0)
(3.03939 0.117417 0)
(1.62709 0.827478 0)
(1.26845 0.831068 0)
(1.30221 0.832216 0)
(1.32917 0.837338 0)
(1.37207 0.841006 0)
(1.4237 0.844865 0)
(1.4853 0.843387 0)
(3 3.50573e-17 0)
(3 -2.39741e-16 0)
(3 -5.04968e-16 0)
(3 -6.34172e-16 0)
(3 -7.87993e-16 0)
(3 -3.14075e-16 0)
(3 2.46165e-16 0)
(3 6.9599e-16 0)
(3 3.46812e-16 0)
(3 7.97641e-16 0)
(3 1.35983e-15 0)
(3 1.52411e-15 0)
(3 -1.76257e-16 0)
(3 -7.80727e-17 0)
(3 -1.45642e-09 0)
(3 -1.03582e-07 0)
(3.01057 0.00343723 0)
(2.37278 0.637122 0)
(1.3544 0.885773 0)
(1.32139 0.872224 0)
(1.35944 0.865675 0)
(1.39866 0.868622 0)
(1.44355 0.86668 0)
(1.48615 0.855836 0)
(3 1.79063e-17 0)
(3 -2.26838e-16 0)
(3 -3.39028e-16 0)
(3 -7.43472e-16 0)
(3 -3.84821e-16 0)
(3 -5.05785e-16 0)
(3 -2.36279e-16 0)
(3 1.54319e-16 0)
(3 1.86064e-16 0)
(3 4.69743e-16 0)
(3 6.68801e-16 0)
(3 1.3284e-15 0)
(3 1.1867e-15 0)
(3 4.7036e-16 0)
(3 -3.28661e-12 0)
(3 -2.59315e-08 0)
(3.00005 4.18826e-05 0)
(3.03361 0.104774 0)
(1.75601 0.835605 0)
(1.35647 0.876466 0)
(1.40871 0.876685 0)
(1.44168 0.874965 0)
(1.46182 0.868199 0)
(1.46083 0.805256 0)
(3 3.04206e-17 0)
(3 3.71226e-16 0)
(3 6.37455e-18 0)
(3 -1.99298e-16 0)
(3 -1.76925e-16 0)
(3 -6.19501e-17 0)
(3 2.44216e-16 0)
(3 1.17118e-16 0)
(3 -6.73184e-17 0)
(3 -4.11324e-16 0)
(3 -9.03068e-16 0)
(3 -6.7791e-16 0)
(3 -1.05402e-16 0)
(3 -3.03006e-16 0)
(3 -1.91165e-15 0)
(3 -2.45761e-09 0)
(3 2.45073e-08 0)
(3.0063 0.00417622 0)
(2.59002 0.524906 0)
(1.51372 0.908634 0)
(1.45066 0.929561 0)
(1.4513 0.907653 0)
(1.43339 0.834762 0)
(1.38742 0.711606 0)
(3 1.96566e-16 0)
(3 7.243e-16 0)
(3 1.04545e-15 0)
(3 7.9867e-16 0)
(3 1.10279e-16 0)
(3 -1.31846e-16 0)
(3 5.44012e-17 0)
(3 1.6893e-16 0)
(3 3.52323e-16 0)
(3 -1.03269e-16 0)
(3 -7.42777e-16 0)
(3 -1.58479e-15 0)
(3 -1.65609e-15 0)
(3 -1.0995e-15 0)
(3 -9.38674e-16 0)
(3 -9.87279e-11 0)
(3 -9.65903e-11 0)
(3.00002 4.38173e-05 0)
(3.02461 0.0540406 0)
(2.01274 0.777936 0)
(1.51072 0.975036 0)
(1.41256 0.85204 0)
(1.35912 0.712435 0)
(1.32899 0.603071 0)
(3 -6.69218e-17 0)
(3 -1.19809e-16 0)
(3 3.2611e-16 0)
(3 4.45726e-16 0)
(3 4.39923e-16 0)
(3 -2.31532e-16 0)
(3 -6.9351e-16 0)
(3 -6.92424e-16 0)
(3 -6.32839e-16 0)
(3 -9.1575e-16 0)
(3 -1.14382e-15 0)
(3 -1.40376e-15 0)
(3 -1.30656e-15 0)
(3 -1.16614e-15 0)
(3 -5.42561e-16 0)
(3 -8.72319e-13 0)
(3 -3.04424e-11 0)
(3 3.11211e-08 0)
(3.00133 0.00244173 0)
(2.86364 0.308535 0)
(1.72154 0.967943 0)
(1.29114 0.704492 0)
(1.28158 0.61782 0)
(1.29814 0.564219 0)
(3 -2.66662e-16 0)
(3 -3.67174e-16 0)
(3 -2.22854e-17 0)
(3 3.01403e-16 0)
(3 1.09566e-15 0)
(3 8.15487e-16 0)
(3 -1.19036e-16 0)
(3 -1.32957e-15 0)
(3 -2.26178e-15 0)
(3 -1.54326e-15 0)
(3 -1.26562e-15 0)
(3 -1.50633e-15 0)
(3 -1.59371e-15 0)
(3 -1.43788e-15 0)
(3 -8.82308e-16 0)
(3 -2.73825e-15 0)
(3 -3.97127e-12 0)
(3 2.04382e-12 0)
(3 1.37941e-05 0)
(3.01459 0.0197068 0)
(2.04307 0.612451 0)
(1.20745 0.586169 0)
(1.21426 0.557019 0)
(1.28256 0.532153 0)
(3 -2.54634e-17 0)
(3 3.91564e-16 0)
(3 3.47014e-16 0)
(3 4.20716e-16 0)
(3 2.47031e-16 0)
(3 2.13545e-16 0)
(3 3.1085e-16 0)
(3 -7.63599e-17 0)
(3 -1.1615e-15 0)
(3 -1.92596e-15 0)
(3 -2.49494e-15 0)
(3 -2.15653e-15 0)
(3 -2.06808e-15 0)
(3 -1.88209e-15 0)
(3 -2.43872e-15 0)
(3 -2.12612e-15 0)
(3 -2.48675e-13 0)
(3 -2.48077e-13 0)
(3 1.02199e-08 0)
(3.00016 0.000451625 0)
(2.19616 0.232572 0)
(1.04545 0.411479 0)
(1.12075 0.464749 0)
(1.2373 0.462603 0)
(3 -1.11569e-16 0)
(3 -1.32451e-16 0)
(3 -3.38526e-16 0)
(3 -7.26714e-16 0)
(3 -8.55435e-16 0)
(3 1.53428e-16 0)
(3 4.33236e-16 0)
(3 1.06368e-16 0)
(3 1.57139e-17 0)
(3 -5.56433e-16 0)
(3 -1.05189e-15 0)
(3 -1.58293e-15 0)
(3 -8.95034e-16 0)
(3 -4.12272e-16 0)
(3 -3.91307e-16 0)
(3 -6.54862e-16 0)
(3 -4.53056e-15 0)
(3 -8.33072e-14 0)
(3 3.44239e-12 0)
(3 7.48056e-07 0)
(2.17648 0.186012 0)
(0.892326 0.308937 0)
(0.932957 0.395484 0)
(1.08322 0.424624 0)
(3 -8.25307e-17 0)
(3 -2.79614e-16 0)
(3 -2.21541e-16 0)
(3 -3.03607e-16 0)
(3 1.19423e-16 0)
(3 9.91512e-17 0)
(3 -2.05228e-16 0)
(3 -2.74026e-16 0)
(3 5.40731e-17 0)
(3 8.34479e-16 0)
(3 1.34981e-15 0)
(3 9.20966e-16 0)
(3 1.2751e-15 0)
(3 1.35482e-15 0)
(3 1.57666e-15 0)
(3 9.73279e-16 0)
(3 -4.0868e-17 0)
(3 -1.18345e-14 0)
(3 -1.28084e-14 0)
(3 3.19741e-10 0)
(2.3433 0.204345 0)
(0.883178 0.259414 0)
(0.82584 0.299089 0)
(0.935579 0.321306 0)
(3 2.08317e-16 0)
(3 -2.49407e-16 0)
(3 3.28217e-16 0)
(3 5.2129e-16 0)
(3 2.08342e-16 0)
(3 5.83309e-17 0)
(3 -6.73934e-17 0)
(3 3.57855e-16 0)
(3 4.37134e-16 0)
(3 5.66017e-16 0)
(3 1.98983e-15 0)
(3 2.10075e-15 0)
(3 1.97263e-15 0)
(3 1.756e-15 0)
(3 1.66451e-15 0)
(3 2.08898e-15 0)
(3 1.29294e-15 0)
(3 -1.42967e-15 0)
(3 -5.31517e-15 0)
(3 3.09059e-14 0)
(2.62205 0.192571 0)
(0.944768 0.255523 0)
(0.825282 0.254204 0)
(0.884104 0.254798 0)
(3 1.13971e-16 0)
(3 3.27052e-17 0)
(3 -2.91539e-17 0)
(3 1.12055e-16 0)
(3 -1.71505e-16 0)
(3 -1.79117e-16 0)
(3 6.51684e-17 0)
(3 2.64467e-16 0)
(3 5.94076e-16 0)
(3 1.0533e-15 0)
(3 1.21014e-15 0)
(3 1.05046e-15 0)
(3 1.58495e-15 0)
(3 2.65293e-15 0)
(3 2.45931e-15 0)
(3 2.18947e-15 0)
(3 6.39177e-16 0)
(3 -4.99487e-16 0)
(3 -1.91677e-15 0)
(3 -1.97272e-15 0)
(2.89782 0.0949633 0)
(1.04558 0.241165 0)
(0.84213 0.225815 0)
(0.891659 0.221062 0)
(3 -6.32437e-18 0)
(3 1.02874e-16 0)
(3 -3.51301e-16 0)
(3 -7.31964e-16 0)
(3 -6.57859e-16 0)
(3 -8.60664e-16 0)
(3 -9.44623e-16 0)
(3 -6.22911e-16 0)
(3 4.02847e-16 0)
(3 1.11506e-15 0)
(3 1.1817e-15 0)
(3 1.37652e-15 0)
(3 1.5304e-15 0)
(3 1.32722e-15 0)
(3 1.27105e-15 0)
(3 6.9032e-16 0)
(3 2.8637e-16 0)
(3 1.57727e-16 0)
(3 -1.14962e-15 0)
(3 -2.47098e-15 0)
(2.9631 0.0121407 0)
(1.09353 0.203815 0)
(0.839864 0.192667 0)
(0.88863 0.192139 0)
(3 -3.23887e-17 0)
(3 -1.30229e-17 0)
(3 -3.11657e-16 0)
(3 -4.44162e-16 0)
(3 -4.7254e-16 0)
(3 -2.57246e-16 0)
(3 -1.51706e-16 0)
(3 -1.08349e-16 0)
(3 2.45824e-16 0)
(3 1.16426e-15 0)
(3 1.75025e-15 0)
(3 2.01459e-15 0)
(3 1.49697e-15 0)
(3 5.1968e-16 0)
(3 -2.29153e-16 0)
(3 -7.26809e-16 0)
(3 -1.0267e-15 0)
(3 -7.31031e-16 0)
(3 -1.78707e-15 0)
(3 -1.66948e-15 0)
(2.98718 0.00396098 0)
(1.11742 0.170942 0)
(0.820885 0.165201 0)
(0.866925 0.1647 0)
(3 5.15909e-17 0)
(3 2.36963e-16 0)
(3 1.7255e-16 0)
(3 5.91941e-16 0)
(3 1.40481e-15 0)
(3 1.66468e-15 0)
(3 2.2222e-15 0)
(3 1.96181e-15 0)
(3 9.29537e-16 0)
(3 2.07371e-16 0)
(3 4.98463e-16 0)
(3 1.63107e-15 0)
(3 1.25078e-15 0)
(3 3.79522e-16 0)
(3 -7.55881e-16 0)
(3 -1.68769e-15 0)
(3 -1.99493e-15 0)
(3 -1.875e-15 0)
(3 -1.71903e-15 0)
(3 -1.42948e-15 0)
(2.99983 0.000392942 0)
(1.16469 0.149079 0)
(0.811174 0.137911 0)
(0.845415 0.136936 0)
(3 -2.80843e-17 0)
(3 3.86921e-16 0)
(3 8.17675e-16 0)
(3 1.01815e-15 0)
(3 8.65456e-16 0)
(3 1.10269e-15 0)
(3 6.31555e-16 0)
(3 1.97118e-16 0)
(3 -1.5341e-16 0)
(3 -6.29877e-16 0)
(3 -5.5186e-16 0)
(3 -2.40774e-16 0)
(3 -5.13306e-17 0)
(3 -3.78222e-16 0)
(3 -7.61289e-16 0)
(3 -8.12228e-16 0)
(3 -7.02605e-16 0)
(3 -2.85825e-16 0)
(3 -1.26724e-16 0)
(3 -7.80372e-16 0)
(3 9.65166e-07 0)
(1.24031 0.133163 0)
(0.815991 0.115008 0)
(0.837382 0.109447 0)
(3 1.61237e-16 0)
(3 2.14005e-16 0)
(3 2.5745e-16 0)
(3 4.84399e-17 0)
(3 -3.42936e-16 0)
(3 -5.01268e-16 0)
(3 -1.23283e-15 0)
(3 -2.34303e-15 0)
(3 -2.15953e-15 0)
(3 -1.24648e-15 0)
(3 -5.38605e-16 0)
(3 -1.65837e-16 0)
(3 -1.44886e-16 0)
(3 -5.5671e-16 0)
(3 -7.50721e-16 0)
(3 -4.37166e-16 0)
(3 -2.06003e-16 0)
(3 -2.73019e-16 0)
(3 8.98331e-18 0)
(3 1.69255e-16 0)
(3 7.13096e-10 0)
(1.32156 0.112461 0)
(0.824931 0.0934642 0)
(0.835101 0.0859456 0)
(3 2.72892e-17 0)
(3 5.17718e-17 0)
(3 -2.8003e-16 0)
(3 -3.31541e-16 0)
(3 -9.17264e-17 0)
(3 -5.25709e-16 0)
(3 -5.52716e-16 0)
(3 -1.46067e-16 0)
(3 -6.89874e-16 0)
(3 -5.40397e-16 0)
(3 -1.69933e-16 0)
(3 4.96683e-16 0)
(3 6.21597e-16 0)
(3 7.69038e-16 0)
(3 1.05008e-15 0)
(3 3.16785e-16 0)
(3 -2.02709e-16 0)
(3 -1.04936e-15 0)
(3 -7.71718e-16 0)
(3 -2.09511e-16 0)
(3 6.83167e-14 0)
(1.39211 0.0825716 0)
(0.829318 0.0674376 0)
(0.837449 0.062849 0)
(3 -9.3318e-19 0)
(3 5.69266e-17 0)
(3 9.07453e-17 0)
(3 4.00214e-16 0)
(3 6.68873e-16 0)
(3 7.24343e-16 0)
(3 7.75048e-16 0)
(3 1.72014e-15 0)
(3 2.04569e-15 0)
(3 1.43238e-15 0)
(3 5.47789e-16 0)
(3 1.9864e-16 0)
(3 1.18006e-16 0)
(3 4.98098e-16 0)
(3 1.26637e-15 0)
(3 9.87113e-16 0)
(3 5.21015e-16 0)
(3 -4.66206e-16 0)
(3 3.8451e-16 0)
(3 -1.53279e-16 0)
(3 2.48616e-15 0)
(1.44076 0.046071 0)
(0.830863 0.0389886 0)
(0.837829 0.0379594 0)
(3 1.87251e-16 0)
(3 3.25586e-16 0)
(3 2.66692e-16 0)
(3 2.74618e-16 0)
(3 2.7441e-16 0)
(3 5.80775e-16 0)
(3 4.48298e-16 0)
(3 1.18256e-15 0)
(3 1.23603e-15 0)
(3 9.30216e-16 0)
(3 5.46302e-16 0)
(3 -1.86245e-16 0)
(3 -1.47363e-16 0)
(3 -3.54549e-17 0)
(3 9.09135e-18 0)
(3 2.34341e-16 0)
(3 4.35288e-16 0)
(3 3.9194e-16 0)
(3 1.24251e-15 0)
(3 9.93824e-16 0)
(3 2.02753e-15 0)
(1.45458 0.0103709 0)
(0.824444 0.0113487 0)
(0.829944 0.0127511 0)
(1.48613 1.28654 0)
(1.96587 1.24916 0)
(2.30007 1.31564 0)
(2.40852 0.78246 0)
(2.46519 0.392804 0)
(2.50923 0.0285397 0)
(2.55578 -0.269994 0)
(2.58045 -0.367094 0)
(2.5056 -0.329901 0)
(2.42419 -0.322159 0)
(2.37853 -0.280736 0)
(2.35823 -0.190673 0)
(2.36169 -0.14221 0)
(2.42608 -0.1482 0)
(2.16555 -0.0732592 0)
(1.0282 0.00795328 0)
(0.741837 0.0216248 0)
(0.680465 0.0261639 0)
(0.666714 0.0228569 0)
(0.666899 0.0127207 0)
(0.653317 0.00197088 0)
(0.642686 -0.00530975 0)
(0.645367 -0.00747647 0)
(0.658142 -0.00927205 0)
(0.673576 -0.0114115 0)
(0.687483 -0.0140173 0)
(0.703413 -0.0164214 0)
(0.724788 -0.0182158 0)
(0.747438 -0.0187206 0)
(0.766247 -0.0175655 0)
(0.780264 -0.0163802 0)
(0.795489 -0.0161745 0)
(0.816468 -0.0165501 0)
(0.842419 -0.0176293 0)
(0.869415 -0.0185273 0)
(0.892719 -0.0181668 0)
(0.911459 -0.0165752 0)
(0.930791 -0.0154431 0)
(0.954866 -0.0154957 0)
(0.984553 -0.0165917 0)
(1.0151 -0.0184787 0)
(1.04196 -0.0191221 0)
(1.06156 -0.0173153 0)
(1.07919 -0.0146122 0)
(1.09998 -0.0124575 0)
(1.12689 -0.0119097 0)
(1.15752 -0.0128257 0)
(1.18453 -0.0141538 0)
(1.20646 -0.0143737 0)
(1.22628 -0.0137771 0)
(1.24683 -0.0128488 0)
(1.27038 -0.0123421 0)
(1.29885 -0.0126063 0)
(1.32978 -0.0128201 0)
(1.35627 -0.0121189 0)
(1.37646 -0.0104934 0)
(1.39546 -0.00888111 0)
(1.41511 -0.00722192 0)
(1.43646 -0.00575611 0)
(1.46233 -0.00479532 0)
(1.49053 -0.00418669 0)
(1.51176 -0.00364724 0)
(1.52972 -0.00297075 0)
(1.54579 -0.0014273 0)
(1.56033 0.00030332 0)
(1.57619 0.00109526 0)
(1.59294 0.00125554 0)
(1.61133 0.00108509 0)
(1.63338 0.000406253 0)
(1.6545 -0.000212075 0)
(1.67205 -0.000355413 0)
(1.68905 -0.000366912 0)
(1.70476 -8.65464e-05 0)
(1.71857 0.000691602 0)
(1.73106 0.00202715 0)
(1.74497 0.0035756 0)
(1.76109 0.00470826 0)
(1.77843 0.00524101 0)
(1.79665 0.00539522 0)
(1.81574 0.00545544 0)
(1.83462 0.00550636 0)
(1.85131 0.00624598 0)
(1.86395 0.00628461 0)
(1.85433 -0.000463592 0)
(1.82361 -0.00957619 0)
(1.60651 -0.0151003 0)
(1.30489 -0.0129617 0)
(1.29421 -0.0110744 0)
(1.34039 -0.0114115 0)
(1.37169 -0.0103773 0)
(1.38917 -0.00837306 0)
(1.3987 -0.00666854 0)
(1.40453 -0.00357764 0)
(1.40996 -0.00186161 0)
(1.41795 -0.00175532 0)
(1.42963 -0.00328685 0)
(1.7596 1.11147 0)
(2.27546 0.820031 0)
(2.54727 0.385059 0)
(2.64622 0.113639 0)
(2.65556 -0.209356 0)
(2.65571 -0.433032 0)
(2.72178 -0.574761 0)
(2.73332 -0.6799 0)
(2.73375 -0.642164 0)
(2.67084 -0.544581 0)
(2.57458 -0.407644 0)
(2.48346 -0.250917 0)
(2.46102 -0.152303 0)
(2.49818 -0.128873 0)
(2.39081 0.0252722 0)
(1.06254 0.151121 0)
(0.754823 0.0882718 0)
(0.720846 0.0659682 0)
(0.71575 0.0457355 0)
(0.707827 0.0145018 0)
(0.693781 -0.0129849 0)
(0.691456 -0.0257112 0)
(0.69961 -0.0278167 0)
(0.714023 -0.0231324 0)
(0.726208 -0.0187609 0)
(0.736642 -0.0194698 0)
(0.750784 -0.0244044 0)
(0.772139 -0.0315102 0)
(0.798502 -0.0364179 0)
(0.820782 -0.0344771 0)
(0.834331 -0.026613 0)
(0.845246 -0.0194139 0)
(0.860555 -0.0179918 0)
(0.88348 -0.0225492 0)
(0.912206 -0.0302374 0)
(0.94056 -0.0339084 0)
(0.964139 -0.0297179 0)
(0.982066 -0.0204831 0)
(1.00037 -0.0138597 0)
(1.02204 -0.0148485 0)
(1.04912 -0.0225542 0)
(1.07731 -0.031688 0)
(1.10259 -0.0334352 0)
(1.1229 -0.0268502 0)
(1.14241 -0.0162365 0)
(1.16441 -0.00873471 0)
(1.1882 -0.00898446 0)
(1.21336 -0.0144804 0)
(1.2379 -0.0195697 0)
(1.26036 -0.0198552 0)
(1.28162 -0.0160483 0)
(1.30371 -0.0105671 0)
(1.32714 -0.00800617 0)
(1.35274 -0.011093 0)
(1.37988 -0.0154116 0)
(1.40189 -0.0152872 0)
(1.41998 -0.0127119 0)
(1.43785 -0.00726261 0)
(1.45746 -0.00266175 0)
(1.47958 -0.000686553 0)
(1.50506 -0.00244027 0)
(1.5282 -0.00411796 0)
(1.54651 -0.00405293 0)
(1.56347 -0.00213041 0)
(1.57775 0.00240927 0)
(1.59165 0.00656152 0)
(1.60816 0.00848333 0)
(1.62579 0.0098779 0)
(1.64526 0.00970844 0)
(1.66541 0.00704101 0)
(1.68294 0.00511687 0)
(1.69941 0.00371049 0)
(1.71456 0.00191153 0)
(1.728 0.000440659 0)
(1.74117 0.000517571 0)
(1.75671 0.00292301 0)
(1.7743 0.00717839 0)
(1.79234 0.013019 0)
(1.80993 0.0181335 0)
(1.82725 0.0215684 0)
(1.84369 0.0215111 0)
(1.85802 0.0194175 0)
(1.86297 0.00660578 0)
(1.852 -0.0150915 0)
(1.80796 -0.0620182 0)
(1.64664 -0.0600767 0)
(1.35442 -0.0264357 0)
(1.32817 -0.00683182 0)
(1.36333 -0.00287449 0)
(1.38521 -0.00280405 0)
(1.40284 -0.00885176 0)
(1.41649 -0.0114631 0)
(1.4234 -0.00883005 0)
(1.42797 -0.000562804 0)
(1.43151 0.00504548 0)
(1.43664 0.00215851 0)
(1.67482 1.03956 0)
(2.05418 0.889302 0)
(2.33882 0.612724 0)
(2.51369 0.339881 0)
(2.60249 0.20413 0)
(2.65309 0.0431554 0)
(2.70102 -0.171565 0)
(2.71914 -0.310425 0)
(2.75619 -0.346163 0)
(2.80673 -0.41868 0)
(2.80036 -0.452013 0)
(2.7307 -0.432673 0)
(2.68665 -0.421732 0)
(2.66491 -0.384117 0)
(2.75861 -0.361686 0)
(1.42865 0.194739 0)
(0.900494 0.146007 0)
(0.86505 0.080128 0)
(0.866808 0.0429547 0)
(0.848454 0.0321248 0)
(0.826912 0.0118563 0)
(0.824285 -0.00824265 0)
(0.837739 -0.0256035 0)
(0.857553 -0.0367406 0)
(0.870174 -0.0393309 0)
(0.876864 -0.0370358 0)
(0.884051 -0.034474 0)
(0.897233 -0.0355584 0)
(0.918134 -0.0427404 0)
(0.942987 -0.0517651 0)
(0.963363 -0.0542553 0)
(0.97578 -0.0491061 0)
(0.986929 -0.0417706 0)
(1.00151 -0.0384467 0)
(1.02155 -0.0422598 0)
(1.04699 -0.0522046 0)
(1.0747 -0.0613675 0)
(1.0999 -0.0622621 0)
(1.11778 -0.0548153 0)
(1.13346 -0.044774 0)
(1.15028 -0.0393916 0)
(1.16832 -0.0413944 0)
(1.19088 -0.0483418 0)
(1.2165 -0.0523652 0)
(1.24042 -0.0491632 0)
(1.26032 -0.0420711 0)
(1.27911 -0.0362364 0)
(1.29816 -0.034763 0)
(1.31726 -0.0371938 0)
(1.33769 -0.0415411 0)
(1.35985 -0.0440293 0)
(1.38247 -0.0421157 0)
(1.40304 -0.0364653 0)
(1.42296 -0.0311199 0)
(1.4433 -0.0292098 0)
(1.46295 -0.0292357 0)
(1.48027 -0.0285296 0)
(1.49747 -0.0251393 0)
(1.51545 -0.0186233 0)
(1.53517 -0.0121904 0)
(1.55631 -0.00882381 0)
(1.5763 -0.00941446 0)
(1.59359 -0.0104827 0)
(1.61 -0.0107235 0)
(1.62432 -0.00886231 0)
(1.63628 -0.00489871 0)
(1.65058 -0.00230295 0)
(1.66725 -0.00138007 0)
(1.6854 0.000324529 0)
(1.7036 0.00178127 0)
(1.72052 0.00256232 0)
(1.73668 0.00504026 0)
(1.75027 0.00886232 0)
(1.76028 0.0112632 0)
(1.77139 0.0101777 0)
(1.78723 0.00877994 0)
(1.80443 0.00842305 0)
(1.82301 0.0101408 0)
(1.84227 0.0146694 0)
(1.86024 0.0216845 0)
(1.87104 0.0282671 0)
(1.87697 0.0229166 0)
(1.86762 0.00241186 0)
(1.85134 -0.0282851 0)
(1.78081 -0.100381 0)
(1.70767 -0.111884 0)
(1.46136 -0.0481549 0)
(1.40366 -0.00934621 0)
(1.42009 -0.0048538 0)
(1.43245 -0.00589394 0)
(1.4433 -0.0127672 0)
(1.45679 -0.0210708 0)
(1.46764 -0.0249333 0)
(1.47456 -0.0219964 0)
(1.47791 -0.0119568 0)
(1.47682 0.000609059 0)
(1.60853 0.984219 0)
(1.8974 0.888055 0)
(2.13588 0.726099 0)
(2.3417 0.49195 0)
(2.47541 0.303927 0)
(2.56252 0.219294 0)
(2.59786 0.0708129 0)
(2.67157 -0.125488 0)
(2.71547 -0.298495 0)
(2.73632 -0.371616 0)
(2.79345 -0.444478 0)
(2.82505 -0.488142 0)
(2.77448 -0.498375 0)
(2.75012 -0.489938 0)
(2.73428 -0.496236 0)
(2.28257 -0.136611 0)
(1.15552 0.157477 0)
(1.06394 0.116221 0)
(1.07734 0.0527019 0)
(1.06604 0.00974763 0)
(1.04435 -0.00182345 0)
(1.03635 -0.00812452 0)
(1.04195 -0.0205215 0)
(1.0579 -0.0387171 0)
(1.0734 -0.0520037 0)
(1.08241 -0.0564503 0)
(1.08755 -0.0543177 0)
(1.09414 -0.0478504 0)
(1.10455 -0.0443935 0)
(1.12006 -0.0482003 0)
(1.14052 -0.0572733 0)
(1.15981 -0.0617492 0)
(1.17293 -0.0581172 0)
(1.18466 -0.0505292 0)
(1.19851 -0.043123 0)
(1.21464 -0.0410413 0)
(1.23476 -0.0464044 0)
(1.25921 -0.0557177 0)
(1.28011 -0.0596976 0)
(1.29284 -0.0582012 0)
(1.30384 -0.051287 0)
(1.31626 -0.0418677 0)
(1.33219 -0.0360992 0)
(1.35334 -0.0351875 0)
(1.37812 -0.0362363 0)
(1.39852 -0.0352494 0)
(1.41397 -0.0333299 0)
(1.42847 -0.0299519 0)
(1.44341 -0.0268863 0)
(1.45904 -0.0255543 0)
(1.47641 -0.026372 0)
(1.49637 -0.0274845 0)
(1.51463 -0.0263929 0)
(1.52942 -0.0243218 0)
(1.54442 -0.0196126 0)
(1.55969 -0.0152346 0)
(1.5749 -0.0130653 0)
(1.59035 -0.0105171 0)
(1.60659 -0.00635752 0)
(1.62355 -0.00099977 0)
(1.64008 0.0032652 0)
(1.65594 0.00555336 0)
(1.67141 0.00677436 0)
(1.68652 0.00793713 0)
(1.70037 0.0093992 0)
(1.71156 0.0122891 0)
(1.72121 0.01464 0)
(1.73469 0.0143442 0)
(1.75035 0.0123005 0)
(1.76675 0.00877179 0)
(1.78225 0.00683284 0)
(1.79776 0.00655145 0)
(1.81224 0.00836267 0)
(1.82309 0.0146969 0)
(1.82954 0.023882 0)
(1.83864 0.0296734 0)
(1.85393 0.0307773 0)
(1.87177 0.0305376 0)
(1.8904 0.0293831 0)
(1.90645 0.029285 0)
(1.91422 0.0278881 0)
(1.90854 0.0175261 0)
(1.88748 -0.00865675 0)
(1.85031 -0.0497646 0)
(1.76687 -0.125072 0)
(1.75345 -0.167742 0)
(1.62434 -0.0981783 0)
(1.51697 -0.0325247 0)
(1.50746 -0.00836704 0)
(1.51429 -0.00101308 0)
(1.52033 0.00372043 0)
(1.52619 0.00400685 0)
(1.5348 -0.00296067 0)
(1.54685 -0.0131152 0)
(1.55238 -0.0173928 0)
(1.55388 -0.0107987 0)
(1.56562 0.925654 0)
(1.79949 0.84962 0)
(1.98504 0.761287 0)
(2.16683 0.614825 0)
(2.33539 0.424155 0)
(2.443 0.279419 0)
(2.50689 0.197395 0)
(2.52126 0.127913 0)
(2.58527 -0.00933862 0)
(2.6575 -0.158345 0)
(2.69116 -0.232831 0)
(2.72927 -0.232888 0)
(2.73083 -0.302407 0)
(2.671 -0.428362 0)
(2.63515 -0.538594 0)
(2.60408 -0.653133 0)
(1.78202 -0.0962161 0)
(1.27088 0.118947 0)
(1.25317 0.0958834 0)
(1.26545 0.00987597 0)
(1.26281 -0.0177781 0)
(1.25567 -0.0104256 0)
(1.24932 -0.0104318 0)
(1.25295 -0.0249152 0)
(1.26529 -0.0476058 0)
(1.27978 -0.0624172 0)
(1.28835 -0.0655165 0)
(1.2931 -0.0639704 0)
(1.29796 -0.0594413 0)
(1.3055 -0.057423 0)
(1.31692 -0.0595779 0)
(1.33463 -0.0668769 0)
(1.35306 -0.0719651 0)
(1.366 -0.0714534 0)
(1.37659 -0.0691994 0)
(1.38796 -0.0662568 0)
(1.40117 -0.0635162 0)
(1.4177 -0.0638922 0)
(1.43572 -0.067509 0)
(1.44711 -0.0688714 0)
(1.45644 -0.0673901 0)
(1.46611 -0.061924 0)
(1.47888 -0.0565459 0)
(1.49598 -0.0517361 0)
(1.51686 -0.048744 0)
(1.53413 -0.048273 0)
(1.54837 -0.0483833 0)
(1.56128 -0.0469391 0)
(1.57314 -0.0448348 0)
(1.58613 -0.0434876 0)
(1.59999 -0.0409792 0)
(1.61562 -0.0379921 0)
(1.62917 -0.0370685 0)
(1.64164 -0.0358624 0)
(1.65374 -0.0317438 0)
(1.66594 -0.0274842 0)
(1.67887 -0.0233474 0)
(1.69272 -0.0183817 0)
(1.70712 -0.0127348 0)
(1.7214 -0.00785494 0)
(1.73488 -0.003747 0)
(1.74772 -0.000821607 0)
(1.76105 0.000822508 0)
(1.77503 0.00127077 0)
(1.78855 0.00212328 0)
(1.80031 0.00437447 0)
(1.80925 0.00934858 0)
(1.81752 0.0141802 0)
(1.82859 0.0159107 0)
(1.84233 0.0150076 0)
(1.85631 0.0138138 0)
(1.87033 0.0125191 0)
(1.88365 0.0121021 0)
(1.89524 0.0130283 0)
(1.90336 0.0190534 0)
(1.91 0.0278996 0)
(1.92021 0.0353595 0)
(1.93435 0.0385136 0)
(1.9497 0.0393259 0)
(1.96066 0.0371631 0)
(1.95914 0.0268871 0)
(1.94505 0.00163183 0)
(1.90963 -0.0424216 0)
(1.85255 -0.0954865 0)
(1.79002 -0.139333 0)
(1.79925 -0.17989 0)
(1.77072 -0.161973 0)
(1.67228 -0.0721938 0)
(1.62085 -0.0179884 0)
(1.611 -0.00221253 0)
(1.61286 -0.00250669 0)
(1.61752 -0.0061092 0)
(1.62209 -0.00631936 0)
(1.62955 -0.0101346 0)
(1.6386 -0.0168967 0)
(1.64258 -0.0170785 0)
(1.53574 0.894091 0)
(1.72853 0.83627 0)
(1.90104 0.754123 0)
(2.04454 0.664173 0)
(2.17634 0.548683 0)
(2.30299 0.421259 0)
(2.40885 0.281729 0)
(2.46792 0.173954 0)
(2.49433 0.146214 0)
(2.53364 0.0573415 0)
(2.60904 -0.058636 0)
(2.64554 -0.162678 0)
(2.61263 -0.271825 0)
(2.549 -0.449709 0)
(2.52755 -0.562501 0)
(2.43618 -0.767653 0)
(2.2783 -0.652222 0)
(1.69523 -0.158766 0)
(1.38512 0.0559567 0)
(1.38326 0.0650903 0)
(1.40317 0.0116987 0)
(1.41901 -0.0174115 0)
(1.40709 -0.0261942 0)
(1.39975 -0.0363434 0)
(1.40592 -0.0462207 0)
(1.42208 -0.0600112 0)
(1.43748 -0.0660404 0)
(1.44337 -0.0656357 0)
(1.44598 -0.0633373 0)
(1.4482 -0.0615616 0)
(1.45592 -0.061908 0)
(1.46872 -0.0641972 0)
(1.48913 -0.0679967 0)
(1.5046 -0.0687755 0)
(1.51325 -0.0684402 0)
(1.52116 -0.0667584 0)
(1.5303 -0.065825 0)
(1.54157 -0.0649859 0)
(1.55644 -0.0651673 0)
(1.5689 -0.0643933 0)
(1.57811 -0.0618942 0)
(1.58593 -0.055519 0)
(1.59605 -0.0501396 0)
(1.60968 -0.0464355 0)
(1.62665 -0.0432513 0)
(1.64176 -0.0415001 0)
(1.65571 -0.0399884 0)
(1.6681 -0.0374927 0)
(1.67771 -0.0342786 0)
(1.68832 -0.0314871 0)
(1.7007 -0.029178 0)
(1.71332 -0.0265965 0)
(1.7249 -0.0248153 0)
(1.73597 -0.0211639 0)
(1.74641 -0.0167474 0)
(1.75641 -0.0122353 0)
(1.76721 -0.0074571 0)
(1.7798 -0.00265782 0)
(1.79332 0.00180239 0)
(1.80663 0.00649518 0)
(1.81862 0.0113583 0)
(1.82928 0.0162988 0)
(1.84022 0.0190708 0)
(1.85251 0.0200765 0)
(1.86539 0.0196808 0)
(1.87751 0.0201443 0)
(1.88779 0.0215707 0)
(1.89576 0.0255726 0)
(1.90319 0.0290588 0)
(1.91307 0.0316618 0)
(1.92535 0.0318379 0)
(1.93833 0.0323818 0)
(1.95125 0.0327797 0)
(1.96344 0.034761 0)
(1.97365 0.038263 0)
(1.98052 0.0446123 0)
(1.98525 0.0525735 0)
(1.9938 0.0519097 0)
(2.00604 0.0490539 0)
(2.00751 0.040458 0)
(1.99738 0.0178584 0)
(1.96567 -0.0292669 0)
(1.92552 -0.0866212 0)
(1.87259 -0.139834 0)
(1.84172 -0.148368 0)
(1.85476 -0.169189 0)
(1.86376 -0.170117 0)
(1.83085 -0.135129 0)
(1.76209 -0.0619328 0)
(1.71725 -0.0177382 0)
(1.70184 0.00554984 0)
(1.70206 0.00140376 0)
(1.70789 -0.00295567 0)
(1.71261 -0.00304451 0)
(1.71703 -0.00429063 0)
(1.72521 -0.00541642 0)
(1.51407 0.856857 0)
(1.67376 0.819581 0)
(1.82939 0.760586 0)
(1.96219 0.68616 0)
(2.09713 0.582556 0)
(2.19044 0.508539 0)
(2.28864 0.420822 0)
(2.38835 0.300335 0)
(2.45138 0.199752 0)
(2.46403 0.149039 0)
(2.50556 0.0530685 0)
(2.52508 -0.0542349 0)
(2.44487 -0.223735 0)
(2.40996 -0.392977 0)
(2.38116 -0.538207 0)
(2.35199 -0.632445 0)
(2.32 -0.685234 0)
(2.17976 -0.59692 0)
(1.72682 -0.206578 0)
(1.48998 -0.000473855 0)
(1.47826 0.0365473 0)
(1.49798 0.00315637 0)
(1.50633 -0.0249428 0)
(1.49436 -0.0436262 0)
(1.49638 -0.0470592 0)
(1.50902 -0.0537612 0)
(1.53038 -0.0628301 0)
(1.5396 -0.0660199 0)
(1.54344 -0.0672576 0)
(1.54257 -0.0669755 0)
(1.54828 -0.0676543 0)
(1.55866 -0.0686867 0)
(1.57806 -0.0714737 0)
(1.5957 -0.0730474 0)
(1.6046 -0.0728181 0)
(1.61115 -0.0710977 0)
(1.61684 -0.0692591 0)
(1.62625 -0.0688821 0)
(1.63811 -0.0683496 0)
(1.65196 -0.0671035 0)
(1.66207 -0.0643695 0)
(1.67034 -0.0589233 0)
(1.67817 -0.0517129 0)
(1.68948 -0.0481825 0)
(1.70322 -0.0458765 0)
(1.71693 -0.0444888 0)
(1.73047 -0.043511 0)
(1.74263 -0.0416123 0)
(1.75234 -0.0374146 0)
(1.7618 -0.0325106 0)
(1.77251 -0.0295962 0)
(1.78358 -0.0276567 0)
(1.79464 -0.0249198 0)
(1.80547 -0.0212541 0)
(1.81568 -0.0166333 0)
(1.82495 -0.0108 0)
(1.83463 -0.0046086 0)
(1.84614 0.00052271 0)
(1.85893 0.00479236 0)
(1.87176 0.00866866 0)
(1.88361 0.0131668 0)
(1.89381 0.0180816 0)
(1.9031 0.0228352 0)
(1.91343 0.0249663 0)
(1.92517 0.0258342 0)
(1.93727 0.0258639 0)
(1.94868 0.0269459 0)
(1.95847 0.0287497 0)
(1.96626 0.033232 0)
(1.97377 0.0369748 0)
(1.98343 0.0399515 0)
(1.99524 0.0407888 0)
(2.00801 0.0416779 0)
(2.021 0.0429767 0)
(2.0331 0.0457617 0)
(2.04138 0.0528811 0)
(2.04197 0.0603964 0)
(2.04609 0.0556106 0)
(2.04584 0.0506049 0)
(2.03796 0.0326584 0)
(2.00856 -0.0130556 0)
(1.96355 -0.0764256 0)
(1.93228 -0.131394 0)
(1.90752 -0.164974 0)
(1.90015 -0.163619 0)
(1.90687 -0.164985 0)
(1.92805 -0.175229 0)
(1.92558 -0.169978 0)
(1.89179 -0.126546 0)
(1.83684 -0.0637109 0)
(1.7912 -0.0240196 0)
(1.77757 0.00901246 0)
(1.77704 0.00418934 0)
(1.78093 0.00110415 0)
(1.78547 -0.00347558 0)
(1.79105 -0.00549863 0)
(1.50186 0.840018 0)
(1.63878 0.809142 0)
(1.76818 0.766301 0)
(1.89616 0.708347 0)
(2.0061 0.641263 0)
(2.12545 0.547949 0)
(2.21038 0.488704 0)
(2.29929 0.410911 0)
(2.34373 0.333038 0)
(2.36255 0.189802 0)
(2.38878 0.0537316 0)
(2.37666 -0.107226 0)
(2.30178 -0.248529 0)
(2.2924 -0.364161 0)
(2.28942 -0.45955 0)
(2.29066 -0.558617 0)
(2.28783 -0.608496 0)
(2.25715 -0.641626 0)
(2.14258 -0.571676 0)
(1.79282 -0.242181 0)
(1.58974 -0.0355303 0)
(1.5396 0.00370509 0)
(1.55085 -0.0144974 0)
(1.5518 -0.0324282 0)
(1.55531 -0.049253 0)
(1.5657 -0.055919 0)
(1.58653 -0.065064 0)
(1.59918 -0.0707773 0)
(1.60595 -0.0736256 0)
(1.60633 -0.0738375 0)
(1.61006 -0.0728758 0)
(1.61918 -0.072889 0)
(1.63566 -0.0740726 0)
(1.65451 -0.0756301 0)
(1.66417 -0.0755709 0)
(1.67136 -0.0740714 0)
(1.67499 -0.0701032 0)
(1.68288 -0.0676156 0)
(1.69352 -0.0658533 0)
(1.70716 -0.0627874 0)
(1.71894 -0.05889 0)
(1.72803 -0.0550237 0)
(1.73544 -0.0494203 0)
(1.74384 -0.0441317 0)
(1.7561 -0.0410647 0)
(1.76906 -0.0389521 0)
(1.78196 -0.0367866 0)
(1.79375 -0.0334029 0)
(1.80384 -0.0288235 0)
(1.81265 -0.0243601 0)
(1.82165 -0.0207209 0)
(1.83197 -0.017445 0)
(1.84308 -0.0139485 0)
(1.85428 -0.00970233 0)
(1.86477 -0.00409994 0)
(1.87403 0.00281394 0)
(1.88294 0.00946404 0)
(1.8934 0.0145507 0)
(1.90557 0.0183644 0)
(1.91827 0.0220307 0)
(1.93035 0.0260994 0)
(1.94084 0.0313294 0)
(1.94942 0.036369 0)
(1.95775 0.0402174 0)
(1.96798 0.0416135 0)
(1.97973 0.0426048 0)
(1.99187 0.0430715 0)
(2.00346 0.045027 0)
(2.01338 0.0477125 0)
(2.02107 0.0532268 0)
(2.02819 0.058099 0)
(2.03755 0.0615493 0)
(2.04957 0.0629517 0)
(2.06317 0.0642899 0)
(2.07625 0.0656592 0)
(2.08443 0.0710198 0)
(2.0847 0.0691133 0)
(2.0787 0.0551528 0)
(2.06856 0.0399036 0)
(2.04281 0.00750568 0)
(1.99399 -0.0551085 0)
(1.95489 -0.109972 0)
(1.94231 -0.151237 0)
(1.94431 -0.165038 0)
(1.94872 -0.164566 0)
(1.95576 -0.162625 0)
(1.96426 -0.166614 0)
(1.97746 -0.168524 0)
(1.97054 -0.165325 0)
(1.94321 -0.129695 0)
(1.88893 -0.0709439 0)
(1.85366 -0.03073 0)
(1.83501 0.00145776 0)
(1.83165 0.0113342 0)
(1.83082 0.010629 0)
(1.83868 0.00357853 0)
(1.50172 0.822273 0)
(1.61678 0.801868 0)
(1.73663 0.762494 0)
(1.84477 0.724098 0)
(1.94866 0.675151 0)
(2.05437 0.604385 0)
(2.14739 0.519997 0)
(2.2108 0.445624 0)
(2.23306 0.336728 0)
(2.22498 0.160476 0)
(2.2547 0.0123095 0)
(2.24322 -0.137535 0)
(2.20407 -0.25242 0)
(2.20167 -0.344231 0)
(2.22283 -0.401835 0)
(2.23254 -0.458179 0)
(2.23078 -0.509254 0)
(2.22407 -0.583439 0)
(2.21106 -0.618646 0)
(2.11476 -0.55397 0)
(1.85055 -0.283113 0)
(1.65153 -0.0796007 0)
(1.58964 -0.0240861 0)
(1.58765 -0.020666 0)
(1.58975 -0.0337332 0)
(1.60654 -0.0493783 0)
(1.62463 -0.0647223 0)
(1.64057 -0.0736465 0)
(1.64964 -0.0757256 0)
(1.65424 -0.07616 0)
(1.65626 -0.0739259 0)
(1.66467 -0.0735683 0)
(1.67753 -0.0740547 0)
(1.69541 -0.0761767 0)
(1.70616 -0.0768503 0)
(1.71448 -0.0761535 0)
(1.71854 -0.0719495 0)
(1.7245 -0.0671932 0)
(1.73473 -0.0648047 0)
(1.74768 -0.0610606 0)
(1.76012 -0.0570314 0)
(1.76976 -0.0541367 0)
(1.77767 -0.0500391 0)
(1.78447 -0.0443409 0)
(1.79558 -0.0398236 0)
(1.80824 -0.0363605 0)
(1.82081 -0.0326321 0)
(1.83242 -0.0283735 0)
(1.84244 -0.024227 0)
(1.85042 -0.0202645 0)
(1.85828 -0.0163131 0)
(1.86856 -0.01254 0)
(1.88019 -0.00856538 0)
(1.89198 -0.00355137 0)
(1.90308 0.00286099 0)
(1.9127 0.0103501 0)
(1.92088 0.0175399 0)
(1.92991 0.0228754 0)
(1.94127 0.0267378 0)
(1.95376 0.0301201 0)
(1.96617 0.0338122 0)
(1.97749 0.0382006 0)
(1.9867 0.0435703 0)
(1.99401 0.0486344 0)
(2.00222 0.0524348 0)
(2.01298 0.0537895 0)
(2.02495 0.0545237 0)
(2.03715 0.0549126 0)
(2.04864 0.0570744 0)
(2.05845 0.0609741 0)
(2.06627 0.067613 0)
(2.07379 0.0736985 0)
(2.08371 0.078609 0)
(2.0964 0.078098 0)
(2.10735 0.0804867 0)
(2.11159 0.079437 0)
(2.10623 0.0629164 0)
(2.09352 0.0380803 0)
(2.06767 0.00541206 0)
(2.02146 -0.0501665 0)
(1.97578 -0.101595 0)
(1.95509 -0.127666 0)
(1.96126 -0.150428 0)
(1.97125 -0.160144 0)
(1.98198 -0.162554 0)
(1.9917 -0.163734 0)
(1.99709 -0.162392 0)
(2.00584 -0.169548 0)
(2.00905 -0.168831 0)
(2.0032 -0.16473 0)
(1.97895 -0.134449 0)
(1.92836 -0.0776405 0)
(1.8998 -0.0330956 0)
(1.87921 -0.00378491 0)
(1.86919 0.0149446 0)
(1.87052 0.0112754 0)
(1.50799 0.823166 0)
(1.60382 0.806838 0)
(1.707 0.77779 0)
(1.81149 0.73672 0)
(1.89851 0.696353 0)
(1.97173 0.632728 0)
(2.05517 0.534697 0)
(2.09096 0.409804 0)
(2.07422 0.254322 0)
(2.116 0.0973115 0)
(2.1221 -0.00367336 0)
(2.14092 -0.0962761 0)
(2.14718 -0.196159 0)
(2.13781 -0.263716 0)
(2.15529 -0.320794 0)
(2.16802 -0.375642 0)
(2.18149 -0.443638 0)
(2.1781 -0.497204 0)
(2.17483 -0.575198 0)
(2.16254 -0.586099 0)
(2.10066 -0.5461 0)
(1.9021 -0.324291 0)
(1.71061 -0.114383 0)
(1.6327 -0.0515979 0)
(1.61793 -0.0285972 0)
(1.63294 -0.0392211 0)
(1.65211 -0.0549346 0)
(1.67155 -0.0720669 0)
(1.68425 -0.0755316 0)
(1.6931 -0.0756121 0)
(1.69535 -0.0728716 0)
(1.70188 -0.0712979 0)
(1.71256 -0.0714932 0)
(1.72758 -0.0735345 0)
(1.73968 -0.0747721 0)
(1.74913 -0.0743334 0)
(1.7553 -0.0705531 0)
(1.75985 -0.0641336 0)
(1.76951 -0.0607296 0)
(1.78142 -0.0572454 0)
(1.7933 -0.0533836 0)
(1.80334 -0.0506779 0)
(1.81192 -0.0469886 0)
(1.81864 -0.0408686 0)
(1.82884 -0.0347025 0)
(1.84119 -0.0298762 0)
(1.85341 -0.0251289 0)
(1.86461 -0.0205723 0)
(1.87407 -0.0163327 0)
(1.88095 -0.011928 0)
(1.88814 -0.00715803 0)
(1.89879 -0.00252975 0)
(1.91097 0.0023142 0)
(1.92321 0.00808319 0)
(1.93466 0.0147442 0)
(1.94438 0.0223137 0)
(1.95168 0.0300022 0)
(1.95898 0.036115 0)
(1.96938 0.0404527 0)
(1.98166 0.0439058 0)
(1.99427 0.0471675 0)
(2.0063 0.0510075 0)
(2.01656 0.0558387 0)
(2.02396 0.0618777 0)
(2.03022 0.0673016 0)
(2.03879 0.070899 0)
(2.05007 0.0720195 0)
(2.06225 0.0730331 0)
(2.07446 0.0742273 0)
(2.086 0.0776016 0)
(2.09624 0.0827959 0)
(2.10374 0.0918204 0)
(2.11104 0.0953122 0)
(2.11604 0.0980343 0)
(2.12473 0.0948264 0)
(2.12156 0.0813718 0)
(2.10848 0.0531748 0)
(2.07678 0.0025323 0)
(2.041 -0.0544747 0)
(2.00325 -0.106462 0)
(1.9763 -0.127167 0)
(1.9714 -0.132618 0)
(1.98045 -0.139969 0)
(1.9924 -0.146374 0)
(2.00425 -0.152088 0)
(2.01486 -0.157786 0)
(2.02197 -0.159922 0)
(2.02681 -0.160965 0)
(2.03364 -0.168643 0)
(2.03294 -0.166331 0)
(2.03006 -0.162928 0)
(2.0091 -0.133992 0)
(1.97193 -0.0824842 0)
(1.94163 -0.0364979 0)
(1.91176 -0.0061248 0)
(1.9014 0.0138646 0)
(1.52269 0.822359 0)
(1.60612 0.80844 0)
(1.6965 0.781437 0)
(1.78072 0.742406 0)
(1.84185 0.686543 0)
(1.88113 0.576386 0)
(1.94429 0.436193 0)
(1.9526 0.309608 0)
(1.95783 0.180774 0)
(2.01507 0.0579048 0)
(2.02777 0.00264938 0)
(2.07096 -0.0654576 0)
(2.0874 -0.144254 0)
(2.08102 -0.208891 0)
(2.10308 -0.27479 0)
(2.11407 -0.329438 0)
(2.12857 -0.379577 0)
(2.13937 -0.450885 0)
(2.13757 -0.486117 0)
(2.14403 -0.547815 0)
(2.13761 -0.555922 0)
(2.10148 -0.536902 0)
(1.9477 -0.348679 0)
(1.7689 -0.153409 0)
(1.66898 -0.0675267 0)
(1.6568 -0.0355462 0)
(1.67327 -0.0423047 0)
(1.69425 -0.0604755 0)
(1.71299 -0.073004 0)
(1.72594 -0.0732595 0)
(1.73127 -0.0710774 0)
(1.73449 -0.0683166 0)
(1.74451 -0.0680829 0)
(1.75664 -0.0691237 0)
(1.76959 -0.0701452 0)
(1.78001 -0.069732 0)
(1.78846 -0.0668761 0)
(1.79329 -0.0608058 0)
(1.80164 -0.0563281 0)
(1.81265 -0.0529891 0)
(1.82356 -0.0493171 0)
(1.83393 -0.0463449 0)
(1.84313 -0.0423714 0)
(1.85052 -0.0356719 0)
(1.86017 -0.0285345 0)
(1.87204 -0.0232683 0)
(1.8837 -0.0186447 0)
(1.89447 -0.0143038 0)
(1.90343 -0.00989051 0)
(1.9096 -0.00490422 0)
(1.91666 0.00068234 0)
(1.92787 0.00600618 0)
(1.94065 0.0113722 0)
(1.9533 0.0173769 0)
(1.96484 0.0237518 0)
(1.97445 0.0307176 0)
(1.98123 0.0382904 0)
(1.98721 0.0453078 0)
(1.99649 0.0509138 0)
(2.00826 0.05515 0)
(2.02064 0.0585662 0)
(2.03273 0.0616964 0)
(2.04354 0.0654876 0)
(2.05188 0.0702757 0)
(2.05823 0.076418 0)
(2.06523 0.0821851 0)
(2.0748 0.0862368 0)
(2.08637 0.0888771 0)
(2.09866 0.0912729 0)
(2.11079 0.0929017 0)
(2.12253 0.097311 0)
(2.13203 0.102543 0)
(2.13377 0.108682 0)
(2.13447 0.101721 0)
(2.13107 0.0923259 0)
(2.1173 0.0681199 0)
(2.07976 0.0114016 0)
(2.03535 -0.0522929 0)
(2.01583 -0.0997454 0)
(1.99833 -0.134296 0)
(1.99567 -0.135079 0)
(1.99615 -0.131866 0)
(2.00057 -0.130922 0)
(2.00962 -0.13364 0)
(2.02085 -0.142015 0)
(2.0313 -0.151444 0)
(2.03878 -0.157329 0)
(2.04531 -0.160714 0)
(2.05161 -0.162891 0)
(2.05867 -0.167989 0)
(2.05814 -0.164384 0)
(2.05689 -0.160077 0)
(2.04018 -0.13253 0)
(2.00807 -0.0877487 0)
(1.97278 -0.0436379 0)
(1.94055 -0.00179973 0)
(1.53315 0.834675 0)
(1.60267 0.819501 0)
(1.67057 0.782196 0)
(1.73158 0.710883 0)
(1.75069 0.600572 0)
(1.77762 0.473857 0)
(1.84339 0.356669 0)
(1.86289 0.275084 0)
(1.88693 0.183006 0)
(1.94002 0.0960256 0)
(1.97123 0.0385953 0)
(2.0065 -0.0178948 0)
(2.02972 -0.0949574 0)
(2.02595 -0.160863 0)
(2.04885 -0.22645 0)
(2.06986 -0.285264 0)
(2.08045 -0.318397 0)
(2.10191 -0.379929 0)
(2.10581 -0.432694 0)
(2.10719 -0.466072 0)
(2.12519 -0.51905 0)
(2.12849 -0.536264 0)
(2.109 -0.519714 0)
(1.99123 -0.379965 0)
(1.82209 -0.195386 0)
(1.71481 -0.0822228 0)
(1.69887 -0.0443486 0)
(1.71548 -0.0450596 0)
(1.73741 -0.0624642 0)
(1.75428 -0.0676658 0)
(1.76431 -0.0689025 0)
(1.76642 -0.0674235 0)
(1.77477 -0.0656693 0)
(1.78613 -0.0653293 0)
(1.79856 -0.064447 0)
(1.80986 -0.063389 0)
(1.81954 -0.0611506 0)
(1.82542 -0.0568843 0)
(1.83288 -0.0521567 0)
(1.84328 -0.0483171 0)
(1.85391 -0.0445419 0)
(1.86464 -0.040531 0)
(1.87426 -0.0351029 0)
(1.88203 -0.0275226 0)
(1.89103 -0.0201904 0)
(1.90207 -0.0150875 0)
(1.91299 -0.0110334 0)
(1.92345 -0.00699885 0)
(1.93233 -0.00204664 0)
(1.93857 0.00432673 0)
(1.94558 0.0115465 0)
(1.95662 0.0180726 0)
(1.96947 0.0240172 0)
(1.98214 0.030119 0)
(1.99349 0.0361617 0)
(2.00282 0.0424748 0)
(2.00941 0.0497208 0)
(2.01481 0.0573403 0)
(2.02281 0.0641689 0)
(2.03349 0.0694791 0)
(2.04511 0.0735199 0)
(2.0566 0.0768354 0)
(2.06726 0.0801187 0)
(2.07618 0.0837016 0)
(2.08372 0.0886934 0)
(2.09113 0.095477 0)
(2.09945 0.101954 0)
(2.10907 0.107693 0)
(2.11963 0.11148 0)
(2.13063 0.112966 0)
(2.14266 0.114948 0)
(2.14891 0.120048 0)
(2.14955 0.111899 0)
(2.14146 0.0942803 0)
(2.12451 0.0677164 0)
(2.09029 0.0204614 0)
(2.03573 -0.0491272 0)
(2.00889 -0.0786173 0)
(2.00581 -0.115562 0)
(2.01141 -0.131343 0)
(2.01613 -0.130624 0)
(2.02334 -0.128834 0)
(2.02523 -0.124715 0)
(2.02714 -0.124894 0)
(2.03473 -0.12958 0)
(2.04391 -0.138951 0)
(2.05375 -0.149213 0)
(2.06127 -0.154452 0)
(2.06908 -0.157608 0)
(2.07721 -0.15911 0)
(2.08433 -0.162915 0)
(2.08399 -0.159166 0)
(2.08276 -0.156696 0)
(2.06924 -0.133815 0)
(2.04461 -0.0989588 0)
(1.99385 -0.0338434 0)
(1.5396 0.832111 0)
(1.58737 0.800468 0)
(1.61225 0.706571 0)
(1.64512 0.595937 0)
(1.65208 0.482428 0)
(1.70336 0.388654 0)
(1.76806 0.311179 0)
(1.81013 0.250792 0)
(1.83559 0.186158 0)
(1.8801 0.123764 0)
(1.92778 0.0516501 0)
(1.95605 -0.00147463 0)
(1.98275 -0.0675879 0)
(1.98463 -0.130479 0)
(2.00368 -0.193111 0)
(2.03283 -0.251837 0)
(2.0469 -0.280718 0)
(2.06838 -0.328269 0)
(2.07811 -0.385206 0)
(2.07989 -0.414155 0)
(2.09885 -0.461483 0)
(2.11651 -0.497522 0)
(2.12754 -0.520683 0)
(2.11469 -0.510474 0)
(2.02963 -0.410423 0)
(1.88175 -0.236584 0)
(1.76594 -0.0959155 0)
(1.74774 -0.0572413 0)
(1.76235 -0.0517611 0)
(1.77868 -0.057322 0)
(1.79283 -0.0629791 0)
(1.79711 -0.0668252 0)
(1.80448 -0.0651055 0)
(1.81616 -0.0634405 0)
(1.82871 -0.0597603 0)
(1.84011 -0.0571568 0)
(1.84954 -0.0548481 0)
(1.85559 -0.0519762 0)
(1.86343 -0.0481303 0)
(1.87405 -0.0441431 0)
(1.88532 -0.0396877 0)
(1.8967 -0.0343885 0)
(1.90667 -0.0273716 0)
(1.91399 -0.0191095 0)
(1.92192 -0.0118578 0)
(1.93207 -0.00725046 0)
(1.94239 -0.00414041 0)
(1.95266 -0.000600631 0)
(1.96188 0.00482734 0)
(1.96931 0.0124782 0)
(1.97679 0.0212597 0)
(1.98699 0.029117 0)
(1.99915 0.0356543 0)
(2.01136 0.0417268 0)
(2.02228 0.0472569 0)
(2.0313 0.0526548 0)
(2.03815 0.0590206 0)
(2.04408 0.0662733 0)
(2.05169 0.0735471 0)
(2.06127 0.0801344 0)
(2.07154 0.0859042 0)
(2.08152 0.0904124 0)
(2.09106 0.094256 0)
(2.09994 0.0975325 0)
(2.10868 0.101227 0)
(2.11794 0.106547 0)
(2.12747 0.112762 0)
(2.13666 0.120994 0)
(2.14389 0.129584 0)
(2.1511 0.130724 0)
(2.15747 0.130852 0)
(2.15714 0.123659 0)
(2.15037 0.103068 0)
(2.12647 0.0579376 0)
(2.09807 0.00530025 0)
(2.05136 -0.0519288 0)
(2.0182 -0.0803747 0)
(2.00553 -0.0948522 0)
(2.01384 -0.112113 0)
(2.02752 -0.12167 0)
(2.03567 -0.123254 0)
(2.04564 -0.124636 0)
(2.0515 -0.124555 0)
(2.05111 -0.123549 0)
(2.05177 -0.126155 0)
(2.05861 -0.130958 0)
(2.06734 -0.138671 0)
(2.0777 -0.147118 0)
(2.08577 -0.151021 0)
(2.09456 -0.154023 0)
(2.10331 -0.155478 0)
(2.10992 -0.160155 0)
(2.11018 -0.156435 0)
(2.10856 -0.152909 0)
(2.10083 -0.138557 0)
(2.05981 -0.0814535 0)
(1.51619 0.810191 0)
(1.51963 0.710532 0)
(1.53718 0.603629 0)
(1.56872 0.518797 0)
(1.59967 0.432966 0)
(1.66134 0.373367 0)
(1.72281 0.319788 0)
(1.76919 0.262257 0)
(1.79243 0.200728 0)
(1.82887 0.141447 0)
(1.88009 0.0739966 0)
(1.91091 0.0182821 0)
(1.93658 -0.0344231 0)
(1.94612 -0.0936101 0)
(1.96397 -0.153639 0)
(1.99802 -0.207643 0)
(2.01614 -0.238122 0)
(2.03439 -0.276808 0)
(2.05073 -0.335003 0)
(2.05778 -0.36649 0)
(2.07011 -0.398445 0)
(2.09425 -0.443652 0)
(2.11409 -0.470903 0)
(2.12996 -0.502367 0)
(2.12412 -0.497945 0)
(2.06807 -0.43037 0)
(1.9474 -0.27672 0)
(1.83167 -0.124675 0)
(1.80606 -0.0713788 0)
(1.80557 -0.050472 0)
(1.81428 -0.048572 0)
(1.82308 -0.0552766 0)
(1.8326 -0.0624399 0)
(1.84543 -0.0619569 0)
(1.85962 -0.0575258 0)
(1.871 -0.0523234 0)
(1.87924 -0.0489725 0)
(1.88427 -0.0461064 0)
(1.89283 -0.0429792 0)
(1.90446 -0.0392436 0)
(1.91695 -0.0342422 0)
(1.92918 -0.0279646 0)
(1.9393 -0.0203109 0)
(1.94575 -0.0118673 0)
(1.95201 -0.00434467 0)
(1.96135 0.000164248 0)
(1.9716 0.0036448 0)
(1.98186 0.00839791 0)
(1.99138 0.0149542 0)
(2.00006 0.0228945 0)
(2.00826 0.0320887 0)
(2.01745 0.0412254 0)
(2.02825 0.0490205 0)
(2.03943 0.0557512 0)
(2.04955 0.0613 0)
(2.058 0.0661616 0)
(2.06504 0.0718088 0)
(2.07188 0.078491 0)
(2.07992 0.0854759 0)
(2.08907 0.0924015 0)
(2.09827 0.0993809 0)
(2.10648 0.105728 0)
(2.11392 0.111349 0)
(2.12188 0.1157 0)
(2.1313 0.119589 0)
(2.14217 0.124155 0)
(2.15332 0.130005 0)
(2.16312 0.136406 0)
(2.16724 0.146279 0)
(2.16879 0.145602 0)
(2.16492 0.133913 0)
(2.15589 0.116315 0)
(2.12502 0.0648925 0)
(2.08909 -0.00108361 0)
(2.06897 -0.0549101 0)
(2.04174 -0.0885223 0)
(2.02563 -0.0982428 0)
(2.02195 -0.0986237 0)
(2.03066 -0.101079 0)
(2.0412 -0.105417 0)
(2.05442 -0.111888 0)
(2.06417 -0.117339 0)
(2.07181 -0.120781 0)
(2.0755 -0.122698 0)
(2.07319 -0.122987 0)
(2.07544 -0.125478 0)
(2.08277 -0.128617 0)
(2.09192 -0.134538 0)
(2.10232 -0.141038 0)
(2.11059 -0.143672 0)
(2.11961 -0.1471 0)
(2.12711 -0.148732 0)
(2.13176 -0.154679 0)
(2.13421 -0.152695 0)
(2.13228 -0.149449 0)
(2.11821 -0.120243 0)
(1.43883 0.701294 0)
(1.43983 0.584535 0)
(1.47708 0.51888 0)
(1.51789 0.459905 0)
(1.5696 0.401906 0)
(1.63169 0.362136 0)
(1.69031 0.317634 0)
(1.73576 0.259748 0)
(1.76064 0.199693 0)
(1.79109 0.143095 0)
(1.83877 0.0875293 0)
(1.87665 0.0247312 0)
(1.9001 -0.0176407 0)
(1.91302 -0.0674597 0)
(1.93462 -0.12448 0)
(1.97005 -0.176275 0)
(1.99349 -0.211407 0)
(2.00936 -0.240971 0)
(2.02959 -0.29581 0)
(2.03984 -0.334029 0)
(2.05602 -0.362102 0)
(2.07685 -0.392741 0)
(2.09793 -0.424349 0)
(2.12186 -0.456611 0)
(2.13754 -0.491136 0)
(2.1357 -0.486041 0)
(2.10243 -0.445893 0)
(2.00802 -0.319501 0)
(1.90189 -0.165662 0)
(1.86343 -0.0828291 0)
(1.84155 -0.0582719 0)
(1.83989 -0.0434191 0)
(1.85506 -0.0481709 0)
(1.87088 -0.0546596 0)
(1.88822 -0.0540286 0)
(1.90082 -0.0501365 0)
(1.90847 -0.045821 0)
(1.91156 -0.0407668 0)
(1.92015 -0.0356446 0)
(1.93294 -0.0310739 0)
(1.94648 -0.0260155 0)
(1.95915 -0.0199458 0)
(1.96917 -0.013505 0)
(1.97523 -0.00664535 0)
(1.97991 0.00143988 0)
(1.98828 0.00793168 0)
(1.99893 0.0133662 0)
(2.01016 0.0196454 0)
(2.0207 0.0266012 0)
(2.03018 0.0337609 0)
(2.0386 0.0421231 0)
(2.04696 0.0514622 0)
(2.05662 0.0603012 0)
(2.0669 0.0682382 0)
(2.07623 0.0748124 0)
(2.08394 0.0799585 0)
(2.09073 0.0848325 0)
(2.09809 0.0903621 0)
(2.10682 0.0966027 0)
(2.11635 0.103153 0)
(2.12554 0.110101 0)
(2.1336 0.117387 0)
(2.14021 0.125449 0)
(2.14627 0.131839 0)
(2.15465 0.138001 0)
(2.16543 0.142584 0)
(2.1774 0.146738 0)
(2.18436 0.154505 0)
(2.18597 0.154176 0)
(2.17716 0.135865 0)
(2.16411 0.113607 0)
(2.13099 0.0712429 0)
(2.08191 -0.000259549 0)
(2.06098 -0.043634 0)
(2.05511 -0.0868878 0)
(2.05073 -0.0992147 0)
(2.04885 -0.0976496 0)
(2.0479 -0.0957352 0)
(2.05076 -0.0945768 0)
(2.05861 -0.0951185 0)
(2.06878 -0.100477 0)
(2.08012 -0.109326 0)
(2.08713 -0.115077 0)
(2.09259 -0.119438 0)
(2.09337 -0.122066 0)
(2.09268 -0.123022 0)
(2.09872 -0.124616 0)
(2.10647 -0.126783 0)
(2.11606 -0.131636 0)
(2.12465 -0.136389 0)
(2.1327 -0.138452 0)
(2.14022 -0.142401 0)
(2.14443 -0.145247 0)
(2.14871 -0.152149 0)
(2.15309 -0.151866 0)
(2.1502 -0.141517 0)
(1.36757 0.594383 0)
(1.40819 0.536457 0)
(1.45826 0.491503 0)
(1.50086 0.445679 0)
(1.55314 0.398209 0)
(1.60994 0.358564 0)
(1.65953 0.316793 0)
(1.70363 0.257839 0)
(1.73373 0.196285 0)
(1.76176 0.148857 0)
(1.80343 0.105939 0)
(1.84627 0.0457454 0)
(1.87258 -0.000879289 0)
(1.88614 -0.0418929 0)
(1.90888 -0.0901397 0)
(1.94341 -0.137608 0)
(1.97287 -0.179118 0)
(1.99177 -0.2073 0)
(2.00622 -0.250185 0)
(2.02571 -0.299347 0)
(2.0418 -0.320116 0)
(2.06763 -0.349243 0)
(2.08547 -0.373592 0)
(2.10621 -0.400706 0)
(2.12711 -0.435056 0)
(2.14462 -0.469491 0)
(2.14499 -0.468788 0)
(2.12831 -0.44541 0)
(2.06724 -0.35105 0)
(1.97978 -0.208238 0)
(1.90997 -0.105301 0)
(1.87455 -0.0567984 0)
(1.87064 -0.045545 0)
(1.89255 -0.0357992 0)
(1.90843 -0.0381822 0)
(1.92342 -0.0407024 0)
(1.93346 -0.040593 0)
(1.93565 -0.0368381 0)
(1.94381 -0.0292842 0)
(1.95739 -0.0228544 0)
(1.97121 -0.0165802 0)
(1.98335 -0.0105503 0)
(1.99276 -0.00607218 0)
(1.99938 -0.00017624 0)
(2.00411 0.00832458 0)
(2.01196 0.015847 0)
(2.02254 0.0222573 0)
(2.03428 0.0301893 0)
(2.04538 0.0393198 0)
(2.05576 0.0478535 0)
(2.0649 0.0553635 0)
(2.07336 0.0632147 0)
(2.08181 0.0710329 0)
(2.09113 0.0790161 0)
(2.09975 0.0870249 0)
(2.10658 0.0944065 0)
(2.11281 0.100416 0)
(2.12025 0.105457 0)
(2.1295 0.110999 0)
(2.13953 0.117097 0)
(2.1492 0.123455 0)
(2.15809 0.130253 0)
(2.16579 0.141154 0)
(2.17015 0.15159 0)
(2.17583 0.15734 0)
(2.18536 0.159502 0)
(2.19307 0.16399 0)
(2.19614 0.160938 0)
(2.1904 0.144622 0)
(2.17043 0.103805 0)
(2.14167 0.0583346 0)
(2.08988 0.000910819 0)
(2.05746 -0.041088 0)
(2.05057 -0.0641054 0)
(2.05895 -0.0860155 0)
(2.0627 -0.0904991 0)
(2.06788 -0.0917971 0)
(2.07111 -0.0932113 0)
(2.06865 -0.0899556 0)
(2.07262 -0.08978 0)
(2.08025 -0.0925675 0)
(2.08946 -0.100709 0)
(2.09677 -0.108443 0)
(2.10259 -0.112663 0)
(2.10637 -0.115157 0)
(2.1066 -0.11501 0)
(2.10945 -0.115188 0)
(2.11682 -0.116782 0)
(2.12485 -0.12063 0)
(2.13285 -0.12554 0)
(2.14042 -0.130011 0)
(2.14721 -0.132323 0)
(2.15225 -0.136074 0)
(2.15434 -0.138052 0)
(2.16019 -0.145267 0)
(2.16467 -0.142126 0)
(1.35603 0.534667 0)
(1.41206 0.497399 0)
(1.45858 0.469946 0)
(1.4981 0.427242 0)
(1.54799 0.385488 0)
(1.59975 0.34533 0)
(1.63971 0.307296 0)
(1.67837 0.254041 0)
(1.71507 0.192052 0)
(1.74468 0.148827 0)
(1.78228 0.11294 0)
(1.82468 0.0625116 0)
(1.85477 0.0123564 0)
(1.87071 -0.0268779 0)
(1.89158 -0.0689464 0)
(1.92522 -0.110748 0)
(1.95663 -0.151997 0)
(1.98026 -0.184141 0)
(1.99181 -0.219858 0)
(2.01256 -0.26315 0)
(2.03381 -0.293451 0)
(2.05789 -0.312953 0)
(2.08096 -0.34142 0)
(2.09642 -0.359344 0)
(2.11349 -0.390083 0)
(2.12995 -0.419249 0)
(2.1526 -0.446106 0)
(2.15782 -0.44642 0)
(2.15533 -0.434959 0)
(2.11938 -0.372268 0)
(2.04001 -0.248726 0)
(1.95729 -0.133011 0)
(1.9098 -0.0642042 0)
(1.91276 -0.0420025 0)
(1.92353 -0.0278915 0)
(1.93333 -0.0257865 0)
(1.94637 -0.027493 0)
(1.95302 -0.027227 0)
(1.96201 -0.0206126 0)
(1.97519 -0.0135943 0)
(1.988 -0.00702912 0)
(1.99939 6.7677e-05 0)
(2.00785 0.00459107 0)
(2.01487 0.00873286 0)
(2.02211 0.0151859 0)
(2.03153 0.0227306 0)
(2.04211 0.0327402 0)
(2.05195 0.0450527 0)
(2.06045 0.0566304 0)
(2.06847 0.0645319 0)
(2.07862 0.0688439 0)
(2.08982 0.0733007 0)
(2.09989 0.0802004 0)
(2.10883 0.088329 0)
(2.11703 0.0975133 0)
(2.12277 0.10789 0)
(2.12693 0.116956 0)
(2.1348 0.121122 0)
(2.14542 0.12483 0)
(2.15588 0.130484 0)
(2.16672 0.137025 0)
(2.17705 0.144241 0)
(2.18587 0.157434 0)
(2.1905 0.168924 0)
(2.19082 0.174502 0)
(2.1981 0.17273 0)
(2.19732 0.166437 0)
(2.19169 0.148679 0)
(2.16527 0.0974697 0)
(2.13332 0.0356418 0)
(2.10241 -0.0165644 0)
(2.06689 -0.0483374 0)
(2.05 -0.0613187 0)
(2.05023 -0.0654254 0)
(2.05968 -0.0747049 0)
(2.06748 -0.0784278 0)
(2.07541 -0.0811406 0)
(2.08132 -0.0853182 0)
(2.08159 -0.0860568 0)
(2.08044 -0.0864556 0)
(2.08571 -0.0895277 0)
(2.09292 -0.0943721 0)
(2.09998 -0.100793 0)
(2.10636 -0.104822 0)
(2.11181 -0.107754 0)
(2.11491 -0.109846 0)
(2.11643 -0.110992 0)
(2.1212 -0.113241 0)
(2.12803 -0.116191 0)
(2.13536 -0.119863 0)
(2.14265 -0.123513 0)
(2.14955 -0.12681 0)
(2.15558 -0.128991 0)
(2.15836 -0.130094 0)
(2.16152 -0.135627 0)
(2.16974 -0.140021 0)
(1.35973 0.527845 0)
(1.41891 0.495874 0)
(1.46307 0.460356 0)
(1.49979 0.413596 0)
(1.54808 0.373728 0)
(1.59631 0.333922 0)
(1.63075 0.297848 0)
(1.66086 0.249897 0)
(1.70183 0.1962 0)
(1.73693 0.154129 0)
(1.76908 0.121341 0)
(1.80773 0.0783434 0)
(1.84015 0.0268609 0)
(1.85927 -0.0121648 0)
(1.87717 -0.0489152 0)
(1.90892 -0.0846061 0)
(1.93996 -0.123548 0)
(1.96578 -0.155858 0)
(1.98016 -0.186358 0)
(1.99384 -0.222424 0)
(2.01932 -0.255934 0)
(2.04399 -0.278847 0)
(2.06791 -0.29827 0)
(2.08582 -0.320632 0)
(2.09685 -0.341411 0)
(2.10969 -0.370593 0)
(2.12905 -0.392553 0)
(2.15412 -0.411954 0)
(2.16926 -0.428503 0)
(2.16785 -0.422674 0)
(2.14841 -0.381422 0)
(2.08971 -0.286325 0)
(1.99751 -0.154467 0)
(1.95708 -0.0808166 0)
(1.94724 -0.0340559 0)
(1.94574 -0.025757 0)
(1.94835 -0.0206056 0)
(1.96126 -0.0152408 0)
(1.97402 -0.0101518 0)
(1.98647 -0.00192209 0)
(1.99717 0.00636234 0)
(2.00608 0.0122495 0)
(2.01459 0.0175739 0)
(2.02067 0.0213611 0)
(2.02925 0.0257873 0)
(2.0415 0.0339593 0)
(2.05443 0.0451132 0)
(2.06623 0.058272 0)
(2.07434 0.0712819 0)
(2.07589 0.0814636 0)
(2.08031 0.0883359 0)
(2.09121 0.0909964 0)
(2.10291 0.096297 0)
(2.11475 0.103236 0)
(2.12572 0.111098 0)
(2.13276 0.119612 0)
(2.13118 0.130857 0)
(2.13494 0.14188 0)
(2.14646 0.146154 0)
(2.15863 0.150468 0)
(2.17242 0.155424 0)
(2.18708 0.163634 0)
(2.19685 0.174841 0)
(2.19333 0.183234 0)
(2.19362 0.180404 0)
(2.19207 0.174843 0)
(2.18077 0.155661 0)
(2.15214 0.104525 0)
(2.10769 0.0272356 0)
(2.08547 -0.0188955 0)
(2.06804 -0.0520444 0)
(2.06013 -0.0604403 0)
(2.05074 -0.0601879 0)
(2.05025 -0.0616819 0)
(2.05663 -0.0637241 0)
(2.06518 -0.0692436 0)
(2.07395 -0.0756669 0)
(2.08108 -0.0803519 0)
(2.08528 -0.0833792 0)
(2.08553 -0.0835671 0)
(2.08597 -0.0826785 0)
(2.09119 -0.0836086 0)
(2.09753 -0.0880487 0)
(2.10445 -0.0946702 0)
(2.11064 -0.10013 0)
(2.11513 -0.10319 0)
(2.11813 -0.103605 0)
(2.12035 -0.103084 0)
(2.12595 -0.103632 0)
(2.13318 -0.105015 0)
(2.14069 -0.108918 0)
(2.14786 -0.114124 0)
(2.15404 -0.118979 0)
(2.15774 -0.120882 0)
(2.15863 -0.120456 0)
(2.16517 -0.12579 0)
(1.34909 0.508074 0)
(1.40723 0.478397 0)
(1.44801 0.444688 0)
(1.48613 0.40337 0)
(1.53493 0.367019 0)
(1.58261 0.32885 0)
(1.61621 0.291708 0)
(1.64227 0.243972 0)
(1.6828 0.199005 0)
(1.72373 0.157357 0)
(1.75405 0.128274 0)
(1.78455 0.0907054 0)
(1.81746 0.0406674 0)
(1.84128 0.000999935 0)
(1.86051 -0.0306084 0)
(1.88835 -0.0623909 0)
(1.91859 -0.0988586 0)
(1.94399 -0.129865 0)
(1.96355 -0.159359 0)
(1.97447 -0.187884 0)
(1.99774 -0.218164 0)
(2.02356 -0.245803 0)
(2.04771 -0.266912 0)
(2.06892 -0.288052 0)
(2.08094 -0.305962 0)
(2.08994 -0.327664 0)
(2.10721 -0.350998 0)
(2.13034 -0.366844 0)
(2.1555 -0.383749 0)
(2.17104 -0.404764 0)
(2.17454 -0.40471 0)
(2.16483 -0.377244 0)
(2.12543 -0.310948 0)
(2.04468 -0.192021 0)
(2.00676 -0.0928635 0)
(1.96745 -0.0280828 0)
(1.95494 -0.000591571 0)
(1.96342 -0.000667346 0)
(1.97675 0.00480872 0)
(1.99212 0.0120737 0)
(2.00565 0.0185143 0)
(2.01457 0.0242308 0)
(2.01712 0.0301316 0)
(2.02188 0.0371883 0)
(2.03572 0.0437532 0)
(2.05038 0.0534601 0)
(2.06345 0.0638616 0)
(2.07455 0.0717381 0)
(2.0825 0.0785279 0)
(2.08313 0.0876633 0)
(2.08515 0.0985955 0)
(2.0944 0.107047 0)
(2.1061 0.113645 0)
(2.11791 0.120399 0)
(2.1286 0.126534 0)
(2.1367 0.132783 0)
(2.13923 0.140101 0)
(2.14066 0.152698 0)
(2.14837 0.164629 0)
(2.1609 0.173389 0)
(2.17583 0.179659 0)
(2.18893 0.184926 0)
(2.19481 0.187417 0)
(2.19274 0.184327 0)
(2.18531 0.171467 0)
(2.16497 0.144352 0)
(2.13185 0.0978467 0)
(2.07963 0.023542 0)
(2.05335 -0.0174162 0)
(2.04883 -0.0375375 0)
(2.05035 -0.0545395 0)
(2.05097 -0.0565403 0)
(2.05222 -0.0572268 0)
(2.05022 -0.0559975 0)
(2.05284 -0.0562023 0)
(2.05995 -0.0587175 0)
(2.06927 -0.0659811 0)
(2.07596 -0.0726525 0)
(2.08158 -0.0754199 0)
(2.08626 -0.0759668 0)
(2.08805 -0.0745991 0)
(2.08751 -0.0769303 0)
(2.09004 -0.0826902 0)
(2.09532 -0.0873738 0)
(2.10269 -0.0906151 0)
(2.11045 -0.0937139 0)
(2.11767 -0.0957911 0)
(2.12374 -0.0954346 0)
(2.12712 -0.0940083 0)
(2.12956 -0.0969041 0)
(2.13447 -0.102411 0)
(2.14016 -0.107354 0)
(2.1466 -0.111337 0)
(2.1541 -0.114711 0)
(2.16017 -0.115064 0)
(2.16838 -0.116318 0)
(1.32057 0.461528 0)
(1.38311 0.443325 0)
(1.42012 0.421862 0)
(1.45301 0.389593 0)
(1.50016 0.356499 0)
(1.54746 0.320249 0)
(1.57955 0.285136 0)
(1.60536 0.241436 0)
(1.6475 0.202472 0)
(1.69233 0.163733 0)
(1.72522 0.133935 0)
(1.74885 0.101022 0)
(1.77975 0.056206 0)
(1.81094 0.0138463 0)
(1.83634 -0.0147654 0)
(1.86063 -0.0408525 0)
(1.888 -0.0730311 0)
(1.913 -0.105503 0)
(1.93419 -0.131635 0)
(1.95114 -0.157113 0)
(1.96854 -0.180498 0)
(1.99532 -0.205249 0)
(2.02085 -0.229037 0)
(2.04334 -0.250348 0)
(2.06091 -0.273652 0)
(2.06952 -0.289671 0)
(2.08123 -0.306557 0)
(2.10456 -0.324872 0)
(2.13195 -0.339749 0)
(2.15931 -0.358661 0)
(2.17479 -0.378066 0)
(2.17679 -0.382672 0)
(2.16693 -0.36004 0)
(2.14361 -0.318866 0)
(2.09678 -0.219704 0)
(2.03883 -0.102633 0)
(1.98622 -0.0182896 0)
(1.97304 0.0126936 0)
(1.98535 0.0245593 0)
(1.99632 0.0265843 0)
(2.01104 0.0280333 0)
(2.02158 0.0327166 0)
(2.02492 0.0443147 0)
(2.03305 0.0583967 0)
(2.04722 0.0676357 0)
(2.06089 0.0752868 0)
(2.07422 0.0820305 0)
(2.08636 0.0878417 0)
(2.09425 0.0940533 0)
(2.09654 0.103226 0)
(2.10049 0.115037 0)
(2.10881 0.126267 0)
(2.11863 0.135122 0)
(2.12856 0.141038 0)
(2.13821 0.145148 0)
(2.14585 0.149577 0)
(2.15144 0.157483 0)
(2.15655 0.168459 0)
(2.16453 0.183295 0)
(2.17423 0.195349 0)
(2.18299 0.198059 0)
(2.18881 0.19825 0)
(2.1884 0.192468 0)
(2.17984 0.170145 0)
(2.15019 0.121149 0)
(2.11323 0.0658824 0)
(2.07087 0.0113039 0)
(2.03968 -0.021438 0)
(2.02987 -0.0287978 0)
(2.03314 -0.0422695 0)
(2.04118 -0.0532964 0)
(2.04536 -0.0537823 0)
(2.05175 -0.0536609 0)
(2.053 -0.0515703 0)
(2.05094 -0.0489779 0)
(2.05577 -0.0509258 0)
(2.06123 -0.0551362 0)
(2.06955 -0.0621868 0)
(2.07677 -0.0681855 0)
(2.08397 -0.0711394 0)
(2.08878 -0.0732598 0)
(2.0874 -0.0727821 0)
(2.08718 -0.0736056 0)
(2.09281 -0.075524 0)
(2.0999 -0.0801804 0)
(2.10801 -0.0843436 0)
(2.11623 -0.0865759 0)
(2.12417 -0.0884902 0)
(2.12874 -0.0901597 0)
(2.12769 -0.0908736 0)
(2.12987 -0.0932369 0)
(2.13737 -0.0961888 0)
(2.14461 -0.099989 0)
(2.15184 -0.103205 0)
(2.1592 -0.104018 0)
(2.17044 -0.106898 0)
(1.20332 0.441955 0)
(1.29633 0.424409 0)
(1.3559 0.39137 0)
(1.40503 0.365999 0)
(1.46242 0.337636 0)
(1.51305 0.305975 0)
(1.54147 0.276568 0)
(1.56503 0.239059 0)
(1.60646 0.207262 0)
(1.65324 0.172018 0)
(1.68702 0.143925 0)
(1.70967 0.1097 0)
(1.73847 0.0697657 0)
(1.77177 0.0343051 0)
(1.80451 0.0074277 0)
(1.83286 -0.0188155 0)
(1.85367 -0.0456146 0)
(1.87512 -0.078661 0)
(1.8994 -0.109035 0)
(1.9228 -0.132844 0)
(1.94406 -0.151253 0)
(1.96355 -0.16826 0)
(1.98438 -0.191042 0)
(2.007 -0.216079 0)
(2.02977 -0.238664 0)
(2.0504 -0.259793 0)
(2.06719 -0.273313 0)
(2.08334 -0.283342 0)
(2.10139 -0.295595 0)
(2.12134 -0.311309 0)
(2.14093 -0.335155 0)
(2.15815 -0.347724 0)
(2.16542 -0.354081 0)
(2.18544 -0.346667 0)
(2.17982 -0.312105 0)
(2.15039 -0.242217 0)
(2.0785 -0.125095 0)
(2.01992 -0.0320623 0)
(2.00548 0.00913429 0)
(2.01029 0.0388828 0)
(2.01614 0.0464506 0)
(2.02235 0.0504977 0)
(2.02711 0.053747 0)
(2.03858 0.0640097 0)
(2.05219 0.0759896 0)
(2.06539 0.0869666 0)
(2.07768 0.094692 0)
(2.08844 0.0990402 0)
(2.09625 0.103432 0)
(2.10254 0.111915 0)
(2.11058 0.124258 0)
(2.11932 0.137605 0)
(2.12696 0.149536 0)
(2.13381 0.156288 0)
(2.14201 0.159965 0)
(2.15095 0.164287 0)
(2.1606 0.171636 0)
(2.17229 0.185334 0)
(2.18229 0.200395 0)
(2.18843 0.21006 0)
(2.18512 0.208288 0)
(2.18255 0.202179 0)
(2.16872 0.177612 0)
(2.13014 0.115135 0)
(2.08991 0.045418 0)
(2.0671 0.000718968 0)
(2.04096 -0.0256748 0)
(2.02697 -0.0331083 0)
(2.02076 -0.0357327 0)
(2.02738 -0.0406604 0)
(2.03542 -0.046036 0)
(2.04215 -0.0491442 0)
(2.04905 -0.0516967 0)
(2.05371 -0.051613 0)
(2.05298 -0.0484257 0)
(2.05145 -0.046353 0)
(2.05573 -0.047308 0)
(2.06272 -0.0514522 0)
(2.07033 -0.0593892 0)
(2.07654 -0.0650234 0)
(2.0821 -0.0684004 0)
(2.08648 -0.0691472 0)
(2.08778 -0.066288 0)
(2.08972 -0.0651129 0)
(2.09659 -0.0676187 0)
(2.10374 -0.0713089 0)
(2.11087 -0.0761689 0)
(2.11753 -0.0813434 0)
(2.12307 -0.0859052 0)
(2.12756 -0.0872197 0)
(2.13087 -0.0846783 0)
(2.1336 -0.0833794 0)
(2.14026 -0.0852193 0)
(2.14786 -0.0879087 0)
(2.15413 -0.0921193 0)
(2.16336 -0.096977 0)
(1.04145 0.339879 0)
(1.14453 0.340718 0)
(1.23079 0.332513 0)
(1.30972 0.327517 0)
(1.38752 0.314121 0)
(1.44953 0.280994 0)
(1.48776 0.24989 0)
(1.52413 0.22513 0)
(1.56943 0.200999 0)
(1.61903 0.16982 0)
(1.65432 0.146449 0)
(1.67617 0.116436 0)
(1.70205 0.0834784 0)
(1.73925 0.0528409 0)
(1.77376 0.0291443 0)
(1.80253 0.00768005 0)
(1.82722 -0.0219284 0)
(1.85079 -0.0517747 0)
(1.87657 -0.0788682 0)
(1.90383 -0.100242 0)
(1.93145 -0.119389 0)
(1.95626 -0.139599 0)
(1.97742 -0.16073 0)
(1.99717 -0.181483 0)
(2.01776 -0.200466 0)
(2.04008 -0.216508 0)
(2.06279 -0.231496 0)
(2.0834 -0.246059 0)
(2.1008 -0.258663 0)
(2.11684 -0.271307 0)
(2.13474 -0.285936 0)
(2.15445 -0.30312 0)
(2.17625 -0.314237 0)
(2.20212 -0.316462 0)
(2.20865 -0.324439 0)
(2.19339 -0.297416 0)
(2.16874 -0.245689 0)
(2.1024 -0.138353 0)
(2.04843 -0.0389315 0)
(2.02002 0.0305224 0)
(2.00867 0.0686247 0)
(2.00817 0.0760666 0)
(2.02055 0.073456 0)
(2.03671 0.078376 0)
(2.05246 0.0902912 0)
(2.06394 0.104324 0)
(2.072 0.113315 0)
(2.07852 0.116715 0)
(2.08781 0.120817 0)
(2.10061 0.127185 0)
(2.11329 0.13766 0)
(2.12423 0.150439 0)
(2.13151 0.163453 0)
(2.13334 0.174573 0)
(2.13905 0.180475 0)
(2.1511 0.184501 0)
(2.16503 0.191692 0)
(2.18032 0.20321 0)
(2.19082 0.212373 0)
(2.18796 0.211628 0)
(2.17752 0.19877 0)
(2.15632 0.174385 0)
(2.10915 0.117043 0)
(2.05854 0.0434405 0)
(2.03514 -0.00181818 0)
(2.03184 -0.0290592 0)
(2.02617 -0.0369431 0)
(2.02209 -0.039927 0)
(2.0196 -0.0339735 0)
(2.02095 -0.0304955 0)
(2.02745 -0.0311167 0)
(2.03357 -0.0352309 0)
(2.04087 -0.0424661 0)
(2.04433 -0.0468597 0)
(2.0476 -0.0484671 0)
(2.04773 -0.0464544 0)
(2.04709 -0.0445063 0)
(2.05207 -0.0457607 0)
(2.05857 -0.0489179 0)
(2.06489 -0.053503 0)
(2.07108 -0.0577126 0)
(2.07652 -0.0611621 0)
(2.08019 -0.0630842 0)
(2.08204 -0.0630429 0)
(2.08552 -0.0635564 0)
(2.09171 -0.0654701 0)
(2.09878 -0.0685284 0)
(2.10554 -0.0719222 0)
(2.11188 -0.0752549 0)
(2.11756 -0.0773659 0)
(2.12175 -0.0783139 0)
(2.12484 -0.0777848 0)
(2.12898 -0.0786369 0)
(2.13497 -0.0805291 0)
(2.14079 -0.0837582 0)
(2.14914 -0.0882493 0)
(0.939095 0.268522 0)
(1.01301 0.273748 0)
(1.09254 0.279314 0)
(1.17666 0.281498 0)
(1.25997 0.273694 0)
(1.32913 0.254579 0)
(1.38597 0.233925 0)
(1.44019 0.216968 0)
(1.49705 0.197752 0)
(1.55314 0.168438 0)
(1.5926 0.137459 0)
(1.61904 0.107478 0)
(1.65238 0.0807009 0)
(1.69561 0.0542981 0)
(1.7307 0.0319292 0)
(1.76211 0.0130335 0)
(1.79022 -0.0127136 0)
(1.81607 -0.0378413 0)
(1.84527 -0.0581495 0)
(1.87498 -0.0768907 0)
(1.9031 -0.0950219 0)
(1.9281 -0.113165 0)
(1.94854 -0.131641 0)
(1.96632 -0.149673 0)
(1.98631 -0.166824 0)
(2.00909 -0.182352 0)
(2.03256 -0.197119 0)
(2.05382 -0.211288 0)
(2.07145 -0.22349 0)
(2.08672 -0.233775 0)
(2.10167 -0.24234 0)
(2.12028 -0.254346 0)
(2.13957 -0.265001 0)
(2.15968 -0.28067 0)
(2.17627 -0.287004 0)
(2.18065 -0.297499 0)
(2.17782 -0.280755 0)
(2.15855 -0.233253 0)
(2.11475 -0.146893 0)
(2.05665 -0.0434215 0)
(2.00511 0.0370983 0)
(1.98802 0.0677276 0)
(2.00357 0.0912237 0)
(2.0167 0.0960237 0)
(2.03477 0.103878 0)
(2.04749 0.112306 0)
(2.05183 0.120714 0)
(2.0568 0.126454 0)
(2.06965 0.129399 0)
(2.08552 0.136302 0)
(2.10247 0.147249 0)
(2.11579 0.156845 0)
(2.1257 0.167057 0)
(2.12776 0.182553 0)
(2.1301 0.199246 0)
(2.14344 0.206417 0)
(2.15884 0.213353 0)
(2.17205 0.216403 0)
(2.17862 0.208828 0)
(2.16624 0.191863 0)
(2.13595 0.151987 0)
(2.0874 0.0974874 0)
(2.02713 0.0351213 0)
(1.99786 -0.00764724 0)
(1.9911 -0.0224179 0)
(2.00444 -0.0403874 0)
(2.00954 -0.0405476 0)
(2.01456 -0.0369057 0)
(2.01283 -0.0303349 0)
(2.00677 -0.025707 0)
(2.01017 -0.0265039 0)
(2.01485 -0.0294323 0)
(2.02132 -0.0353412 0)
(2.02682 -0.0402254 0)
(2.03073 -0.0420163 0)
(2.03376 -0.0432806 0)
(2.03334 -0.0420157 0)
(2.03461 -0.0416868 0)
(2.04003 -0.0435456 0)
(2.04618 -0.0460781 0)
(2.05229 -0.0489962 0)
(2.05802 -0.0518611 0)
(2.06268 -0.0546425 0)
(2.06535 -0.0566869 0)
(2.06795 -0.0581134 0)
(2.07303 -0.059623 0)
(2.07977 -0.0617177 0)
(2.08678 -0.0634771 0)
(2.09373 -0.0650621 0)
(2.10009 -0.0662392 0)
(2.10522 -0.0677048 0)
(2.10833 -0.0684821 0)
(2.11097 -0.0705879 0)
(2.11525 -0.0732837 0)
(2.12046 -0.0768071 0)
(2.12942 -0.0802637 0)
(0.928435 0.223222 0)
(0.973425 0.223837 0)
(1.02622 0.227475 0)
(1.08838 0.225813 0)
(1.15337 0.218503 0)
(1.21462 0.204974 0)
(1.27315 0.192931 0)
(1.33287 0.182847 0)
(1.39627 0.170341 0)
(1.45447 0.149968 0)
(1.49504 0.127683 0)
(1.53071 0.1037 0)
(1.57223 0.0850714 0)
(1.61928 0.0656062 0)
(1.6587 0.0465712 0)
(1.69027 0.0287346 0)
(1.71814 0.00239408 0)
(1.74851 -0.0244306 0)
(1.78002 -0.0426707 0)
(1.81157 -0.0584108 0)
(1.84049 -0.0751973 0)
(1.86533 -0.0923844 0)
(1.88564 -0.109833 0)
(1.90375 -0.126708 0)
(1.92459 -0.142073 0)
(1.94879 -0.155946 0)
(1.97401 -0.168984 0)
(1.99771 -0.180873 0)
(2.01806 -0.192047 0)
(2.0347 -0.202923 0)
(2.04944 -0.213018 0)
(2.06716 -0.222747 0)
(2.08743 -0.233056 0)
(2.10978 -0.242474 0)
(2.12951 -0.252694 0)
(2.15058 -0.258503 0)
(2.15882 -0.267665 0)
(2.16418 -0.259196 0)
(2.15194 -0.220737 0)
(2.12154 -0.156949 0)
(2.05678 -0.0519301 0)
(1.99072 0.053686 0)
(1.97884 0.0897807 0)
(1.99189 0.122519 0)
(2.00604 0.125749 0)
(2.02042 0.124393 0)
(2.02594 0.131896 0)
(2.03284 0.144969 0)
(2.0465 0.149532 0)
(2.062 0.155766 0)
(2.0819 0.165518 0)
(2.0964 0.171598 0)
(2.10961 0.178371 0)
(2.11755 0.193227 0)
(2.11885 0.213559 0)
(2.13034 0.224509 0)
(2.13625 0.224517 0)
(2.13949 0.219458 0)
(2.13431 0.201834 0)
(2.0969 0.140205 0)
(2.04574 0.0701763 0)
(2.00052 0.0161821 0)
(1.96695 -0.0110688 0)
(1.95708 -0.0255555 0)
(1.96185 -0.0229096 0)
(1.97486 -0.0210573 0)
(1.98243 -0.0224615 0)
(1.98814 -0.0248234 0)
(1.98857 -0.0276488 0)
(1.98356 -0.0273552 0)
(1.9839 -0.0271755 0)
(1.9887 -0.0279263 0)
(1.99409 -0.0295277 0)
(1.99971 -0.0323967 0)
(2.00423 -0.0340493 0)
(2.00815 -0.0353556 0)
(2.0097 -0.0362207 0)
(2.01033 -0.0369188 0)
(2.01403 -0.0385554 0)
(2.01967 -0.0406666 0)
(2.02578 -0.0429425 0)
(2.03182 -0.0452685 0)
(2.03718 -0.0476388 0)
(2.04125 -0.049757 0)
(2.04472 -0.0512351 0)
(2.04913 -0.0521811 0)
(2.05509 -0.05386 0)
(2.06183 -0.055746 0)
(2.06894 -0.057652 0)
(2.07578 -0.0591265 0)
(2.08159 -0.0606516 0)
(2.08533 -0.0618628 0)
(2.08782 -0.0638824 0)
(2.09112 -0.0664926 0)
(2.09583 -0.0692857 0)
(2.10579 -0.0713784 0)
(0.924105 0.194571 0)
(0.963136 0.193108 0)
(1.00476 0.191479 0)
(1.04897 0.187716 0)
(1.09499 0.181584 0)
(1.14241 0.174867 0)
(1.19279 0.16809 0)
(1.24753 0.159424 0)
(1.30477 0.147852 0)
(1.35534 0.129789 0)
(1.39676 0.1092 0)
(1.43819 0.0917428 0)
(1.48403 0.0767402 0)
(1.53373 0.0594464 0)
(1.57415 0.0425637 0)
(1.60547 0.0235641 0)
(1.63389 0.000446701 0)
(1.66955 -0.0168899 0)
(1.70513 -0.0311881 0)
(1.7389 -0.0452627 0)
(1.76966 -0.0598151 0)
(1.7965 -0.074773 0)
(1.81927 -0.0908395 0)
(1.84197 -0.105455 0)
(1.86749 -0.117807 0)
(1.89489 -0.128625 0)
(1.92227 -0.139169 0)
(1.94829 -0.149332 0)
(1.97174 -0.159757 0)
(1.99185 -0.17083 0)
(2.01048 -0.180944 0)
(2.02999 -0.190129 0)
(2.05179 -0.197539 0)
(2.07472 -0.20466 0)
(2.09749 -0.212053 0)
(2.11826 -0.221351 0)
(2.13731 -0.229922 0)
(2.14893 -0.235265 0)
(2.16019 -0.23088 0)
(2.15482 -0.206879 0)
(2.13322 -0.152678 0)
(2.06624 -0.0450857 0)
(2.00168 0.0613252 0)
(1.98199 0.100701 0)
(1.98574 0.13011 0)
(1.9942 0.135948 0)
(2.00082 0.137954 0)
(2.00987 0.149962 0)
(2.02479 0.167441 0)
(2.03994 0.174566 0)
(2.05749 0.180418 0)
(2.07296 0.186902 0)
(2.08848 0.191421 0)
(2.10087 0.197573 0)
(2.10496 0.213717 0)
(2.10624 0.223196 0)
(2.10398 0.222412 0)
(2.09337 0.2075 0)
(2.0502 0.146244 0)
(1.98828 0.0580358 0)
(1.9581 0.00768279 0)
(1.93856 -0.0201023 0)
(1.93271 -0.0268817 0)
(1.92928 -0.0204887 0)
(1.93382 -0.0111714 0)
(1.94025 -0.0102953 0)
(1.94704 -0.0148346 0)
(1.95202 -0.0223045 0)
(1.95417 -0.0269376 0)
(1.95437 -0.0285978 0)
(1.95506 -0.0265865 0)
(1.95876 -0.0247954 0)
(1.96363 -0.0246994 0)
(1.96875 -0.0260108 0)
(1.97354 -0.0285062 0)
(1.97757 -0.0313909 0)
(1.98044 -0.0338101 0)
(1.98258 -0.0342809 0)
(1.98559 -0.0333718 0)
(1.99052 -0.0333153 0)
(1.99655 -0.0345364 0)
(2.00264 -0.0369592 0)
(2.00829 -0.0404087 0)
(2.01335 -0.0440049 0)
(2.01821 -0.0467243 0)
(2.02334 -0.0474966 0)
(2.02913 -0.0469067 0)
(2.03574 -0.0458409 0)
(2.0429 -0.0459374 0)
(2.04968 -0.0472716 0)
(2.05526 -0.0506914 0)
(2.05916 -0.0549221 0)
(2.06248 -0.0594903 0)
(2.06633 -0.0614859 0)
(2.07147 -0.0614877 0)
(2.08258 -0.0610949 0)
(0.904797 0.168001 0)
(0.944736 0.166651 0)
(0.98486 0.164141 0)
(1.02523 0.159135 0)
(1.06572 0.153041 0)
(1.10784 0.146648 0)
(1.15255 0.140586 0)
(1.19947 0.134257 0)
(1.24589 0.124324 0)
(1.28806 0.109362 0)
(1.32838 0.0943595 0)
(1.37162 0.0817482 0)
(1.41977 0.0715055 0)
(1.46627 0.0587657 0)
(1.50329 0.0441182 0)
(1.53502 0.0254575 0)
(1.56897 0.00765364 0)
(1.60868 -0.00560721 0)
(1.6464 -0.0168974 0)
(1.68115 -0.0274073 0)
(1.71311 -0.0419206 0)
(1.74189 -0.0595541 0)
(1.7689 -0.0763106 0)
(1.79672 -0.0896009 0)
(1.82605 -0.0988248 0)
(1.85581 -0.106001 0)
(1.88455 -0.113398 0)
(1.91093 -0.122838 0)
(1.93447 -0.135022 0)
(1.95653 -0.146809 0)
(1.97944 -0.156051 0)
(2.00323 -0.161697 0)
(2.02763 -0.166147 0)
(2.0512 -0.17019 0)
(2.07342 -0.176261 0)
(2.09314 -0.184148 0)
(2.11301 -0.19543 0)
(2.13196 -0.202605 0)
(2.15382 -0.204027 0)
(2.16433 -0.203442 0)
(2.16957 -0.187068 0)
(2.14961 -0.135306 0)
(2.09212 -0.0379184 0)
(2.02428 0.0626939 0)
(1.98591 0.11642 0)
(1.98424 0.147129 0)
(1.98945 0.15827 0)
(2.00188 0.166452 0)
(2.01591 0.17818 0)
(2.02688 0.19368 0)
(2.04022 0.203003 0)
(2.05536 0.207188 0)
(2.07041 0.211147 0)
(2.08452 0.215755 0)
(2.08507 0.223136 0)
(2.08371 0.220609 0)
(2.06735 0.199095 0)
(2.0189 0.144722 0)
(1.94407 0.0574468 0)
(1.90461 0.0027926 0)
(1.90029 -0.0142703 0)
(1.90488 -0.0222989 0)
(1.90699 -0.020988 0)
(1.90864 -0.0132878 0)
(1.90731 -0.00691827 0)
(1.90986 -0.00796492 0)
(1.91493 -0.0129512 0)
(1.91957 -0.0195733 0)
(1.92365 -0.0235413 0)
(1.9272 -0.0237865 0)
(1.93074 -0.0223217 0)
(1.93357 -0.020584 0)
(1.93659 -0.021145 0)
(1.94103 -0.0241317 0)
(1.94535 -0.0273595 0)
(1.94956 -0.0290672 0)
(1.95418 -0.0289281 0)
(1.95884 -0.0276505 0)
(1.96278 -0.0260842 0)
(1.966 -0.0263808 0)
(1.97032 -0.0297558 0)
(1.97559 -0.0342666 0)
(1.98108 -0.0381071 0)
(1.98709 -0.0399734 0)
(1.99412 -0.039719 0)
(2.00152 -0.0380596 0)
(2.0085 -0.0358453 0)
(2.01434 -0.0347881 0)
(2.01948 -0.03726 0)
(2.02442 -0.0429237 0)
(2.02889 -0.0494784 0)
(2.03347 -0.0535913 0)
(2.03922 -0.0546325 0)
(2.0462 -0.0531085 0)
(2.05264 -0.0513821 0)
(2.06339 -0.051436 0)
(0.882676 0.140914 0)
(0.922237 0.140079 0)
(0.962639 0.138111 0)
(1.00309 0.133942 0)
(1.04369 0.129132 0)
(1.08527 0.123965 0)
(1.12833 0.11844 0)
(1.17188 0.111024 0)
(1.21343 0.10037 0)
(1.25246 0.088654 0)
(1.29205 0.0789926 0)
(1.33506 0.0719169 0)
(1.38213 0.0640225 0)
(1.4225 0.0522632 0)
(1.45667 0.0363054 0)
(1.49208 0.0178518 0)
(1.53132 0.00614936 0)
(1.57195 -0.00187395 0)
(1.60976 -0.00898334 0)
(1.6446 -0.0184967 0)
(1.67566 -0.0356635 0)
(1.70522 -0.053587 0)
(1.73624 -0.0651357 0)
(1.76848 -0.0723597 0)
(1.80092 -0.0782791 0)
(1.83224 -0.0839469 0)
(1.86065 -0.0910405 0)
(1.88506 -0.10095 0)
(1.90793 -0.112484 0)
(1.93228 -0.122168 0)
(1.95865 -0.129245 0)
(1.98564 -0.133631 0)
(2.01207 -0.13694 0)
(2.03625 -0.1398 0)
(2.05678 -0.144411 0)
(2.07438 -0.151183 0)
(2.09355 -0.160714 0)
(2.11637 -0.169366 0)
(2.14298 -0.174909 0)
(2.1672 -0.176748 0)
(2.17832 -0.176297 0)
(2.18505 -0.161908 0)
(2.16692 -0.112295 0)
(2.12498 -0.0402244 0)
(2.03967 0.0718124 0)
(2.00444 0.125285 0)
(2.00173 0.159717 0)
(2.00715 0.177708 0)
(2.01915 0.191866 0)
(2.02783 0.203768 0)
(2.03095 0.212217 0)
(2.04828 0.223811 0)
(2.06092 0.226619 0)
(2.06739 0.228112 0)
(2.06865 0.222298 0)
(2.04698 0.188154 0)
(1.99092 0.118621 0)
(1.92953 0.0511069 0)
(1.87152 -0.000705796 0)
(1.86267 -0.0143258 0)
(1.87233 -0.015829 0)
(1.88508 -0.0153755 0)
(1.8901 -0.0136643 0)
(1.89429 -0.011541 0)
(1.89275 -0.0107839 0)
(1.8898 -0.0130746 0)
(1.89288 -0.0150832 0)
(1.89726 -0.0160088 0)
(1.90426 -0.0165257 0)
(1.9101 -0.0166411 0)
(1.91421 -0.0167386 0)
(1.91702 -0.0169445 0)
(1.91737 -0.0179319 0)
(1.9203 -0.0198543 0)
(1.92555 -0.0214764 0)
(1.93125 -0.022708 0)
(1.93706 -0.02379 0)
(1.94263 -0.0249067 0)
(1.94666 -0.0263164 0)
(1.94763 -0.0280218 0)
(1.94972 -0.0295535 0)
(1.9554 -0.0304056 0)
(1.96223 -0.0305857 0)
(1.96995 -0.0301669 0)
(1.97813 -0.0297224 0)
(1.98606 -0.0297117 0)
(1.99318 -0.0306504 0)
(1.99718 -0.0337761 0)
(1.99886 -0.0388708 0)
(2.0024 -0.0429353 0)
(2.00857 -0.0448534 0)
(2.01619 -0.0449722 0)
(2.02435 -0.044457 0)
(2.03277 -0.043779 0)
(2.03917 -0.0439597 0)
(2.04775 -0.0455069 0)
(0.874456 0.112057 0)
(0.911149 0.11132 0)
(0.950279 0.110149 0)
(0.990121 0.107693 0)
(1.03084 0.104747 0)
(1.07236 0.10091 0)
(1.1142 0.0956745 0)
(1.1551 0.0880601 0)
(1.1944 0.0791221 0)
(1.23301 0.07072 0)
(1.27364 0.0645115 0)
(1.3192 0.0604724 0)
(1.36262 0.0522275 0)
(1.3981 0.040242 0)
(1.432 0.024823 0)
(1.46873 0.0139183 0)
(1.51034 0.00825537 0)
(1.55199 0.00203078 0)
(1.5892 -0.00484877 0)
(1.62245 -0.0169442 0)
(1.65168 -0.0316067 0)
(1.68343 -0.0422531 0)
(1.71747 -0.0492262 0)
(1.75182 -0.0549047 0)
(1.7856 -0.0603627 0)
(1.81711 -0.0664147 0)
(1.8441 -0.0740107 0)
(1.86713 -0.0826363 0)
(1.891 -0.0908393 0)
(1.91799 -0.0974 0)
(1.94699 -0.102759 0)
(1.97607 -0.106866 0)
(2.00366 -0.110521 0)
(2.02772 -0.113862 0)
(2.04675 -0.117765 0)
(2.06304 -0.122472 0)
(2.08259 -0.127495 0)
(2.10659 -0.133824 0)
(2.13229 -0.138696 0)
(2.16037 -0.146697 0)
(2.18255 -0.148147 0)
(2.19347 -0.149079 0)
(2.1993 -0.133088 0)
(2.18814 -0.0924542 0)
(2.15561 -0.0380558 0)
(2.07154 0.0780359 0)
(2.03137 0.15904 0)
(2.02473 0.198823 0)
(2.02878 0.205204 0)
(2.04052 0.217179 0)
(2.03744 0.232483 0)
(2.05171 0.23526 0)
(2.05549 0.234565 0)
(2.05538 0.229175 0)
(2.0296 0.186562 0)
(1.96969 0.102755 0)
(1.92001 0.0372144 0)
(1.87363 -0.00368087 0)
(1.85382 -0.0149485 0)
(1.85408 -0.0134003 0)
(1.86409 -0.0118864 0)
(1.87721 -0.00888639 0)
(1.883 -0.00852381 0)
(1.88688 -0.00942993 0)
(1.88459 -0.010783 0)
(1.88094 -0.0110408 0)
(1.88352 -0.0111043 0)
(1.88776 -0.0111353 0)
(1.89504 -0.0120556 0)
(1.90061 -0.0136042 0)
(1.90511 -0.014838 0)
(1.90729 -0.0168913 0)
(1.90672 -0.0184172 0)
(1.90917 -0.0188114 0)
(1.91455 -0.0191161 0)
(1.9206 -0.0198172 0)
(1.92668 -0.0209301 0)
(1.93216 -0.0221621 0)
(1.93586 -0.0231968 0)
(1.93742 -0.0231866 0)
(1.94036 -0.0221277 0)
(1.94607 -0.0212977 0)
(1.95278 -0.0211287 0)
(1.96048 -0.0213467 0)
(1.96839 -0.0218264 0)
(1.97589 -0.0233458 0)
(1.98107 -0.0269029 0)
(1.9832 -0.0309216 0)
(1.98584 -0.0331224 0)
(1.99143 -0.0338218 0)
(1.99909 -0.0341668 0)
(2.00745 -0.0341299 0)
(2.01611 -0.0342126 0)
(2.02445 -0.0347337 0)
(2.02943 -0.0359066 0)
(2.03706 -0.0371782 0)
(0.875882 0.0863997 0)
(0.909957 0.0850594 0)
(0.947356 0.0841577 0)
(0.985652 0.0825722 0)
(1.02514 0.0804284 0)
(1.06524 0.0771524 0)
(1.10528 0.0725107 0)
(1.1448 0.0664261 0)
(1.18429 0.0602297 0)
(1.22499 0.055525 0)
(1.2682 0.0525934 0)
(1.3124 0.0470083 0)
(1.35018 0.0377907 0)
(1.38439 0.0266224 0)
(1.42009 0.0176507 0)
(1.45882 0.0136783 0)
(1.50206 0.00930336 0)
(1.54197 0.00255201 0)
(1.57715 -0.00566374 0)
(1.60767 -0.0162135 0)
(1.63753 -0.0246965 0)
(1.67176 -0.0300519 0)
(1.70699 -0.0344972 0)
(1.74167 -0.0395461 0)
(1.77524 -0.0453158 0)
(1.80605 -0.052005 0)
(1.83227 -0.0594858 0)
(1.8562 -0.0655787 0)
(1.88216 -0.0697105 0)
(1.91065 -0.0725383 0)
(1.94023 -0.075615 0)
(1.96946 -0.0793549 0)
(1.99735 -0.0839641 0)
(2.02088 -0.089746 0)
(2.03976 -0.0948269 0)
(2.05769 -0.0972404 0)
(2.07834 -0.097451 0)
(2.10277 -0.0989299 0)
(2.12951 -0.101222 0)
(2.15761 -0.107012 0)
(2.18415 -0.116308 0)
(2.20111 -0.121464 0)
(2.20829 -0.120254 0)
(2.21661 -0.107265 0)
(2.21153 -0.076979 0)
(2.18372 -0.0183491 0)
(2.11206 0.0977654 0)
(2.07766 0.178653 0)
(2.05306 0.221565 0)
(2.04945 0.237574 0)
(2.0504 0.251878 0)
(2.05478 0.24726 0)
(2.04883 0.233598 0)
(2.02098 0.187792 0)
(1.95637 0.100321 0)
(1.90867 0.0330433 0)
(1.87067 -0.0143091 0)
(1.85593 -0.0266589 0)
(1.85247 -0.0234049 0)
(1.85624 -0.0130592 0)
(1.86463 -0.00536809 0)
(1.87354 -0.00386308 0)
(1.87829 -0.00499206 0)
(1.88081 -0.00708 0)
(1.87955 -0.00904694 0)
(1.87856 -0.00864299 0)
(1.88107 -0.00766436 0)
(1.88476 -0.00723536 0)
(1.89033 -0.00800213 0)
(1.89541 -0.00956699 0)
(1.89968 -0.011492 0)
(1.90173 -0.0138896 0)
(1.90273 -0.0147065 0)
(1.90561 -0.0142533 0)
(1.91011 -0.0141362 0)
(1.91545 -0.0145682 0)
(1.92109 -0.0153516 0)
(1.92632 -0.0165295 0)
(1.93042 -0.0178237 0)
(1.93391 -0.0180076 0)
(1.93816 -0.0164334 0)
(1.9434 -0.0144339 0)
(1.94938 -0.0132852 0)
(1.95589 -0.013549 0)
(1.96237 -0.0152177 0)
(1.96788 -0.0184196 0)
(1.97194 -0.0224018 0)
(1.97603 -0.0249466 0)
(1.9817 -0.0257973 0)
(1.98845 -0.0251693 0)
(1.99587 -0.0242663 0)
(2.00377 -0.0238813 0)
(2.01155 -0.0246982 0)
(2.01853 -0.0263267 0)
(2.02331 -0.0274208 0)
(2.03311 -0.0276504 0)
(0.881728 0.0621794 0)
(0.915289 0.0611171 0)
(0.952174 0.0602645 0)
(0.989589 0.0589487 0)
(1.02802 0.0570428 0)
(1.06697 0.0542105 0)
(1.10606 0.0507015 0)
(1.14517 0.0471746 0)
(1.18461 0.0442832 0)
(1.22519 0.0418513 0)
(1.26714 0.0382994 0)
(1.30752 0.0309323 0)
(1.34428 0.0224741 0)
(1.37969 0.0174476 0)
(1.41617 0.0155034 0)
(1.45723 0.0142146 0)
(1.49788 0.00929956 0)
(1.53394 0.0023592 0)
(1.56703 -0.00652164 0)
(1.59781 -0.0138747 0)
(1.63107 -0.0179321 0)
(1.66655 -0.0195925 0)
(1.70225 -0.021653 0)
(1.737 -0.0250149 0)
(1.76942 -0.0305188 0)
(1.79792 -0.0382356 0)
(1.82417 -0.045608 0)
(1.85126 -0.0495597 0)
(1.8801 -0.0500271 0)
(1.90938 -0.049135 0)
(1.93817 -0.0494355 0)
(1.96625 -0.0524603 0)
(1.99183 -0.05861 0)
(2.01437 -0.0661858 0)
(2.03589 -0.072474 0)
(2.05803 -0.0742975 0)
(2.0808 -0.0712081 0)
(2.10319 -0.0676038 0)
(2.12467 -0.0667851 0)
(2.14812 -0.0710335 0)
(2.1722 -0.079315 0)
(2.19485 -0.0892426 0)
(2.21552 -0.0956238 0)
(2.22956 -0.0932362 0)
(2.2437 -0.0824769 0)
(2.23755 -0.0468236 0)
(2.21429 0.0144934 0)
(2.15815 0.112339 0)
(2.1171 0.189021 0)
(2.06467 0.242815 0)
(2.064 0.256933 0)
(2.04309 0.235601 0)
(2.00519 0.180123 0)
(1.95544 0.104981 0)
(1.89606 0.0387805 0)
(1.86697 -0.000939832 0)
(1.85249 -0.0156991 0)
(1.85422 -0.0181415 0)
(1.8588 -0.0147718 0)
(1.86335 -0.00598503 0)
(1.8666 0.000614155 0)
(1.87107 0.000491896 0)
(1.87366 -0.00348943 0)
(1.87441 -0.00730901 0)
(1.8756 -0.00910075 0)
(1.87793 -0.00868012 0)
(1.88065 -0.00614369 0)
(1.88356 -0.00406235 0)
(1.88738 -0.00414642 0)
(1.89123 -0.00647653 0)
(1.89448 -0.00972196 0)
(1.89732 -0.011722 0)
(1.90081 -0.011912 0)
(1.90484 -0.0110801 0)
(1.90883 -0.00996172 0)
(1.91278 -0.00956486 0)
(1.91725 -0.0103134 0)
(1.92184 -0.0117295 0)
(1.92646 -0.0129471 0)
(1.93168 -0.0128693 0)
(1.93736 -0.0115835 0)
(1.94278 -0.0096761 0)
(1.94749 -0.00825146 0)
(1.95215 -0.00850357 0)
(1.9569 -0.0106071 0)
(1.96154 -0.0139115 0)
(1.96682 -0.0167512 0)
(1.9733 -0.0183367 0)
(1.98022 -0.0181615 0)
(1.98723 -0.016909 0)
(1.994 -0.0157939 0)
(2.00059 -0.0159189 0)
(2.00725 -0.0174242 0)
(2.01439 -0.0188921 0)
(2.02098 -0.019266 0)
(2.03222 -0.0192514 0)
(0.883311 0.0371556 0)
(0.916534 0.0364484 0)
(0.952902 0.0359329 0)
(0.989572 0.0350742 0)
(1.02714 0.033815 0)
(1.06525 0.0320893 0)
(1.10382 0.0302768 0)
(1.14296 0.0288379 0)
(1.18273 0.0277656 0)
(1.22292 0.0263202 0)
(1.26235 0.0227063 0)
(1.29938 0.0170462 0)
(1.33598 0.0118536 0)
(1.37484 0.0100308 0)
(1.41704 0.0112477 0)
(1.4575 0.010554 0)
(1.49316 0.00806777 0)
(1.5262 0.000829455 0)
(1.55928 -0.0067959 0)
(1.59411 -0.0108501 0)
(1.62999 -0.0112246 0)
(1.66619 -0.0112528 0)
(1.70154 -0.0114397 0)
(1.73424 -0.0129394 0)
(1.76249 -0.0180678 0)
(1.78902 -0.0250242 0)
(1.81771 -0.0301156 0)
(1.84911 -0.0321341 0)
(1.88124 -0.0315901 0)
(1.91213 -0.0292402 0)
(1.94029 -0.0264995 0)
(1.96343 -0.027245 0)
(1.9826 -0.0340703 0)
(2.00334 -0.0423058 0)
(2.0283 -0.0468954 0)
(2.05626 -0.0481339 0)
(2.08419 -0.0463769 0)
(2.10973 -0.0419024 0)
(2.13129 -0.0363018 0)
(2.14684 -0.0361215 0)
(2.16098 -0.0452061 0)
(2.17883 -0.0563579 0)
(2.20218 -0.061261 0)
(2.23017 -0.061121 0)
(2.25581 -0.0605018 0)
(2.27106 -0.0501886 0)
(2.26236 -0.00516657 0)
(2.24038 0.0430829 0)
(2.1903 0.115286 0)
(2.12882 0.180138 0)
(2.07909 0.22041 0)
(2.00104 0.173449 0)
(1.93823 0.0914807 0)
(1.8722 0.0243089 0)
(1.83078 -0.00911641 0)
(1.82883 -0.0197634 0)
(1.8405 -0.0181855 0)
(1.85311 -0.0114923 0)
(1.86125 -0.00728266 0)
(1.86729 -0.0035651 0)
(1.86872 -0.000707904 0)
(1.86752 -0.00148479 0)
(1.8686 -0.00404406 0)
(1.8705 -0.00558028 0)
(1.87361 -0.00597529 0)
(1.8781 -0.00406329 0)
(1.88106 -0.00219807 0)
(1.88394 -0.000873471 0)
(1.8852 -0.000805933 0)
(1.88647 -0.00387547 0)
(1.8898 -0.00687536 0)
(1.89445 -0.00829392 0)
(1.89963 -0.00855325 0)
(1.90477 -0.00790949 0)
(1.90919 -0.00622764 0)
(1.91244 -0.00474707 0)
(1.91475 -0.005458 0)
(1.91842 -0.00714546 0)
(1.92436 -0.00768143 0)
(1.93097 -0.00756538 0)
(1.93763 -0.00696329 0)
(1.94379 -0.00565039 0)
(1.94819 -0.0039202 0)
(1.95008 -0.00411013 0)
(1.95247 -0.00689933 0)
(1.9571 -0.00910359 0)
(1.96355 -0.0102238 0)
(1.97083 -0.010426 0)
(1.9787 -0.0101091 0)
(1.98671 -0.00948073 0)
(1.99376 -0.00867284 0)
(1.99924 -0.00862677 0)
(2.00466 -0.0101505 0)
(2.01162 -0.0114504 0)
(2.019 -0.011501 0)
(2.03207 -0.0113491 0)
(0.875699 0.0130696 0)
(0.909554 0.0130801 0)
(0.946626 0.0128525 0)
(0.983826 0.0124734 0)
(1.02185 0.0120051 0)
(1.06046 0.011512 0)
(1.09968 0.0110793 0)
(1.1394 0.0107125 0)
(1.17935 0.010195 0)
(1.21898 0.0092423 0)
(1.25777 0.00752578 0)
(1.29641 0.0061643 0)
(1.33567 0.00636426 0)
(1.37708 0.0068542 0)
(1.41899 0.0053949 0)
(1.45518 0.0046602 0)
(1.48966 0.00291612 0)
(1.52232 -0.000287968 0)
(1.55674 -0.00198851 0)
(1.59336 -0.0022551 0)
(1.63122 -0.00244556 0)
(1.66801 -0.002667 0)
(1.7023 -0.00314198 0)
(1.73117 -0.00452637 0)
(1.75711 -0.00666233 0)
(1.78631 -0.00891363 0)
(1.81903 -0.0101807 0)
(1.85264 -0.0102492 0)
(1.88578 -0.00968048 0)
(1.91612 -0.00873551 0)
(1.93963 -0.00866616 0)
(1.95639 -0.0104027 0)
(1.9755 -0.0130085 0)
(2.00208 -0.0154125 0)
(2.03188 -0.0164914 0)
(2.06178 -0.0161793 0)
(2.09032 -0.0149126 0)
(2.11405 -0.0130157 0)
(2.1273 -0.0127269 0)
(2.13418 -0.0140074 0)
(2.15069 -0.0164531 0)
(2.17821 -0.0200891 0)
(2.20795 -0.0217713 0)
(2.23875 -0.0225475 0)
(2.26828 -0.0218811 0)
(2.28469 -0.0205237 0)
(2.28617 -0.0175518 0)
(2.27101 -0.00634161 0)
(2.24418 0.00947434 0)
(2.15672 0.0425592 0)
(2.03721 0.0952457 0)
(1.94294 0.072705 0)
(1.90692 0.0682192 0)
(1.8289 0.0513318 0)
(1.81974 0.0299147 0)
(1.82584 -0.00109154 0)
(1.8414 -0.00584248 0)
(1.85425 -0.00429936 0)
(1.86468 -0.00363261 0)
(1.87027 -0.0034454 0)
(1.87005 -0.00263855 0)
(1.86551 -0.00235864 0)
(1.86641 -0.00246157 0)
(1.86862 -0.00254294 0)
(1.8742 -0.00200257 0)
(1.87971 -0.000592961 0)
(1.88253 -0.000331141 0)
(1.88468 -0.000544236 0)
(1.88325 -0.0015088 0)
(1.88327 -0.00246954 0)
(1.888 -0.00283147 0)
(1.8936 -0.00306377 0)
(1.90008 -0.00289259 0)
(1.90536 -0.00246343 0)
(1.91009 -0.00204597 0)
(1.91206 -0.00174506 0)
(1.91288 -0.00206246 0)
(1.91777 -0.00241162 0)
(1.92388 -0.00239723 0)
(1.93042 -0.00228764 0)
(1.9372 -0.00215364 0)
(1.94351 -0.00210094 0)
(1.94727 -0.00229311 0)
(1.9475 -0.00256248 0)
(1.9499 -0.00287744 0)
(1.95629 -0.00311036 0)
(1.96338 -0.00314175 0)
(1.97099 -0.00305836 0)
(1.97909 -0.00296902 0)
(1.98701 -0.00285398 0)
(1.99331 -0.00282575 0)
(1.99763 -0.00312001 0)
(2.00302 -0.00361269 0)
(2.01133 -0.00389494 0)
(2.01961 -0.00398403 0)
(2.03322 -0.0040901 0)
)
;

boundaryField
{
    inlet
    {
        type            fixedValue;
        value           uniform (3 0 0);
    }
    outlet
    {
        type            inletOutlet;
        inletValue      uniform (3 0 0);
        value           nonuniform List<vector> 
32
(
(1.42963 -0.00328685 0)
(1.43664 0.00215851 0)
(1.47682 0.000609059 0)
(1.55388 -0.0107987 0)
(1.64258 -0.0170785 0)
(1.72521 -0.00541642 0)
(1.79105 -0.00549863 0)
(1.83868 0.00357853 0)
(1.87052 0.0112754 0)
(1.9014 0.0138646 0)
(1.94055 -0.00179973 0)
(1.99385 -0.0338434 0)
(2.05981 -0.0814535 0)
(2.11821 -0.120243 0)
(2.1502 -0.141517 0)
(2.16467 -0.142126 0)
(2.16974 -0.140021 0)
(2.16517 -0.12579 0)
(2.16838 -0.116318 0)
(2.17044 -0.106898 0)
(2.16336 -0.096977 0)
(2.14914 -0.0882493 0)
(2.12942 -0.0802637 0)
(2.10579 -0.0713784 0)
(2.08258 -0.0610949 0)
(2.06339 -0.051436 0)
(2.04775 -0.0455069 0)
(2.03706 -0.0371782 0)
(2.03311 -0.0276504 0)
(2.03222 -0.0192514 0)
(2.03207 -0.0113491 0)
(2.03322 -0.0040901 0)
)
;
    }
    bottom
    {
        type            symmetryPlane;
    }
    top
    {
        type            symmetryPlane;
    }
    obstacle
    {
        type            slip;
    }
    defaultFaces
    {
        type            empty;
    }
}


// ************************************************************************* //
