/*--------------------------------*- C++ -*----------------------------------*\
  =========                 |
  \\      /  F ield         | OpenFOAM: The Open Source CFD Toolbox
   \\    /   O peration     | Website:  https://openfoam.org
    \\  /    A nd           | Version:  7
     \\/     M anipulation  |
\*---------------------------------------------------------------------------*/
FoamFile
{
    version     2.0;
    format      ascii;
    class       surfaceScalarField;
    location    "45";
    object      phi;
}
// * * * * * * * * * * * * * * * * * * * * * * * * * * * * * * * * * * * * * //

dimensions      [0 3 -1 0 0 0 0];

internalField   nonuniform List<scalar> 
3880
(
0.000550211
-4.39623e-05
0.000603062
-4.60009e-05
0.000655667
-4.82068e-05
0.000707935
-5.05118e-05
0.000759779
-5.28389e-05
0.000811122
-5.51048e-05
0.000861894
-5.72231e-05
0.000912032
-5.91074e-05
0.000961482
-6.06754e-05
0.0010102
-6.18516e-05
0.00105814
-6.25714e-05
0.00110529
-6.27835e-05
0.00115161
-6.24535e-05
0.00119709
-6.15643e-05
0.00124173
-6.01197e-05
0.00128551
-5.81426e-05
0.00132845
-5.56778e-05
0.00137055
-5.27877e-05
0.00141183
-4.95545e-05
0.0014523
-4.60721e-05
0.00149199
-4.24504e-05
0.00153091
-3.88006e-05
0.00156912
-3.5245e-05
0.00160662
-3.18931e-05
0.00164346
-2.88609e-05
0.00167966
-2.62344e-05
0.00171527
-2.41062e-05
0.00175033
-2.25175e-05
0.00178486
-2.15252e-05
0.0018189
-2.11088e-05
0.00185251
-2.12873e-05
0.00188567
-2.1968e-05
0.00191847
-2.31443e-05
0.00195089
-2.46472e-05
0.001983
-2.64733e-05
0.00201476
-2.83773e-05
0.00204627
-3.04045e-05
0.00207743
-3.22295e-05
0.00210839
-3.40078e-05
0.00213897
-3.53161e-05
0.00216939
-3.6494e-05
0.00219938
-3.6979e-05
0.00222925
-3.73794e-05
0.00225859
-3.69181e-05
0.00228786
-3.65673e-05
0.00231645
-3.52247e-05
0.00234505
-3.43302e-05
0.00237277
-3.23169e-05
0.00240062
-3.12014e-05
0.00242734
-2.88034e-05
0.00245437
-2.78153e-05
0.00247996
-2.532e-05
0.00250611
-2.47451e-05
-1.40792e-06
0.00253048
-2.23928e-05
-1.97511e-06
0.00255569
-2.23758e-05
-2.83487e-06
0.00257885
-2.03709e-05
-2.79189e-06
0.00260299
-2.08229e-05
-3.31712e-06
-1.95179e-05
-2.73444e-06
0.000569354
-9.67954e-05
0.000622023
-9.86697e-05
0.000674427
-0.000100611
0.000726473
-0.000102558
0.000778074
-0.00010444
0.000829151
-0.000106182
0.000879634
-0.000107706
0.000929462
-0.000108935
0.000978581
-0.000109794
0.00102695
-0.000110217
0.00107452
-0.000110148
0.00112128
-0.000109544
0.00116721
-0.000108378
0.00121229
-0.000106641
0.00125651
-0.000104345
0.00129988
-0.000101516
0.00134242
-9.82088e-05
0.00138412
-9.44877e-05
0.001425
-9.04418e-05
0.0014651
-8.61667e-05
0.00150443
-8.17787e-05
0.00154301
-7.73883e-05
0.00158089
-7.31247e-05
0.00161809
-6.90929e-05
0.00165465
-6.54187e-05
0.00169059
-6.21783e-05
0.00172597
-5.94783e-05
0.00176079
-5.73422e-05
0.00179511
-5.58492e-05
0.00182895
-5.49486e-05
0.00186236
-5.46956e-05
0.00189534
-5.49475e-05
0.00192796
-5.57569e-05
0.00196018
-5.6874e-05
0.0019921
-5.83918e-05
0.00202366
-5.99357e-05
0.00205496
-6.17064e-05
0.00208591
-6.31748e-05
0.00211664
-6.47423e-05
0.00214699
-6.56695e-05
0.00217718
-6.66797e-05
0.00220693
-6.67254e-05
0.00223655
-6.7004e-05
0.00226564
-6.60053e-05
0.00229466
-6.55913e-05
0.002323
-6.35669e-05
0.00235137
-6.26931e-05
0.00237885
-5.9802e-05
0.00240648
-5.88323e-05
0.00243298
-5.53049e-05
0.00245981
-5.46441e-05
0.00248521
-5.07152e-05
0.00251117
-5.07103e-05
0.00253537
-4.65933e-05
0.00256042
-4.74171e-05
0.00258343
-4.33873e-05
0.00260742
-4.48095e-05
-4.16395e-05
0.000606908
-0.000149224
0.000659144
-0.000150905
0.000711085
-0.000152553
0.000762639
-0.000154111
0.000813718
-0.000155519
0.000864245
-0.000156709
0.00091415
-0.000157611
0.000963372
-0.000158157
0.00101186
-0.000158282
0.00105957
-0.000157929
0.00110648
-0.000157052
0.00115255
-0.000155615
0.00119777
-0.000153601
0.00124213
-0.000151007
0.00128564
-0.000147854
0.0013283
-0.000144175
0.00137012
-0.000140029
0.00141112
-0.000135486
0.00145132
-0.00013064
0.00149074
-0.000125588
0.00152942
-0.000120453
0.00156737
-0.000115344
0.00160464
-0.000110395
0.00164126
-0.000105708
0.00167725
-0.000101416
0.00171266
-9.75848e-05
0.00174752
-9.43351e-05
0.00178185
-9.16719e-05
0.00181569
-8.96959e-05
0.00184907
-8.83259e-05
0.00188203
-8.7653e-05
0.00191456
-8.74845e-05
0.00194674
-8.79322e-05
0.00197853
-8.86661e-05
0.00201001
-8.9875e-05
0.00204114
-9.1057e-05
0.002072
-9.25667e-05
0.0021025
-9.36745e-05
0.00213278
-9.50253e-05
0.00216268
-9.55682e-05
0.0021924
-9.64055e-05
0.00222169
-9.60117e-05
0.00225085
-9.61661e-05
0.00227948
-9.46349e-05
0.00230805
-9.41581e-05
0.00233594
-9.14632e-05
0.00236386
-9.06132e-05
0.00239092
-8.6862e-05
0.00241813
-8.60422e-05
0.00244424
-8.14091e-05
0.00247067
-8.10784e-05
0.0024957
-7.57458e-05
0.0025213
-7.63091e-05
0.00254517
-7.04641e-05
0.00256988
-7.21189e-05
0.0025926
-6.61079e-05
0.00261627
-6.84828e-05
-6.34924e-05
0.000662059
-0.000201014
0.000713618
-0.000202464
0.000764846
-0.00020378
0.000815648
-0.000204914
0.00086594
-0.000205811
0.000915644
-0.000206413
0.000964693
-0.00020666
0.00101303
-0.000206493
0.0010606
-0.000205856
0.00110738
-0.000204702
0.00115332
-0.000202994
0.00119841
-0.000200707
0.00124264
-0.000197832
0.00128601
-0.000194374
0.00132851
-0.00019036
0.00137017
-0.000185832
0.001411
-0.000180853
0.00145101
-0.000175498
0.00149023
-0.000169867
0.0015287
-0.000164057
0.00156645
-0.000158197
0.0016035
-0.000152392
0.00163988
-0.000146784
0.00167565
-0.000141468
0.00171082
-0.000136586
0.00174542
-0.000132191
0.0017795
-0.000128417
0.00181308
-0.00012525
0.0018462
-0.000122812
0.00187886
-0.000120992
0.00191112
-0.000119914
0.00194298
-0.000119337
0.00197448
-0.000119432
0.0020056
-0.000119789
0.00203642
-0.000120692
0.00206687
-0.000121514
0.00209707
-0.000122761
0.0021269
-0.000123509
0.00215652
-0.00012464
0.00218575
-0.000124799
0.0022148
-0.000125461
0.00224342
-0.000124632
0.00227192
-0.000124661
0.00229989
-0.000122607
0.0023278
-0.00012207
0.00235506
-0.000118721
0.00238235
-0.000117899
0.0024088
-0.000113312
0.0024354
-0.000112646
0.00246093
-0.00010694
0.00248679
-0.00010694
0.00251129
-0.000100246
0.00253636
-0.000101371
0.00255974
-9.38504e-05
0.00258394
-9.63191e-05
0.00260623
-8.83902e-05
0.00262943
-9.16899e-05
-8.49449e-05
0.000733635
-0.000251945
0.000784288
-0.000253117
0.000834564
-0.000254056
0.000884371
-0.000254721
0.000933627
-0.000255066
0.000982255
-0.000255042
0.00103019
-0.000254597
0.00107738
-0.000253682
0.00112378
-0.000252253
0.00116935
-0.000250272
0.00121407
-0.000247712
0.00125792
-0.000244557
0.00130089
-0.000240808
0.001343
-0.000236477
0.00138424
-0.000231601
0.00142463
-0.000226224
0.0014642
-0.00022042
0.00150296
-0.000214265
0.00154096
-0.000207864
0.00157822
-0.000201317
0.00161478
-0.000194754
0.00165067
-0.000188281
0.00168592
-0.000182042
0.00172058
-0.000176127
0.00175468
-0.000170683
0.00178824
-0.000165754
0.00182131
-0.000161484
0.0018539
-0.00015784
0.00188605
-0.000154964
0.00191777
-0.000152714
0.00194911
-0.000151249
0.00198005
-0.000150281
0.00201066
-0.000150034
0.00204089
-0.000150025
0.00207083
-0.000150628
0.00210041
-0.000151096
0.00212973
-0.000152083
0.0021587
-0.000152474
0.00218744
-0.000153385
0.00221581
-0.000153165
0.002244
-0.000153651
0.00227176
-0.000152395
0.0022994
-0.000152301
0.00232653
-0.000149739
0.00235361
-0.000149144
0.00238005
-0.000145163
0.00240652
-0.000144374
0.00243219
-0.000138982
0.00245802
-0.000138473
0.00248282
-0.000131736
0.00250794
-0.000132066
0.00253176
-0.000124062
0.00255612
-0.000125739
0.00257888
-0.000116609
0.00260243
-0.000119867
0.00262414
-0.000110102
0.00264674
-0.000114289
-0.000105874
0.00082016
-0.000301808
0.000869692
-0.000302649
0.000918796
-0.00030316
0.000967383
-0.000303309
0.00101537
-0.000303056
0.0010627
-0.000302363
0.00110929
-0.000301188
0.00115509
-0.000299491
0.00120008
-0.000297239
0.00124421
-0.000294404
0.00128747
-0.00029097
0.00132984
-0.00028693
0.00137133
-0.000282293
0.00141193
-0.000277083
0.00145168
-0.000271342
0.00149057
-0.000265121
0.00152865
-0.0002585
0.00156594
-0.000251558
0.00160248
-0.000244405
0.00163831
-0.000237141
0.00167345
-0.000229901
0.00170796
-0.000222786
0.00174186
-0.000215945
0.0017752
-0.000209461
0.001808
-0.000203487
0.0018403
-0.000198056
0.00187214
-0.000193319
0.00190353
-0.000189228
0.0019345
-0.00018594
0.00196507
-0.000183285
0.00199528
-0.000181455
0.00202511
-0.000180113
0.00205462
-0.00017954
0.00208377
-0.000179177
0.00211263
-0.000179489
0.00214115
-0.000179613
0.00216941
-0.000180345
0.00219732
-0.000180386
0.00222502
-0.00018108
0.00225234
-0.00018049
0.00227949
-0.000180803
0.00230623
-0.000179132
0.00233285
-0.000178917
0.00235897
-0.000175864
0.00238505
-0.000175217
0.00241051
-0.000170631
0.00243602
-0.000169879
0.00246076
-0.000163719
0.00248565
-0.000163371
0.00250957
-0.00015565
0.00253381
-0.000156306
0.0025568
-0.000147056
0.00258033
-0.00014927
0.00260233
-0.00013861
0.00262509
-0.000142626
0.00264612
-0.000131124
0.00266798
-0.000136151
-0.00012617
0.000919906
-0.000350409
0.000968119
-0.000350862
0.00101585
-0.000350892
0.00106302
-0.000350473
0.00110954
-0.000349577
0.00115535
-0.000348172
0.00120038
-0.000346227
0.00124461
-0.000343713
0.00128797
-0.000340607
0.00133046
-0.000336893
0.00137206
-0.000332563
0.00141275
-0.000327622
0.00145254
-0.000322088
0.00149145
-0.000315992
0.0015295
-0.000309385
0.0015667
-0.000302325
0.0016031
-0.000294896
0.00163872
-0.000287181
0.00167361
-0.000279294
0.0017078
-0.000271336
0.00174135
-0.000263444
0.00177428
-0.000255715
0.00180663
-0.000248304
0.00183846
-0.000241283
0.00186978
-0.000234811
0.00190063
-0.000228908
0.00193105
-0.000223737
0.00196105
-0.000219228
0.00199067
-0.000215556
0.00201991
-0.000212524
0.0020488
-0.000210351
0.00207735
-0.000208657
0.00210558
-0.000207775
0.00213348
-0.000207076
0.0021611
-0.000207109
0.00218839
-0.000206901
0.00221543
-0.000207385
0.00224213
-0.000207088
0.00226862
-0.00020757
0.00229475
-0.000206621
0.00232071
-0.000206765
0.00234627
-0.000204694
0.00237172
-0.000204365
0.0023967
-0.000200843
0.00242163
-0.000200149
0.00244599
-0.000194988
0.00247039
-0.000194278
0.00249406
-0.000187392
0.00251789
-0.000187206
0.0025408
-0.000178557
0.00256403
-0.000179534
0.00258608
-0.000169109
0.00260865
-0.000171841
0.00262979
-0.000159742
0.00265164
-0.000164479
0.00267187
-0.000151352
0.00269288
-0.000157166
-0.000145736
0.00103096
-0.000397573
0.00107768
-0.000397579
0.00112386
-0.000397072
0.00116942
-0.000396035
0.00121429
-0.000394448
0.00125841
-0.000392288
0.00130172
-0.000389536
0.00134418
-0.000386172
0.00138576
-0.000382184
0.00142643
-0.000377566
0.00146619
-0.000372323
0.00150503
-0.000366466
0.00154297
-0.000360027
0.00158002
-0.000353042
0.00161621
-0.00034557
0.00165156
-0.000337676
0.00168611
-0.000329449
0.00171991
-0.000320977
0.00175299
-0.000312376
0.0017854
-0.000303746
0.00181718
-0.000295227
0.00184838
-0.000286914
0.00187904
-0.000278961
0.00190919
-0.000271436
0.00193888
-0.000264498
0.00196813
-0.000258158
0.00199697
-0.000252584
0.00202544
-0.000247688
0.00205354
-0.000243663
0.0020813
-0.000240279
0.00210873
-0.000237788
0.00213584
-0.000235767
0.00216266
-0.000234595
0.00218917
-0.000233577
0.0022154
-0.000233347
0.00224132
-0.000232822
0.00226701
-0.000233069
0.00229237
-0.000232447
0.00231752
-0.000232726
0.00234233
-0.000231431
0.00236698
-0.000231414
0.00239125
-0.000228961
0.00241541
-0.000228524
0.00243912
-0.000224558
0.0024628
-0.000223824
0.00248593
-0.000218122
0.00250911
-0.00021746
0.00253162
-0.000209893
0.00255428
-0.00020987
0.00257608
-0.000200353
0.00259819
-0.000201644
0.0026192
-0.000190122
0.00264071
-0.000193349
0.00266088
-0.000179913
0.00268173
-0.000185327
0.00270107
-0.0001707
0.00272115
-0.00017724
-0.000164491
0.00115131
-0.000443137
0.00119637
-0.000442638
0.00124084
-0.000441541
0.00128464
-0.000439837
0.0013277
-0.000437515
0.00136998
-0.000434561
0.00141141
-0.000430967
0.00145196
-0.000426723
0.0014916
-0.000421828
0.00153032
-0.000416287
0.00156811
-0.000410114
0.00160498
-0.000403332
0.00164093
-0.000395981
0.001676
-0.000388105
0.0017102
-0.000379773
0.00174358
-0.000371053
0.00177617
-0.000362041
0.00180802
-0.000352827
0.00183917
-0.000343531
0.00186968
-0.000334253
0.00189959
-0.000325133
0.00192894
-0.000316264
0.00195778
-0.000307801
0.00198614
-0.000299802
0.00201407
-0.000292431
0.0020416
-0.000285686
0.00206876
-0.00027974
0.00209556
-0.00027449
0.00212204
-0.00027014
0.00214819
-0.000266435
0.00217406
-0.000263652
0.00219962
-0.000261326
0.00222491
-0.000259886
0.0022499
-0.000258572
0.00227465
-0.000258094
0.0022991
-0.000257269
0.00232332
-0.000257292
0.00234723
-0.000256362
0.00237095
-0.000256446
0.00239435
-0.000254825
0.00241759
-0.000254654
0.00244047
-0.000251841
0.00246325
-0.000251302
0.00248561
-0.00024692
0.00250794
-0.000246153
0.00252976
-0.000239947
0.00255164
-0.000239338
0.00257289
-0.000231139
0.0025943
-0.00023128
0.0026149
-0.000220959
0.00263581
-0.000222553
0.00265571
-0.000210019
0.00267607
-0.000213716
0.00269521
-0.000199051
0.00271498
-0.000205093
0.00273338
-0.000189103
0.00275244
-0.000196301
-0.000182372
0.00127886
-0.000486958
0.00132212
-0.000485898
0.00136474
-0.00048416
0.00140664
-0.000481744
0.00144777
-0.000478647
0.00148808
-0.000474865
0.00152751
-0.000470398
0.00156604
-0.00046525
0.00160364
-0.000459428
0.0016403
-0.000452948
0.00167602
-0.000445835
0.00171081
-0.000438122
0.00174469
-0.000429857
0.00177768
-0.000421094
0.00180981
-0.000411908
0.00184113
-0.000402372
0.00187168
-0.000392589
0.0019015
-0.000382651
0.00193065
-0.000372681
0.00195918
-0.000362777
0.00198713
-0.000353084
0.00201455
-0.000343686
0.00204149
-0.000334741
0.00206799
-0.0003263
0.00209408
-0.000318528
0.00211981
-0.000311409
0.00214519
-0.000305124
0.00217025
-0.00029955
0.00219502
-0.000294904
0.00221949
-0.000290906
0.00224369
-0.000287857
0.00226762
-0.000285254
0.0022913
-0.000283568
0.00231471
-0.000281979
0.00233789
-0.000281271
0.00236079
-0.000280167
0.00238347
-0.000279981
0.00240587
-0.00027876
0.00242809
-0.000278662
0.00245
-0.000276733
0.00247176
-0.000276419
0.00249319
-0.000273268
0.00251452
-0.000272638
0.00253547
-0.000267869
0.00255639
-0.000267075
0.00257685
-0.000260404
0.00259737
-0.000259853
0.0026173
-0.000251073
0.0026374
-0.000251376
0.00265676
-0.00024032
0.00267641
-0.000242205
0.00269514
-0.000228747
0.00271431
-0.000232884
0.00273236
-0.000217106
0.00275099
-0.000223724
0.0027684
-0.000206513
0.0027864
-0.000214297
-0.000199337
0.00141153
-0.000528906
0.00145286
-0.000527234
0.00149352
-0.000524812
0.00153342
-0.000521644
0.00157251
-0.000517738
0.00161074
-0.000513099
0.00164808
-0.000507738
0.0016845
-0.000501667
0.00171997
-0.000494905
0.0017545
-0.000487477
0.00178809
-0.00047942
0.00182074
-0.000470775
0.00185248
-0.0004616
0.00188334
-0.000451956
0.00191336
-0.000441925
0.00194258
-0.000431588
0.00197104
-0.00042105
0.00199879
-0.000410406
0.00202589
-0.000399783
0.0020524
-0.000389278
0.00207835
-0.000379036
0.0021038
-0.000369138
0.0021288
-0.00035974
0.00215339
-0.000350886
0.0021776
-0.000342743
0.00220147
-0.000335281
0.00222504
-0.000328687
0.00224831
-0.00032282
0.00227131
-0.000317907
0.00229405
-0.000313645
0.00231655
-0.000310356
0.00233879
-0.000307501
0.00236082
-0.000305591
0.00238259
-0.000303751
0.00240415
-0.000302833
0.00242545
-0.000301471
0.00244656
-0.00030109
0.0024674
-0.0002996
0.00248807
-0.000299333
0.00250846
-0.000297118
0.00252871
-0.000296671
0.00254865
-0.000293208
0.00256851
-0.000292495
0.00258801
-0.00028737
0.00260749
-0.000286559
0.00262655
-0.000279463
0.00264567
-0.000278972
0.00266426
-0.000269666
0.00268302
-0.000270128
0.0027011
-0.000258407
0.00271947
-0.000260569
0.002737
-0.000246279
0.00275494
-0.000250824
0.00277188
-0.000234052
0.00278935
-0.000241188
0.00280574
-0.000222904
0.00282264
-0.000231201
-0.000215359
0.00154729
-0.000568865
0.0015866
-0.000566539
0.00162518
-0.000563395
0.00166298
-0.000559445
0.00169995
-0.000554705
0.00173604
-0.000549189
0.00177122
-0.000542918
0.00180547
-0.000535914
0.00183877
-0.000528206
0.00187112
-0.00051983
0.00190253
-0.00051083
0.00193301
-0.000501259
0.0019626
-0.000491182
0.00199131
-0.00048067
0.00201919
-0.000469809
0.00204629
-0.000458687
0.00207266
-0.000447413
0.00209834
-0.000436085
0.00212339
-0.000424832
0.00214786
-0.000413751
0.00217181
-0.000402985
0.00219528
-0.000392613
0.00221833
-0.000382791
0.002241
-0.000373553
0.00226332
-0.000365066
0.00228533
-0.000357292
0.00230706
-0.000350417
0.00232853
-0.000344285
0.00234975
-0.000339134
0.00237074
-0.000334635
0.00239152
-0.000331132
0.00241207
-0.00032805
0.00243242
-0.00032594
0.00245254
-0.000323872
0.00247247
-0.000322763
0.00249216
-0.000321165
0.00251168
-0.000320608
0.00253095
-0.00031887
0.00255006
-0.000318448
0.00256892
-0.000315969
0.00258765
-0.000315402
0.00260609
-0.000311653
0.00262446
-0.000310868
0.00264251
-0.000305419
0.00266055
-0.000304597
0.00267821
-0.000297117
0.00269592
-0.000296692
0.00271317
-0.000286912
0.00273057
-0.00028753
0.00274738
-0.000275214
0.00276445
-0.000277637
0.00278078
-0.00026261
0.00279748
-0.000267527
0.00281331
-0.000249882
0.0028296
-0.000257478
0.00284497
-0.000238271
0.00286077
-0.000247004
-0.000230432
0.0016842
-0.000606737
0.00172139
-0.000603724
0.00175782
-0.000599829
0.00179345
-0.000595076
0.00182823
-0.000589485
0.00186213
-0.000583082
0.0018951
-0.000575896
0.00192715
-0.000567958
0.00195825
-0.000559307
0.00198841
-0.000549989
0.00201764
-0.000540058
0.00204595
-0.000529573
0.00207338
-0.000518611
0.00209996
-0.000507247
0.00212572
-0.000495576
0.00215073
-0.000483689
0.00217502
-0.000471702
0.00219864
-0.000459713
0.00222167
-0.000447855
0.00224414
-0.000436221
0.00226611
-0.000424958
0.00228764
-0.000414139
0.00230876
-0.000403918
0.00232954
-0.000394324
0.00234999
-0.000385522
0.00237016
-0.000377462
0.00239008
-0.000370333
0.00240976
-0.000363964
0.00242922
-0.0003586
0.00244848
-0.00035389
0.00246754
-0.000350198
0.00248641
-0.000346915
0.0025051
-0.000344627
0.00252358
-0.000342355
0.00254189
-0.000341076
0.00255999
-0.000339265
0.00257793
-0.000338548
0.00259565
-0.000336584
0.00261322
-0.000336024
0.00263056
-0.000333305
0.00264778
-0.000332631
0.00266475
-0.000328621
0.00268166
-0.000327775
0.00269828
-0.000322035
0.00271489
-0.00032121
0.00273116
-0.000313388
0.0027475
-0.00031303
0.00276342
-0.000302832
0.00277949
-0.0003036
0.00279504
-0.000290762
0.00281083
-0.000293427
0.00282597
-0.000277756
0.00284145
-0.000283009
0.00285619
-0.000264613
0.00287132
-0.000272608
0.00288567
-0.000252628
0.00290039
-0.000261721
-0.00024457
0.00182044
-0.000642438
0.00185543
-0.000638713
0.00188965
-0.000634052
0.00192306
-0.000628484
0.00195561
-0.000622038
0.00198728
-0.000614748
0.00201804
-0.000606651
0.00204787
-0.000597788
0.00207677
-0.000588208
0.00210474
-0.000577964
0.0021318
-0.000567119
0.00215797
-0.000555743
0.00218328
-0.000543917
0.00220776
-0.000531725
0.00223145
-0.000519269
0.00225441
-0.000506644
0.00227667
-0.000493969
0.00229831
-0.000481345
0.00231936
-0.000468907
0.00233988
-0.000456748
0.00235994
-0.000445014
0.00237957
-0.000433773
0.00239883
-0.00042318
0.00241777
-0.000413255
0.00243641
-0.000404163
0.00245479
-0.000395842
0.00247294
-0.000388485
0.00249088
-0.000381904
0.00250863
-0.000376352
0.0025262
-0.000371457
0.0025436
-0.000367598
0.00256082
-0.000364138
0.00257789
-0.000361694
0.00259477
-0.00035924
0.00261151
-0.000357812
0.00262805
-0.00035581
0.00264446
-0.000354951
0.00266066
-0.000352786
0.00267674
-0.000352101
0.0026926
-0.000349167
0.00270837
-0.000348399
0.00272391
-0.000344158
0.00273939
-0.000343261
0.00275462
-0.000337263
0.00276985
-0.000336441
0.00278478
-0.00032832
0.00279978
-0.000328031
0.00281442
-0.000317469
0.0028292
-0.000318379
0.00284353
-0.00030509
0.00285808
-0.000307978
0.00287208
-0.000291758
0.00288638
-0.000297308
0.00290005
-0.000278282
0.00291405
-0.000286614
0.00292743
-0.00026601
0.0029411
-0.000275387
-0.000257802
0.00195431
-0.000675902
0.00198705
-0.000671454
0.00201902
-0.000666021
0.00205017
-0.000659639
0.00208048
-0.000652344
0.00210991
-0.000644178
0.00213845
-0.000635187
0.00216608
-0.000625419
0.0021928
-0.000614932
0.00221862
-0.000603787
0.00224356
-0.000592057
0.00226763
-0.000579817
0.00229087
-0.000567158
0.00231332
-0.000554169
0.00233501
-0.000540957
0.00235599
-0.000527623
0.00237631
-0.00051429
0.00239602
-0.000501061
0.00241519
-0.000488071
0.00243385
-0.000475414
0.00245207
-0.000463235
0.0024699
-0.000451599
0.00248738
-0.000440659
0.00250455
-0.000430427
0.00252146
-0.000421069
0.00253813
-0.000412512
0.00255459
-0.00040495
0.00257087
-0.00039818
0.00258698
-0.000392462
0.00260293
-0.000387404
0.00261873
-0.000383401
0.00263438
-0.000379786
0.00264989
-0.000377207
0.00266524
-0.000374595
0.00268047
-0.000373036
0.00269552
-0.000370866
0.00271046
-0.000369884
0.00272521
-0.000367539
0.00273985
-0.000366747
0.00275431
-0.000363622
0.00276868
-0.000362774
0.00278286
-0.000358329
0.00279699
-0.000357391
0.00281089
-0.000351169
0.00282481
-0.000350358
0.00283846
-0.000341977
0.00285219
-0.000341758
0.00286561
-0.000330885
0.00287916
-0.000331931
0.00289233
-0.000318261
0.0029057
-0.000321351
0.00291862
-0.000304672
0.00293179
-0.00031048
0.00294445
-0.000290944
0.00295739
-0.00029955
0.00296984
-0.000278466
0.00298251
-0.000288054
-0.000270176
0.00208427
-0.000707081
0.00211473
-0.000701911
0.00214442
-0.000695714
0.00217331
-0.00068853
0.00220137
-0.000680404
0.00222858
-0.000671386
0.00225492
-0.000661526
0.00228039
-0.000650884
0.00230498
-0.000639523
0.0023287
-0.000627513
0.00235158
-0.000614933
0.00237363
-0.000601867
0.00239488
-0.000588412
0.00241538
-0.000574662
0.00243515
-0.000560732
0.00245425
-0.000546724
0.00247273
-0.000532766
0.00249063
-0.000518963
0.00250801
-0.000505452
0.00252492
-0.000492325
0.00254141
-0.000479728
0.00255754
-0.000467722
0.00257334
-0.00045646
0.00258886
-0.000445945
0.00260413
-0.000436344
0.00261919
-0.000427573
0.00263407
-0.000419827
0.00264878
-0.000412889
0.00266334
-0.000407025
0.00267776
-0.000401825
0.00269206
-0.000397698
0.00270622
-0.000393949
0.00272027
-0.000391254
0.00273418
-0.000388506
0.00274798
-0.000386834
0.00276163
-0.000384519
0.00277518
-0.000383431
0.00278857
-0.00038093
0.00280187
-0.000380046
0.002815
-0.000376755
0.00282807
-0.000375841
0.00284096
-0.000371219
0.00285382
-0.000370252
0.00286649
-0.000363837
0.00287917
-0.000363043
0.00289164
-0.000354444
0.00290418
-0.000354296
0.00291646
-0.000343162
0.00292886
-0.000344336
0.00294095
-0.000330352
0.00295322
-0.000333623
0.00296513
-0.000316575
0.00297725
-0.000322602
0.00298897
-0.000302669
0.00300091
-0.00031149
0.00301251
-0.000290064
0.00302425
-0.000299793
-0.000281753
0.00220895
-0.00073595
0.00223711
-0.000730071
0.00226453
-0.000723128
0.00229117
-0.000715168
0.00231701
-0.000706242
0.00234202
-0.000696405
0.00236621
-0.000685716
0.00238957
-0.000674239
0.00241209
-0.000662047
0.0024338
-0.000649215
0.00245469
-0.000635831
0.00247481
-0.000621984
0.00249418
-0.000607777
0.00251282
-0.00059331
0.00253079
-0.000578701
0.00254813
-0.000564059
0.00256488
-0.000549514
0.00258108
-0.000535171
0.00259681
-0.000521172
0.00261209
-0.000507606
0.00262698
-0.000494619
0.00264152
-0.00048227
0.00265577
-0.000470708
0.00266976
-0.000459934
0.00268353
-0.00045011
0.0026971
-0.000441145
0.00271051
-0.000433234
0.00272376
-0.000426148
0.0027369
-0.000420157
0.0027499
-0.000414834
0.00276281
-0.0004106
0.00277559
-0.000406737
0.00278829
-0.000403944
0.00280086
-0.000401079
0.00281334
-0.000399313
0.00282569
-0.000396873
0.00283796
-0.000395697
0.00285009
-0.000393061
0.00286214
-0.000392102
0.00287406
-0.000388669
0.00288592
-0.000387702
0.00289763
-0.00038293
0.00290932
-0.000381944
0.00292085
-0.000375369
0.00293241
-0.000374598
0.00294379
-0.000365819
0.00295523
-0.000365742
0.00296647
-0.000354399
0.00297782
-0.000355692
0.00298893
-0.000341459
0.0030002
-0.000344889
0.00301118
-0.000327557
0.00302234
-0.000333763
0.00303321
-0.000313544
0.00304425
-0.000322522
0.00305507
-0.000300884
0.00306596
-0.000310689
-0.00029261
0.00232714
-0.000762505
0.00235301
-0.000755945
0.00237817
-0.000748289
0.00240259
-0.000739589
0.00242626
-0.000729904
0.00244914
-0.000719293
0.00247125
-0.000707822
0.00249257
-0.000695561
0.00251311
-0.00068259
0.00253289
-0.00066899
0.00255191
-0.000654853
0.0025702
-0.000640277
0.00258779
-0.000625367
0.00260472
-0.000610232
0.00262101
-0.000594992
0.00263671
-0.000579759
0.00265186
-0.000564667
0.00266651
-0.000549823
0.00268071
-0.00053537
0.0026945
-0.000521396
0.00270793
-0.000508048
0.00272104
-0.000495381
0.00273388
-0.000483544
0.00274647
-0.000472531
0.00275887
-0.000462505
0.00277109
-0.000453365
0.00278316
-0.000445306
0.0027951
-0.000438089
0.00280693
-0.000431987
0.00281866
-0.000426558
0.00283029
-0.000422234
0.00284183
-0.000418274
0.00285328
-0.0004154
0.00286464
-0.000412436
0.00287592
-0.000410593
0.00288709
-0.000408047
0.00289819
-0.000406799
0.00290918
-0.000404051
0.00292011
-0.000403031
0.00293092
-0.00039948
0.0029417
-0.000398473
0.00295234
-0.000393578
0.00296298
-0.000392584
0.00297349
-0.000385879
0.00298403
-0.000385137
0.00299443
-0.000376216
0.0030049
-0.00037621
0.0030152
-0.000364705
0.00302562
-0.000366106
0.00303585
-0.000351688
0.00304621
-0.000355255
0.00305638
-0.000337721
0.00306668
-0.000344068
0.0030768
-0.000323666
0.00308703
-0.000332745
0.00309716
-0.000311018
0.00310731
-0.000320839
-0.000302833
0.00243778
-0.000786772
0.00246141
-0.000779567
0.00248436
-0.000771242
0.00250662
-0.000761851
0.00252817
-0.000751458
0.00254901
-0.000740128
0.00256912
-0.000727932
0.00258851
-0.000714947
0.00260717
-0.000701256
0.00262513
-0.000686947
0.00264239
-0.000672118
0.00265899
-0.000656869
0.00267493
-0.000641314
0.00269027
-0.000625564
0.00270502
-0.000609743
0.00271922
-0.000593967
0.00273293
-0.000578371
0.00274617
-0.000563067
0.002759
-0.000548195
0.00277145
-0.000533847
0.00278357
-0.000520167
0.00279539
-0.000507208
0.00280697
-0.000495119
0.00281833
-0.000483889
0.0028295
-0.000473679
0.00284052
-0.00046438
0.0028514
-0.000456189
0.00286217
-0.000448856
0.00287284
-0.000442658
0.00288342
-0.000437138
0.00289392
-0.000432737
0.00290435
-0.000428697
0.0029147
-0.000425756
0.00292498
-0.000422711
0.00293519
-0.000420805
0.00294531
-0.000418173
0.00295538
-0.000416867
0.00296536
-0.000414027
0.00297529
-0.000412962
0.00298513
-0.000409315
0.00299493
-0.000408282
0.00300465
-0.00040329
0.00301436
-0.000402296
0.00302397
-0.000395491
0.00303362
-0.000394785
0.00304316
-0.000385758
0.00305277
-0.000385821
0.00306227
-0.0003742
0.00307186
-0.000375701
0.00308133
-0.000361156
0.00309091
-0.000364839
0.00310037
-0.00034718
0.00310993
-0.000353632
0.00311941
-0.000333143
0.00312894
-0.000342272
0.00313849
-0.000320568
0.003148
-0.000330351
-0.000312519
0.00254001
0.00256144
-0.000801002
0.00258226
-0.00079206
0.00260245
-0.000782037
0.00262199
-0.000770997
0.00264087
-0.000759011
0.00265909
-0.000746156
0.00267666
-0.000732512
0.00269357
-0.000718167
0.00270984
-0.000703215
0.00272548
-0.000687758
0.00274051
-0.000671901
0.00275496
-0.000655761
0.00276885
-0.000639452
0.00278221
-0.000623104
0.00279507
-0.000606835
0.00280749
-0.000590783
0.00281948
-0.000575059
0.00283109
-0.000559807
0.00284236
-0.000545118
0.00285333
-0.000531136
0.00286403
-0.000517911
0.00287451
-0.000505593
0.00288478
-0.000494165
0.00289489
-0.000483788
0.00290486
-0.000474348
0.00291471
-0.00046604
0.00292446
-0.000458604
0.00293412
-0.000452322
0.00294371
-0.000446724
0.00295323
-0.000442259
0.00296268
-0.000438151
0.00297208
-0.000435156
0.00298142
-0.000432045
0.0029907
-0.000430091
0.00299992
-0.000427389
0.00300909
-0.000426041
0.00301819
-0.000423129
0.00302726
-0.00042203
0.00303626
-0.00041831
0.00304524
-0.000417263
0.00305415
-0.000412198
0.00306307
-0.000411215
0.00307191
-0.000404338
0.0030808
-0.000403672
0.00308962
-0.000394574
0.0030985
-0.000394706
0.00310731
-0.000383012
0.00311622
-0.000384603
0.00312505
-0.000369987
0.00313397
-0.000373765
0.00314285
-0.000356053
0.00315179
-0.000362575
0.00316074
-0.000342091
0.00316969
-0.000351222
0.00317876
-0.000329643
0.00318775
-0.000339341
-0.000321772
0.00265245
-0.000820338
0.00267123
-0.000810843
0.00268945
-0.000800252
0.00270708
-0.000788635
0.00272414
-0.000776064
0.0027406
-0.000762621
0.00275648
-0.00074839
0.00277178
-0.000733463
0.0027865
-0.000717938
0.00280066
-0.000701921
0.00281428
-0.000685522
0.00282738
-0.00066886
0.00283998
-0.000652053
0.00285211
-0.000635234
0.0028638
-0.000618524
0.00287508
-0.000602063
0.00288599
-0.000585963
0.00289655
-0.00057037
0.0029068
-0.000555373
0.00291679
-0.000541119
0.00292653
-0.000527655
0.00293607
-0.00051513
0.00294543
-0.000503524
0.00295464
-0.000492997
0.00296372
-0.000483429
0.00297269
-0.000475016
0.00298158
-0.00046749
0.00299039
-0.000461135
0.00299914
-0.00045547
0.00300783
-0.000450952
0.00301647
-0.000446788
0.00302506
-0.00044375
0.0030336
-0.000440587
0.00304211
-0.000438596
0.00305056
-0.000435842
0.00305898
-0.000434463
0.00306735
-0.000431496
0.0030757
-0.000430379
0.003084
-0.000426605
0.00309229
-0.000425556
0.00310053
-0.000420441
0.0031088
-0.000419478
0.00311701
-0.000412558
0.00312528
-0.000411936
0.0031335
-0.0004028
0.0031418
-0.000402998
0.00315006
-0.000391274
0.0031584
-0.000392945
0.00316672
-0.00037831
0.00317512
-0.000382164
0.00318353
-0.000364465
0.00319199
-0.000371026
0.00320052
-0.000350628
0.00320902
-0.000359719
0.00321774
-0.000338358
0.00322632
-0.00034793
-0.000330701
0.00273391
-0.000837691
0.00275078
-0.000827714
0.00276715
-0.000816629
0.00278303
-0.000804507
0.00279839
-0.000791427
0.00281324
-0.000777472
0.00282758
-0.000762729
0.00284141
-0.000747295
0.00285474
-0.000731271
0.00286759
-0.000714765
0.00287996
-0.000697892
0.00289187
-0.000680773
0.00290335
-0.00066353
0.00291441
-0.000646298
0.00292509
-0.0006292
0.0029354
-0.000612378
0.00294539
-0.000595946
0.00295507
-0.00058005
0.00296447
-0.00056478
0.00297364
-0.000550284
0.00298259
-0.000536606
0.00299136
-0.000523896
0.00299996
-0.000512131
0.00300844
-0.00050147
0.00301679
-0.000491787
0.00302506
-0.000483281
0.00303324
-0.000475675
0.00304136
-0.000469256
0.00304943
-0.000463533
0.00305745
-0.000458971
0.00306542
-0.000454762
0.00307336
-0.000451691
0.00308126
-0.000448488
0.00308914
-0.00044647
0.00309697
-0.000443677
0.00310479
-0.000442281
0.00311257
-0.000439277
0.00312034
-0.000438152
0.00312808
-0.000434345
0.00313583
-0.000433303
0.00314355
-0.000428161
0.0031513
-0.000427227
0.00315903
-0.000420288
0.00316681
-0.000419715
0.00317458
-0.000410572
0.00318242
-0.000410837
0.00319026
-0.000399119
0.00319818
-0.000400863
0.00320613
-0.000386258
0.00321413
-0.000390169
0.00322221
-0.000372545
0.0032303
-0.000379116
0.00323855
-0.000358879
0.00324673
-0.000367893
0.0032552
-0.00034683
0.00326351
-0.000356243
-0.00033942
0.00280547
-0.000853202
0.00282058
-0.00084282
0.00283526
-0.000831317
0.00284953
-0.00081877
0.00286336
-0.000805258
0.00287676
-0.000790869
0.00288972
-0.000775693
0.00290225
-0.000759828
0.00291436
-0.000743379
0.00292605
-0.000726457
0.00293734
-0.000709178
0.00294823
-0.000691669
0.00295876
-0.000674052
0.00296892
-0.000656464
0.00297875
-0.00063903
0.00298827
-0.000621896
0.0029975
-0.000605175
0.00300646
-0.000589015
0.00301519
-0.000573507
0.0030237
-0.000558797
0.00303203
-0.000544931
0.00304019
-0.000532057
0.00304821
-0.00052015
0.00305611
-0.000509369
0.0030639
-0.000499585
0.00307162
-0.000490995
0.00307926
-0.000483318
0.00308685
-0.000476844
0.00309439
-0.000471072
0.00310189
-0.000466472
0.00310935
-0.000462227
0.00311679
-0.00045913
0.0031242
-0.000455897
0.0031316
-0.000453864
0.00313896
-0.000451045
0.00314632
-0.000449641
0.00315366
-0.000446615
0.003161
-0.000445494
0.00316833
-0.000441671
0.00317568
-0.000440648
0.00318301
-0.0004355
0.00319039
-0.000434602
0.00319777
-0.000427669
0.0032052
-0.00042715
0.00321266
-0.000418028
0.00322018
-0.000418359
0.00322775
-0.000406683
0.00323538
-0.000408492
0.00324308
-0.000393962
0.00325082
-0.000397914
0.0032587
-0.000380422
0.00326656
-0.000386976
0.00327465
-0.000366968
0.00328263
-0.000375872
0.00329098
-0.000355179
0.00329914
-0.000364406
-0.000348045
0.00286696
-0.000867036
0.00288046
-0.000856326
0.00289363
-0.000844486
0.00290645
-0.000831593
0.00291893
-0.00081773
0.00293104
-0.000802986
0.0029428
-0.000787454
0.00295421
-0.000771235
0.00296527
-0.000754435
0.00297598
-0.000737168
0.00298635
-0.000719553
0.0029964
-0.000701717
0.00300614
-0.000683786
0.00301557
-0.0006659
0.00302473
-0.000648183
0.00303361
-0.000630783
0.00304225
-0.000613816
0.00305067
-0.00059743
0.00305888
-0.000581716
0.0030669
-0.000566822
0.00307477
-0.000552792
0.00308248
-0.000539774
0.00309007
-0.000527742
0.00309756
-0.000516855
0.00310496
-0.00050698
0.00311228
-0.000498317
0.00311954
-0.000490577
0.00312675
-0.000484054
0.00313392
-0.000478239
0.00314105
-0.000473608
0.00314816
-0.000469334
0.00315525
-0.00046622
0.00316232
-0.000462966
0.00316938
-0.000460924
0.00317642
-0.000458091
0.00318347
-0.000456688
0.00319051
-0.000453655
0.00319757
-0.000452548
0.00320462
-0.000448726
0.0032117
-0.000447732
0.0032188
-0.000442597
0.00322594
-0.000441742
0.00323311
-0.000434839
0.00324034
-0.000434378
0.00324762
-0.000425305
0.00325496
-0.0004257
0.00326238
-0.000414101
0.00326985
-0.000415966
0.00327744
-0.000401553
0.00328506
-0.000405531
0.00329286
-0.000388222
0.00330062
-0.000394738
0.00330867
-0.000375018
0.00331658
-0.000383785
0.00332493
-0.000363524
0.00333307
-0.000372546
-0.00035669
0.00291832
-0.000879374
0.00293042
-0.000868417
0.00294225
-0.000856319
0.00295382
-0.000843161
0.00296511
-0.000829026
0.00297613
-0.000814005
0.00298687
-0.000798194
0.00299733
-0.000781695
0.00300751
-0.000764616
0.00301742
-0.000747074
0.00302705
-0.000729189
0.00303642
-0.000711089
0.00304554
-0.000692904
0.00305441
-0.000674773
0.00306305
-0.000656824
0.00307148
-0.000639204
0.00307969
-0.000622032
0.00308772
-0.000605457
0.00309557
-0.000589569
0.00310327
-0.000574517
0.00311082
-0.000560346
0.00311825
-0.000547204
0.00312557
-0.000535063
0.0031328
-0.000524083
0.00313995
-0.000514129
0.00314703
-0.000505399
0.00315406
-0.000497604
0.00316104
-0.000491038
0.00316799
-0.000485186
0.00317491
-0.000480529
0.0031818
-0.000476232
0.00318869
-0.000473105
0.00319556
-0.000469838
0.00320243
-0.000467796
0.0032093
-0.000464958
0.00321618
-0.000463566
0.00322306
-0.000460538
0.00322997
-0.000459454
0.00323689
-0.000455649
0.00324385
-0.000454692
0.00325084
-0.000449589
0.00325789
-0.000448785
0.00326498
-0.000441932
0.00327214
-0.000441533
0.00327937
-0.000432535
0.00328666
-0.000432994
0.00329406
-0.000421502
0.00330151
-0.000423418
0.00330912
-0.00040916
0.00331674
-0.000413151
0.00332459
-0.000396071
0.00333238
-0.000402529
0.00334051
-0.00038315
0.00334849
-0.000391761
0.00335695
-0.000371982
0.00336519
-0.000380787
-0.000365471
0.00295969
-0.000890413
0.00297056
-0.000879287
0.00298125
-0.00086701
0.00299175
-0.000853664
0.00300206
-0.000839334
0.00301217
-0.000824112
0.00302207
-0.000808095
0.00303176
-0.000791388
0.00304125
-0.000774099
0.00305052
-0.000756349
0.00305959
-0.000738256
0.00306845
-0.000719953
0.00307712
-0.000701569
0.00308559
-0.000683246
0.00309388
-0.000665112
0.00310199
-0.000647317
0.00310994
-0.000629979
0.00311773
-0.000613248
0.00312538
-0.000597217
0.00313289
-0.000582034
0.00314029
-0.000567744
0.00314758
-0.000554496
0.00315478
-0.000542261
0.0031619
-0.000531201
0.00316895
-0.000521176
0.00317593
-0.000512388
0.00318287
-0.000504544
0.00318978
-0.000497939
0.00319665
-0.000492055
0.00320349
-0.000487377
0.00321032
-0.000483062
0.00321715
-0.000479927
0.00322396
-0.000476655
0.00323078
-0.000474617
0.00323761
-0.000471785
0.00324445
-0.000470411
0.00325132
-0.0004674
0.00325821
-0.000466347
0.00326513
-0.000462573
0.0032721
-0.000461661
0.00327912
-0.000456607
0.0032862
-0.000455862
0.00329335
-0.00044908
0.00330056
-0.000448746
0.00330787
-0.000439847
0.00331525
-0.00044037
0.00332276
-0.000429014
0.00333031
-0.000430976
0.00333806
-0.000416907
0.00334581
-0.0004209
0.00335383
-0.00040409
0.00336178
-0.000410476
0.00337011
-0.000391484
0.00337827
-0.000399922
0.00338696
-0.000380667
0.00339542
-0.00038925
-0.000374498
0.00299126
-0.000900358
0.00300112
-0.00088914
0.00301086
-0.000876759
0.0030205
-0.000863299
0.00303001
-0.000848847
0.0030394
-0.000833495
0.00304864
-0.000817342
0.00305775
-0.000800494
0.00306671
-0.000783061
0.00307553
-0.000765164
0.00308419
-0.000746923
0.00309271
-0.000728473
0.00310109
-0.000709942
0.00310932
-0.000691475
0.00311741
-0.000673202
0.00312536
-0.000655272
0.00313319
-0.000637805
0.00314089
-0.000620952
0.00314848
-0.000604805
0.00315596
-0.000589516
0.00316335
-0.000575128
0.00317064
-0.000561791
0.00317786
-0.000549477
0.003185
-0.000538346
0.00319209
-0.00052826
0.00319912
-0.000519422
0.00320611
-0.000511534
0.00321307
-0.000504895
0.00321999
-0.000498984
0.0032269
-0.000494288
0.0032338
-0.000489958
0.00324069
-0.000486821
0.00324759
-0.000483548
0.00325449
-0.000481522
0.00326141
-0.000478702
0.00326835
-0.000477353
0.00327532
-0.00047437
0.00328233
-0.000473356
0.00328938
-0.000469627
0.00329649
-0.000468768
0.00330366
-0.000463779
0.0033109
-0.000463098
0.00331822
-0.000456405
0.00332562
-0.000456141
0.00333313
-0.000447362
0.00334072
-0.00044795
0.00334846
-0.000436756
0.00335624
-0.00043876
0.00336425
-0.000424913
0.00337225
-0.0004289
0.00338055
-0.000412397
0.00338878
-0.000418698
0.00339742
-0.000400132
0.00340589
-0.000408388
0.00341491
-0.000389691
0.00342372
-0.000398053
-0.000383881
0.00301334
-0.000909425
0.00302238
-0.000898185
0.0030314
-0.000885771
0.00304036
-0.000872266
0.00304927
-0.000857759
0.00305812
-0.000842343
0.0030669
-0.000826118
0.0030756
-0.000809192
0.00308421
-0.000791674
0.00309273
-0.000773687
0.00310116
-0.000755353
0.0031095
-0.000736807
0.00311773
-0.000718179
0.00312587
-0.000699613
0.00313391
-0.000681241
0.00314185
-0.000663214
0.0031497
-0.000645651
0.00315745
-0.000628706
0.00316512
-0.000612471
0.0031727
-0.000597098
0.0031802
-0.000582631
0.00318764
-0.000569222
0.003195
-0.000556841
0.0032023
-0.000545651
0.00320956
-0.000535512
0.00321676
-0.000526629
0.00322393
-0.000518702
0.00323107
-0.000512034
0.00323818
-0.000506098
0.00324528
-0.000501388
0.00325238
-0.000497049
0.00325947
-0.000493912
0.00326656
-0.000490644
0.00327367
-0.000488633
0.00328081
-0.000485835
0.00328797
-0.000484516
0.00329517
-0.000481571
0.00330242
-0.000480602
0.00330972
-0.000476932
0.00331709
-0.000476132
0.00332453
-0.000471223
0.00333204
-0.000470612
0.00333967
-0.000464027
0.00334736
-0.000463837
0.0033552
-0.000455199
0.0033631
-0.000455853
0.00337119
-0.000444845
0.00337932
-0.000446888
0.0033877
-0.00043329
0.00339606
-0.000437264
0.00340477
-0.000421102
0.00341338
-0.000427309
0.00342245
-0.000409204
0.00343133
-0.000417271
0.0034408
-0.000399159
0.00345005
-0.000407306
-0.000393721
0.00302643
-0.000917819
0.00303487
-0.000906623
0.00304334
-0.00089424
0.00305183
-0.000880754
0.00306032
-0.000866254
0.00306881
-0.000850834
0.00307729
-0.000834596
0.00308575
-0.000817647
0.00309417
-0.000800099
0.00310256
-0.000782075
0.00311091
-0.000763698
0.0031192
-0.000745102
0.00312744
-0.00072642
0.00313563
-0.000707797
0.00314375
-0.000689364
0.00315181
-0.000671274
0.00315981
-0.000653647
0.00316774
-0.000636637
0.0031756
-0.000620338
0.00318341
-0.000604902
0.00319115
-0.000590375
0.00319884
-0.000576908
0.00320647
-0.000564473
0.00321405
-0.000553234
0.00322159
-0.00054305
0.00322909
-0.000534128
0.00323656
-0.000526168
0.003244
-0.000519474
0.00325142
-0.000513518
0.00325882
-0.000508795
0.00326623
-0.000504451
0.00327363
-0.000501317
0.00328105
-0.00049806
0.00328848
-0.000496069
0.00329595
-0.000493298
0.00330345
-0.000492015
0.00331099
-0.000489118
0.00331859
-0.000488202
0.00332626
-0.0004846
0.003334
-0.000483867
0.00334183
-0.000479052
0.00334973
-0.000478518
0.00335776
-0.000472056
0.00336587
-0.000471944
0.00337413
-0.000463466
0.00338247
-0.000464187
0.00339101
-0.000453388
0.00339959
-0.000455468
0.00340845
-0.000442147
0.00341729
-0.000446103
0.0034265
-0.00043031
0.0034356
-0.000436417
0.0034452
-0.000418803
0.00345461
-0.000426679
0.00346462
-0.000409173
0.00347443
-0.000417115
-0.000404118
0.0030315
0.00303949
-0.000914611
0.00304756
-0.000902319
0.00305572
-0.00088891
0.00306394
-0.000874474
0.00307221
-0.000859107
0.00308053
-0.00084291
0.00308887
-0.000825991
0.00309724
-0.000808464
0.00310561
-0.000790451
0.00311399
-0.000772077
0.00312237
-0.000753476
0.00313073
-0.000734782
0.00313907
-0.000716139
0.00314739
-0.000697682
0.00315568
-0.000679561
0.00316393
-0.0006619
0.00317214
-0.000644853
0.00318032
-0.000628513
0.00318845
-0.000613035
0.00319654
-0.000598464
0.00320459
-0.000584955
0.00321259
-0.000572477
0.00322056
-0.000561199
0.00322848
-0.000550978
0.00323638
-0.000542025
0.00324425
-0.000534036
0.0032521
-0.000527321
0.00325993
-0.000521348
0.00326775
-0.000516617
0.00327557
-0.000512271
0.0032834
-0.000509145
0.00329124
-0.000505903
0.00329911
-0.000503936
0.00330701
-0.0005012
0.00331495
-0.000499959
0.00332295
-0.000497117
0.00333101
-0.00049626
0.00333915
-0.000492738
0.00334736
-0.000492078
0.00335568
-0.000487371
0.00336407
-0.000486917
0.00337261
-0.000480596
0.00338124
-0.000480564
0.00339004
-0.000472268
0.0033989
-0.000473053
0.00340801
-0.00046249
0.00341714
-0.000464599
0.00342658
-0.000451587
0.00343598
-0.000455511
0.0034458
-0.000440128
0.0034555
-0.000446115
0.00346573
-0.000429036
0.00347575
-0.000436698
0.00348642
-0.000419842
0.00349687
-0.000427565
-0.000415169
0.00467515
-0.000910477
0.00467108
-0.000898247
0.00466707
-0.000884905
0.00466314
-0.00087054
0.00465928
-0.000855249
0.0046555
-0.000839131
0.00465181
-0.000822296
0.0046482
-0.000804856
0.00464468
-0.000786933
0.00464125
-0.000768652
0.00463792
-0.000750146
0.00463469
-0.000731548
0.00463155
-0.000713002
0.00462851
-0.000694639
0.00462556
-0.000676612
0.0046227
-0.000659039
0.00461992
-0.000642076
0.00461722
-0.000625813
0.00461459
-0.000610406
0.00461203
-0.000595896
0.00460951
-0.00058244
0.00460704
-0.000570004
0.0046046
-0.000558757
0.00460217
-0.000548556
0.00459976
-0.000539611
0.00459734
-0.000531621
0.00459492
-0.000524894
0.00459247
-0.000518902
0.00459
-0.000514143
0.00458749
-0.000509764
0.00458494
-0.000506598
0.00458236
-0.000503321
0.00457974
-0.00050131
0.00457708
-0.000498546
0.00457439
-0.000497263
0.00457168
-0.000494413
0.00456894
-0.00049352
0.00456622
-0.000490021
0.00456348
-0.00048933
0.00456079
-0.000484689
0.00455808
-0.000484202
0.00455549
-0.000478005
0.00455285
-0.000477923
0.00455041
-0.000469827
0.00454787
-0.000470518
0.00454563
-0.000460254
0.00454323
-0.000462192
0.00454125
-0.000449611
0.00453899
-0.000453245
0.00453732
-0.000438462
0.0045352
-0.000444
0.00453389
-0.000427719
0.00453196
-0.000434774
0.00453099
-0.00041887
0.0045294
-0.000425977
-0.000414374
0.00492384
-0.000904364
0.00491787
-0.000892278
0.00491205
-0.000879084
0.00490638
-0.000864871
0.00490086
-0.000849734
0.00489551
-0.000833774
0.00489031
-0.000817099
0.00488527
-0.00079982
0.0048804
-0.000782061
0.00487569
-0.000763942
0.00487114
-0.000745598
0.00486675
-0.000727159
0.00486252
-0.000708769
0.00485844
-0.000690557
0.0048545
-0.000672674
0.0048507
-0.000655237
0.00484702
-0.000638399
0.00484346
-0.000622252
0.00484
-0.000606946
0.00483663
-0.000592525
0.00483333
-0.000579143
0.00483009
-0.000566765
0.0048269
-0.000555563
0.00482373
-0.000545389
0.00482058
-0.000536459
0.00481743
-0.000528468
0.00481426
-0.000521728
0.00481107
-0.000515712
0.00480785
-0.000510919
0.00480459
-0.000506503
0.00480128
-0.00050329
0.00479793
-0.000499971
0.00479452
-0.000497908
0.00479109
-0.000495112
0.00478761
-0.00049378
0.00478411
-0.00049092
0.00478058
-0.000489983
0.00477707
-0.000486511
0.00477352
-0.00048578
0.00477005
-0.000481217
0.00476653
-0.000480684
0.00476315
-0.000474631
0.00475971
-0.000474478
0.0047565
-0.000466611
0.00475316
-0.000467182
0.00475016
-0.000457258
0.00474696
-0.000458985
0.00474424
-0.000446891
0.00474117
-0.00045018
0.00473878
-0.00043607
0.00473587
-0.000441092
0.00473384
-0.000425691
0.00473114
-0.000432069
0.00472946
-0.000417193
0.00472711
-0.000423633
-0.000412863
0.00517604
-0.000896302
0.0051682
-0.000884439
0.00516058
-0.000871471
0.0051532
-0.000857487
0.00514605
-0.000842582
0.00513913
-0.000826856
0.00513245
-0.000810415
0.005126
-0.000793372
0.00511978
-0.000775847
0.0051138
-0.00075796
0.00510805
-0.000739845
0.00510252
-0.000721629
0.0050972
-0.000703455
0.0050921
-0.000685449
0.00508718
-0.000667763
0.00508246
-0.000650509
0.0050779
-0.000633842
0.0050735
-0.000617847
0.00506923
-0.000602679
0.00506508
-0.000588375
0.00506103
-0.000575092
0.00505705
-0.000562792
0.00505314
-0.000551649
0.00504927
-0.000541514
0.00504541
-0.000532605
0.00504156
-0.000524617
0.0050377
-0.000517865
0.00503381
-0.000511825
0.00502989
-0.000506994
0.00502592
-0.000502536
0.0050219
-0.000499269
0.00501783
-0.000495905
0.00501371
-0.000493782
0.00500955
-0.000490951
0.00500533
-0.000489562
0.0050011
-0.000486693
0.00499682
-0.000485704
0.00499257
-0.000482263
0.00498828
-0.000481483
0.00498407
-0.000477006
0.0049798
-0.000476417
0.00497569
-0.000470522
0.0049715
-0.000470286
0.00496756
-0.000462669
0.00496347
-0.000463098
0.00495976
-0.000453545
0.00495581
-0.000455035
0.00495238
-0.000443466
0.00494858
-0.000446378
0.00494549
-0.000432983
0.00494186
-0.000437456
0.00493914
-0.000422976
0.00493573
-0.000428652
0.00493336
-0.000414828
0.00493033
-0.000420597
-0.00041066
0.00543094
-0.00088639
0.00542132
-0.000874821
0.005412
-0.00086215
0.00540298
-0.000848467
0.00539426
-0.000833865
0.00538585
-0.000818443
0.00537774
-0.000802307
0.00536994
-0.000785568
0.00536243
-0.000768343
0.00535523
-0.000750753
0.00534831
-0.000732929
0.00534168
-0.000714996
0.00533532
-0.000697096
0.00532922
-0.000679352
0.00532337
-0.000661913
0.00531775
-0.00064489
0.00531235
-0.000628435
0.00530713
-0.000612633
0.00530209
-0.000597636
0.00529719
-0.000583479
0.00529242
-0.00057032
0.00528775
-0.00055812
0.00528315
-0.000547053
0.00527861
-0.00053697
0.0052741
-0.000528091
0.00526959
-0.000520113
0.00526508
-0.000513351
0.00526054
0.00525596
0.00525134
0.00524666
0.00524193
0.00523714
0.00523231
0.00522741
0.0052225
0.00521753
0.0052126
0.00520761
0.00520272
0.00519776
0.00519297
0.00518808
0.00518346
0.00517869
0.00517431
0.00516967
0.00516559
0.0051611
0.00515737
0.00515306
0.0051497
0.00514562
0.00514261
0.00513894
0.00568785
0.0056766
0.00566571
0.00565518
0.00564501
0.00563521
0.00562578
0.00561671
0.00560801
0.00559965
0.00559165
0.00558398
0.00557664
0.00556961
0.00556287
0.00555641
0.0055502
0.00554422
0.00553845
0.00553285
0.0055274
0.00552207
0.00551683
0.00551166
0.00550653
0.00550142
0.00250619
0.00253056
0.00255576
0.00257892
0.00260305
)
;

boundaryField
{
    inlet
    {
        type            calculated;
        value           nonuniform 0();
    }
    outlet
    {
        type            calculated;
        value           nonuniform List<scalar> 
35
(
0.00452861
0.0047256
0.00492812
0.00513608
0.00262525
0.00262954
0.00263812
0.00265088
0.00266767
0.00268827
0.00271245
0.0027399
0.00277032
0.00280337
0.00283866
0.00287585
0.00291453
0.00295433
0.00299489
0.00303583
0.00307682
0.00311754
0.00315769
0.003197
0.00323525
0.00327223
0.00330777
0.00334171
0.00337397
0.00340445
0.0034331
0.00345989
0.00348483
0.00350792
0.00262529
)
;
    }
    cylinder
    {
        type            calculated;
        value           nonuniform 0();
    }
    top
    {
        type            symmetryPlane;
        value           nonuniform 0();
    }
    bottom
    {
        type            symmetryPlane;
        value           nonuniform 0();
    }
    defaultFaces
    {
        type            empty;
        value           nonuniform 0();
    }
    procBoundary11to7
    {
        type            processor;
        value           nonuniform List<scalar> 
59
(
-9.0355e-06
-6.85006e-06
-4.39875e-06
-1.75581e-06
9.94605e-07
3.76184e-06
6.45158e-06
8.96953e-06
1.1225e-05
1.31347e-05
1.46257e-05
1.56391e-05
1.61327e-05
1.60826e-05
1.54854e-05
1.43583e-05
1.27396e-05
1.06873e-05
8.27729e-06
5.60107e-06
2.76196e-06
-1.28658e-07
-2.95633e-06
-5.60796e-06
-7.97756e-06
-9.97031e-06
-1.15083e-05
-1.25333e-05
-1.30112e-05
-1.29325e-05
-1.23147e-05
-1.12005e-05
-9.65617e-06
-7.76866e-06
-5.63842e-06
-3.38006e-06
-1.10394e-06
1.06993e-06
3.05e-06
4.73218e-06
6.07012e-06
6.99003e-06
7.50727e-06
7.58355e-06
7.29486e-06
6.63913e-06
5.72629e-06
4.60092e-06
3.34399e-06
2.08982e-06
7.78773e-07
-2.65036e-07
-0.00248003
-2.75659e-05
-2.63439e-05
-2.80409e-05
-2.59481e-05
-2.74468e-05
-2.49764e-05
)
;
    }
    procBoundary11to10
    {
        type            processor;
        value           nonuniform List<scalar> 
36
(
-0.000497213
-0.000516521
-0.00055448
-0.000610268
-0.000682705
-0.000770297
-0.000871304
-0.000983801
-0.00110574
-0.00123504
-0.00136958
-0.00150733
-0.00164633
-0.00178474
-0.00192085
-0.00205309
-0.00218009
-0.00230058
-0.00241352
-0.00251798
-0.0008088
-0.00263311
-0.00271655
-0.00278996
-0.00285312
-0.00290599
-0.00294865
-0.00298132
-0.00300427
-0.00301804
-0.00302362
-0.000925702
-0.00467928
-0.00492995
-0.0051841
-0.00544085
)
;
    }
    procBoundary11to14
    {
        type            processor;
        value           uniform -0.00569946;
    }
    procBoundary11to15
    {
        type            processor;
        value           nonuniform List<scalar> 
57
(
-0.000507287
-0.000502417
-0.000497915
-0.00049459
-0.000491176
-0.000488987
-0.000486119
-0.000484664
-0.000481786
-0.000480737
-0.000477331
-0.000476494
-0.000472112
-0.000471456
-0.000465732
-0.000465399
-0.000458052
-0.000458323
-0.000449166
-0.000450396
-0.000439383
-0.000441892
-0.000429248
-0.000433146
-0.000419617
-0.000424578
-0.000411813
-0.000416925
-0.0004078
-0.000874782
-0.000863568
-0.000851257
-0.000837937
-0.0008237
-0.000808644
-0.000792875
-0.000776499
-0.000759636
-0.000742401
-0.000724924
-0.000707329
-0.000689754
-0.000672321
-0.000655176
-0.000638428
-0.000622227
-0.000606653
-0.00059186
-0.000577879
-0.00056487
-0.000552791
-0.000541817
-0.000531801
-0.000522962
-0.000515001
0.0054963
-0.000508234
)
;
    }
}


// ************************************************************************* //
