/*--------------------------------*- C++ -*----------------------------------*\
  =========                 |
  \\      /  F ield         | OpenFOAM: The Open Source CFD Toolbox
   \\    /   O peration     | Website:  https://openfoam.org
    \\  /    A nd           | Version:  7
     \\/     M anipulation  |
\*---------------------------------------------------------------------------*/
FoamFile
{
    version     2.0;
    format      ascii;
    class       surfaceScalarField;
    location    "35";
    object      phi;
}
// * * * * * * * * * * * * * * * * * * * * * * * * * * * * * * * * * * * * * //

dimensions      [0 3 -1 0 0 0 0];

internalField   nonuniform List<scalar> 
3855
(
-2.29333e-06
2.29329e-06
4.0405e-11
-8.43773e-06
6.1446e-06
-1.91779e-10
-1.80063e-05
9.5693e-06
-7.00604e-10
-3.06147e-05
1.26099e-05
-1.43938e-09
-4.59194e-05
1.5307e-05
-2.36226e-09
-6.36189e-05
1.7703e-05
-3.4308e-09
-8.34543e-05
1.984e-05
-4.61876e-09
-0.000105208
2.17597e-05
-5.91644e-09
-0.000128703
2.35022e-05
-0.000153798
2.5104e-05
-0.000180384
2.65962e-05
-0.000208374
2.80025e-05
-0.000237697
2.93382e-05
-0.000268288
3.06089e-05
-0.000300079
3.1811e-05
-0.000332988
3.2933e-05
-0.000366919
3.39591e-05
-0.000401762
3.4876e-05
-0.000437407
3.56829e-05
-0.000473771
3.6408e-05
-0.00051085
3.71292e-05
-0.000548793
3.8e-05
-0.000587982
3.92539e-05
-0.000629058
4.11482e-05
4.41547e-05
-0.000673132
-2.27414e-06
4.56743e-06
-8.37022e-06
1.22407e-05
-1.7866e-05
1.90651e-05
-3.03802e-05
2.51241e-05
-4.55708e-05
3.04975e-05
-6.31368e-05
3.5269e-05
-8.28186e-05
3.95217e-05
-0.000104397
4.33382e-05
-0.000127693
4.67978e-05
-0.000152561
4.99728e-05
-0.00017889
5.29249e-05
-0.000206589
5.57011e-05
-0.000235582
5.83313e-05
-0.000265799
6.08263e-05
-0.000297166
6.31781e-05
-0.000329597
6.53631e-05
-0.000362985
6.73479e-05
-0.000397212
6.91023e-05
-0.000432149
7.062e-05
-0.00046769
7.19498e-05
-0.000503799
7.32378e-05
-0.000540581
7.47816e-05
-0.000578375
7.70482e-05
-0.000617789
8.05619e-05
8.62751e-05
-0.000659909
-2.23618e-06
6.80361e-06
-8.2365e-06
1.8241e-05
-1.7588e-05
2.84166e-05
-2.99152e-05
3.74512e-05
-4.48792e-05
4.54615e-05
-6.21797e-05
5.25695e-05
-8.15557e-05
5.88977e-05
-0.000102785
6.45675e-05
-0.000125683
6.96961e-05
-0.000150101
7.43903e-05
-0.000175917
7.87411e-05
-0.000203034
8.28179e-05
-0.000231367
8.66644e-05
-0.000260836
9.02957e-05
-0.000291357
9.36986e-05
-0.000322829
9.6835e-05
-0.000355132
9.9651e-05
-0.000388123
0.000102094
-0.000421645
0.000104142
-0.000455545
0.00010585
-0.00048972
0.000107412
-0.00052419
0.000109252
-0.000559207
0.000112065
-0.000595308
0.000116663
0.000124488
-0.000633522
-2.18021e-06
8.98382e-06
-8.03916e-06
2.40999e-05
-1.71772e-05
3.75546e-05
-2.92273e-05
4.95014e-05
-4.38551e-05
6.00893e-05
-6.07611e-05
6.94756e-05
-7.9682e-05
7.78186e-05
-0.000100391
8.52765e-05
-0.000122697
9.20018e-05
-0.00014644
9.81338e-05
-0.00017149
0.000103791
-0.000197736
0.000109064
-0.000225081
0.000114009
-0.000253429
0.000118643
-0.000282678
0.000122948
-0.00031271
0.000126867
-0.000343382
0.000130323
-0.000374519
0.000133231
-0.000405918
0.000135541
-0.000437361
0.000137292
-0.000468649
0.0001387
-0.000499676
0.000140278
-0.000530555
0.000142945
-0.000561717
0.000147825
0.000156838
-0.000594066
-2.10741e-06
1.10912e-05
-7.78196e-06
2.97745e-05
-1.66409e-05
4.64136e-05
-2.83281e-05
6.11885e-05
-4.25143e-05
7.42755e-05
-5.89011e-05
8.58623e-05
-7.72221e-05
9.61395e-05
-9.72438e-05
0.000105298
-0.000118765
0.000113523
-0.000141616
0.000120984
-0.000165649
0.000127824
-0.000190738
0.000134153
-0.000216766
0.000140037
-0.000243619
0.000145496
-0.000271172
0.000150501
-0.00029928
0.000154976
-0.00032777
0.000158813
-0.000356428
0.000161889
-0.000384993
0.000164106
-0.000413166
0.000165465
-0.000440626
0.000166161
-0.000467102
0.000166753
-0.000492515
0.000168358
-0.00051714
0.00017245
0.000181356
-0.000541658
-2.01926e-06
1.31105e-05
-7.46982e-06
3.52251e-05
-1.59888e-05
5.49326e-05
-2.72324e-05
7.24321e-05
-4.08774e-05
8.79206e-05
-5.6626e-05
0.000101611
-7.42076e-05
0.000113721
-9.33804e-05
0.000124471
-0.000113931
0.000134074
-0.000135674
0.000142727
-0.000158444
0.000150594
-0.000182093
0.000157802
-0.00020648
0.000164424
-0.000231464
0.00017048
-0.000256892
0.000175929
-0.000282588
0.000180672
-0.000308339
0.000184564
-0.000333883
0.000187432
-0.000358895
0.000189118
-0.00038298
0.00018955
-0.00040568
0.000188861
-0.000426518
0.000187592
-0.000445167
0.000187007
-0.000461706
0.000188989
0.000196051
-0.000476401
-1.91757e-06
1.50281e-05
-7.10869e-06
4.04162e-05
-1.52324e-05
6.30564e-05
-2.59582e-05
8.31579e-05
-3.89693e-05
0.000100932
-5.39677e-05
0.000116609
-7.06774e-05
0.000130431
-8.88464e-05
0.00014264
-0.000108247
0.000153475
-0.000128673
0.000163153
-0.000149938
0.000171859
-0.000171867
0.000179731
-0.00019429
0.000186847
-0.000217033
0.000193223
-0.000239907
0.000198803
-0.000262695
0.00020346
-0.000285138
0.000207008
-0.00030692
0.000209214
-0.000327641
0.00020984
-0.000346806
0.000208715
-0.000363805
0.00020586
-0.000377932
0.000201719
-0.000388548
0.000197623
-0.000395496
0.000195937
0.000198898
-0.000398343
-1.80443e-06
1.68325e-05
-6.70541e-06
4.53172e-05
-1.4385e-05
7.07359e-05
-2.45264e-05
9.32993e-05
-3.68188e-05
0.000113224
-5.09632e-05
0.000130754
-6.66766e-05
0.000146144
-8.36944e-05
0.000159658
-0.000101771
0.000171551
-0.000120679
0.000182061
-0.000140203
0.000191383
-0.000160137
0.000199665
-0.000180276
0.000206986
-0.000200405
0.000213352
-0.000220291
0.000218688
-0.000239667
0.000222836
-0.000258221
0.000225561
-0.000275569
0.000226562
-0.000291235
0.000225506
-0.000304615
0.000222095
-0.000314945
0.000216189
-0.000321277
0.000208052
-0.000322597
0.000198942
-0.000318497
0.000191837
0.000187849
-0.000307449
-1.68214e-06
1.85146e-05
-6.26756e-06
4.99026e-05
-1.34614e-05
7.79298e-05
-2.29601e-05
0.000102798
-3.4458e-05
0.000124722
-4.76536e-05
0.000143949
-6.22553e-05
0.000160746
-7.79834e-05
0.000175386
-9.45719e-05
0.00018814
-0.000111766
0.000199255
-0.000129321
0.000208938
-0.000146991
0.000217336
-0.000164529
0.000224524
-0.000181671
0.000230495
-0.00019813
0.000235148
-0.000213581
0.000238287
-0.000227642
0.000239622
-0.000239857
0.000238777
-0.000249661
0.00023531
-0.000256338
0.000228771
-0.00025897
0.000218821
-0.000256376
0.000205458
-0.0002471
0.000189666
-0.000230539
0.000175276
0.000160909
-0.000203599
-1.55318e-06
2.00678e-05
-5.80328e-06
5.41527e-05
-1.24775e-05
8.46041e-05
-2.12844e-05
0.000111605
-3.19215e-05
0.000135359
-4.40836e-05
0.000156112
-5.74678e-05
0.00017413
-7.17772e-05
0.000189695
-8.67216e-05
0.000203084
-0.000102016
0.00021455
-0.000117378
0.0002243
-0.00013252
0.000232477
-0.000147142
0.000239146
-0.000160924
0.000244277
-0.000173514
0.000247737
-0.000184511
0.000249284
-0.000193456
0.000248567
-0.0001998
0.000245122
-0.000202879
0.000238389
-0.000201859
0.000227751
-0.000195669
0.000212631
-0.000182918
0.000192707
-0.000161608
0.000168357
-0.000131096
0.000144764
0.000116833
-8.70195e-05
-1.42012e-06
2.14879e-05
-5.32109e-06
5.80537e-05
-1.14501e-05
9.0733e-05
-1.95252e-05
0.00011968
-2.92457e-05
0.000145079
-4.02997e-05
0.000167166
-5.2371e-05
0.000186201
-6.51424e-05
0.000202467
-7.82961e-05
0.000216238
-9.15129e-05
0.000227767
-0.000104467
0.000237254
-0.00011682
0.000244831
-0.000128215
0.000250541
-0.000138261
0.000254323
-0.000146528
0.000256004
-0.00015253
0.000255286
-0.000155705
0.000251742
-0.000155398
0.000244815
-0.000150824
0.000233814
-0.000141015
0.000217943
-0.000124746
0.000196362
-0.00010048
0.00016844
-6.5588e-05
0.000133465
-1.73507e-05
9.65262e-05
5.64972e-05
4.2985e-05
-1.28557e-06
2.27735e-05
-4.82961e-06
6.15977e-05
-1.03959e-05
9.62993e-05
-1.77093e-05
0.000126993
-2.64674e-05
0.000153838
-3.63495e-05
0.000177048
-4.7023e-05
0.000196875
-5.81468e-05
0.000213591
-6.93722e-05
0.000227464
-8.03401e-05
0.000238735
-9.06765e-05
0.00024759
-9.99854e-05
0.00025414
-0.00010784
0.000258395
-0.00011377
0.000260254
-0.000117253
0.000259487
-0.000117696
0.000255728
-0.000114417
0.000248463
-0.000106626
0.000237024
-9.3391e-05
0.00022058
-7.35926e-05
0.000198145
-4.58234e-05
0.000168593
-8.37128e-06
0.000130988
4.14048e-05
8.36892e-05
0.000105847
3.20843e-05
-2.91743e-05
0.000191518
-1.15215e-06
2.39256e-05
-4.33739e-06
6.47829e-05
-9.33167e-06
0.000101294
-1.58628e-05
0.000133525
-2.36232e-05
0.000161598
-3.22799e-05
0.000185704
-4.14804e-05
0.000206075
-5.08567e-05
0.000222967
-6.00242e-05
0.000236631
-6.85791e-05
0.000247289
-7.60924e-05
0.000255103
-8.21018e-05
0.000260149
-8.61007e-05
0.000262394
-8.75267e-05
0.00026168
-8.57466e-05
0.000257707
-8.00404e-05
0.000250022
-6.9582e-05
0.000238005
-5.34161e-05
0.000220858
-3.04299e-05
0.000197593
6.85303e-07
0.000167029
4.15405e-05
0.000127737
9.39085e-05
7.86202e-05
0.000161271
1.63264e-05
0.000244573
-5.12175e-05
-0.000140214
0.000355613
-1.02233e-06
2.4948e-05
-3.85262e-06
6.76132e-05
-8.27349e-06
0.000105714
-1.40108e-05
0.000139262
-2.07478e-05
0.000168335
-2.81352e-05
0.000193092
-3.57972e-05
0.000213737
-4.3334e-05
0.000230504
-5.03208e-05
0.000243618
-5.63029e-05
0.000253272
-6.07891e-05
0.00025959
-6.32411e-05
0.000262601
-6.30614e-05
0.000262214
-5.95793e-05
0.000258198
-5.20334e-05
0.000250161
-3.9554e-05
0.000237543
-2.1141e-05
0.000219592
4.35912e-06
0.000195358
3.82821e-05
0.00016367
8.21693e-05
0.000123142
0.0001379
7.20065e-05
0.000207326
9.19422e-06
0.000294507
-7.08546e-05
0.000399512
-0.000156222
-0.00027886
0.000538158
-8.98419e-07
2.58464e-05
-3.38285e-06
7.00977e-05
-7.23603e-06
0.000109568
-1.21763e-05
0.000144202
-1.78729e-05
0.000174032
-2.39558e-05
0.000199175
-3.00213e-05
0.000219803
-3.56332e-05
0.000236116
-4.03206e-05
0.000248305
-4.35715e-05
0.000256522
-4.48236e-05
0.000260842
-4.34522e-05
0.00026123
-3.87555e-05
0.000257518
-2.99374e-05
0.000249379
-1.60881e-05
0.000236312
3.83763e-06
0.000217617
3.10441e-05
0.000192386
6.69203e-05
0.000159482
0.000113068
0.000117523
0.000171305
6.49045e-05
0.000243854
-5.42375e-07
0.000332635
-7.95869e-05
0.000442375
-0.000180594
0.000571863
-0.000285711
-0.000447803
0.000740806
-7.82485e-07
2.66289e-05
-2.93475e-06
7.22499e-05
-6.23219e-06
0.000112865
-1.03793e-05
0.000148349
-1.50258e-05
0.000178678
-1.97757e-05
0.000203925
-2.41922e-05
0.000224219
-2.77974e-05
0.000239721
-3.00676e-05
0.000250575
-3.04255e-05
0.00025688
-2.82279e-05
0.000258644
-2.27514e-05
0.000255753
-1.31743e-05
0.00024794
1.44352e-06
0.000234762
2.21836e-05
0.000215572
5.02939e-05
0.000189507
8.72152e-05
0.000155464
0.000134608
0.000112089
0.000194382
5.77493e-05
0.000268674
-9.38787e-06
0.000360096
-9.19641e-05
0.000470685
-0.000190176
0.00060582
-0.000315729
0.00076278
-0.000442671
-0.000649745
0.000964722
-6.76245e-07
2.73051e-05
-2.51381e-06
7.40875e-05
-5.27242e-06
0.000115624
-8.63574e-06
0.000151713
-1.22277e-05
0.00018227
-1.56205e-05
0.000207317
-1.83385e-05
0.000226937
-1.98552e-05
0.000241237
-1.95866e-05
0.000250307
-1.68805e-05
0.000254174
-1.10014e-05
0.000252765
-1.1125e-06
0.000245864
1.37453e-05
0.000233083
3.46775e-05
0.000213829
6.29629e-05
0.000187287
0.000100081
0.000152388
0.000147742
0.000107803
0.00020791
5.19204e-05
0.000282837
-1.71775e-05
0.000375003
-0.000101554
0.00048742
-0.000204381
0.000622315
-0.000325072
0.000785539
-0.000478952
0.000972909
-0.000630041
-0.000886977
0.00121014
-5.81011e-07
2.78861e-05
-2.12407e-06
7.56306e-05
-4.36422e-06
0.000117864
-6.95656e-06
0.000154305
-9.49227e-06
0.000184806
-1.15055e-05
0.000209331
-1.24743e-05
0.000227906
-1.18161e-05
0.000240579
-8.87751e-06
0.000247368
-2.92004e-06
0.000248217
6.89798e-06
0.000242947
2.15434e-05
0.000231219
4.21332e-05
0.000212493
6.99624e-05
0.000186
0.000106534
0.000150715
0.00015359
0.000105333
0.000213137
4.82563e-05
0.000287471
-2.24139e-05
0.000379201
-0.000108907
0.000491157
-0.000213509
0.000626669
-0.000339894
0.000788266
-0.000486669
0.000981824
-0.00067251
0.00120207
-0.000850291
-0.00116073
0.00147583
-4.97612e-07
2.83837e-05
-1.76789e-06
7.69008e-05
-3.51153e-06
0.000119607
-5.34678e-06
0.00015614
-6.82454e-06
0.000186284
-7.43316e-06
0.000209939
-6.59679e-06
0.00022707
-3.66731e-06
0.00023765
2.08917e-06
0.000241612
1.15105e-05
0.000238795
2.5561e-05
0.000228897
4.53572e-05
0.000211423
7.2197e-05
0.000185653
0.000107591
0.000150606
0.000153295
0.000105011
0.00021134
4.72881e-05
0.000284055
-2.44582e-05
0.000374076
-0.000112435
0.000484356
-0.000219187
0.000618052
-0.000347206
0.000778618
-0.000500459
0.000968983
-0.000677034
0.00119433
-0.000897858
0.00144893
-0.00110489
-0.00147037
0.00175857
-4.26329e-07
2.88101e-05
-1.4457e-06
7.79202e-05
-2.7143e-06
0.000120876
-3.80468e-06
0.00015723
-4.21915e-06
0.000186698
-3.3918e-06
0.000209112
-6.83404e-07
0.000224361
4.63035e-06
0.000232336
1.3377e-05
0.000232865
2.65098e-05
0.000225663
4.51343e-05
0.000210272
7.05393e-05
0.000186018
0.000104229
0.000151963
0.000147957
0.000106878
0.000203759
4.9209e-05
0.000273975
-2.29278e-05
0.000361265
-0.000111748
0.000468595
-0.000219765
0.000599201
-0.000349793
0.000756498
-0.000504503
0.000943755
-0.000687715
0.00116429
-0.000897572
0.00142171
-0.00115528
0.00171059
-0.00139377
-0.00181263
0.00205285
-3.66841e-07
2.91769e-05
-1.15582e-06
7.87092e-05
-1.96805e-06
0.000121688
-2.32105e-06
0.000157583
-1.65943e-06
0.000186036
6.46581e-07
0.000206806
5.31016e-06
0.000219698
1.3145e-05
0.000224501
2.50875e-05
0.000220923
4.22244e-05
0.000208526
6.58246e-05
0.000186672
9.73734e-05
0.000154469
0.000138608
0.000110729
0.000191551
5.39345e-05
0.000258538
-1.77773e-05
0.000342227
-0.000106617
0.000445596
-0.000215117
0.000571886
-0.000346055
0.000724499
-0.000502405
0.000906952
-0.000686957
0.00112196
-0.000902726
0.00137299
-0.0011486
0.0016612
-0.00144348
0.00198219
-0.00171476
-0.00218117
0.00235073
-3.18183e-07
2.94951e-05
-8.94293e-07
7.92853e-05
-1.2636e-06
0.000122058
-8.7869e-07
0.000157199
8.83374e-07
0.000184274
4.72689e-06
0.000202962
1.1452e-05
0.000212973
2.19761e-05
0.000213977
3.73621e-05
0.000205537
5.88514e-05
0.000187036
8.79e-05
0.000157623
0.000126216
0.000116153
0.000175794
6.11506e-05
0.000238946
-9.21769e-06
0.000318315
-9.7147e-05
0.000416868
-0.00020517
0.000537842
-0.000336091
0.00068465
-0.000492864
0.000860663
-0.000678418
0.00106923
-0.000895522
0.00131215
-0.00114565
0.00159247
-0.00142892
0.00190822
-0.00175923
0.00225673
-0.00206327
-0.00256676
0.00264232
-2.78726e-07
2.97738e-05
-6.54857e-07
7.96614e-05
-5.86907e-07
0.00012199
5.47846e-07
0.000156064
3.45045e-06
0.000181372
8.91236e-06
0.0001975
1.78343e-05
0.000204051
3.12546e-05
0.000200557
5.03827e-05
0.000186408
7.66376e-05
0.000160782
0.000111687
0.000122574
0.000157486
7.03542e-05
0.000216308
2.32824e-06
0.000290765
-8.36739e-05
0.000383794
-0.000190176
0.000498616
-0.000319992
0.000638631
-0.000476106
0.000807243
-0.000661476
0.00100752
-0.000878694
0.00124221
-0.00113022
0.00151193
-0.00141537
0.00181843
-0.00173541
0.00215638
-0.00209719
0.00252522
-0.0024321
-0.0029582
0.00291666
-2.4618e-07
3.002e-05
-4.28921e-07
7.98442e-05
8.15571e-08
0.000121479
1.99205e-06
0.000154153
6.09575e-06
0.000177268
1.32837e-05
0.000190313
2.45733e-05
0.000192761
4.11427e-05
0.000183987
6.43698e-05
0.000163181
9.58749e-05
0.000129276
0.000137562
8.08868e-05
0.000191653
1.62628e-05
0.000260712
-6.67305e-05
0.000347637
-0.000170599
0.000455618
-0.000298157
0.000588035
-0.00045241
0.000748274
-0.000636346
0.000939469
-0.000852671
0.00116404
-0.00110327
0.00142362
-0.0013898
0.00171739
-0.00170913
0.00204491
-0.00206294
0.00239777
-0.00245004
0.00277749
-0.00281183
-0.00334372
0.003163
-2.17591e-07
3.02376e-05
-2.05812e-07
7.98324e-05
7.63333e-07
0.00012051
3.49542e-06
0.000151421
8.88487e-06
0.000171879
1.79382e-05
0.000181259
3.18073e-05
0.000178892
5.18304e-05
0.000163964
7.95769e-05
0.000135435
0.000116892
9.19616e-05
0.000165935
3.18433e-05
0.000229209
-4.70115e-05
0.000309559
-0.00014708
0.000410133
-0.000271172
0.000534284
-0.000422308
0.000685394
-0.000603519
0.000866591
-0.000817543
0.00108039
-0.00106647
0.00132818
-0.00135106
0.0016099
-0.00167152
0.00192315
-0.00202238
0.00226463
-0.00240442
0.00262367
-0.00280908
0.00300345
-0.00319161
-0.00371252
0.00337226
-1.89416e-07
3.0427e-05
2.93165e-08
7.96137e-05
1.48812e-06
0.000119051
5.10653e-06
0.000147803
1.1894e-05
0.000165091
2.2988e-05
0.000170165
3.96936e-05
0.000162186
6.35309e-05
0.000140127
9.62825e-05
0.000102683
0.000140039
4.82052e-05
0.00019723
-2.53479e-05
0.000270634
-0.000120416
0.000363346
-0.000239792
0.000478687
-0.000386513
0.000620031
-0.000563653
0.000790535
-0.000774022
0.000992753
-0.00101976
0.00122818
-0.0013019
0.00149675
-0.00161963
0.0017963
-0.00197106
0.00212272
-0.0023488
0.00246966
-0.00275136
0.00282566
-0.00316508
0.00319457
-0.00356052
-0.00405607
0.00353811
-1.58108e-07
3.05851e-05
2.84716e-07
7.91708e-05
2.28571e-06
0.00011705
6.87968e-06
0.000143209
1.52082e-05
0.000156763
2.85569e-05
0.000156817
4.84041e-05
0.000142339
7.64724e-05
0.000112059
0.000114778
6.43771e-05
0.000165672
-2.68854e-06
0.000231854
-9.15298e-05
0.000316354
-0.000204915
0.000422451
-0.000345889
0.000553513
-0.000517575
0.000712732
-0.000722871
0.000902746
-0.000964036
0.00112517
-0.00124218
0.00138006
-0.00155679
0.00166554
-0.00190511
0.00197715
-0.00228267
0.00230913
-0.00268078
0.00265247
-0.0030947
0.00299674
-0.00350935
0.00334502
-0.00390879
-0.00436869
0.00365764
-1.1892e-07
3.0704e-05
5.82451e-07
7.84695e-05
3.19052e-06
0.000114442
8.87355e-06
0.000137526
1.89184e-05
0.000146718
3.47764e-05
0.000140959
5.81185e-05
0.000118997
9.08893e-05
7.92878e-05
0.000135355
1.99117e-05
0.000194129
-6.14624e-05
0.000270164
-0.000167565
0.00036669
-0.000301441
0.000487062
-0.000466261
0.000634514
-0.000665028
0.000811792
-0.000900149
0.00102067
-0.00117292
0.00126144
-0.00148295
0.00153238
-0.00182773
0.00182956
-0.00220229
0.00214642
-0.00259953
0.00247574
-0.0030101
0.00280696
-0.00342593
0.00313222
-0.00383461
0.00345229
-0.00422886
-0.00464768
0.00373128
-6.77002e-08
3.07717e-05
9.36878e-07
7.74649e-05
4.23782e-06
0.000111141
1.11494e-05
0.000130614
2.31189e-05
0.000134748
4.1781e-05
0.000122296
6.90173e-05
9.17609e-05
0.00010701
4.12947e-05
0.000158282
-3.13604e-05
0.000225701
-0.000128881
0.000312431
-0.000254295
0.000421809
-0.000410819
0.000557113
-0.000601565
0.00072121
-0.000829124
0.000916083
-0.00109502
0.00114229
-0.00139912
0.00139844
-0.00173911
0.00168084
-0.00211012
0.00198353
-0.00250498
0.00229835
-0.00291435
0.0026171
-0.00332885
0.00292923
-0.00373807
0.00323008
-0.00413545
0.00351702
-0.0045158
-0.0048933
0.00376263
4.02668e-09
3.07677e-05
1.36508e-06
7.61038e-05
5.46334e-06
0.000107043
1.37687e-05
0.000122309
2.79037e-05
0.000120613
4.97027e-05
0.000100497
8.12732e-05
6.01904e-05
0.000125046
-2.47779e-06
0.000183794
-9.0109e-05
0.00026061
-0.000205696
0.000358797
-0.000352483
0.000481672
-0.000533694
0.000632229
-0.000752122
0.000812684
-0.00100958
0.00102392
-0.00130626
0.00126495
-0.00164015
0.00153249
-0.00200664
0.00182086
-0.00239849
0.0021224
-0.00280652
0.00242813
-0.00322008
0.00272961
-0.00363033
0.00301796
-0.00402641
0.00329098
-0.00440848
0.00354218
-0.004767
-0.00511085
0.00375973
9.26898e-08
3.0675e-05
1.88272e-06
7.43138e-05
6.90211e-06
0.000102024
1.67915e-05
0.00011242
3.3363e-05
0.000104042
5.8665e-05
7.51954e-05
9.50424e-05
2.3813e-05
0.000145174
-5.26089e-05
0.000212065
-0.000157
0.000298976
-0.000292607
0.000409245
-0.000462752
0.000545992
-0.000670441
0.00071168
-0.00091781
0.000907565
-0.00120546
0.00113312
-0.00153181
0.00138554
-0.00189258
0.00165964
-0.00228073
0.00194801
-0.00268687
0.00224194
-0.00310046
0.00253247
-0.0035106
0.00281183
-0.00390969
0.00307398
-0.00428856
0.00331798
-0.00465248
0.00353737
-0.00498639
-0.0053216
0.00374812
2.09634e-07
3.04654e-05
2.50616e-06
7.20173e-05
8.58727e-06
9.59424e-05
2.02735e-05
0.000100733
3.95792e-05
8.47361e-05
6.87778e-05
4.59968e-05
0.000110455
-1.78646e-05
0.000167527
-0.000109681
0.000243192
-0.000232665
0.000340794
-0.00039021
0.000463564
-0.000585522
0.000614207
-0.000821085
0.000794375
-0.00109798
0.00100406
-0.00141515
0.00124105
-0.00176881
0.00150069
-0.00215223
0.00177603
-0.00255607
0.00205851
-0.00296935
0.00233913
-0.00338108
0.00260981
-0.00378128
0.00286438
-0.00416426
0.00309977
-0.00452394
0.00331527
-0.00486798
0.00351231
-0.00518344
-0.00550821
0.00369892
3.56716e-07
3.01087e-05
3.24966e-06
6.91243e-05
1.0549e-05
8.86431e-05
2.4265e-05
8.70173e-05
4.6624e-05
6.23771e-05
8.01311e-05
1.24897e-05
0.000127609
-6.53421e-05
0.000192182
-0.000174254
0.000277179
-0.000317662
0.000385916
-0.000498946
0.000521328
-0.000720934
0.000685463
-0.000985221
0.000878872
-0.00129139
0.00110001
-0.00163629
0.00134489
-0.00201368
0.00160706
-0.0024144
0.00187828
-0.00282729
0.00214954
-0.0032406
0.00241241
-0.00364395
0.00266038
-0.00402925
0.00288945
-0.00439333
0.00309896
-0.00473345
0.00328989
-0.00505891
0.00346627
-0.00535982
-0.00567431
0.00363238
5.37484e-07
2.95712e-05
4.12584e-06
6.5536e-05
1.28134e-05
7.99556e-05
2.88082e-05
7.10225e-05
5.45552e-05
3.663e-05
9.27905e-05
-2.57456e-05
0.000146557
-0.000119108
0.000219145
-0.000246841
0.000313923
-0.000412441
0.000434028
-0.000619051
0.00058189
-0.000868796
0.000758632
-0.00116196
0.000963438
-0.00149619
0.00119307
-0.00186592
0.00144176
-0.00226237
0.00170165
-0.0026743
0.0019638
-0.00308944
0.00221951
-0.00349632
0.00246169
-0.00388613
0.00268584
-0.0042534
0.00289023
-0.00459772
0.00307622
-0.00491944
0.00324621
-0.00522891
0.00340512
-0.00551872
-0.00582609
0.0035569
7.54982e-07
2.88162e-05
5.14537e-06
6.11456e-05
1.54021e-05
6.96989e-05
3.39363e-05
5.24883e-05
6.34138e-05
7.15257e-06
0.000106793
-6.91249e-05
0.000167307
-0.000179622
0.000248345
-0.00032788
0.000353201
-0.000517296
0.000484652
-0.000750501
0.000644385
-0.00102853
0.000832342
-0.00134992
0.00104614
-0.00170999
0.0012808
-0.00210058
0.00152902
-0.00251059
0.00178204
-0.00292731
0.00203094
-0.00333833
0.00226806
-0.00373345
0.00248813
-0.0041062
0.00268883
-0.0044541
0.00287048
-0.00477937
0.00303593
-0.00508489
0.00318847
-0.00538145
0.00333334
-0.00566359
-0.00596635
0.0034736
1.0117e-06
2.78045e-05
6.3168e-06
5.58405e-05
1.83315e-05
5.76842e-05
3.96724e-05
3.11473e-05
7.32223e-05
-2.63973e-05
0.000122143
-0.000118046
0.000189813
-0.000247292
0.000279631
-0.000417698
0.000394669
-0.000632334
0.000537142
-0.000892975
0.000707754
-0.00119914
0.00090504
-0.00154721
0.00112495
-0.0019299
0.0013609
-0.00233653
0.00160446
-0.00275415
0.00184659
-0.00316944
0.0020791
-0.00357084
0.00229592
-0.00395027
0.00249382
-0.0043041
0.00267252
-0.0046328
0.00283399
-0.00494084
0.00298202
-0.00523292
0.00312028
-0.00551972
0.00325379
-0.0057971
-0.00609738
1.30956e-06
2.64949e-05
7.64642e-06
4.95036e-05
2.16126e-05
4.3718e-05
4.60286e-05
6.73136e-06
8.39832e-05
-6.43519e-05
0.000138812
-0.000172875
0.000213971
-0.000322451
0.000312761
-0.000516487
0.00043786
-0.000757434
0.000590703
-0.00104582
0.000770781
-0.00137922
0.000975077
-0.0017515
0.00119791
-0.00215273
0.00143137
-0.00256999
0.00166645
-0.00298924
0.0018945
-0.00339749
0.00210863
-0.00378497
0.00230466
-0.0041463
0.00248138
-0.00448083
0.00264022
-0.00479163
0.00278429
-0.0050849
0.00291781
-0.00536644
0.00304443
-0.00564634
0.00316869
-0.00592136
-0.00622079
1.65e-06
2.48449e-05
9.13832e-06
4.20153e-05
2.52509e-05
2.76055e-05
5.30054e-05
-2.10232e-05
9.56777e-05
-0.000107024
0.000156732
-0.000233929
0.000239622
-0.000405341
0.000347409
-0.000624274
0.000482193
-0.000892218
0.000644408
-0.00120803
0.000832151
-0.00156696
0.0010408
-0.00196015
0.00126322
-0.00237515
0.00149063
-0.00279741
0.00171405
-0.00321265
0.00192579
-0.00360923
0.00212064
-0.00397982
0.00229639
-0.00432205
0.00245363
-0.00463807
0.00259504
-0.00493304
0.00272439
-0.00521425
0.00284593
-0.00548798
0.00296302
-0.00576343
0.00307958
-0.00603792
2.03394e-06
2.2811e-05
1.07944e-05
3.32548e-05
2.92459e-05
9.15391e-06
6.05916e-05
-5.23689e-05
0.000108265
-0.000154697
0.0001758
-0.000301465
0.000266544
-0.000496085
0.000383166
-0.000740895
0.000526985
-0.00103604
0.00069724
-0.00137829
0.000890518
-0.00176024
0.00110067
-0.0021703
0.00131942
-0.0025939
0.00153765
-0.00301564
0.00174698
-0.00342198
0.00194113
-0.00380338
0.00211677
-0.00415545
0.0022735
-0.00447878
0.00241332
-0.00477789
0.00253975
-0.00505947
0.00265679
-0.00533128
0.00276842
-0.00559961
0.00287757
-0.00587257
-0.00614786
2.4619e-06
2.03491e-05
1.26145e-05
2.31023e-05
3.3592e-05
-1.18236e-05
6.87639e-05
-8.75408e-05
0.000121682
-0.000207615
0.000195875
-0.000375658
0.000294461
-0.000594671
0.000419545
-0.000865979
0.000571474
-0.00118797
0.000748131
-0.00155495
0.000944577
-0.00195668
0.00115333
-0.00237906
0.00136543
-0.00280599
0.00157194
-0.00322215
0.00176557
-0.00361561
0.00194176
-0.00397956
0.00209897
-0.00431266
0.00223837
-0.00461818
0.00236297
-0.00490249
0.00247669
-0.00517319
0.00258344
-0.00543804
0.00268679
-0.00570296
0.00278913
-0.00597492
2.93398e-06
1.74151e-05
1.45962e-05
1.144e-05
3.82771e-05
-3.55045e-05
7.74864e-05
-0.00012675
0.000135841
-0.00026597
0.000216776
-0.000456593
0.00032304
-0.000700935
0.000455996
-0.000998936
0.000614843
-0.00134681
0.000796018
-0.00173612
0.000993141
-0.00215381
0.00119772
-0.00258365
0.00140058
-0.00300885
0.00159351
-0.00341508
0.00177065
-0.00379276
0.0019292
-0.00413811
0.00206928
-0.00445274
0.00219325
-0.00474215
0.00230474
-0.00501398
0.00240773
-0.00527618
0.00250583
-0.00553615
0.0026021
-0.00579923
-0.00607128
3.44989e-06
1.39653e-05
1.67351e-05
-1.84521e-06
4.32838e-05
-6.20532e-05
8.67107e-05
-0.000170177
0.000150635
-0.000329894
0.000238287
-0.000544245
0.0003519
-0.000814548
0.00049192
-0.00113896
0.000656256
-0.00151115
0.000839893
-0.00191976
0.00103521
-0.00234912
0.0012331
-0.00278154
0.00142468
-0.00320043
0.00160285
-0.00359325
0.00176339
-0.0039533
0.00190518
-0.0042799
0.0020297
-0.00457727
0.00214016
-0.00485261
0.00224043
-0.00511425
0.00233434
-0.00537009
0.00242508
-0.00562688
0.00251515
-0.0058893
-0.00616218
4.00892e-06
9.95633e-06
1.90246e-05
-1.68609e-05
4.85882e-05
-9.16168e-05
9.63754e-05
-0.000217964
0.000165929
-0.000399448
0.00026016
-0.000638476
0.000380621
-0.000935009
0.000526687
-0.00128502
0.000694896
-0.00167936
0.000878859
-0.00210372
0.00107
-0.00254027
0.00125907
-0.00297061
0.00143789
-0.00337924
0.00160076
-0.00375612
0.00174514
-0.00409767
0.0018714
-0.00440616
0.00198206
-0.00468793
0.00208081
-0.00495135
0.00217152
-0.00520496
0.00225767
-0.00545624
0.00234197
-0.00571118
0.00242645
-0.00597378
-0.00624798
4.60991e-06
5.34642e-06
2.14554e-05
-3.37064e-05
5.41599e-05
-0.000124321
0.000106406
-0.00027021
0.000181571
-0.000474613
0.000282113
-0.000739017
0.000408753
-0.00106165
0.000559665
-0.00143593
0.000730001
-0.00184969
0.000912173
-0.00228589
0.00109702
-0.00272511
0.00127556
-0.00314915
0.0014407
-0.00354438
0.0015883
-0.00390372
0.00171736
-0.00422674
0.00182951
-0.00451831
0.00192797
-0.0047864
0.00201661
-0.00503999
0.00209911
-0.00528746
0.00217852
-0.00553565
0.00225708
-0.00578974
0.00233639
-0.00605309
5.25114e-06
9.52791e-08
2.4016e-05
-5.24712e-05
5.99619e-05
-0.000160267
0.000116715
-0.000326963
0.000197385
-0.000555284
0.000303841
-0.000845472
0.00043583
-0.00119364
0.000590239
-0.00159034
0.000760897
-0.00202035
0.000939272
-0.00246427
0.00111601
-0.00290185
0.0012828
-0.00331594
0.00143386
-0.00369544
0.00156663
-0.00403648
0.00168148
-0.0043416
0.00178099
-0.00461781
0.0018688
-0.0048742
0.00194872
-0.00511991
0.0020241
-0.00536284
0.00209753
-0.00560908
0.00217083
-0.00586303
-0.00612748
5.93019e-06
-5.83491e-06
2.66917e-05
-7.32327e-05
6.59502e-05
-0.000199526
0.000127201
-0.000388213
0.000213178
-0.000641261
0.000325023
-0.000957317
0.000461387
-0.00133
0.000617843
-0.0017468
0.000787033
-0.00218954
0.000959796
-0.00263703
0.00112698
-0.00306903
0.00128125
-0.00347021
0.00141828
-0.00383247
0.00153696
-0.00415516
0.00163886
-0.00444349
0.00172716
-0.00470612
0.00180568
-0.00495272
0.00187802
-0.00519225
0.00194712
-0.00543194
0.00201514
-0.0056771
0.00208349
-0.00593139
-0.00619712
6.64414e-06
-1.24791e-05
2.94651e-05
-9.60537e-05
7.2074e-05
-0.000242135
0.000137752
-0.000453892
0.000228742
-0.000732251
0.000345328
-0.0010739
0.000484977
-0.00146965
0.000641979
-0.0019038
0.000807997
-0.00235556
0.000973585
-0.00280262
0.00113014
-0.00322559
0.00127154
-0.00361161
0.00139492
-0.00395586
0.00150049
-0.00426074
0.0015907
-0.0045337
0.00166913
-0.00478455
0.00173954
-0.00502313
0.00180521
-0.00525793
0.00186867
-0.0054954
0.00193166
-0.00574009
0.00199529
-0.00599502
-0.0062621
7.38911e-06
-1.98682e-05
3.23157e-05
-0.00012098
7.82756e-05
-0.000288094
0.000148247
-0.000523863
0.00024386
-0.000827865
0.000364428
-0.00119447
0.000506187
-0.00161141
0.000662237
-0.00205985
0.000823525
-0.00251685
0.000980663
-0.00295976
0.00112589
-0.00337082
0.00125443
-0.00374015
0.0013648
-0.00406623
0.00145833
-0.00435426
0.00153808
-0.00461346
0.00160782
-0.00485428
0.00167109
-0.00508641
0.00173082
-0.00531766
0.00178911
-0.00555369
0.00184735
-0.00579832
0.00190638
-0.00605405
8.16041e-06
-2.80286e-05
3.52198e-05
-0.00014804
8.44912e-05
-0.000337366
0.000158553
-0.000597925
0.00025831
-0.000927622
0.000382009
-0.00131817
0.000524652
-0.00175406
0.00067831
-0.00221351
0.000833501
-0.00267204
0.000981221
-0.00310748
0.00111477
-0.00350437
0.00123073
-0.00385611
0.0013289
-0.0041644
0.00141147
-0.00443683
0.00148192
-0.00468391
0.00154398
-0.00491633
0.00160092
-0.00514335
0.00165525
-0.00537199
0.0017087
-0.00560714
0.00176236
-0.00585198
-0.00610857
8.95252e-06
-3.69811e-05
3.81508e-05
-0.000177238
9.06519e-05
-0.000389867
0.000168535
-0.000675808
0.000271871
-0.00103096
0.000397777
-0.00144408
0.000540074
-0.00189635
0.00069
-0.00236343
0.000837949
-0.00281999
0.000975577
-0.0032451
0.00109738
-0.00362617
0.00120127
-0.00396
0.00128813
-0.00425126
0.00136082
-0.00450952
0.00142299
-0.00474608
0.00147823
-0.00497157
0.00152946
-0.00519458
0.0015788
-0.00542134
0.00162765
-0.00565599
0.00167685
-0.00590118
-0.00615861
9.75911e-06
-4.67402e-05
4.10797e-05
-0.000208558
9.66846e-05
-0.000445472
0.000178054
-0.000757178
0.000284332
-0.00113724
0.000411476
-0.00157122
0.000552222
-0.0020371
0.000697215
-0.00250843
0.000837015
-0.00295979
0.000964154
-0.00337224
0.00107439
-0.00373641
0.00116685
-0.00405246
0.00124333
-0.00432774
0.00130712
-0.00457331
0.00136192
-0.00480088
0.00141104
-0.00502069
0.00145704
-0.00524059
0.0015017
-0.005466
0.00154611
-0.0057004
0.00159091
-0.00594599
-0.00620418
1.0573e-05
-5.73132e-05
4.3975e-05
-0.00024196
0.000102513
-0.00050401
0.000186974
-0.000841638
0.000295497
-0.00124576
0.000422888
-0.00169861
0.000560944
-0.00217515
0.000699966
-0.00264745
0.000830944
-0.00309077
0.000947439
-0.00348874
0.00104646
-0.00383543
0.00112823
-0.00413424
0.00119525
-0.00439475
0.00125105
-0.0046291
0.00129922
-0.00484905
0.00134279
-0.00506426
0.00138394
-0.00528175
0.00142413
-0.00550618
0.00146419
-0.00574047
0.00150465
-0.00598644
-0.0062453
1.13865e-05
-6.86997e-05
4.68039e-05
-0.000277378
0.000108062
-0.000565268
0.000195163
-0.000928739
0.00030519
-0.00135579
0.000431846
-0.00182527
0.000566161
-0.00230947
0.000698353
-0.00277964
0.000820059
-0.00321247
0.00092596
-0.00359464
0.00101426
-0.00392372
0.00108611
-0.00420609
0.00114452
-0.00445316
0.00119313
-0.00467771
0.00123532
-0.00489125
0.00127378
-0.00510272
0.00131036
-0.00531832
0.00134621
-0.00554203
0.00138201
-0.00577626
0.00141812
-0.00602255
-0.00628195
1.21911e-05
-8.08908e-05
4.95323e-05
-0.000314719
0.000113254
-0.00062899
0.000202497
-0.00101798
0.000313263
-0.00146655
0.000438232
-0.00195024
0.000567871
-0.00243911
0.000692554
-0.00290432
0.000804739
-0.00332466
0.000900257
-0.00369016
0.000978408
-0.00400187
0.00104112
-0.0042688
0.00109172
-0.00450376
0.00113381
-0.00471981
0.00117054
-0.00492798
0.00120424
-0.00513641
0.00123644
-0.00535053
0.00126807
-0.00557366
0.00129963
-0.00580783
0.00133142
-0.00605434
-0.00631411
1.2978e-05
-9.38687e-05
5.21261e-05
-0.000353867
0.000118017
-0.000694881
0.000208866
-0.00110883
0.000319596
-0.00157728
0.00044198
-0.00207262
0.000566134
-0.00256326
0.000682807
-0.00302099
0.000785394
-0.00342725
0.000870866
-0.00377563
0.000939494
-0.0040705
0.000993801
-0.00432311
0.0010373
-0.00454726
0.00107347
-0.00475598
0.00110516
-0.00495966
0.00113436
-0.00516561
0.00116233
-0.0053785
0.00118979
-0.00560113
0.00121715
-0.00583518
0.0012446
-0.00608179
-0.00634179
1.37382e-05
-0.000107607
5.45514e-05
-0.00039468
0.000122283
-0.000762613
0.000214175
-0.00120072
0.000324102
-0.00168721
0.000443075
-0.00219159
0.00056107
-0.00268126
0.000669392
-0.00312932
0.000762452
-0.00352031
0.000838301
-0.00385148
0.000898044
-0.00413025
0.000944643
-0.00436971
0.000981671
-0.00458429
0.00101241
-0.00478672
0.00103937
-0.00498663
0.00106427
-0.00519051
0.00108811
-0.00540234
0.00111146
-0.00562447
0.00113461
-0.00585833
0.00115772
-0.0061049
-0.00636496
1.44625e-05
-0.000122069
5.67757e-05
-0.000436994
0.00012599
-0.000831827
0.000218345
-0.00129308
0.000326727
-0.00179559
0.000441547
-0.00230641
0.000552842
-0.00279255
0.000652624
-0.0032291
0.00073634
-0.00360402
0.000803044
-0.00391818
0.000854531
-0.00418173
0.000894058
-0.00440923
0.000925155
-0.00461539
0.000950851
-0.00481241
0.000973361
-0.00500914
0.000994101
-0.00521125
0.00101388
-0.00542212
0.00103314
-0.00564373
0.00105209
-0.00587728
0.00107085
-0.00612366
1.5142e-05
-0.000137211
5.87685e-05
-0.00048062
0.000129082
-0.000902141
0.000221316
-0.00138531
0.000327452
-0.00190173
0.000437468
-0.00241643
0.000541653
-0.00289674
0.000632829
-0.00332028
0.000707475
-0.00367867
0.000765541
-0.00397625
0.000809374
-0.00422557
0.000842399
-0.00444226
0.000868024
-0.00464101
0.000889005
-0.00483339
0.000907256
-0.00502739
0.000923946
-0.00522794
0.000939716
-0.00543789
0.000954894
-0.00565891
0.000969642
-0.00589203
-0.00613807
1.57679e-05
-0.000152979
6.05018e-05
-0.000525354
0.000131516
-0.000973155
0.000223049
-0.00147684
0.000326284
-0.00200496
0.000430945
-0.00252109
0.00052773
-0.00299352
0.000610343
-0.00340289
0.000676254
-0.00374458
0.000726195
-0.00402619
0.000762936
-0.00426231
0.000789962
-0.00446929
0.000810502
-0.00466155
0.000827027
-0.00484992
0.00084117
-0.00504153
0.000853887
-0.00524065
0.000865676
-0.00544968
0.000876783
-0.00567001
0.000887328
-0.00590257
-0.00614812
1.6332e-05
-0.000169311
6.19509e-05
-0.000570973
0.000133255
-0.00104446
0.000223523
-0.00156711
0.000323264
-0.0021047
0.000422114
-0.00261994
0.000511316
-0.00308273
0.000585494
-0.00347707
0.000643045
-0.00380213
0.000685369
-0.00406851
0.000715532
-0.00429247
0.000736998
-0.00449075
0.000752773
-0.00467733
0.000765046
-0.00486219
0.000775197
-0.00505168
0.000783994
-0.00524945
0.000791823
-0.00545751
0.000798864
-0.00567705
0.000805202
-0.00590891
-0.00615381
1.68267e-05
-0.000186138
6.30948e-05
-0.000617241
0.000134273
-0.00111564
0.000222737
-0.00165558
0.000318453
-0.00220042
0.00041113
-0.00271262
0.000492664
-0.00316426
0.000558601
-0.003543
0.000608191
-0.00385172
0.000643382
-0.0041037
0.000667433
-0.00431652
0.000683714
-0.00450703
0.000694988
-0.0046886
0.00070317
-0.00487037
0.000709413
-0.00505792
0.00071433
-0.00525437
0.000718213
-0.0054614
0.00072119
-0.00568003
0.00072332
-0.00591104
-0.00615512
1.72451e-05
-0.000203383
6.39163e-05
-0.000663912
0.000134557
-0.00118628
0.000220708
-0.00174173
0.000311934
-0.00229164
0.000398167
-0.00279885
0.000472026
-0.00323812
0.000529967
-0.00360094
0.000572001
-0.00389376
0.000600516
-0.00413222
0.000618868
-0.00433487
0.000630284
-0.00451845
0.000637272
-0.00469559
0.000641489
-0.00487459
0.000643888
-0.00506032
0.000644953
-0.00525543
0.000644899
-0.00546134
0.000643814
-0.00567895
0.000641736
-0.00590896
-0.00615206
1.75813e-05
-0.000220965
6.44028e-05
-0.000710734
0.000134099
-0.00125597
0.000217468
-0.0018251
0.000303809
-0.00237799
0.000383403
-0.00287844
0.00044965
-0.00330437
0.000499873
-0.00365117
0.000534754
-0.00392864
0.000557015
-0.00415448
0.000570033
-0.00434789
0.000576854
-0.00452527
0.000579729
-0.00469846
0.000580078
-0.00487494
0.000578682
-0.00505893
0.000575914
-0.00525266
0.00057193
-0.00545736
0.000566788
-0.0056738
0.000560504
-0.00590268
-0.00614464
1.78302e-05
-0.000238795
6.45457e-05
-0.000757449
0.000132906
-0.00132433
0.000213062
-0.00190525
0.00029419
-0.00245911
0.000367026
-0.00295128
0.000425776
-0.00336312
0.000468581
-0.00369397
0.000496698
-0.00395675
0.00051309
-0.00417087
0.000521093
-0.00435589
0.000523544
-0.00452772
0.000522445
-0.00469736
0.000519002
-0.0048715
0.000513847
-0.00505377
0.000507262
-0.00524608
0.000499357
-0.00544945
0.000490162
-0.00566461
0.000479676
-0.00589219
0.000467893
-0.00613286
-0.00638719
1.7988e-05
-0.000256783
6.43409e-05
-0.000803802
0.000130991
-0.00139098
0.000207548
-0.00198181
0.000283198
-0.00253476
0.000349219
-0.0030173
0.000400631
-0.00341453
0.000436329
-0.00372967
0.000458052
-0.00397848
0.000468924
-0.00418174
0.000472186
-0.00435916
0.000470456
-0.00452599
0.000465495
-0.0046924
0.00045832
-0.00486432
0.000449432
-0.00504489
0.000439045
-0.00523569
0.000427227
-0.00543763
0.000413985
-0.00565137
0.000399306
-0.00587752
0.00038317
-0.00611672
-0.00636957
1.80519e-05
-0.000274835
6.37885e-05
-0.000849538
0.000128374
-0.00145557
0.000200994
-0.00205443
0.00027096
-0.00260473
0.000330164
-0.0030765
0.000374427
-0.00345879
0.00040333
-0.00375857
0.000419008
-0.00399416
0.000424671
-0.0041874
0.000423429
-0.00435791
0.000417674
-0.00452024
0.000408942
-0.00468367
0.00039808
-0.00485346
0.000385485
-0.00503229
0.000371307
-0.00522151
0.000355585
-0.00542191
0.000338306
-0.00563409
0.000319445
-0.00585865
0.00029897
-0.00609625
-0.00634745
1.80199e-05
-0.000292855
6.28923e-05
-0.000894411
0.000125086
-0.00151776
0.000193473
-0.00212282
0.000257605
-0.00266886
0.000310035
-0.00312893
0.000347361
-0.00349612
0.000369778
-0.00378099
0.000379734
-0.00400411
0.000380465
-0.00418814
0.000374923
-0.00435237
0.00036527
-0.00451058
0.000352841
-0.00467124
0.00033833
-0.00483895
0.000322047
-0.00501601
0.000304092
-0.00520356
0.000284477
-0.0054023
0.000263174
-0.00561279
0.000240144
0.000215346
1.78914e-05
-0.000310746
6.16599e-05
-0.000938179
0.000121159
-0.00157726
0.000185064
-0.00218672
0.000243261
-0.00272706
0.000288998
-0.00317467
0.000319614
-0.00352673
0.000335843
-0.00379722
0.000340375
-0.00400864
0.000336419
-0.00418418
0.000326749
-0.0043427
0.000313308
-0.00449714
0.000297239
-0.00465517
0.000279113
-0.00482082
0.000259158
-0.00499605
0.00023744
0.000213946
1.76667e-05
-0.000328413
6.01022e-05
-0.000980615
0.000116632
-0.00163379
0.000175848
-0.00224594
0.000228055
-0.00277926
0.000267209
-0.00321383
0.000291349
-0.00355087
0.000301678
-0.00380755
0.000301056
-0.00400802
0.00029263
-0.00417575
0.00027898
-0.00432905
0.000261839
-0.00448
0.000242182
0.000220466
1.7347e-05
-0.00034576
5.82326e-05
-0.0010215
0.000111549
-0.00168711
0.00016591
-0.0023003
0.000212108
-0.00282546
0.000244814
-0.00324653
0.000262716
-0.00356878
0.000267416
-0.00381225
0.000261887
-0.00400249
0.000249179
-0.00416305
0.000231676
1.69344e-05
-0.000362694
5.60672e-05
-0.00106063
0.000105954
-0.001737
0.000155332
-0.00234968
0.000195536
-0.00286567
0.000221946
-0.00327294
0.000233847
-0.00358068
0.000233172
-0.00381157
0.000222961
1.64319e-05
-0.000379126
5.36239e-05
-0.00109783
9.98941e-05
-0.00178327
0.000144195
-0.00239398
0.00017845
-0.00289992
0.000198729
-0.00329322
0.000204859
1.5843e-05
-0.000394969
5.09219e-05
-0.0011329
9.34163e-05
-0.00182576
0.000132579
-0.00243314
0.000160951
-0.00292829
1.51719e-05
-0.000410141
4.79819e-05
-0.00116571
8.65681e-05
-0.00186435
0.000120559
1.44233e-05
-0.000424564
4.4825e-05
-2.29333e-06
-8.43775e-06
-1.80064e-05
-3.06148e-05
-4.59195e-05
-6.3619e-05
-8.34544e-05
-0.000690571
1.75277e-05
-0.000706776
1.62972e-05
-0.000721947
1.52678e-05
-0.000736043
1.41937e-05
-0.000749099
1.31529e-05
-0.000761163
1.21583e-05
1.12046e-05
-0.000677035
3.46538e-05
-0.000692963
3.22247e-05
-0.00070788
3.01853e-05
-0.000721744
2.80579e-05
-0.00073458
2.5989e-05
-0.000746434
2.40118e-05
2.21168e-05
-0.000650031
5.11632e-05
-0.00066541
4.76034e-05
-0.000679824
4.46e-05
-0.000693231
4.14644e-05
-0.000705635
3.83928e-05
-0.000717075
3.54519e-05
3.26302e-05
-0.000609675
6.67721e-05
-0.000624244
6.21728e-05
-0.000637919
5.82748e-05
-0.000650654
5.41992e-05
-0.000662426
5.01643e-05
-0.000673262
4.62888e-05
-0.000683195
4.2563e-05
3.89772e-05
-0.000556115
8.12292e-05
-0.000569633
7.56903e-05
-0.000582349
7.0991e-05
-0.000594217
6.60667e-05
-0.000605176
6.11239e-05
-0.000615241
5.63536e-05
-0.000624433
5.17547e-05
4.7319e-05
-0.0004895
9.43286e-05
-0.000501753
8.7943e-05
-0.000513319
8.25571e-05
-0.000524149
7.68973e-05
-0.000534144
7.11191e-05
-0.000543296
6.55054e-05
-0.000551615
6.00735e-05
5.48192e-05
-0.00040993
0.000105916
-0.000420753
9.8766e-05
-0.000431016
9.28203e-05
-0.000440675
8.65558e-05
-0.000449589
8.00334e-05
-0.000457724
7.364e-05
-0.000465075
6.74246e-05
6.13902e-05
-0.000317406
0.000115872
-0.000326711
0.000108071
-0.000335573
0.000101682
-0.000343971
9.49539e-05
-0.000351735
8.77973e-05
-0.000358795
8.06996e-05
-0.000365129
7.37589e-05
6.69903e-05
-0.000211755
0.000124029
-0.000219564
0.00011588
-0.000227016
0.000109134
-0.00023413
0.000102067
-0.000240735
9.44022e-05
-0.00024672
8.66855e-05
-0.000252046
7.90849e-05
7.16335e-05
-9.22927e-05
0.000129302
-9.90517e-05
0.000122639
-0.000105229
0.000115312
-0.000111114
0.000107952
-0.00011663
9.99176e-05
-0.000121618
9.16739e-05
-0.000126015
8.34817e-05
7.54017e-05
4.17274e-05
0.00013056
3.51572e-05
0.000129209
3.0088e-05
0.000120381
2.52769e-05
0.000112763
2.06799e-05
0.000104515
1.6522e-05
9.58317e-05
1.28926e-05
8.71111e-05
7.84526e-05
0.000188657
0.000133421
0.000183828
0.000134039
0.000179489
0.00012472
0.000175379
0.000116874
0.000171405
0.000108488
0.000167788
9.94489e-05
0.000164645
9.02542e-05
8.10581e-05
0.000352632
0.000136402
0.000347879
0.000138791
0.000343682
0.000128917
0.00033977
0.000120786
0.000335958
0.0001123
0.000332458
0.000102949
0.000329407
9.33046e-05
8.35871e-05
0.00053411
0.00014045
0.000528465
0.000144436
0.000523531
0.000133852
0.000519076
0.000125241
0.000514778
0.000116597
0.000510808
0.000106919
0.000507311
9.68016e-05
0.000504359
8.654e-05
7.61763e-05
0.000734291
0.000146965
0.000726592
0.000152136
0.000719854
0.000140589
0.000713897
0.000131198
0.000708273
0.000122221
0.000703081
0.000112111
0.00069845
0.000101432
0.000694442
9.05486e-05
7.95103e-05
0.000954062
0.000157625
0.000942973
0.000163225
0.000933194
0.000150368
0.000924589
0.000139804
0.000916625
0.000130185
0.000909305
0.000119431
0.000902718
0.000108019
0.0008969
9.63669e-05
8.45258e-05
0.00119356
0.000174207
0.00117764
0.000179142
0.00116349
0.000164516
0.00115098
0.000152315
0.00113955
0.00014162
0.00112908
0.000129894
0.00111962
0.000117486
0.00111114
0.00010484
9.20009e-05
0.00145167
0.00019836
0.00142952
0.000201292
0.0014097
0.000184336
0.00139203
0.000169986
0.00137597
0.000157681
0.00136132
0.000144545
0.00134802
0.000130789
0.00133601
0.000116849
0.000102747
0.00172559
0.000231342
0.00169603
0.000230852
0.00166943
0.00021094
0.0016455
0.000193916
0.00162377
0.000179405
0.00160397
0.000164346
0.00158594
0.000148822
0.00156957
0.000133222
0.00155478
0.000117535
0.000101745
0.00201043
0.000273764
0.00197274
0.000268538
0.00193861
0.00024507
0.00190765
0.000224873
0.0018795
0.000207558
0.00185381
0.000190034
0.00183034
0.000172291
0.00180893
0.000154632
0.00178947
0.000137003
0.000119366
0.00229913
0.00032536
0.00225329
0.00031438
0.00221145
0.000286916
0.00217319
0.000263126
0.00213828
0.000242469
0.00210634
0.00022198
0.00207704
0.000201586
0.00205019
0.000181477
0.00202565
0.000161551
0.000141744
0.00258281
0.000384872
0.0025296
0.000367587
0.00248056
0.000335959
0.00243537
0.000308309
0.00239393
0.000283909
0.00235584
0.000260069
0.00232076
0.000236674
0.00228845
0.000213782
0.00225876
0.000191247
0.000168983
0.00285142
0.000450112
0.00279248
0.000426521
0.00273752
0.000390924
0.00268646
0.000359373
0.00263933
0.000331036
0.00259576
0.000303642
0.0025554
0.000277027
0.00251806
0.000251126
0.00248354
0.00022576
0.0024517
0.000200825
0.000176244
0.00309491
0.000518205
0.00303259
0.000488837
0.00297366
0.000449859
0.0029184
0.000414635
0.002867
0.000382432
0.00281914
0.0003515
0.00277454
0.000321624
0.00273303
0.000292636
0.00269445
0.000264345
0.00265864
0.000236631
0.000209399
0.00330454
0.000585919
0.00324155
0.000551834
0.00318105
0.00051036
0.00312373
0.000471951
0.00306994
0.000436228
0.00301943
0.000402008
0.00297203
0.00036902
0.00292763
0.000337037
0.0028861
0.000305876
0.00284732
0.00027541
0.000245528
0.00347393
0.000650102
0.00341295
0.000612814
0.00335346
0.000569852
0.00329646
0.000528946
0.00324239
0.0004903
0.00319115
0.000453246
0.00314269
0.00041748
0.00309696
0.000382768
0.00305388
0.00034895
0.0030134
0.000315898
0.00297543
0.000283499
0.000251653
0.00359967
0.000708068
0.00354314
0.00066935
0.00348713
0.00062586
0.00343279
0.000583281
0.00338061
0.000542487
0.00333063
0.000503218
0.00328294
0.000465174
0.00323755
0.000428155
0.00319447
0.000392035
0.00315367
0.000356698
0.00311513
0.000322037
0.000287956
0.00368161
0.000757741
0.00363176
0.0007192
0.0035815
0.000676119
0.00353194
0.000632841
0.0034836
0.000590822
0.00343672
0.000550097
0.00339148
0.000510415
0.003348
0.000471635
0.00330636
0.00043368
0.00326659
0.000396463
0.00322873
0.000359897
0.000323894
0.0037234
0.000796981
0.00368271
0.000759882
0.00364023
0.000718605
0.00359713
0.000675938
0.00355415
0.000633802
0.00351174
0.000592508
0.00347023
0.000551926
0.00342986
0.000512005
0.0033908
0.000472743
0.00335315
0.00043411
0.00331699
0.000396054
0.00035851
0.00373572
0.000820988
0.00370469
0.000790913
0.00367022
0.000753081
0.00363381
0.000712343
0.00359661
0.000671005
0.00355926
0.000629855
0.00352218
0.000589011
0.00348565
0.000548527
0.00344992
0.000508479
0.00341512
0.000468904
0.00338138
0.000429795
0.00334878
0.000391116
0.000352826
0.0056163
0.000854066
-0.00564938
0.00559083
0.000816387
0.00556532
0.000778584
0.00553926
0.00073841
0.00551241
0.000697857
0.00548465
0.000657614
0.00545604
0.000617616
0.0054268
0.00057777
0.00539717
0.000538103
0.00536741
0.000498666
0.00533773
0.000459478
0.00530831
0.000420532
0.000381807
0.00588037
0.000863598
-0.0058899
0.00586809
0.000828661
0.00585378
0.000792898
0.00583719
0.000755001
0.00581886
0.00071618
0.00579913
0.000677351
0.00577813
0.000638611
0.00575605
0.000599857
0.00573307
0.000561077
0.00570942
0.00052232
0.00568528
0.00048362
0.00566083
0.000444983
0.000406404
0.00611523
-0.00611579
0.00611331
0.00610915
0.00610228
0.00609306
0.00608188
0.00606899
0.00605456
0.00603881
0.00602192
0.00600407
0.00598544
0.0055458
0.00351893
0.00558377
0.00578381
0.00359966
0.00561648
0.00582653
0.00367756
0.00563784
0.00364106
0.00586303
0.00607592
0.00373658
0.00370972
)
;

boundaryField
{
    inlet
    {
        type            calculated;
        value           nonuniform 0();
    }
    outlet
    {
        type            calculated;
        value           nonuniform 0();
    }
    cylinder
    {
        type            calculated;
        value           uniform 0;
    }
    top
    {
        type            symmetryPlane;
        value           nonuniform 0();
    }
    bottom
    {
        type            symmetryPlane;
        value           nonuniform 0();
    }
    defaultFaces
    {
        type            empty;
        value           nonuniform 0();
    }
    procBoundary9to5
    {
        type            processor;
        value           nonuniform List<scalar> 
33
(
-7.33215e-09
-8.89082e-09
-1.06315e-08
-1.26056e-08
-1.48719e-08
-1.74924e-08
-2.05291e-08
-2.40412e-08
-2.80824e-08
-3.26977e-08
-3.7919e-08
-4.37598e-08
-5.02091e-08
-5.72256e-08
-6.4736e-08
-7.26312e-08
-8.07488e-08
2.29337e-06
6.14423e-06
9.56792e-06
1.2607e-05
1.53023e-05
1.76961e-05
1.98308e-05
2.17479e-05
-0.000105208
-8.83481e-08
-9.28039e-08
-9.60171e-08
-9.76613e-08
-9.7354e-08
-9.47429e-08
-8.94638e-08
)
;
    }
    procBoundary9to6
    {
        type            processor;
        value           uniform -0.000772278;
    }
    procBoundary9to8
    {
        type            processor;
        value           nonuniform List<scalar> 
29
(
-0.00583562
-0.00607145
-0.00518184
-0.0053788
0.000188634
-0.00558747
-0.00463552
-0.00479911
0.000196859
-0.00497245
-0.00431155
0.00021091
-0.00445924
-0.00399228
0.000206137
-0.00414622
-0.00358681
0.00019905
-0.00380576
0.000175273
-0.00330754
-0.00246713
0.000143136
-0.00295087
-0.00119612
7.93963e-05
-0.00189892
1.36024e-05
-0.000438166
)
;
    }
    procBoundary9to10
    {
        type            processor;
        value           nonuniform List<scalar> 
38
(
-0.000757346
-0.000727588
-2.99186e-05
-0.000692254
-0.000632775
-0.000559115
-0.000471646
-0.000370729
-0.00025669
-0.000129783
9.84177e-06
0.00016204
0.000326878
-7.38287e-05
0.000502011
0.000691108
0.000891885
0.00110367
0.00132526
-8.8486e-05
0.00154152
0.00177185
0.00200327
0.00223152
-0.00014694
0.0024224
0.00262549
0.00281119
-0.000216134
0.00293991
0.00307883
0.00319279
0.00328238
-0.00032142
0.00331737
0.00527933
0.00563623
0.00596617
)
;
    }
    procBoundary9to12
    {
        type            processor;
        value           nonuniform List<scalar> 2(0.000188736 -0.00632084);
    }
    procBoundary9to13
    {
        type            processor;
        value           nonuniform List<scalar> 
58
(
0.00338482
0.00329211
-0.00633766
0.00319644
0.00298751
0.00289318
-0.0062519
0.00269846
0.00260605
0.00251224
0.00241727
-0.00632887
0.00224522
0.00215313
0.00206027
0.00196675
-0.00632247
0.00181688
0.00172689
0.00163649
0.00154576
0.00145477
0.00136359
0.00127227
0.00118089
0.0010895
-0.00638361
0.000984052
0.000897376
0.000810884
0.000724633
0.00063868
0.000553081
0.00640028
0.000454796
0.000365553
0.000276847
0.000864163
0.000830576
0.000797061
0.000761866
0.000725407
0.000688531
0.000651503
0.000614278
0.000576832
0.000539212
0.000501466
0.000463616
0.000425671
-0.00550399
0.00343179
-0.00573885
0.00347398
0.00355694
-0.00602893
0.00359407
0.00366984
)
;
    }
}


// ************************************************************************* //
