/*--------------------------------*- C++ -*----------------------------------*\
  =========                 |
  \\      /  F ield         | OpenFOAM: The Open Source CFD Toolbox
   \\    /   O peration     | Website:  https://openfoam.org
    \\  /    A nd           | Version:  7
     \\/     M anipulation  |
\*---------------------------------------------------------------------------*/
FoamFile
{
    version     2.0;
    format      ascii;
    class       surfaceScalarField;
    location    "105";
    object      phi;
}
// * * * * * * * * * * * * * * * * * * * * * * * * * * * * * * * * * * * * * //

dimensions      [0 3 -1 0 0 0 0];

internalField   nonuniform List<scalar> 
3886
(
0.00382661
0.00101958
0.00376783
0.00133802
0.00375437
0.00169643
0.0037914
0.00210546
0.00387561
0.00256246
0.00400116
0.00305105
0.00416569
0.00353781
0.0043711
0.00396868
0.00461736
0.00427689
0.00489872
0.00440119
0.00521022
0.00428387
0.00554904
0.00384857
0.00589903
0.00302449
0.00622098
0.00183077
0.0064661
0.000421351
0.0065986
-0.000976805
0.00661143
-0.00216771
0.00652422
-0.00305581
0.00636992
-0.0036421
0.00618112
-0.00398237
0.00598211
-0.0041455
0.005787
-0.0041913
0.00560213
-0.00416366
0.00542973
-0.0040877
0.00526888
-0.00397546
0.00511609
-0.0038382
0.00496926
-0.00368352
0.00482979
-0.00350112
-0.00327334
0.00691877
-0.00112154
0.00684786
-0.00127825
0.00676398
-0.00143104
0.00666788
-0.00157651
0.00656071
-0.00171128
0.00644396
-0.00183223
0.00631939
-0.00193656
0.00618886
-0.00202195
0.00605427
-0.00208656
0.00591747
-0.00212905
0.00578015
-0.00214852
0.00564384
-0.00214442
0.00550986
-0.00211647
0.00537936
-0.00206455
0.00525332
-0.00198856
0.00513262
-0.00188839
0.00501806
-0.00176381
0.00491043
-0.00161445
0.00481052
-0.00143977
0.00471908
-0.00123921
0.00463705
-0.00101211
0.00456543
-0.000757167
0.00450397
-0.000473535
0.00444875
-0.000164317
0.00439175
0.000160396
0.00432486
0.000485005
0.00424696
0.00079808
0.00416703
0.00109951
0.00410222
0.00140283
0.00407073
0.00172792
0.00408498
0.00209121
0.00414956
0.00249788
0.0042643
0.00293631
0.00442881
0.0033733
0.00464304
0.00375446
0.00490346
0.00401647
0.0052032
0.00410145
0.00553726
0.00394981
0.00589845
0.00348738
0.00626264
0.00266029
0.00658442
0.00150899
0.00681407
0.000191705
0.00692082
-0.00108356
0.00690565
-0.00215254
0.00679445
-0.00294461
0.00662254
-0.00347019
0.00642184
-0.00378167
0.00621486
-0.00393852
0.00601407
-0.00399051
0.00582459
-0.00397418
0.00564798
-0.00391109
0.00548343
-0.00381092
0.00532764
-0.0036824
0.00517788
-0.00353376
0.00503532
-0.00335856
-0.00313864
0.00710378
-0.00106412
0.007034
-0.00120847
0.00695211
-0.00134914
0.00685873
-0.00148313
0.0067549
-0.00160745
0.00664194
-0.00171926
0.00652141
-0.00181603
0.00639502
-0.00189556
0.00626452
-0.00195606
0.00613162
-0.00199616
0.00599795
-0.00201485
0.005865
-0.00201147
0.00573409
-0.00198556
0.00560641
-0.00193686
0.005483
-0.00186514
0.0053648
-0.00177019
0.00525272
-0.00165173
0.00514763
-0.00150937
0.00505046
-0.0013426
0.00496211
-0.00115086
0.0048836
-0.000933591
0.00481623
-0.000689801
0.00476105
-0.000418354
0.00471682
-0.000120083
0.00467815
0.000199058
0.00463669
0.000526472
0.00458623
0.000848538
0.00452807
0.00115767
0.00447298
0.00145791
0.00443768
0.00176322
0.00443858
0.0020903
0.00448739
0.00244907
0.00459072
0.00283298
0.00475173
0.00321228
0.00497
0.00353619
0.00524024
0.00374623
0.00555496
0.00378673
0.00590733
0.00359744
0.00628405
0.00311066
0.00665264
0.00229171
0.00696265
0.00119897
0.00716628
-1.19305e-05
0.00724069
-0.00115797
0.00719538
-0.00210723
0.00706113
-0.00281036
0.00687392
-0.00328299
0.00666381
-0.00357157
0.00645095
-0.00372565
0.00624605
-0.00378561
0.00605316
-0.00378129
0.00587322
-0.00373115
0.00570556
-0.00364326
0.00554725
-0.00352409
0.00539518
-0.00338169
0.00525
-0.00321337
-0.00300228
0.00729499
-0.00100714
0.00722648
-0.00113996
0.00714665
-0.00126931
0.00705605
-0.00139254
0.0069556
-0.00150699
0.00684646
-0.00161013
0.00673005
-0.00169962
0.0066079
-0.00177341
0.00648162
-0.00182978
0.00635283
-0.00186736
0.00622306
-0.00188508
0.00609375
-0.00188216
0.00596624
-0.00185805
0.00584171
-0.00181234
0.00572127
-0.0017447
0.00560594
-0.00165485
0.00549666
-0.00154246
0.00539444
-0.00140714
0.00530026
-0.00124842
0.00521517
-0.00106578
0.0051403
-0.000858721
0.00507705
-0.000626547
0.00502705
-0.000368359
0.00499098
-8.40088e-05
0.00496642
0.000223616
0.00494711
0.00054579
0.00492536
0.000870285
0.00489704
0.001186
0.0048658
0.00148915
0.00484335
0.00178567
0.00484579
0.00208786
0.00488896
0.0024059
0.00498533
0.00273662
0.00514237
0.00305524
0.00536114
0.00331741
0.00563653
0.00347084
0.00596063
0.00346263
0.00632342
0.00323464
0.00670432
0.00272976
0.00706316
0.00193287
0.00734736
0.000914768
0.00751476
-0.000179327
0.00755225
-0.00119545
0.00747691
-0.00203189
0.00732226
-0.00265571
0.0071231
-0.00308383
0.0069066
-0.00335506
0.00669019
-0.00350924
0.0064829
-0.00357832
0.00628786
-0.00358625
0.00610554
-0.00354883
0.00593542
-0.00347314
0.0057751
-0.00336377
0.00562135
-0.00322794
0.00547413
-0.00306615
-0.00286431
0.00749293
-0.000950763
0.0074258
-0.00107284
0.00734811
-0.00119162
0.00726034
-0.00130477
0.00716329
-0.00140994
0.00705801
-0.00150485
0.00694576
-0.00158736
0.00682793
-0.00165558
0.00670601
-0.00170786
0.00658149
-0.00174284
0.00645584
-0.00175943
0.00633045
-0.00175677
0.00620662
-0.00173423
0.00608558
-0.00169129
0.00596844
-0.00162757
0.00585629
-0.0015427
0.00575015
-0.00143632
0.00565107
-0.00130806
0.00556014
-0.00115748
0.0054785
-0.000984142
0.00540739
-0.000787607
0.00534825
-0.000567411
0.0053029
-0.000323007
0.00527303
-5.41333e-05
0.00525859
0.00023805
0.00525631
0.000548066
0.00525989
0.000866706
0.0052631
0.00118279
0.00526421
0.00148804
0.00526877
0.0017811
0.00528909
0.00206755
0.00534105
0.00235394
0.00544009
0.00263758
0.00559711
0.00289822
0.00581563
0.00309889
0.00609199
0.00319448
0.00641801
0.00313662
0.00677971
0.00287294
0.00714947
0.00236
0.00748194
0.00160039
0.00772675
0.000669962
0.00785046
-0.000303034
0.0078498
-0.0011948
0.00774726
-0.00192934
0.00757655
-0.002485
0.00736962
-0.00287689
0.00715007
-0.00313552
0.00693258
-0.00329175
0.00672463
-0.00337037
0.00652872
-0.00339034
0.00634503
-0.00336514
0.00617315
-0.00330126
0.00601134
-0.00320197
0.00585654
-0.00307314
0.00570798
-0.00291759
-0.0027249
0.00769808
-0.000895148
0.00763245
-0.00100721
0.00755697
-0.00111614
0.00747207
-0.00121987
0.00737846
-0.00131632
0.00727706
-0.00140345
0.00716901
-0.00147931
0.00705558
-0.00154215
0.00693813
-0.00159041
0.00681804
-0.00162275
0.0066967
-0.00163809
0.00657545
-0.00163553
0.00645559
-0.00161436
0.00633832
-0.00157402
0.0062248
-0.00151405
0.00611614
-0.00143404
0.00601343
-0.00133361
0.00591777
-0.0012124
0.00583032
-0.00107003
0.00575229
-0.000906118
0.00568503
-0.000720342
0.00563001
-0.000512395
0.00558907
-0.000282068
0.00556423
-2.92958e-05
0.00555695
0.000245329
0.00556656
0.000538457
0.00558946
0.00084381
0.0056202
0.00115205
0.00565467
0.00145357
0.00569353
0.00174225
0.00574392
0.00201716
0.0058185
0.00227936
0.00593197
0.00252411
0.00609626
0.00273393
0.00631663
0.00287853
0.00659095
0.00292015
0.00691064
0.00281694
0.00725794
0.00252564
0.00760019
0.00201775
0.00789136
0.00130922
0.00808724
0.000474089
0.00816485
-0.000380648
0.00812904
-0.00115899
0.00800479
-0.00180509
0.00782367
-0.00230388
0.00761358
-0.00266681
0.00739441
-0.00291634
0.00717825
-0.00307559
0.00697134
-0.00316346
0.00677583
-0.00319483
0.00659178
-0.00318109
0.00641892
-0.0031284
0.00625616
-0.00303921
0.00610089
-0.00291787
0.00595174
-0.00276844
-0.00258447
0.00791094
-0.000840464
0.00784694
-0.000943203
0.00777375
-0.00104295
0.00769177
-0.00113789
0.00760162
-0.00122617
0.00750413
-0.00130597
0.00740033
-0.00137551
0.00729135
-0.00143317
0.00717844
-0.0014775
0.00706291
-0.00150722
0.00694606
-0.00152123
0.00682917
-0.00151864
0.0067135
-0.0014987
0.00660027
-0.00146079
0.00649064
-0.00140442
0.00638575
-0.00132915
0.00628674
-0.0012346
0.00619474
-0.00112041
0.00611097
-0.000986259
0.00603672
-0.00083186
0.00597335
-0.000656972
0.00592242
-0.000461472
0.00588573
-0.000245378
0.00586535
-8.91109e-06
0.00586334
0.000247339
0.00588077
0.000521022
0.00591666
0.00080792
0.00596781
0.0011009
0.00603033
0.00139105
0.00610245
0.00167013
0.00618697
0.00193263
0.00629197
0.00217436
0.00642862
0.00238746
0.00660703
0.00255552
0.00683225
0.00265331
0.00710252
0.00264988
0.0074084
0.00251106
0.00772947
0.00220457
0.00803155
0.00171567
0.0082723
0.00106848
0.00841691
0.000329478
0.00845209
-0.000415831
0.00838813
-0.00109503
0.00824962
-0.00166658
0.00806434
-0.00211861
0.00785572
-0.00245818
0.00764012
-0.00270075
0.00742752
-0.002863
0.00722325
-0.00295919
0.00702932
-0.00300091
0.00684592
-0.00299769
0.00667289
-0.00295537
0.00650975
-0.00287607
0.00635455
-0.00276267
0.00620557
-0.00261946
-0.00244361
0.00813208
-0.00078687
0.00806981
-0.000880931
0.00799899
-0.000972133
0.00791998
-0.00105888
0.00783332
-0.00113951
0.00773976
-0.00121241
0.00764021
-0.00127596
0.00753573
-0.00132869
0.00742745
-0.00136922
0.00731657
-0.00139635
0.00720434
-0.001409
0.00709199
-0.00140629
0.00698073
-0.00138744
0.00687176
-0.00135183
0.00676627
-0.00129892
0.00666539
-0.00122828
0.00657031
-0.00113951
0.00648219
-0.00103229
0.00640229
-0.000906354
0.00633191
-0.000761482
0.00627248
-0.000597547
0.00622558
-0.000414566
0.006193
-0.0002128
0.00617663
7.45534e-06
0.00617884
0.000245136
0.00620142
0.000498436
0.00624521
0.000764136
0.00630929
0.00103682
0.00639139
0.00130894
0.00648947
0.00157205
0.00660386
0.00181824
0.00673853
0.0020397
0.00690014
0.00222585
0.00709508
0.00236058
0.00732613
0.00242225
0.00759034
0.00238567
0.00787695
0.00222445
0.00816451
0.00191701
0.00842083
0.00145935
0.00861068
0.000878633
0.00870925
0.000230906
0.00871093
-0.000417509
0.00862835
-0.00101245
0.00848372
-0.00152195
0.00830029
-0.00193518
0.00809723
-0.00225512
0.00788795
-0.00249147
0.00768084
-0.00265588
0.00748061
-0.00275896
0.00728938
-0.00280968
0.00710758
-0.00281588
0.00693523
-0.00278302
0.00677233
-0.00271316
0.00661769
-0.00260803
0.0064696
-0.00247137
-0.00230308
0.00836209
-0.000734509
0.00830166
-0.000820497
0.00823327
-0.00090375
0.00815725
-0.000982856
0.00807409
-0.00105635
0.00798446
-0.00112278
0.00788919
-0.00118069
0.00778922
-0.00122872
0.00768561
-0.00126561
0.00757947
-0.00129021
0.00747198
-0.00130151
0.0073643
-0.00129861
0.00725762
-0.00128076
0.00715312
-0.00124733
0.00705196
-0.00119777
0.00695532
-0.00113163
0.00686436
-0.00104855
0.0067803
-0.000948233
0.0067044
-0.00083045
0.00663799
-0.000695073
0.00658252
-0.000542074
0.00653956
-0.000371615
0.00651081
-0.000184044
0.00649822
2.00389e-05
0.00650394
0.000239422
0.00653007
0.000472305
0.00657831
0.000715892
0.00664935
0.000965783
0.00674263
0.00121567
0.00685695
0.00145773
0.00699181
0.00168338
0.00714848
0.00188303
0.00732964
0.00204469
0.00753756
0.00215266
0.00777178
0.00218803
0.00802708
0.00213036
0.00829133
0.00196021
0.00854368
0.00166465
0.00875631
0.00124672
0.00890231
0.000732632
0.00896551
0.000167703
0.00894515
-0.000397147
0.0088539
-0.000921205
0.00871053
-0.00137857
0.00853393
-0.00175858
0.00833964
-0.00206083
0.00813882
-0.00229066
0.00793873
-0.00245579
0.00774376
-0.00256399
0.00755624
-0.00262216
0.00737695
-0.00263659
0.00720613
-0.0026122
0.00704412
-0.00255115
0.00689051
-0.00245442
0.00674391
-0.00232477
-0.00216372
0.00860154
-0.000683502
0.00854303
-0.000761983
0.00847713
-0.000837849
0.00840412
-0.000909851
0.00832446
-0.000976694
0.00823875
-0.00103707
0.00814774
-0.00108967
0.00805229
-0.00113327
0.00795337
-0.00116669
0.00785203
-0.00118887
0.00774935
-0.00119883
0.00764647
-0.00119572
0.00754451
-0.0011788
0.00744463
-0.00114745
0.00734799
-0.00110112
0.00725575
-0.00103939
0.00716909
-0.000961894
0.00708923
-0.000868373
0.00701744
-0.000758659
0.00695505
-0.000632685
0.0069035
-0.000490528
0.00686435
-0.000332465
0.00683927
-0.000158961
0.00683009
2.92226e-05
0.00683881
0.000230701
0.00686749
0.000443618
0.00691811
0.000665281
0.00699209
0.000891797
0.00709004
0.00111772
0.00721175
0.00133603
0.00735674
0.00153838
0.00752487
0.0017149
0.00771608
0.00185348
0.00792934
0.00193941
0.0081611
0.00195627
0.0084039
0.00188757
0.00864474
0.00171937
0.00886452
0.00144487
0.00904068
0.00107055
0.00915371
0.000619603
0.00919373
0.000127684
0.00916229
-0.000365705
0.0090707
-0.000829615
0.00893419
-0.00124206
0.00876791
-0.0015923
0.00858459
-0.0018775
0.00839371
-0.00209978
0.0082018
-0.00226387
0.0080131
-0.00237529
0.00783017
-0.00243924
0.00765421
-0.00246063
0.00748574
-0.00244373
0.00732535
-0.00239075
0.00717325
-0.00230232
0.00702863
-0.00218016
-0.00202635
0.00885092
-0.000633956
0.0087944
-0.000705462
0.00873102
-0.000774469
0.00866104
-0.000839875
0.00858488
-0.000900529
0.00850307
-0.000955259
0.0084163
-0.0010029
0.00832537
-0.00104234
0.00823116
-0.00107248
0.00813464
-0.00109235
0.00803684
-0.00110103
0.00793883
-0.00109771
0.00784171
-0.00108168
0.00774658
-0.00105233
0.0076546
-0.00100914
0.0075669
-0.000951691
0.00748466
-0.000879661
0.00740911
-0.00079282
0.0073415
-0.000691046
0.00728315
-0.000574342
0.0072355
-0.00044287
0.00720001
-0.000296983
0.00717834
-0.000137281
0.0071722
3.53543e-05
0.00718345
0.000219455
0.00721398
0.000413086
0.00726568
0.000613579
0.00734019
0.000817288
0.0074386
0.00101931
0.00756129
0.00121334
0.007708
0.00139166
0.00787797
0.00154494
0.00806958
0.00166187
0.00827966
0.00172932
0.00850263
0.0017333
0.00872951
0.00166068
0.00894728
0.0015016
0.00913919
0.00125296
0.00928756
0.000922184
0.00937823
0.000528924
0.00940546
0.000100456
0.00937123
-0.000331469
0.00928497
-0.000743358
0.00915876
-0.00111586
0.00900481
-0.00143834
0.00883366
-0.00170636
0.00865361
-0.00191973
0.00847067
-0.00208094
0.00828903
-0.00219366
0.00811149
-0.00226169
0.00793963
-0.00228877
0.00777428
-0.00227839
0.00761623
-0.0022327
0.00746616
-0.00215225
0.00732393
-0.00203793
-0.00189163
0.00911064
-0.000585971
0.00905618
-0.000651
0.00899536
-0.000713649
0.00892842
-0.000772939
0.00885574
-0.000827849
0.00877782
-0.000877337
0.00869528
-0.000920361
0.00860884
-0.000955899
0.00851933
-0.000982976
0.00842765
-0.00100067
0.00833477
-0.00100815
0.0082417
-0.00100464
0.00814949
-0.000989468
0.00805922
-0.000962055
0.00797199
-0.00092191
0.00788894
-0.00086864
0.00781123
-0.000801948
0.00774005
-0.000721642
0.00767665
-0.000627647
0.00762233
-0.000520026
0.00757847
-0.000399007
0.00754651
-0.000265023
0.007528
-0.000118767
0.00752455
3.88008e-05
0.00753785
0.000206152
0.00756962
0.000381319
0.00762154
0.000561663
0.00769512
0.000743703
0.00779151
0.00092292
0.00791124
0.00109361
0.00805414
0.00124877
0.00821912
0.00137996
0.0084038
0.00147718
0.008604
0.00152913
0.0088131
0.0015242
0.00902173
0.00145205
0.00921759
0.00130575
0.00938641
0.00108414
0.00951423
0.000794362
0.00959085
0.000452309
0.00961192
7.93772e-05
0.00958003
-0.000299574
0.0095021
-0.000665424
0.00938773
-0.00100149
0.00924681
-0.00129743
0.00908827
-0.00154781
0.00891945
-0.00175091
0.00874599
-0.00190748
0.00857204
-0.0020197
0.00840056
-0.0020902
0.00823348
-0.0021217
0.00807197
-0.00211688
0.00791698
-0.0020777
0.0077695
-0.00200478
0.00763003
-0.00189846
-0.00176008
0.00938106
-0.000539642
0.00932872
-0.000598666
0.0092705
-0.000655425
0.00920661
-0.000709055
0.00913741
-0.00075865
0.00906336
-0.000803281
0.00898502
-0.000842017
0.00890305
-0.000873939
0.00881824
-0.00089816
0.00873141
-0.000913842
0.00864346
-0.000920205
0.00855536
-0.000916541
0.00846812
-0.000902221
0.00838276
-0.000876697
0.00830036
-0.000839513
0.00822203
-0.000790305
0.00814889
-0.000728809
0.00808212
-0.000654871
0.00802293
-0.00056846
0.00797259
-0.000469689
0.00793242
-0.000358838
0.0079038
-0.000236402
0.00788819
-0.000103154
0.00788707
3.99207e-05
0.00790198
0.000191244
0.00793443
0.000348871
0.00798587
0.000510221
0.00805759
0.000671983
0.00815054
0.000829967
0.00826516
0.000978991
0.00840114
0.00111279
0.00855718
0.00122392
0.0087306
0.00130376
0.00891685
0.00134288
0.00910921
0.00133184
0.00929865
0.00126262
0.00947412
0.00113027
0.00962362
0.000934645
0.00973593
0.000682052
0.00980329
0.000384955
0.00982237
6.02945e-05
0.00979487
-0.000272078
0.00972618
-0.000596728
0.00962378
-0.000899089
0.00949575
-0.0011694
0.00934969
-0.00140175
0.00919216
-0.00159338
0.00902844
-0.00174377
0.00886262
-0.00185388
0.00869777
-0.00192535
0.00853609
-0.00196002
0.00837906
-0.00195985
0.00822782
-0.00192646
0.00808354
-0.0018605
0.0079472
-0.00176212
-0.00163204
0.00966251
-0.000495065
0.00961237
-0.000548525
0.00955679
-0.000599839
0.00949597
-0.00064824
0.00943025
-0.000692926
0.00936004
-0.000733074
0.00928587
-0.000767849
0.00920836
-0.000796429
0.00912822
-0.000818014
0.00904622
-0.00083184
0.00896321
-0.000837197
0.0088801
-0.000833431
0.00879784
-0.000819963
0.00871743
-0.000796285
0.00863989
-0.000761979
0.0085663
-0.000716714
0.00849776
-0.000660261
0.00843539
-0.000592503
0.00838037
-0.000513445
0.00833393
-0.000423245
0.00829732
-0.000322227
0.00827185
-0.00021093
0.00825884
-9.01476e-05
0.00825971
3.90549e-05
0.00827579
0.000175163
0.00830841
0.000316248
0.0083588
0.000459836
0.00842797
0.000602808
0.00851663
0.000741303
0.00862499
0.000870635
0.00875254
0.000985242
0.0088978
0.00107866
0.00905797
0.00114359
0.00922857
0.00117228
0.00940323
0.00115718
0.00957372
0.00109213
0.00973045
0.000973545
0.00986331
0.000801785
0.00996324
0.000582119
0.0100239
0.000324282
0.0100424
4.18206e-05
0.0100198
-0.000249472
0.00995999
-0.000536943
0.00986889
-0.000807986
0.00975307
-0.00105358
0.00961903
-0.00126771
0.00947259
-0.00144695
0.00931871
-0.00158988
0.00916133
-0.0016965
0.00900357
-0.00176759
0.00884783
-0.00180428
0.00869586
-0.00180787
0.00854898
-0.00177958
0.00840851
-0.00172003
0.00827571
-0.00162932
-0.00150778
0.00995537
-0.00045233
0.00990749
-0.000500643
0.00985458
-0.000546929
0.00979685
-0.00059051
0.0097346
-0.000630676
0.00966822
-0.000666696
0.0095982
-0.000697828
0.00952511
-0.000723337
0.0094496
-0.000742505
0.0093724
-0.000754642
0.00929431
-0.000759104
0.00921617
-0.000755296
0.0091389
-0.000742688
0.00906343
-0.000720818
0.00899076
-0.000689307
0.0089219
-0.000647859
0.00885793
-0.000596283
0.00879991
-0.000534492
0.008749
-0.000462527
0.00870633
-0.000380581
0.00867311
-0.000289009
0.00865056
-0.000188376
0.0086399
-7.94916e-05
0.0086424
3.65585e-05
0.00865925
0.000158314
0.00869158
0.000283913
0.00874041
0.000411011
0.00880651
0.000536709
0.00889033
0.000657482
0.00899183
0.00076913
0.00911031
0.000866761
0.00924416
0.000944814
0.00939056
0.000997184
0.00954529
0.00101754
0.00970255
0.000999925
0.00985509
0.000939589
0.00999466
0.000833972
0.0101128
0.000683601
0.0102022
0.00049278
0.0102572
0.000269228
0.0102754
2.36563e-05
0.0102572
-0.000231275
0.0102054
-0.000485139
0.0101245
-0.000727123
0.01002
-0.000949039
0.0098973
-0.00114501
0.00976162
-0.00131126
0.00961749
-0.00144575
0.00946873
-0.00154774
0.00931844
-0.0016173
0.00916911
-0.00165495
0.00902269
-0.00166146
0.00888073
-0.00163762
0.00874463
-0.00158394
0.00861585
-0.00150054
-0.00138754
0.01026
-0.000411522
0.0102145
-0.00045508
0.0101643
-0.000496731
0.0101096
-0.000535877
0.0100509
-0.00057189
0.00998829
-0.000604123
0.00992238
-0.000631918
0.00985366
-0.00065462
0.00978274
-0.000671587
0.0097103
-0.000682202
0.00963708
-0.000685883
0.00956388
-0.000682096
0.00949155
-0.00067036
0.00942099
-0.00065026
0.00935314
-0.000621458
0.00928898
-0.000583695
0.00922951
-0.000536812
0.00917577
-0.000480755
0.00912884
-0.000415595
0.00908981
-0.000341547
0.00905979
-0.000258991
0.00903992
-0.000168504
0.00903132
-7.08937e-05
0.00903511
3.2767e-05
0.00905234
0.000141081
0.00908398
0.000252281
0.00913081
0.000364176
0.00919342
0.000474104
0.00927202
0.000578881
0.00936637
0.000674778
0.0094756
0.000757533
0.00959801
0.000822404
0.00973088
0.00086431
0.0098703
0.000878122
0.0100111
0.000859136
0.010147
0.000803709
0.0102709
0.00071
0.0103759
0.000578637
0.0104557
0.00041299
0.0105056
0.000219305
0.0105232
6.07254e-06
0.0105086
-0.000216662
0.0104636
-0.000440189
0.0103918
-0.000655325
0.0102976
-0.000854756
0.0101855
-0.00103291
0.0100601
-0.00118588
0.00992554
-0.00131123
0.00978547
-0.00140767
0.0096429
-0.00147473
0.00950036
-0.00151242
0.00935995
-0.00152104
0.00922337
-0.00150104
0.00909216
-0.00145273
0.00896785
-0.00137623
-0.00127161
0.0105769
-0.000372714
0.0105337
-0.000411885
0.0104863
-0.000449272
0.0104348
-0.000484347
0.0103794
-0.000516555
0.0103206
-0.000545324
0.0102588
-0.000570074
0.0101944
-0.000590222
0.010128
-0.000605199
0.0100602
-0.000614454
0.00999183
-0.000617469
0.0099235
-0.000613765
0.00985606
-0.000602913
0.00979034
-0.000584544
0.00972724
-0.000558359
0.00966769
-0.000524138
0.00961263
-0.000481752
0.00956305
-0.000431176
0.00951996
-0.000372504
0.00948438
-0.000305969
0.00945735
-0.000231966
0.00943991
-0.000151061
0.00943308
-6.40622e-05
0.00943784
2.80056e-05
0.0094551
0.000123818
0.00948566
0.000221719
0.00953015
0.000319692
0.00958894
0.000415316
0.00966207
0.000505747
0.00974914
0.000587705
0.00984916
0.000657511
0.00996042
0.000711145
0.0100803
0.000744398
0.0102053
0.000753135
0.0103308
0.000733646
0.0104514
0.000683117
0.0105612
0.000600243
0.0106542
0.000485637
0.0107251
0.000342013
0.0107701
0.000174305
0.0107867
-1.04932e-05
0.0107748
-0.000204792
0.0107356
-0.000400983
0.0106717
-0.000591444
0.0105867
-0.000769709
0.0104844
-0.000930603
0.0103688
-0.00107027
0.0102436
-0.00118604
0.0101122
-0.00127627
0.00997751
-0.00134004
0.00984207
-0.00137697
0.00970803
-0.001387
0.00957724
-0.00137025
0.00945135
-0.00132683
0.00933195
-0.00125684
-0.00116032
0.0109066
-0.000335965
0.0108658
-0.000371097
0.0108211
-0.000404569
0.0107726
-0.000435915
0.0107207
-0.000464645
0.0106657
-0.000490257
0.0106078
-0.000512238
0.0105477
-0.000530074
0.0104857
-0.000543263
0.0104226
-0.000551316
0.0103589
-0.000553774
0.0102954
-0.000550213
0.0102327
-0.000540253
0.0101717
-0.00052357
0.0101133
-0.000499905
0.0100582
-0.000469073
0.0100074
-0.000430972
0.00996186
-0.000385606
0.00992244
-0.000333084
0.00989012
-0.000273647
0.00986586
-0.000207705
0.00985058
-0.000135785
0.00984523
-5.87082e-05
0.00985065
2.25858e-05
0.00986762
0.000106847
0.00989679
0.000192549
0.00993862
0.000277854
0.00999335
0.000360586
0.0100609
0.000438227
0.0101407
0.000507921
0.0102317
0.000566508
0.0103322
0.00061061
0.0104398
0.000636756
0.0105514
0.000641606
0.0106628
0.00062224
0.0107694
0.000576483
0.0108662
0.000503439
0.0109483
0.00040355
0.0110111
0.00027919
0.0110512
0.000134185
0.0110665
-2.57921e-05
0.0110566
-0.000194842
0.0110221
-0.000366509
0.0109651
-0.000534419
0.0108883
-0.000692927
0.010795
-0.000837314
0.0106886
-0.000963875
0.0105725
-0.00106987
0.0104496
-0.00115342
0.0103229
-0.00121331
0.0101947
-0.00124884
0.0100674
-0.00125964
0.00994272
-0.00124558
0.00982249
-0.00120661
0.00970838
-0.00114273
-0.00105398
0.0112494
-0.000301323
0.011211
-0.000332744
0.0111691
-0.000362628
0.0111238
-0.000390564
0.0110752
-0.000416125
0.0110238
-0.000438867
0.0109699
-0.000458339
0.010914
-0.000474093
0.0108564
-0.000485683
0.0107978
-0.000492683
0.0107387
-0.000494686
0.0106798
-0.000491322
0.0106218
-0.000482257
0.0105654
-0.00046721
0.0105115
-0.000445959
0.0104607
-0.000418351
0.0104141
-0.000384314
0.0103724
-0.000343868
0.0103364
-0.000297135
0.0103071
-0.000244375
0.0102854
-0.000185948
0.010272
-0.00012244
0.0102679
-5.45434e-05
0.0102737
1.67964e-05
0.01029
9.04585e-05
0.0103175
0.000165044
0.0103565
0.000238893
0.010407
0.000310076
0.0104689
0.000376377
0.0105415
0.000435334
0.0106237
0.00048425
0.010714
0.000520305
0.0108101
0.000540638
0.0109092
0.000542554
0.0110077
0.000523761
0.0111015
0.000482601
0.0111867
0.000418338
0.0112587
0.000331548
0.0113139
0.000223905
0.0113493
9.87751e-05
0.011363
-3.9487e-05
0.0113544
-0.000186181
0.0113238
-0.000335895
0.0112726
-0.000483301
0.0112032
-0.000623505
0.0111182
-0.000752271
0.0110204
-0.000866123
0.0109129
-0.000962352
0.0107984
-0.00103896
0.0106797
-0.00109453
0.0105589
-0.00112812
0.0104385
-0.00113916
0.0103202
-0.00112731
0.0102059
-0.00109235
0.0100974
-0.0010342
-0.000952876
0.011606
-0.000268819
0.0115701
-0.000296836
0.0115309
-0.000323439
0.0114886
-0.000348267
0.0114434
-0.000370944
0.0113956
-0.000391085
0.0113456
-0.000408293
0.0112937
-0.000422177
0.0112403
-0.000432347
0.0111861
-0.000438431
0.0111315
-0.000440073
0.0110771
-0.000436951
0.0110236
-0.000428777
0.0109717
-0.000415307
0.0109221
-0.000396356
0.0108755
-0.0003718
0.0108328
-0.00034159
0.0107947
-0.000305759
0.010762
-0.000264452
0.0107356
-0.000217907
0.0107161
-0.000166483
0.0107044
-0.000110741
0.0107012
-5.13122e-05
0.0107071
1.09041e-05
0.0107226
7.4903e-05
0.0107482
0.000139422
0.0107842
0.00020298
0.0108304
0.000263874
0.0108865
0.000320181
0.0109521
0.00036978
0.0110259
0.000410402
0.0111066
0.000439678
0.0111919
0.000455289
0.0112794
0.000455047
0.0113661
0.000437124
0.0114484
0.000400286
0.0115227
0.00034398
0.0115857
0.000268628
0.0116338
0.000175731
0.0116647
6.78778e-05
0.0116766
-5.13538e-05
0.0116687
-0.000178288
0.0116412
-0.000308407
0.0115952
-0.000437252
0.0115323
-0.000560618
0.0114548
-0.000674742
0.0113651
-0.000776425
0.0112658
-0.000863062
0.0111594
-0.000932626
0.0110485
-0.000983593
0.0109353
-0.00101488
0.0108218
-0.00102572
0.0107101
-0.00101562
0.010602
-0.000984266
0.0104993
-0.000931485
-0.000857241
0.0119768
-0.00023847
0.0119434
-0.000263371
0.0119069
-0.000286978
0.0118676
-0.000308977
0.0118257
-0.00032904
0.0117815
-0.000346828
0.0117352
-0.000361999
0.0116872
-0.00037421
0.011638
-0.000383124
0.011588
-0.000388417
0.0115377
-0.000389782
0.0114877
-0.000386938
0.0114385
-0.00037964
0.0113909
-0.000367682
0.0113454
-0.000350907
0.0113029
-0.00032922
0.0112639
-0.000302592
0.0112292
-0.00027107
0.0111995
-0.000234799
0.0111756
-0.00019401
0.0111582
-0.000149061
0.0111479
-0.000100442
0.0111454
-4.87704e-05
0.0111511
5.14307e-06
0.0111656
6.03903e-05
0.0111892
0.000115855
0.011222
0.000170223
0.0112638
0.000222006
0.0113145
0.000269548
0.0113732
0.000311038
0.011439
0.000344565
0.0115105
0.000368176
0.0115859
0.000379952
0.0116628
0.000378164
0.0117386
0.000361331
0.0118103
0.000328526
0.011875
0.000279324
0.0119295
0.000214077
0.0119711
0.000134117
0.0119977
4.12939e-05
0.0120076
-6.1249e-05
0.0120001
-0.00017075
0.0119751
-0.000283422
0.0119334
-0.000395541
0.0118763
-0.000503512
0.0118056
-0.00060403
0.0117233
-0.000694196
0.0116318
-0.000771558
0.0115333
-0.000834133
0.0114301
-0.000880356
0.0113243
-0.000909051
0.0112179
-0.000919346
0.0111129
-0.000910641
0.0110112
-0.000882515
0.0109144
-0.000834735
-0.000767227
0.0123626
-0.000210276
0.0123315
-0.00023233
0.0122977
-0.000253208
0.0122614
-0.000272637
0.0122227
-0.000290332
0.0121819
-0.000305999
0.0121392
-0.00031934
0.0120951
-0.00033006
0.0120498
-0.000337867
0.0120039
-0.00034248
0.0119577
-0.000343638
0.0119119
-0.000341099
0.0118669
-0.000334655
0.0118233
-0.000324132
0.0117818
-0.000309404
0.011743
-0.000290397
0.0117075
-0.000267098
0.011676
-0.000239567
0.0116492
-0.000207942
0.0116276
-0.000172454
0.011612
-0.00013343
0.0116029
-9.13147e-05
0.0116008
-4.66972e-05
0.0116062
-2.77413e-07
0.0116195
4.70872e-05
0.0116409
9.44592e-05
0.0116705
0.000140671
0.011708
0.000184436
0.0117532
0.000224331
0.0118055
0.000258824
0.0118637
0.000286323
0.0119267
0.000305199
0.0119927
0.000313909
0.0120598
0.000311034
0.0121257
0.000295437
0.0121879
0.000266348
0.0122437
0.000223504
0.0122906
0.000167213
0.0123262
9.85037e-05
0.0123487
1.881e-05
0.0123565
-6.90838e-05
0.012349
-0.000163244
0.012326
-0.000260421
0.012288
-0.000357528
0.012236
-0.000451508
0.0121715
-0.000539484
0.0120961
-0.000618859
0.0120119
-0.000687373
0.0119209
-0.000743133
0.0118252
-0.000784592
0.0117267
-0.000810537
0.0116273
-0.000820033
0.0115291
-0.000812404
0.0114338
-0.000787175
0.0113431
-0.000744048
-0.000682925
0.0127637
-0.00018422
0.0127351
-0.000203676
0.012704
-0.000222073
0.0126705
-0.000239172
0.0126349
-0.000254726
0.0125974
-0.000268482
0.0125582
-0.000280184
0.0125177
-0.000289576
0.0124763
-0.000296408
0.0124342
-0.000300441
0.012392
-0.00030145
0.0123502
-0.000299231
0.0123091
-0.000293608
0.0122694
-0.000284438
0.0122317
-0.00027162
0.0121964
-0.000255097
0.0121641
-0.000234872
0.0121356
-0.000211009
0.0121113
-0.000183647
0.0120918
-0.000152991
0.0120777
-0.000119365
0.0120696
-8.31421e-05
0.0120678
-4.48913e-05
0.0120727
-5.19329e-06
0.0120847
3.51199e-05
0.0121038
7.53069e-05
0.0121302
0.000114326
0.0121635
0.000151071
0.0122035
0.000184332
0.0122495
0.000212824
0.0123006
0.000235211
0.0123557
0.000250169
0.0124131
0.000256425
0.0124713
0.000252853
0.0125282
0.000238541
0.0125817
0.000212887
0.0126294
0.000175737
0.0126694
0.000127256
0.0126995
6.83897e-05
0.012718
3.7264e-07
0.0127238
-7.49146e-05
0.0127161
-0.000155534
0.0126946
-0.000238978
0.0126598
-0.000322661
0.0126123
-0.000403995
0.0125533
-0.000480491
0.0124843
-0.000549853
0.0124069
-0.000610028
0.012323
-0.000659246
0.0122345
-0.000696021
0.0121431
-0.00071915
0.0120507
-0.000727673
0.0119592
-0.000720878
0.0118702
-0.000698244
0.0117857
-0.000659451
-0.00060436
0.013181
-0.000160267
0.0131547
-0.000177358
0.0131262
-0.000193501
0.0130955
-0.000208489
0.0130629
-0.000222111
0.0130285
-0.000234149
0.0129927
-0.000244382
0.0129557
-0.000252593
0.0129179
-0.000258569
0.0128796
-0.000262104
0.0128411
-0.00026301
0.012803
-0.000261116
0.0127657
-0.000256273
0.0127296
-0.000248366
0.0126953
-0.000237314
0.0126633
-0.000223078
0.0126341
-0.000205669
0.0126082
-0.000185155
0.0125862
-0.000161665
0.0125686
-0.0001354
0.0125559
-0.00010664
0.0125485
-7.57426e-05
0.0125468
-4.31675e-05
0.0125511
-9.47915e-06
0.0125616
2.45815e-05
0.0125785
5.84265e-05
0.0126017
9.11387e-05
0.012631
0.000121775
0.012666
0.000149313
0.0127061
0.000172678
0.0127506
0.000190765
0.0127983
0.000202487
0.0128479
0.000206805
0.0128979
0.000202836
0.0129466
0.000189826
0.0129922
0.000167323
0.0130327
0.000135218
0.0130663
9.36749e-05
0.0130913
4.34026e-05
0.0131061
-1.44893e-05
0.0131099
-7.86762e-05
0.0131018
-0.000147426
0.0130815
-0.000218735
0.0130493
-0.00029046
0.0130058
-0.000360422
0.0129518
-0.000426484
0.0128885
-0.000486634
0.0128176
-0.000539034
0.0127404
-0.000582061
0.0126587
-0.000614319
0.0125742
-0.000634646
0.0124886
-0.000642096
0.0124037
-0.000635947
0.0123211
-0.00061566
0.0122425
-0.000580895
-0.000531496
0.0136151
-0.000138368
0.0135911
-0.000153306
0.013565
-0.000167403
0.0135369
-0.000180482
0.0135072
-0.00019236
0.0134759
-0.000202852
0.0134433
-0.000211771
0.0134096
-0.000218931
0.0133752
-0.000224151
0.0133404
-0.000227259
0.0133054
-0.000228097
0.0132709
-0.00022652
0.013237
-0.000222409
0.0132043
-0.000215668
0.0131732
-0.000206235
0.0131442
-0.000194086
0.0131178
-0.000179236
0.0130944
-0.000161756
0.0130745
-0.000141765
0.0130585
-0.000119449
0.013047
-9.50556e-05
0.0130401
-6.89065e-05
0.0130384
-4.14217e-05
0.0130419
-1.30237e-05
0.013051
1.552e-05
0.0130656
4.3806e-05
0.0130857
7.10224e-05
0.0131111
9.63723e-05
0.0131414
0.000119
0.0131761
0.000138011
0.0132144
0.000152495
0.0132553
0.000161566
0.0132977
0.000164379
0.0133403
0.000160231
0.0133816
0.000148521
0.01342
0.00012891
0.013454
0.000101285
0.0134818
6.58366e-05
0.0135021
2.30951e-05
0.0135136
-2.59937e-05
0.0135154
-8.04428e-05
0.0135068
-0.000138787
0.0134874
-0.0001994
0.0134575
-0.000260512
0.0134173
-0.000320297
0.0133678
-0.000376933
0.0133098
-0.000428676
0.0132447
-0.0004739
0.0131738
-0.000511143
0.0130986
-0.000539115
0.0130207
-0.000556725
0.0129416
-0.000563067
0.0128631
-0.000557429
0.0127867
-0.000539278
0.0127141
-0.000508266
-0.000464228
0.0140667
-0.000118453
0.0140448
-0.000131434
0.0140211
-0.000143675
0.0139956
-0.000155025
0.0139686
-0.000165329
0.0139401
-0.000174431
0.0139105
-0.00018217
0.01388
-0.000188392
0.0138488
-0.000192943
0.0138172
-0.000195681
0.0137856
-0.000196472
0.0137543
-0.000195199
0.0137236
-0.000191763
0.0136941
-0.000186088
0.0136659
-0.000178126
0.0136397
-0.000167864
0.0136158
-0.000155324
0.0135946
-0.000140571
0.0135766
-0.000123717
0.0135621
-0.000104929
0.0135514
-8.44285e-05
0.013545
-6.24898e-05
0.0135431
-3.94835e-05
0.0135458
-1.57989e-05
0.0135534
7.96659e-06
0.0135658
3.13968e-05
0.013583
5.38519e-05
0.0136047
7.46546e-05
0.0136306
9.30929e-05
0.0136602
0.000108427
0.0136928
0.000119913
0.0137275
0.000126825
0.0137634
0.000128495
0.0137993
0.00012434
0.0138339
0.000113913
0.0138659
9.69275e-05
0.0138939
7.32764e-05
0.0139165
4.31919e-05
0.0139326
7.05336e-06
0.013941
-3.43744e-05
0.0139408
-8.03034e-05
0.0139316
-0.000129533
0.0139129
-0.000180737
0.0138848
-0.000232458
0.0138477
-0.000283175
0.0138021
-0.000331346
0.0137489
-0.000375473
0.0136892
-0.000414136
0.0136241
-0.000446034
0.0135549
-0.000470003
0.0134833
-0.000485036
0.0134105
-0.000490286
0.0133381
-0.000485074
0.0132677
-0.000468886
0.0132008
-0.000441381
-0.000402391
0.0145365
-0.000100438
0.0145167
-0.000111637
0.0144952
-0.000122193
0.0144721
-0.000131977
0.0144477
-0.000140859
0.014422
-0.000148706
0.0143952
-0.000155385
0.0143675
-0.000160766
0.0143393
-0.000164721
0.0143108
-0.000167132
0.0142822
-0.000167889
0.0142539
-0.000166896
0.0142262
-0.000164073
0.0141995
-0.00015936
0.0141741
-0.000152723
0.0141504
-0.000144154
0.0141287
-0.000133679
0.0141095
-0.000121359
0.0140931
-0.000107297
0.0140798
-9.16399e-05
0.0140699
-7.45791e-05
0.0140638
-5.63647e-05
0.0140616
-3.72873e-05
0.0140635
-1.7702e-05
0.0140696
1.89132e-06
0.0140799
2.11152e-05
0.0140943
3.94707e-05
0.0141125
5.6386e-05
0.0141343
7.12715e-05
0.0141593
8.35209e-05
0.0141866
9.25268e-05
0.0142158
9.77046e-05
0.0142457
9.85197e-05
0.0142756
9.45051e-05
0.0143042
8.5307e-05
0.0143304
7.0685e-05
0.0143531
5.06164e-05
0.014371
2.52226e-05
0.0143832
-5.11034e-06
0.0143887
-3.98832e-05
0.0143868
-7.83631e-05
0.0143769
-0.000119613
0.0143587
-0.000162553
0.0143322
-0.000205988
0.0142977
-0.000248655
0.0142556
-0.000289263
0.0142067
-0.000326536
0.0141518
-0.000359249
0.014092
-0.000386263
0.0140285
-0.000406542
0.0139627
-0.000419179
0.0138958
-0.000423397
0.0138293
-0.000418567
0.0137646
-0.000404205
0.0137032
-0.000379988
-0.000345751
0.0150254
-8.42197e-05
0.0150075
-9.37958e-05
0.0149882
-0.000102818
0.0149674
-0.00011118
0.0149453
-0.000118773
0.014922
-0.000125484
0.0148979
-0.000131205
0.0148729
-0.000135827
0.0148475
-0.000139245
0.0148217
-0.000141362
0.0147959
-0.000142087
0.0147703
-0.000141344
0.0147453
-0.000139069
0.0147212
-0.000135215
0.0146982
-0.000129758
0.0146768
-0.000122695
0.0146571
-0.000114053
0.0146397
-0.000103889
0.0146247
-9.22929e-05
0.0146124
-7.93924e-05
0.0146032
-6.53578e-05
0.0145972
-5.03957e-05
0.0145947
-3.47559e-05
0.0145957
-1.87556e-05
0.0146004
-2.72643e-06
0.0146086
1.28508e-05
0.0146204
2.77028e-05
0.0146355
4.13128e-05
0.0146535
5.32028e-05
0.0146742
6.28788e-05
0.0146969
6.98518e-05
0.0147209
7.36519e-05
0.0147456
7.38494e-05
0.01477
7.0079e-05
0.0147933
6.20557e-05
0.0148143
4.96177e-05
0.0148322
3.2697e-05
0.014846
1.14523e-05
0.0148547
-1.38178e-05
0.0148576
-4.27533e-05
0.014854
-7.47289e-05
0.0148433
-0.000108999
0.0148255
-0.000144689
0.0148003
-0.000180827
0.014768
-0.000216373
0.014729
-0.000250251
0.0146839
-0.000281391
0.0146334
-0.000308748
0.0145785
-0.00033134
0.0145202
-0.000348262
0.0144597
-0.00035871
0.0143983
-0.000361989
0.0143373
-0.000357529
0.0142779
-0.00034489
0.0142217
-0.000323767
-0.000294011
0.0155343
-6.96771e-05
0.0155182
-7.77696e-05
0.0155008
-8.5393e-05
0.0154821
-9.24589e-05
0.0154622
-9.88768e-05
0.0154413
-0.000104555
0.0154195
-0.000109404
0.015397
-0.000113335
0.015374
-0.000116263
0.0153507
-0.000118107
0.0153274
-0.000118797
0.0153044
-0.000118269
0.0152818
-0.000116475
0.0152599
-0.000113378
0.0152391
-0.00010896
0.0152197
-0.000103226
0.0152018
-9.61985e-05
0.0151858
-8.79298e-05
0.0151721
-7.84989e-05
0.0151607
-6.80152e-05
0.0151519
-5.66206e-05
0.015146
-4.44928e-05
0.0151431
-3.18445e-05
0.0151433
-1.89182e-05
0.0151466
-6.0059e-06
0.0151529
6.49131e-06
0.0151623
1.83507e-05
0.0151744
2.91655e-05
0.0151891
3.85419e-05
0.0152059
4.6086e-05
0.0152243
5.14045e-05
0.0152439
5.4124e-05
0.0152638
5.39052e-05
0.0152834
5.04595e-05
0.0153019
4.35626e-05
0.0153184
3.30923e-05
0.0153321
1.901e-05
0.0153421
1.42578e-06
0.0153478
-1.9425e-05
0.0153482
-4.32396e-05
0.015343
-6.9525e-05
0.0153317
-9.76841e-05
0.0153141
-0.000127016
0.01529
-0.000156733
0.0152596
-0.000185989
0.0152232
-0.000213901
0.0151814
-0.000239577
0.0151348
-0.000262141
0.0150842
-0.000280762
0.0150306
-0.000294662
0.0149751
-0.000303144
0.0149187
-0.0003056
0.0148627
-0.000301526
0.0148083
-0.000290531
0.0147569
-0.000272339
-0.000246817
0.0160641
-5.66707e-05
0.0160497
-6.34008e-05
0.0160341
-6.97406e-05
0.0160172
-7.56181e-05
0.0159993
-8.09597e-05
0.0159805
-8.56915e-05
0.0159608
-8.97403e-05
0.0159405
-9.30348e-05
0.0159197
-9.55066e-05
0.0158987
-9.70923e-05
0.0158777
-9.77347e-05
0.0158568
-9.73849e-05
0.0158363
-9.6004e-05
0.0158165
-9.35657e-05
0.0157976
-9.0058e-05
0.0157798
-8.54856e-05
0.0157635
-7.98717e-05
0.0157488
-7.32609e-05
0.0157361
-6.57205e-05
0.0157254
-5.7343e-05
0.015717
-4.82465e-05
0.0157111
-3.85773e-05
0.0157078
-2.85067e-05
0.0157071
-1.82388e-05
0.0157091
-8.00844e-06
0.0157137
1.87971e-06
0.0157209
1.11964e-05
0.0157304
1.96553e-05
0.015742
2.69353e-05
0.0157553
3.27234e-05
0.01577
3.67086e-05
0.0157856
3.8597e-05
0.0158013
3.81237e-05
0.0158167
3.50642e-05
0.0158311
2.92485e-05
0.0158436
2.05719e-05
0.0158536
9.0257e-06
0.0158603
-5.30963e-06
0.0158631
-2.22698e-05
0.0158615
-4.15846e-05
0.0158548
-6.28771e-05
0.0158428
-8.56746e-05
0.0158252
-0.00010942
0.015802
-0.000133485
0.0157732
-0.000157188
0.0157391
-0.000179814
0.0157002
-0.000200635
0.0156569
-0.000218929
0.0156102
-0.000234005
0.0155607
-0.000245209
0.0155095
-0.000251952
0.0154577
-0.000253714
0.0154062
-0.000250063
0.0153563
-0.000240656
0.0153092
-0.000225258
-0.00020375
0.016616
-4.50391e-05
0.0166031
-5.05095e-05
0.016589
-5.56631e-05
0.0165738
-6.04425e-05
0.0165577
-6.47892e-05
0.0165406
-6.86446e-05
0.0165228
-7.19508e-05
0.0165044
-7.46516e-05
0.0164856
-7.66932e-05
0.0164666
-7.80261e-05
0.0164474
-7.86058e-05
0.0164284
-7.83945e-05
0.0164098
-7.73629e-05
0.0163917
-7.54916e-05
0.0163744
-7.27728e-05
0.0163582
-6.92121e-05
0.0163431
-6.48303e-05
0.0163295
-5.96647e-05
0.0163176
-5.3771e-05
0.0163075
-4.72248e-05
0.0162993
-4.01221e-05
0.0162933
-3.25812e-05
0.0162896
-2.47413e-05
0.0162881
-1.67599e-05
0.0162889
-8.82756e-06
0.0162919
-1.14379e-06
0.0162971
6.00012e-06
0.0163043
1.2483e-05
0.0163132
1.80213e-05
0.0163236
2.23687e-05
0.016335
2.52885e-05
0.016347
2.65537e-05
0.0163592
2.59591e-05
0.0163709
2.33332e-05
0.0163816
1.8548e-05
0.0163907
1.1528e-05
0.0163975
2.26034e-06
0.0164013
-9.18425e-06
0.0164017
-2.26851e-05
0.0163982
-3.80257e-05
0.0163902
-5.49149e-05
0.0163775
-7.29852e-05
0.0163599
-9.18023e-05
0.0163373
-0.000110873
0.0163098
-0.000129662
0.0162776
-0.000147599
0.016241
-0.000164106
0.0162007
-0.0001786
0.0161572
-0.000190522
0.0161113
-0.000199337
0.016064
-0.000204561
0.016016
-0.000205762
0.0159685
-0.000202581
0.0159226
-0.000194731
0.0158794
-0.000182014
-0.000164329
0.0171911
-3.45997e-05
0.0171795
-3.88936e-05
0.0171668
-4.29396e-05
0.017153
-4.66934e-05
0.0171383
-5.01099e-05
0.0171228
-5.31443e-05
0.0171066
-5.57521e-05
0.0170899
-5.78904e-05
0.0170727
-5.95185e-05
0.0170553
-6.05986e-05
0.0170378
-6.10973e-05
0.0170203
-6.09863e-05
0.0170032
-6.02441e-05
0.0169866
-5.88569e-05
0.0169706
-5.68198e-05
0.0169556
-5.41385e-05
0.0169416
-5.08302e-05
0.0169288
-4.69252e-05
0.0169175
-4.24678e-05
0.0169078
-3.75172e-05
0.0168998
-3.21489e-05
0.0168937
-2.64544e-05
0.0168895
-2.05426e-05
0.0168873
-1.45364e-05
0.016887
-8.57173e-06
0.0168887
-2.80873e-06
0.0168922
2.52973e-06
0.0168973
7.34137e-06
0.0169039
1.14255e-05
0.0169117
1.45949e-05
0.0169203
1.66686e-05
0.0169294
1.74778e-05
0.0169385
1.68715e-05
0.0169471
1.47165e-05
0.0169547
1.09219e-05
0.0169608
5.43363e-06
0.0169648
-1.7567e-06
0.0169662
-1.06019e-05
0.0169646
-2.10027e-05
0.0169593
-3.27981e-05
0.0169502
-4.5768e-05
0.0169368
-5.96349e-05
0.0169191
-7.40695e-05
0.0168969
-8.86968e-05
0.0168704
-0.000103107
0.0168396
-0.000116864
0.016805
-0.00012952
0.0167671
-0.000140622
0.0167263
-0.000149734
0.0166834
-0.000156435
0.0166392
-0.000160342
0.0165945
-0.000161113
0.0165504
-0.000158459
0.0165078
-0.00015215
0.0164678
-0.000142027
-0.00012801
0.0177908
-2.51411e-05
0.0177802
-2.83222e-05
0.0177686
-3.13202e-05
0.017756
-3.41028e-05
0.0177425
-3.66374e-05
0.0177283
-3.88911e-05
0.0177133
-4.08319e-05
0.0176979
-4.24287e-05
0.017682
-4.3652e-05
0.0176659
-4.4475e-05
0.0176497
-4.48735e-05
0.0176335
-4.48275e-05
0.0176176
-4.4322e-05
0.0176021
-4.33475e-05
0.0175872
-4.19013e-05
0.017573
-3.99883e-05
0.0175598
-3.76218e-05
0.0175477
-3.48247e-05
0.0175369
-3.16301e-05
0.0175274
-2.80819e-05
0.0175195
-2.42357e-05
0.0175132
-2.01588e-05
0.0175086
-1.59304e-05
0.0175057
-1.16417e-05
0.0175045
-7.39219e-06
0.017505
-3.29002e-06
0.017507
5.09301e-07
0.0175105
3.89567e-06
0.0175151
6.76116e-06
0.0175208
8.9585e-06
0.0175271
1.03623e-05
0.0175337
1.0853e-05
0.0175403
1.03124e-05
0.0175463
8.66496e-06
0.0175514
5.82832e-06
0.0175551
1.77716e-06
0.0175568
-3.49833e-06
0.0175562
-9.96467e-06
0.0175527
-1.7549e-05
0.0175461
-2.61358e-05
0.0175359
-3.55671e-05
0.0175219
-4.56435e-05
0.0175039
-5.61281e-05
0.017482
-6.67502e-05
0.0174561
-7.7213e-05
0.0174264
-8.71994e-05
0.0173933
-9.6382e-05
0.0173571
-0.000104429
0.0173184
-0.000111019
0.0172778
-0.00011584
0.017236
-0.000118607
0.017194
-0.000119065
0.0171525
-0.000116996
0.0171126
-0.000112229
0.0170752
-0.000104643
-9.41774e-05
0.0184165
-1.64206e-05
0.0184067
-1.8531e-05
0.0183959
-2.05204e-05
0.0183841
-2.23676e-05
0.0183715
-2.40511e-05
0.0183582
-2.55496e-05
0.0183442
-2.68421e-05
0.0183297
-2.79084e-05
0.0183148
-2.87294e-05
0.0182996
-2.92876e-05
0.0182843
-2.95676e-05
0.018269
-2.95564e-05
0.0182539
-2.92445e-05
0.0182392
-2.8626e-05
0.018225
-2.76996e-05
0.0182115
-2.64688e-05
0.0181988
-2.49428e-05
0.0181871
-2.3137e-05
0.0181766
-2.10733e-05
0.0181673
-1.8781e-05
0.0181593
-1.62967e-05
0.0181528
-1.36649e-05
0.0181478
-1.09373e-05
0.0181444
-8.17395e-06
0.0181424
-5.44098e-06
0.0181419
-2.81036e-06
0.0181428
-3.55528e-07
0.0181449
1.79365e-06
0.0181481
3.6117e-06
0.018152
4.99601e-06
0.0181565
5.86271e-06
0.0181612
6.12827e-06
0.0181658
5.72959e-06
0.0181699
4.60589e-06
0.018173
2.71549e-06
0.0181747
3.4106e-08
0.0181747
-3.43979e-06
0.0181724
-7.68594e-06
0.0181675
-1.26566e-05
0.0181597
-1.82769e-05
0.0181485
-2.44443e-05
0.0181339
-3.10297e-05
0.0181157
-3.78792e-05
0.0180937
-4.48167e-05
0.0180682
-5.16487e-05
0.0180391
-5.81679e-05
0.0180069
-6.41594e-05
0.0179719
-6.94052e-05
0.0179346
-7.36924e-05
0.0178955
-7.68151e-05
0.0178555
-7.85828e-05
0.0178153
-7.88268e-05
0.0177757
-7.74006e-05
0.0177376
-7.41884e-05
0.0177021
-6.91123e-05
-6.21294e-05
0.0190698
-8.15335e-06
0.0190605
-9.21229e-06
0.0190502
-1.02106e-05
0.019039
-1.11378e-05
0.0190269
-1.19831e-05
0.0190141
-1.27361e-05
0.0190007
-1.33862e-05
0.0189867
-1.39236e-05
0.0189723
-1.43387e-05
0.0189576
-1.46228e-05
0.0189428
-1.47685e-05
0.018928
-1.47693e-05
0.0189134
-1.46205e-05
0.0188991
-1.43195e-05
0.0188853
-1.38655e-05
0.0188721
-1.32606e-05
0.0188596
-1.25093e-05
0.0188481
-1.16195e-05
0.0188376
-1.06023e-05
0.0188283
-9.4723e-06
0.0188203
-8.24779e-06
0.0188136
-6.95093e-06
0.0188082
-5.60772e-06
0.0188043
-4.24765e-06
0.0188018
-2.9042e-06
0.0188006
-1.61191e-06
0.0188006
-4.06568e-07
0.0188018
6.45648e-07
0.0188038
1.53046e-06
0.0188066
2.20125e-06
0.0188099
2.61274e-06
0.0188133
2.72899e-06
0.0188165
2.51691e-06
0.0188192
1.94257e-06
0.0188209
9.92006e-07
0.0188213
-3.52606e-07
0.0188199
-2.08695e-06
0.0188164
-4.20315e-06
0.0188105
-6.67742e-06
0.0188017
-9.47264e-06
0.0187898
-1.25382e-05
0.0187745
-1.58102e-05
0.0187559
-1.92124e-05
0.0187337
-2.26576e-05
0.0187081
-2.60499e-05
0.0186792
-2.92861e-05
0.0186473
-3.22592e-05
0.0186128
-3.48604e-05
0.0185761
-3.69835e-05
0.0185378
-3.8525e-05
0.0184986
-3.93894e-05
0.0184593
-3.94919e-05
0.0184206
-3.87584e-05
0.0183836
-3.71312e-05
0.018349
-3.45698e-05
-3.10539e-05
0.0197528
0.0197436
0.0197334
0.0197223
0.0197103
0.0196976
0.0196842
0.0196703
0.0196559
0.0196413
0.0196265
0.0196118
0.0195971
0.0195828
0.019569
0.0195557
0.0195432
0.0195316
0.019521
0.0195115
0.0195032
0.0194963
0.0194907
0.0194864
0.0194835
0.0194819
0.0194815
0.0194822
0.0194837
0.0194859
0.0194885
0.0194912
0.0194937
0.0194957
0.0194967
0.0194963
0.0194942
0.01949
0.0194834
0.0194739
0.0194614
0.0194455
0.0194263
0.0194037
0.0193776
0.0193483
0.0193161
0.0192812
0.0192442
0.0192057
0.0191663
0.0191268
0.0190881
0.0190509
0.0190164
)
;

boundaryField
{
    inlet
    {
        type            calculated;
        value           nonuniform 0();
    }
    outlet
    {
        type            calculated;
        value           nonuniform 0();
    }
    cylinder
    {
        type            calculated;
        value           nonuniform 0();
    }
    top
    {
        type            symmetryPlane;
        value           uniform 0;
    }
    bottom
    {
        type            symmetryPlane;
        value           nonuniform 0();
    }
    defaultFaces
    {
        type            empty;
        value           nonuniform 0();
    }
    procBoundary14to10
    {
        type            processor;
        value           nonuniform List<scalar> 
57
(
-0.000930647
-0.00127925
-0.00168298
-0.00214248
-0.00264667
-0.0031766
-0.00370234
-0.00417409
-0.00452316
-0.00468255
-0.00459536
-0.00418738
-0.00337448
-0.00215272
-0.000666473
0.000844308
0.00215488
0.00314302
0.00379641
0.00417118
0.0043445
0.00438641
0.00434853
0.0042601
0.00413631
0.00399099
0.00383034
0.00364059
0.00340648
0.00117922
0.00134916
0.00151492
0.00167261
0.00181845
0.00194897
0.00206113
0.00215248
0.00222114
0.00226585
0.00228584
0.00228074
0.00225045
0.00219505
0.00211459
0.00200909
0.00187838
0.00172208
0.00153968
0.00133065
0.00109414
0.000828789
0.000534998
0.000219533
-0.000103393
-0.000418117
-0.00391554
-0.000720184
)
;
    }
    procBoundary14to11
    {
        type            processor;
        value           uniform 0.00469665;
    }
    procBoundary14to13
    {
        type            processor;
        value           nonuniform List<scalar> 
35
(
-0.00697645
-0.0071612
-0.00735197
-0.00754931
-0.0077537
-0.00796563
-0.00818567
-0.00841445
-0.00865255
-0.00890047
-0.00915863
-0.00942739
-0.00970709
-0.00999811
-0.0103008
-0.0106158
-0.0109433
-0.011284
-0.0116385
-0.0120072
-0.0123908
-0.0127898
-0.013205
-0.013637
-0.0140866
-0.0145545
-0.0150416
-0.0155488
-0.0160771
-0.0166276
-0.0172015
-0.0178002
-0.0184252
-0.0190781
-0.019761
)
;
    }
    procBoundary14to15
    {
        type            processor;
        value           nonuniform List<scalar> 
35
(
0.00490062
0.00511364
0.00533615
0.00556857
0.00581131
0.00606471
0.00632907
0.00660455
0.00689125
0.00718921
0.00749848
0.00781916
0.00815145
0.00849561
0.00885193
0.00922066
0.00960205
0.00999631
0.0104037
0.0108244
0.0112588
0.0117071
0.0121697
0.0126468
0.013139
0.0136466
0.01417
0.0147097
0.0152662
0.0158399
0.0164315
0.0170414
0.0176701
0.0183179
0.0189853
)
;
    }
}


// ************************************************************************* //
