/*--------------------------------*- C++ -*----------------------------------*\
  =========                 |
  \\      /  F ield         | OpenFOAM: The Open Source CFD Toolbox
   \\    /   O peration     | Website:  https://openfoam.org
    \\  /    A nd           | Version:  7
     \\/     M anipulation  |
\*---------------------------------------------------------------------------*/
FoamFile
{
    version     2.0;
    format      ascii;
    class       surfaceScalarField;
    location    "35";
    object      phi;
}
// * * * * * * * * * * * * * * * * * * * * * * * * * * * * * * * * * * * * * //

dimensions      [0 3 -1 0 0 0 0];

internalField   nonuniform List<scalar> 
3869
(
0.000161453
-0.00580844
-0.00604235
0.000171393
-0.00515637
0.000144035
-0.00535145
0.000114733
-0.00555817
8.34219e-05
-0.00577713
-0.00600896
0.000187706
-0.00461231
0.000162426
-0.00477383
0.000135186
-0.00494521
0.000105988
-0.00512718
7.47884e-05
-0.00532025
4.15123e-05
-0.0055249
6.08401e-06
-0.0057417
-0.00597132
0.000184888
-0.0042903
0.000160563
-0.00443491
0.000133849
-0.0045856
0.000105029
-0.00474501
7.4175e-05
-0.00491435
4.12639e-05
-0.00509427
6.23262e-06
-0.00528521
-3.09777e-05
-0.00548769
-7.04714e-05
-0.00570221
-0.00592945
0.000184356
-0.00397759
0.000163562
-0.00412543
0.000138662
-0.0042654
0.000110833
-0.00440708
8.06431e-05
-0.00455541
4.83069e-05
-0.00471267
1.38555e-05
-0.0048799
-2.27405e-05
-0.00505767
-6.15562e-05
-0.0052464
-0.000102692
-0.00544655
-0.000146239
-0.00565866
-0.00588338
0.000175859
-0.00358739
0.000165136
-0.00379504
0.000146142
-0.00395859
0.000121507
-0.00410079
9.30375e-05
-0.00423693
6.17527e-05
-0.0043758
2.81168e-05
-0.00452177
-7.71608e-06
-0.00467684
-4.57252e-05
-0.00484189
-8.59847e-05
-0.00501741
-0.000128574
-0.00520381
-0.000173596
-0.00540153
-0.00022116
-0.0056111
-0.000271384
-0.00583316
-0.00606834
0.00015168
-0.00331609
0.000146939
-0.00358265
0.000131507
-0.00377961
0.000108377
-0.00393546
8.00147e-05
-0.00407243
4.80485e-05
-0.00420496
1.33481e-05
-0.0043411
-2.36962e-05
-0.00448473
-6.29849e-05
-0.00463755
-0.000104545
-0.00480033
-0.000148442
-0.00497351
-0.000194772
-0.00515748
-0.000243647
-0.00535265
-0.00029519
-0.00555955
-0.000349533
-0.00577882
-0.00601109
0.000108207
-0.00249594
0.000125093
-0.00296776
0.000128039
-0.00331903
0.000118179
-0.00357279
9.82299e-05
-0.00375966
7.111e-05
-0.00390834
3.91241e-05
-0.00404044
3.70909e-06
-0.00416955
-3.43428e-05
-0.00430304
-7.47673e-05
-0.0044443
-0.000117497
-0.00459482
-0.000162572
-0.00475525
-0.000210076
-0.00492601
-0.000260113
-0.00510744
-0.000312804
-0.00529996
-0.000368286
-0.00550407
-0.000426704
-0.0057204
-0.00594961
4.14728e-05
-0.00122399
7.19462e-05
-0.00192939
9.55909e-05
-0.00251959
0.000106901
-0.00297907
0.000104432
-0.00331656
8.96518e-05
-0.00355801
6.5361e-05
-0.00373537
3.4384e-05
-0.00387737
-1.16246e-06
-0.0040049
-3.99122e-05
-0.0041308
-8.12998e-05
-0.00426166
-0.000125076
-0.00440053
-0.000171214
-0.00454868
-0.000219775
-0.00470669
-0.000270853
-0.00487493
-0.000324561
-0.00505373
-0.000381029
-0.00524349
-0.000440407
-0.0054447
-0.000502852
-0.00565795
-0.00588396
1.27145e-05
-0.000450881
3.79471e-05
-0.00124922
6.4262e-05
-0.00195571
8.27746e-05
-0.0025381
8.8634e-05
-0.00298493
8.09313e-05
-0.00330886
6.14193e-05
-0.0035385
3.29488e-05
-0.0037069
-1.77026e-06
-0.00384265
-4.07295e-05
-0.00396594
-8.28245e-05
-0.0040887
-0.000127502
-0.00421698
-0.000174596
-0.00435343
-0.000224112
-0.00449917
-0.000276125
-0.00465468
-0.000330741
-0.00482032
-0.000388082
-0.00499639
-0.000448285
-0.00518329
-0.000511511
-0.00538147
-0.000577933
-0.00559153
-0.000647714
-0.00581418
-0.00605006
1.17654e-05
-0.000462646
3.42695e-05
-0.00127172
5.63858e-05
-0.00197782
6.9817e-05
-0.00255153
7.03593e-05
-0.00298547
5.75998e-05
-0.0032961
3.35351e-05
-0.00351443
1.03534e-06
-0.0036744
-3.72899e-05
-0.00380432
-7.96395e-05
-0.00392359
-0.000124999
-0.00404334
-0.000172926
-0.00416905
-0.000223303
-0.00430306
-0.000276162
-0.00444631
-0.000331593
-0.00459925
-0.00038971
-0.0047622
-0.000450642
-0.00493546
-0.000514536
-0.0051194
-0.00058156
-0.00531445
-0.000651904
-0.00552119
-0.00072575
-0.00574033
-0.0059726
1.07611e-05
-0.000473407
3.04613e-05
-0.00129142
4.83575e-05
-0.00199572
5.67726e-05
-0.00255995
5.21372e-05
-0.00298083
3.44939e-05
-0.00327846
6.04917e-06
-0.00348599
-3.03363e-05
-0.00363801
-7.21852e-05
-0.00376247
-0.00011784
-0.00387793
-0.000166415
-0.00399477
-0.000217551
-0.00411792
-0.000271175
-0.00424943
-0.000327341
-0.00439014
-0.000386152
-0.00454044
-0.000447729
-0.00470062
-0.000512209
-0.00487098
-0.000579747
-0.00505186
-0.000650517
-0.00524367
-0.000724724
-0.00544698
-0.000802572
-0.00566248
-0.00589097
9.70819e-06
-0.000483116
2.65437e-05
-0.00130826
4.02153e-05
-0.00200939
4.36926e-05
-0.00256342
3.40205e-05
-0.00297116
1.16684e-05
-0.00325611
-2.10029e-05
-0.00345332
-6.11456e-05
-0.00359787
-0.000106419
-0.0037172
-0.000155311
-0.00382904
-0.000207053
-0.00394303
-0.000261358
-0.00406361
-0.000318191
-0.0041926
-0.000377625
-0.00433071
-0.000439774
-0.00447829
-0.000504769
-0.00463563
-0.000572752
-0.004803
-0.000643883
-0.00498073
-0.000718347
-0.00516921
-0.000796355
-0.00536897
-0.000878136
-0.0055807
-0.000963865
-0.00580524
-0.0060431
8.61354e-06
-0.000491729
2.25369e-05
-0.00132218
3.19962e-05
-0.00201885
3.06268e-05
-0.00256205
1.60555e-05
-0.00295659
-1.08399e-05
-0.00322921
-4.75822e-05
-0.00341657
-9.13617e-05
-0.00355409
-0.00013997
-0.00366859
-0.000192036
-0.00377698
-0.000246895
-0.00388817
-0.000304326
-0.00400618
-0.000364327
-0.0041326
-0.000426989
-0.00426805
-0.000492434
-0.00441285
-0.000560802
-0.00456726
-0.00063224
-0.00473156
-0.000706915
-0.00490605
-0.000785014
-0.00509111
-0.000866762
-0.00528722
-0.000952402
-0.00549506
-0.00104215
-0.00571549
-0.00594916
7.48513e-06
-0.000499214
1.84599e-05
-0.00133316
2.37339e-05
-0.00202412
1.762e-05
-0.00255594
-1.60365e-06
-0.00293737
-3.29852e-05
-0.00319783
-7.36632e-05
-0.0033759
-0.000120963
-0.00350679
-0.00017282
-0.00361673
-0.000227997
-0.0037218
-0.000285926
-0.00383024
-0.000346439
-0.00394567
-0.000409566
-0.00406947
-0.000475411
-0.0042022
-0.000544107
-0.00434415
-0.0006158
-0.00449557
-0.000690644
-0.00465671
-0.000768809
-0.00482789
-0.000850488
-0.00500943
-0.000935909
-0.0052018
-0.00102533
-0.00540564
-0.00111901
-0.00562181
-0.00585108
6.3286e-06
-0.000505543
1.43311e-05
-0.00134116
1.54595e-05
-0.00202525
4.73951e-06
-0.00254522
-1.92381e-05
-0.00291339
-5.47626e-05
-0.00316231
-9.92182e-05
-0.00333144
-0.000149929
-0.00345608
-0.000204954
-0.00356171
-0.000263182
-0.00366357
-0.000324129
-0.00376929
-0.000387679
-0.00388212
-0.000453886
-0.00400326
-0.000522869
-0.00413322
-0.000594769
-0.00427225
-0.000669737
-0.0044206
-0.000747936
-0.00457852
-0.000829537
-0.00474629
-0.000914737
-0.00492423
-0.00100377
-0.00511277
-0.0010969
-0.00531251
-0.00119442
-0.00552429
-0.00129655
-0.00574895
-0.00598665
5.14826e-06
-0.000510691
1.01758e-05
-0.00134619
7.19371e-06
-0.00202227
-8.10471e-06
-0.00252992
-3.6498e-05
-0.00288499
-7.61169e-05
-0.00312269
-0.000124224
-0.00328333
-0.000178242
-0.00340206
-0.000236358
-0.00350359
-0.000297575
-0.00360235
-0.00036149
-0.00370538
-0.00042803
-0.00381558
-0.00049727
-0.00393402
-0.000569342
-0.00406115
-0.000644394
-0.0041972
-0.000722587
-0.00434241
-0.000804087
-0.00449702
-0.00088907
-0.0046613
-0.000977733
-0.00483557
-0.00107031
-0.0050202
-0.00116706
-0.00521575
-0.00126833
-0.00542302
-0.00137442
-0.00564286
-0.0058759
3.94686e-06
-0.000514638
6.01344e-06
-0.00134825
-8.3936e-07
-0.00201542
-2.07681e-05
-0.00250999
-5.34699e-05
-0.00285229
-9.70276e-05
-0.00307913
-0.000148663
-0.0032317
-0.000205888
-0.00334484
-0.000267018
-0.00344246
-0.000331165
-0.00353821
-0.000397995
-0.00363855
-0.000467475
-0.0037461
-0.000539698
-0.0038618
-0.000614808
-0.00398604
-0.000692962
-0.00411904
-0.000774325
-0.00426104
-0.000859069
-0.00441227
-0.000947377
-0.00457299
-0.00103945
-0.0047435
-0.0011355
-0.00492414
-0.00123581
-0.00511544
-0.00134072
-0.00531811
-0.00145066
-0.00553292
-0.00576101
2.72464e-06
-0.000517363
1.81771e-06
-0.00134735
-9.23114e-06
-0.00200437
-3.32727e-05
-0.00248595
-7.01202e-05
-0.00281545
-0.000117474
-0.00303178
-0.000172515
-0.00317666
-0.000232853
-0.0032845
-0.000296923
-0.00337839
-0.00036394
-0.00347119
-0.000433631
-0.00356886
-0.000505998
-0.00367373
-0.000581153
-0.00378665
-0.000659247
-0.00390794
-0.000740447
-0.00403784
-0.000824924
-0.00417657
-0.000912857
-0.00432434
-0.00100443
-0.00448142
-0.00109985
-0.00464808
-0.00119933
-0.00482467
-0.00130312
-0.00501165
-0.00141159
-0.00520965
-0.00152525
-0.00541926
-0.00164414
-0.00564212
-0.00588177
1.46603e-06
-0.000518829
-2.38e-06
-0.0013435
-1.7325e-05
-0.00198942
-4.55632e-05
-0.00245771
-8.64244e-05
-0.00277458
-0.000137436
-0.00298076
-0.000195768
-0.00311833
-0.000259125
-0.00322114
-0.000326064
-0.00331145
-0.000395888
-0.00340137
-0.000468386
-0.00349636
-0.000543586
-0.00359853
-0.000621617
-0.00370861
-0.00070264
-0.00382692
-0.000786829
-0.00395365
-0.000874361
-0.00408903
-0.000965423
-0.00423328
-0.00106021
-0.00438664
-0.00115891
-0.00454938
-0.00126176
-0.00472182
-0.00136897
-0.00490443
-0.0014809
-0.00509772
-0.00159817
-0.005302
-0.00172099
-0.0055193
-0.00575558
4.58008e-08
-0.000518874
-6.59516e-06
-0.00133686
-2.53133e-05
-0.0019707
-5.76198e-05
-0.00242541
-0.000102361
-0.00272984
-0.000156898
-0.00292623
-0.000218408
-0.00305682
-0.000284696
-0.00315485
-0.00035443
-0.00324172
-0.000427001
-0.0033288
-0.000502247
-0.00342111
-0.000580224
-0.00352055
-0.000661074
-0.00362776
-0.000744967
-0.00374303
-0.000832084
-0.00386654
-0.000922612
-0.00399851
-0.00101674
-0.00413915
-0.00111467
-0.00428871
-0.00121661
-0.00444744
-0.00132276
-0.00461567
-0.00143335
-0.00479384
-0.00154872
-0.00498235
-0.00166946
-0.00518125
-0.001796
-0.00539276
-0.00562544
-0.00192614
-1.10489e-06
-0.000517769
-1.0732e-05
-0.00132723
-3.31796e-05
-0.00194826
-6.9426e-05
-0.00238916
-0.000117912
-0.00268136
-0.000175844
-0.00286829
-0.000240424
-0.00299224
-0.000309555
-0.00308572
-0.000382013
-0.00316926
-0.000457267
-0.00325354
-0.000535202
-0.00334318
-0.000615897
-0.00343986
-0.000699507
-0.00354415
-0.000786209
-0.00365632
-0.000876193
-0.00377655
-0.000969651
-0.00390505
-0.00106678
-0.00404202
-0.0011678
-0.00418769
-0.0012729
-0.00434233
-0.00138231
-0.00450626
-0.00149626
-0.00467989
-0.00161511
-0.00486351
-0.00173933
-0.00505703
-0.00186881
-0.00526328
-0.00549176
-0.00200249
-2.31599e-06
-0.000515454
-1.48157e-05
-0.00131473
-4.09069e-05
-0.00192217
-8.09663e-05
-0.0023491
-0.00013306
-0.00262926
-0.000194264
-0.00280709
-0.000261807
-0.00292469
-0.000333695
-0.00301384
-0.000408805
-0.00309415
-0.000486678
-0.00317567
-0.00056724
-0.00326262
-0.000650592
-0.00335651
-0.000736899
-0.00345785
-0.000826348
-0.00356687
-0.000919133
-0.00368377
-0.00101546
-0.00380873
-0.00111552
-0.00394195
-0.00121955
-0.00408367
-0.00132775
-0.00423413
-0.00144036
-0.00439365
-0.00155765
-0.0045626
-0.00168004
-0.00474113
-0.00180793
-0.00492913
-0.00194168
-0.00512953
-0.00535969
-0.00207375
-3.55269e-06
-0.000511901
-1.88451e-05
-0.00129944
-4.84812e-05
-0.00189253
-9.22258e-05
-0.00230536
-0.000147794
-0.0025737
-0.000212145
-0.00274274
-0.000282549
-0.00285429
-0.000357109
-0.00293928
-0.000434798
-0.00301646
-0.000515224
-0.00309524
-0.00059835
-0.00317949
-0.000684296
-0.00327056
-0.000773236
-0.00336891
-0.000865365
-0.00347474
-0.000960884
-0.00358825
-0.00106
-0.00370961
-0.00116293
-0.00383902
-0.0012699
-0.0039767
-0.00138112
-0.0041229
-0.00149686
-0.00427792
-0.00161742
-0.00444204
-0.00174323
-0.00461532
-0.00187413
-0.00479823
-0.00200913
-0.00499453
-0.00520546
-0.00216336
-4.78539e-06
-0.000507115
-2.281e-05
-0.00128142
-5.58892e-05
-0.00185945
-0.000103191
-0.00225805
-0.0001621
-0.00251479
-0.00022948
-0.00267536
-0.000302643
-0.00278113
-0.00037979
-0.00286213
-0.000459986
-0.00293627
-0.000542898
-0.00301233
-0.000628522
-0.00309386
-0.000716995
-0.00318209
-0.000808502
-0.0032774
-0.000903243
-0.00338
-0.00100143
-0.00349007
-0.00110327
-0.00360777
-0.00120899
-0.0037333
-0.00131881
-0.00386687
-0.00143298
-0.00400873
-0.00155176
-0.00415914
-0.00167545
-0.00431834
-0.00180432
-0.00448645
-0.0019382
-0.00466435
-0.00207849
-0.00485425
-0.00505273
-0.00223122
-6.00498e-06
-0.00050111
-2.67009e-05
-0.00126072
-6.31186e-05
-0.00182303
-0.000113849
-0.00220732
-0.000175969
-0.00245267
-0.000246259
-0.00260507
-0.000322082
-0.0027053
-0.000401733
-0.00278248
-0.000484361
-0.00285364
-0.00056969
-0.002927
-0.000657746
-0.00300581
-0.000748679
-0.00309115
-0.000842683
-0.0031834
-0.000939965
-0.00328272
-0.00104074
-0.00338929
-0.00114523
-0.00350328
-0.00125366
-0.00362487
-0.00136627
-0.00375426
-0.00148331
-0.0038917
-0.00160504
-0.00403741
-0.00173177
-0.00419161
-0.00186373
-0.00435449
-0.00200111
-0.00452697
-0.00214548
-0.00470988
-0.00489971
-0.0022985
-7.20668e-06
-0.000493904
-3.05092e-05
-0.00123742
-7.01585e-05
-0.00178338
-0.000124189
-0.00215329
-0.000189391
-0.00238746
-0.000262477
-0.00253198
-0.000340861
-0.00262692
-0.000422932
-0.00270041
-0.000507918
-0.00276865
-0.000595594
-0.00283932
-0.000686012
-0.00291539
-0.000779335
-0.00299783
-0.000875764
-0.00308697
-0.000975515
-0.00318297
-0.00107881
-0.003286
-0.00118587
-0.00339622
-0.00129693
-0.0035138
-0.00141224
-0.00363895
-0.00153205
-0.00377189
-0.00165664
-0.00391282
-0.00178629
-0.00406195
-0.00192125
-0.00421954
-0.0020619
-0.00438632
-0.00220937
-0.0045624
-0.004745
-0.00236409
-8.387e-06
-0.000485517
-3.42271e-05
-0.00121158
-7.69986e-05
-0.00174061
-0.000134201
-0.00209609
-0.000202359
-0.00231931
-0.000278126
-0.00245622
-0.000358975
-0.00254607
-0.000443383
-0.002616
-0.000530652
-0.00268139
-0.000620602
-0.00274937
-0.00071331
-0.00282268
-0.000808951
-0.00290219
-0.000907733
-0.00298818
-0.00100988
-0.00308083
-0.00111561
-0.00318027
-0.00122516
-0.00328666
-0.00133878
-0.00340019
-0.00145671
-0.00352103
-0.0015792
-0.00364939
-0.00170655
-0.00378548
-0.00183903
-0.00392947
-0.0019769
-0.00408166
-0.00212062
-0.0042426
-0.00227093
-0.0044121
-0.00458802
-0.0024279
-9.54302e-06
-0.000475974
-3.78473e-05
-0.00118327
-8.36298e-05
-0.00169483
-0.000143876
-0.00203585
-0.000214865
-0.00224832
-0.000293202
-0.00237788
-0.00037642
-0.00246285
-0.00046308
-0.00252934
-0.000552555
-0.00259191
-0.000644706
-0.00265722
-0.000739631
-0.00272776
-0.000837516
-0.00280431
-0.000938577
-0.00288712
-0.00104304
-0.00297636
-0.00115113
-0.00307217
-0.0012631
-0.0031747
-0.00137918
-0.00328411
-0.00149963
-0.00340058
-0.00162472
-0.0035243
-0.00175473
-0.00365547
-0.00188994
-0.00379427
-0.00203063
-0.00394097
-0.00217723
-0.004096
-0.00233026
-0.00425908
-0.00442853
-0.00248974
-1.0672e-05
-0.000465302
-4.13635e-05
-0.00115258
-9.00437e-05
-0.00164615
-0.000153207
-0.00197268
-0.000226903
-0.00217462
-0.0003077
-0.00229708
-0.000393191
-0.00237736
-0.00048202
-0.00244051
-0.000573623
-0.00250031
-0.0006679
-0.00256295
-0.000764967
-0.00263069
-0.000865021
-0.00270425
-0.000968282
-0.00278386
-0.00107498
-0.00286967
-0.00118536
-0.0029618
-0.00129965
-0.0030604
-0.00141811
-0.00316564
-0.00154101
-0.00327768
-0.0016686
-0.00339671
-0.00180117
-0.0035229
-0.001939
-0.00365644
-0.0020824
-0.00379757
-0.00223174
-0.00394665
-0.00238743
-0.00410339
-0.00426644
-0.00254952
-1.17715e-05
-0.00045353
-4.47695e-05
-0.00111958
-9.62329e-05
-0.00159469
-0.000162186
-0.00190673
-0.000238467
-0.00209834
-0.000321616
-0.00221393
-0.000409286
-0.00228969
-0.0005002
-0.0023496
-0.000593852
-0.00240666
-0.000690178
-0.00246662
-0.00078931
-0.00253156
-0.000891454
-0.00260211
-0.000996837
-0.00267848
-0.00110569
-0.00276081
-0.00121827
-0.00284922
-0.00133481
-0.00294387
-0.00145556
-0.00304488
-0.0015808
-0.00315244
-0.0017108
-0.00326671
-0.00184584
-0.00338787
-0.0019862
-0.00351607
-0.00213219
-0.00365158
-0.00228416
-0.00379468
-0.00244246
-0.00394509
-0.00410173
-0.00260717
-1.28389e-05
-0.000440691
-4.80599e-05
-0.00108436
-0.00010219
-0.00154056
-0.000170807
-0.00183811
-0.000249553
-0.00201959
-0.000334946
-0.00212854
-0.000424701
-0.00219994
-0.000517614
-0.00225668
-0.000613236
-0.00231103
-0.000711532
-0.00236832
-0.000812652
-0.00243044
-0.000916808
-0.00249795
-0.00102423
-0.00257106
-0.00113516
-0.00264988
-0.00124985
-0.00273454
-0.00136855
-0.00282517
-0.00149151
-0.00292192
-0.00161901
-0.00302495
-0.00175131
-0.0031344
-0.00188872
-0.00325046
-0.00203151
-0.00337328
-0.00217999
-0.0035031
-0.00233449
-0.00364018
-0.00249533
-0.00378424
-0.00393443
-0.00266264
-1.38721e-05
-0.000426819
-5.12297e-05
-0.00104701
-0.00010791
-0.00148388
-0.000179064
-0.00176696
-0.000260156
-0.0019385
-0.000347687
-0.00204101
-0.000439433
-0.00210819
-0.00053426
-0.00216186
-0.00063177
-0.00221352
-0.000731958
-0.00226814
-0.000834985
-0.00232741
-0.000941071
-0.00239187
-0.00105045
-0.00246167
-0.00116338
-0.00253695
-0.00128009
-0.00261782
-0.00140086
-0.00270441
-0.00152593
-0.00279685
-0.00165559
-0.00289528
-0.00179012
-0.00299988
-0.00192979
-0.00311079
-0.00207491
-0.00322816
-0.00222577
-0.00335223
-0.00238271
-0.00348325
-0.00254602
-0.00362093
-0.00376458
-0.00271586
-1.48688e-05
-0.000411951
-5.42741e-05
-0.0010076
-0.000113387
-0.00142476
-0.000186953
-0.00169339
-0.000270272
-0.00185518
-0.000359836
-0.00195144
-0.000453479
-0.00201455
-0.000550134
-0.0020652
-0.000649451
-0.00211421
-0.000751448
-0.00216614
-0.000856301
-0.00222256
-0.000964236
-0.00228393
-0.00107549
-0.00235042
-0.00119032
-0.00242212
-0.00130898
-0.00249916
-0.00143172
-0.00258166
-0.00155882
-0.00266975
-0.00169055
-0.00276355
-0.0018272
-0.00286324
-0.00196904
-0.00296894
-0.00211639
-0.00308082
-0.00226953
-0.00319909
-0.0024288
-0.00332399
-0.0025945
-0.00345523
-0.00359228
-0.0027668
-1.58271e-05
-0.000396123
-5.7189e-05
-0.000966238
-0.000118615
-0.00136334
-0.000194469
-0.00161754
-0.000279898
-0.00176975
-0.000371391
-0.00185995
-0.000466837
-0.0019191
-0.000565234
-0.0019668
-0.000666273
-0.00201317
-0.000769998
-0.00206241
-0.000876595
-0.00211596
-0.000986294
-0.00217423
-0.00109934
-0.00223737
-0.00121599
-0.00230547
-0.0013365
-0.00237865
-0.00146113
-0.00245703
-0.00159016
-0.00254072
-0.00172387
-0.00262985
-0.00186253
-0.00272457
-0.00200645
-0.00282502
-0.00215592
-0.00293135
-0.00231125
-0.00304377
-0.00247274
-0.00316249
-0.00264074
-0.00328724
-0.0034176
-0.00281542
-1.6745e-05
-0.000379378
-5.99704e-05
-0.000923012
-0.00012359
-0.00129972
-0.000201608
-0.00153952
-0.000289032
-0.00168233
-0.000382349
-0.00176663
-0.000479505
-0.00182194
-0.000579556
-0.00186675
-0.000682234
-0.00191049
-0.000787603
-0.00195704
-0.000895859
-0.00200771
-0.00100724
-0.00206285
-0.00112199
-0.00212262
-0.00124037
-0.00218709
-0.00136264
-0.00225638
-0.00148907
-0.0023306
-0.00161994
-0.00240985
-0.00175552
-0.00249427
-0.00189611
-0.00258398
-0.002042
-0.00267913
-0.00219349
-0.00277986
-0.00235089
-0.00288637
-0.00251452
-0.00299886
-0.00268471
-0.00311706
-0.00324064
-0.00286167
-1.76209e-05
-0.000361757
-6.26147e-05
-0.000878019
-0.000128308
-0.00123402
-0.000208367
-0.00145946
-0.00029767
-0.00159303
-0.000392708
-0.00167159
-0.00049148
-0.00172317
-0.000593098
-0.00176514
-0.00069733
-0.00180626
-0.000804258
-0.00185012
-0.000914087
-0.00189788
-0.00102706
-0.00194988
-0.00114343
-0.00200625
-0.00126345
-0.00206707
-0.00138739
-0.00213244
-0.00151553
-0.00220246
-0.00164814
-0.00227724
-0.0017855
-0.0023569
-0.00192791
-0.00244157
-0.00207567
-0.00253137
-0.00222908
-0.00262645
-0.00238845
-0.00272699
-0.00255412
-0.00283319
-0.00272639
-0.00294478
-0.00306152
-0.00290552
-1.84532e-05
-0.000343304
-6.51187e-05
-0.000831353
-0.000132765
-0.00116638
-0.000214742
-0.00137749
-0.00030581
-0.00150196
-0.000402466
-0.00157494
-0.000502761
-0.00162288
-0.000605857
-0.00166204
-0.000711556
-0.00170056
-0.000819957
-0.00174171
-0.000931273
-0.00178656
-0.00104575
-0.00183541
-0.00116364
-0.00188836
-0.00128522
-0.00194549
-0.00141074
-0.00200691
-0.00154049
-0.00207271
-0.00167474
-0.00214299
-0.00181379
-0.00221786
-0.00195792
-0.00229744
-0.00210745
-0.00238185
-0.00226267
-0.00247122
-0.00242391
-0.00256575
-0.0025915
-0.00266561
-0.00276576
-0.00277052
-0.00288033
-0.00294694
-1.92402e-05
-0.000324064
-6.74793e-05
-0.000783114
-0.000136958
-0.0010969
-0.00022073
-0.00129371
-0.00031345
-0.00140924
-0.000411622
-0.00147677
-0.000513346
-0.00152115
-0.000617831
-0.00155755
-0.00072491
-0.00159348
-0.000834697
-0.00163193
-0.000947413
-0.00167385
-0.00106331
-0.00171951
-0.00118264
-0.00176902
-0.00130567
-0.00182246
-0.00143268
-0.0018799
-0.00156394
-0.00194145
-0.00169974
-0.00200719
-0.00184037
-0.00207723
-0.00198613
-0.00215168
-0.00213732
-0.00223066
-0.00229425
-0.00231429
-0.00245725
-0.00240276
-0.00262665
-0.00249621
-0.00280277
-0.00259439
-0.00269721
-0.0029859
-1.99807e-05
-0.000304083
-6.96938e-05
-0.000733401
-0.000140884
-0.00102571
-0.000226329
-0.00120827
-0.000320588
-0.00131498
-0.000420173
-0.00137718
-0.000523232
-0.00141809
-0.000629017
-0.00145177
-0.000737388
-0.00148511
-0.000848474
-0.00152084
-0.0009625
-0.00155982
-0.00107972
-0.00160229
-0.0012004
-0.00164835
-0.0013248
-0.00169806
-0.0014532
-0.0017515
-0.00158588
-0.00180877
-0.00172313
-0.00186994
-0.00186524
-0.00193512
-0.00201252
-0.00200441
-0.00216527
-0.00207791
-0.0023238
-0.00215575
-0.00248845
-0.00223811
-0.00265954
-0.00232511
-0.00283743
-0.00241651
-0.00251227
-0.00302237
-2.06734e-05
-0.00028341
-7.17598e-05
-0.000682314
-0.00014454
-0.000952928
-0.000231536
-0.00112127
-0.000327222
-0.00121929
-0.00042812
-0.00127628
-0.000532419
-0.00131379
-0.000639413
-0.00134477
-0.000748987
-0.00137554
-0.000861282
-0.00140855
-0.00097653
-0.00144458
-0.00109499
-0.00148384
-0.00121692
-0.00152642
-0.00134259
-0.00157238
-0.00147229
-0.0016218
-0.00160629
-0.00167476
-0.0017449
-0.00173134
-0.00188839
-0.00179162
-0.00203708
-0.00185571
-0.00219128
-0.00192371
-0.0023513
-0.00199573
-0.00251749
-0.00207193
-0.00269017
-0.00215243
-0.00286969
-0.00223699
-0.00232562
-0.00305633
-2.13171e-05
-0.000262093
-7.36751e-05
-0.000629956
-0.000147923
-0.00087868
-0.00023635
-0.00103285
-0.000333352
-0.00112229
-0.000435459
-0.00117418
-0.000540905
-0.00120835
-0.000649018
-0.00123666
-0.000759705
-0.00126485
-0.00087312
-0.00129513
-0.000989498
-0.0013282
-0.0011091
-0.00136424
-0.00123219
-0.00140333
-0.00135904
-0.00144553
-0.00148994
-0.00149091
-0.00162517
-0.00153953
-0.00176502
-0.00159149
-0.00190979
-0.00164685
-0.0020598
-0.00170571
-0.00221534
-0.00176817
-0.00237675
-0.00183432
-0.00254435
-0.00190432
-0.00271851
-0.00197828
-0.00289954
-0.00205595
-0.0021374
-0.00308776
-2.19107e-05
-0.000240182
-7.54374e-05
-0.00057643
-0.000151031
-0.000803086
-0.000240769
-0.000943108
-0.000338974
-0.00102409
-0.000442191
-0.00107096
-0.000548688
-0.00110185
-0.000657828
-0.00112752
-0.000769539
-0.00115314
-0.000883983
-0.00118069
-0.0010014
-0.00121078
-0.00112205
-0.00124359
-0.00124621
-0.00127917
-0.00137415
-0.00131759
-0.00150615
-0.0013589
-0.00164251
-0.00140318
-0.00178351
-0.00145049
-0.00192945
-0.0015009
-0.00208066
-0.00155451
-0.00223744
-0.00161139
-0.00240012
-0.00167164
-0.00256904
-0.0017354
-0.00274454
-0.00180277
-0.00292697
-0.00187352
-0.00194774
-0.00311664
-2.24533e-05
-0.000217729
-7.70451e-05
-0.000521838
-0.000153863
-0.000726268
-0.00024479
-0.000852181
-0.00034409
-0.000924787
-0.000448315
-0.000966734
-0.000555768
-0.000994399
-0.000665844
-0.00101745
-0.000778487
-0.00104049
-0.000893869
-0.00106531
-0.00101223
-0.00109242
-0.00113384
-0.00112197
-0.00125897
-0.00115404
-0.0013879
-0.00118866
-0.00152091
-0.00122589
-0.00165829
-0.0012658
-0.00180034
-0.00130844
-0.00194735
-0.00135388
-0.00209966
-0.00140221
-0.00225757
-0.00145348
-0.0024214
-0.0015078
-0.00259152
-0.00156529
-0.00276826
-0.00162603
-0.00295196
-0.00168982
-0.00175675
-0.00314295
-2.29441e-05
-0.000194785
-7.84965e-05
-0.000466286
-0.000156417
-0.000648348
-0.000248413
-0.000760185
-0.000348696
-0.000824504
-0.000453828
-0.000861602
-0.000562143
-0.000886084
-0.000673062
-0.000906527
-0.000786546
-0.00092701
-0.000902774
-0.000949078
-0.00102199
-0.000973198
-0.00114447
-0.000999498
-0.00127048
-0.00102803
-0.00140029
-0.00105884
-0.00153421
-0.00109198
-0.00167251
-0.0011275
-0.00181551
-0.00116545
-0.00196349
-0.0012059
-0.00211678
-0.00124891
-0.00227571
-0.00129456
-0.00244059
-0.00134292
-0.00261178
-0.0013941
-0.00278964
-0.00144818
-0.00297449
-0.00150497
-0.00156457
-0.00316667
-2.33823e-05
-0.000171403
-7.97902e-05
-0.000409878
-0.00015869
-0.000569449
-0.000251637
-0.000667237
-0.000352793
-0.000723348
-0.000458731
-0.000755664
-0.000567812
-0.000777002
-0.000679482
-0.000794858
-0.000793715
-0.000812777
-0.000910696
-0.000832097
-0.00103068
-0.000853219
-0.00115392
-0.000876252
-0.00128071
-0.000901242
-0.00141132
-0.000928229
-0.00154605
-0.000957256
-0.00168517
-0.000988367
-0.00182901
-0.00102161
-0.00197785
-0.00105705
-0.00213203
-0.00109474
-0.00229186
-0.00113473
-0.00245768
-0.0011771
-0.00262983
-0.00122195
-0.00280867
-0.00126933
-0.00299455
-0.00131909
-0.00137133
-0.00318779
-2.37671e-05
-0.000147635
-8.09249e-05
-0.00035272
-0.000160682
-0.000489691
-0.00025446
-0.000573459
-0.000356379
-0.000621429
-0.000463022
-0.000649022
-0.000572775
-0.000667249
-0.000685102
-0.00068253
-0.000799992
-0.000697888
-0.000917633
-0.000714456
-0.00103828
-0.000732573
-0.0011622
-0.000752331
-0.00128967
-0.000773769
-0.00142098
-0.000796921
-0.00155641
-0.000821824
-0.00169626
-0.000848517
-0.00184083
-0.000877044
-0.00199044
-0.000907451
-0.00214539
-0.000939787
-0.00230601
-0.000974103
-0.00247264
-0.00101046
-0.00264564
-0.00104895
-0.00282535
-0.00108962
-0.00301212
-0.00113232
-0.00117715
-0.0032063
-2.4098e-05
-0.000123537
-8.18994e-05
-0.000294918
-0.000162392
-0.000409199
-0.000256882
-0.000478969
-0.000359455
-0.000518856
-0.000466702
-0.000541774
-0.00057703
-0.000556921
-0.000689922
-0.000569639
-0.000805374
-0.000582435
-0.000923582
-0.000596247
-0.0010448
-0.000611354
-0.0011693
-0.00062783
-0.00129736
-0.000645707
-0.00142927
-0.000665015
-0.00156531
-0.000685784
-0.00170578
-0.000708047
-0.00185098
-0.00073184
-0.00200123
-0.000757201
-0.00215685
-0.000784173
-0.00231815
-0.000812797
-0.00248549
-0.000843127
-0.00265921
-0.000875237
-0.00283967
-0.00090916
-0.00302721
-0.000944777
-0.000982184
-0.00322218
-2.43746e-05
-9.91629e-05
-8.2713e-05
-0.00023658
-0.000163818
-0.000328095
-0.000258901
-0.000383886
-0.000362018
-0.000415738
-0.000469769
-0.000434024
-0.000580577
-0.000446113
-0.00069394
-0.000456277
-0.000809862
-0.000466513
-0.000928543
-0.000477566
-0.00105024
-0.000489657
-0.00117522
-0.000502845
-0.00130378
-0.000517155
-0.00143618
-0.000532611
-0.00157273
-0.000549237
-0.00171371
-0.000567059
-0.00185945
-0.000586107
-0.00201024
-0.000606411
-0.00216641
-0.000628004
-0.00232828
-0.000650922
-0.0024962
-0.000675206
-0.00267052
-0.000700915
-0.00285161
-0.000728077
-0.00303979
-0.000756594
-0.000786548
-0.00323543
-2.45963e-05
-7.45666e-05
-8.33647e-05
-0.000177812
-0.00016496
-0.0002465
-0.000260516
-0.000288329
-0.00036407
-0.000312184
-0.000472223
-0.00032587
-0.000583416
-0.000334921
-0.000697155
-0.000342537
-0.000813453
-0.000350214
-0.000932513
-0.000358507
-0.00105459
-0.000367578
-0.00117996
-0.000377473
-0.00130891
-0.000388211
-0.00144171
-0.000399808
-0.00157867
-0.000412284
-0.00172007
-0.000425658
-0.00186622
-0.000439951
-0.00201745
-0.000455188
-0.00217406
-0.000471392
-0.00233639
-0.000488591
-0.00250478
-0.000506815
-0.00267959
-0.00052611
-0.00286117
-0.000546495
-0.00304987
-0.000567896
-0.000590378
-0.00324604
-2.47629e-05
-4.98037e-05
-8.3854e-05
-0.00011872
-0.000165816
-0.000164537
-0.000261729
-0.000192417
-0.000365609
-0.000208304
-0.000474065
-0.000217415
-0.000585545
-0.000223441
-0.000699567
-0.000228515
-0.000816148
-0.000233633
-0.000935492
-0.000239162
-0.00105786
-0.000245212
-0.00118352
-0.00025181
-0.00131276
-0.000258971
-0.00144586
-0.000266705
-0.00158312
-0.000275025
-0.00172483
-0.000283945
-0.00187131
-0.000293477
-0.00202286
-0.000303639
-0.0021798
-0.000314447
-0.00234248
-0.000325917
-0.00251122
-0.000338073
-0.00268639
-0.000350942
-0.00286834
-0.000364538
-0.00305743
-0.000378812
-0.000393808
-0.003254
-2.48741e-05
-8.41805e-05
-0.000166388
-0.000262537
-0.000366635
-0.000475292
-0.000586964
-0.000111768
-0.000701175
-0.000114305
-0.000817944
-0.000116864
-0.000937478
-0.000119629
-0.00106004
-0.000122654
-0.00118589
-0.000125954
-0.00131533
-0.000129535
-0.00144863
-0.000133403
-0.00158609
-0.000137564
-0.00172801
-0.000142024
-0.0018747
-0.000146792
-0.00202646
-0.000151874
-0.00218363
-0.000157279
-0.00234653
-0.000163016
-0.00251551
-0.000169095
-0.00269092
-0.000175532
-0.00287313
-0.000182332
-0.00306247
-0.00018947
-0.000196971
-0.00325931
-0.000587674
-0.000701979
-0.000818843
-0.000938472
-0.00106113
-0.00118708
-0.00131661
-0.00145002
-0.00158758
-0.0017296
-0.0018764
-0.00202827
-0.00218555
-0.00234856
-0.00251766
-0.00269319
-0.00287552
-0.00306499
-0.00326196
-0.00436358
-0.00199819
-0.00436788
-0.00455725
-0.00206501
-0.00437662
-0.00456091
-0.00432649
0.00170496
-0.0017551
-0.00430506
0.00157121
-0.00159263
-0.00429973
0.00155415
-0.00155948
-0.00429625
0.00144554
-0.00144903
-0.00430128
0.0013913
-0.00138627
-0.00430848
0.00129445
-0.00128724
-0.00432038
0.00122524
-0.00121334
-0.00433379
0.00113378
-0.00112037
-0.00434959
0.00105969
-0.00104389
-0.004366
0.000973239
-0.000956828
-0.00438331
0.000899674
-0.000882361
-0.00440046
0.000819032
-0.000801887
-0.00441752
0.000748967
-0.000731901
-0.00443384
0.000674753
-0.000658431
-0.00444946
0.000609662
-0.000594042
-0.00446396
0.000542015
-0.000527515
-0.00447738
0.00048233
-0.000468911
-0.00448947
0.000420728
-0.000408647
-0.00450027
0.000365828
-0.000355023
-0.00450962
0.000309013
-0.000299664
-0.00451756
0.00025735
-0.000249409
-0.00452393
0.000202851
-0.000196479
-0.00452873
0.000151016
-0.000146221
-0.00453174
9.35939e-05
-9.0581e-05
3.39193e-05
-3.2813e-05
-0.0045197
-0.00449654
-0.00448364
-0.00447715
-0.00447853
-0.00448302
-0.00449252
-0.00450394
-0.00451815
-0.00453326
-0.00454959
-0.00456596
-0.00458247
-0.00459838
-0.00461373
-0.00462805
-0.00464137
-0.0046534
-0.0046642
-0.00467355
-0.00468152
-0.00468791
-0.00469274
-0.00469576
-0.00331916
5.72e-05
-0.00336947
5.03102e-05
-0.00341666
4.71875e-05
-0.0034584
4.17453e-05
-0.00349661
3.82105e-05
-0.00353015
3.354e-05
-0.00356016
3.00099e-05
-0.00358601
2.58506e-05
-0.00360848
2.24656e-05
-0.00362716
1.86838e-05
-0.00364264
1.54779e-05
-0.00365462
1.19824e-05
-0.00366357
8.94429e-06
-0.00366923
5.6683e-06
-0.00367201
2.7726e-06
-0.00367173
-2.76963e-07
-0.0036686
-3.13102e-06
-0.00366236
-6.23661e-06
-0.00365334
-9.02404e-06
-0.00364129
-1.20411e-05
-0.00362642
-1.48775e-05
-0.00360846
-1.79572e-05
-0.0035875
-2.0962e-05
-0.00356322
-2.42786e-05
-2.76862e-05
-0.00331652
0.000114411
-0.00336685
0.000100642
-0.00341407
9.44091e-05
-0.00345586
8.35349e-05
-0.00349413
7.64749e-05
-0.00352773
6.71422e-05
-0.00355781
6.00896e-05
-0.00358373
5.17779e-05
-0.00360628
4.50143e-05
-0.00362506
3.74563e-05
-0.00364063
3.10504e-05
-0.00365271
2.40648e-05
-0.00366176
1.7994e-05
-0.00366754
1.14477e-05
-0.00367043
5.65999e-06
-0.00367027
-4.32373e-07
-0.00366727
-6.13318e-06
-0.00366117
-1.2335e-05
-0.00365229
-1.79047e-05
-0.0036404
-2.39301e-05
-0.00362568
-2.95952e-05
-0.0036079
-3.57452e-05
-0.00358711
-4.17458e-05
-0.00356302
-4.8369e-05
-5.51742e-05
-0.00331123
0.000171645
-0.00336161
0.000151017
-0.0034089
0.0001417
-0.00345078
0.000125414
-0.00348915
0.000114848
-0.00352288
0.00010087
-0.0035531
9.03099e-05
-0.00357918
7.78594e-05
-0.00360189
6.77299e-05
-0.00362084
5.64074e-05
-0.00363661
4.68129e-05
-0.00364889
3.6348e-05
-0.00365815
2.72556e-05
-0.00366415
1.74499e-05
-0.00366728
8.78144e-06
-0.00366736
-3.50382e-07
-0.00366462
-8.87404e-06
-0.00365879
-1.81569e-05
-0.0036502
-2.64986e-05
-0.00363862
-3.55149e-05
-0.00362422
-4.39933e-05
-0.00360677
-5.31955e-05
-0.00358634
-6.21738e-05
-0.00356263
-7.20832e-05
-8.22659e-05
-0.0033033
0.000228912
-0.00335374
0.000201458
-0.00340114
0.000189093
-0.00344315
0.000167427
-0.00348169
0.000153384
-0.0035156
0.000134786
-0.00354603
0.000120741
-0.00357235
0.000104172
-0.00359531
9.0696e-05
-0.00361453
7.56261e-05
-0.00363058
6.28603e-05
-0.00364316
4.89324e-05
-0.00365274
3.68348e-05
-0.00365908
2.37873e-05
-0.00366254
1.22454e-05
-0.003663
1.03325e-07
-0.00366064
-1.12343e-05
-0.00365523
-2.35619e-05
-0.00364707
-3.46622e-05
-0.00363594
-4.66439e-05
-0.00362202
-5.79125e-05
-0.00360508
-7.01393e-05
-0.00358518
-8.20682e-05
-0.00356203
-9.52337e-05
-0.000108764
-0.00329274
0.000286223
-0.00334327
0.000251986
-0.0033908
0.000236624
-0.00343299
0.000209619
-0.00347174
0.000192137
-0.00350591
0.000168952
-0.00353662
0.000151454
-0.00356324
0.000130794
-0.00358654
0.000113996
-0.00360612
9.52018e-05
-0.00362255
7.92874e-05
-0.00363553
6.19182e-05
-0.00364554
4.68377e-05
-0.00365232
3.05686e-05
-0.00365626
1.6191e-05
-0.00365717
1.00776e-06
-0.00365534
-1.3064e-05
-0.00365049
-2.84126e-05
-0.0036429
-4.22532e-05
-0.00363237
-5.71657e-05
-0.00361909
-7.11936e-05
-0.00360282
-8.64084e-05
-0.00358364
-0.000101252
-0.00356124
-0.000117633
-0.00013447
-0.00327954
0.000343588
-0.00333018
0.000302623
-0.00337788
0.000284327
-0.0034203
0.000252035
-0.00345932
0.000231161
-0.0034938
0.000203433
-0.00352487
0.000182519
-0.00355188
0.000157801
-0.00357559
0.000137714
-0.00359561
0.000115224
-0.00361252
9.61889e-05
-0.003626
7.54055e-05
-0.00363653
5.73692e-05
-0.00364387
3.79064e-05
-0.0036484
2.07147e-05
-0.00364991
2.52023e-06
-0.00364872
-1.42543e-05
-0.00364456
-3.25715e-05
-0.00363768
-4.91282e-05
-0.00362792
-6.69295e-05
-0.00361544
-8.36779e-05
-0.00360001
-0.000101835
-0.00358171
-0.000119548
-0.00356025
-0.000139095
-0.000159189
-0.00326372
0.000401015
-0.00331449
0.000353389
-0.0033624
0.000332236
-0.00340508
0.00029472
-0.00344443
0.000270512
-0.00347929
0.00023829
-0.00351078
0.000214006
-0.00353825
0.00018527
-0.00356247
0.000161932
-0.00358302
0.00013578
-0.00360049
0.000113659
-0.00361458
8.9494e-05
-0.00362575
6.85343e-05
-0.00363375
4.59106e-05
-0.00363897
2.59374e-05
-0.0036412
4.75008e-06
-0.00364079
-1.46684e-05
-0.00363746
-3.59046e-05
-0.00363144
-5.51446e-05
-0.00362258
-7.5785e-05
-0.00361106
-9.52071e-05
-0.00359664
-0.000116253
-0.00357941
-0.00013678
-0.00355907
-0.000159432
-0.000182723
-0.00324529
0.000458512
-0.0032962
0.000404306
-0.00334435
0.000380384
-0.00338735
0.000337718
-0.00342708
0.000310244
-0.00346238
0.000273588
-0.00349436
0.000245986
-0.00352237
0.00021328
-0.00354717
0.000186734
-0.00356835
0.000156961
-0.00358649
0.000131793
-0.00360128
0.000104283
-0.00361318
8.04376e-05
-0.00362196
5.46915e-05
-0.003628
3.19731e-05
-0.00363107
7.82348e-06
-0.00363155
-1.41825e-05
-0.00362918
-3.82774e-05
-0.00362417
-6.016e-05
-0.00361637
-8.35828e-05
-0.00360595
-0.000105624
-0.00359271
-0.000129494
-0.00357672
-0.000152774
-0.00355769
-0.000178461
-0.000204877
-0.00322424
0.000516085
-0.00327533
0.000455393
-0.00332375
0.000428806
-0.00336711
0.000381076
-0.00340728
0.000350412
-0.00344308
0.000309389
-0.00347562
0.00027853
-0.00350425
0.000241907
-0.00352972
0.000212204
-0.00355161
0.000178854
-0.0035705
0.000150683
-0.00358609
0.000119873
-0.00359884
9.31831e-05
-0.00360851
6.43591e-05
-0.00361547
3.89369e-05
-0.00361951
1.18626e-05
-0.00362102
-1.26703e-05
-0.00361974
-3.95576e-05
-0.00361587
-6.40325e-05
-0.00360928
-9.01742e-05
-0.00360013
-0.000114771
-0.00358823
-0.000141394
-0.00357365
-0.000167353
-0.00355611
-0.000195996
-0.000225458
-0.0032006
0.00057374
-0.00325188
0.000506672
-0.00330061
0.000477536
-0.00334437
0.000424837
-0.00338503
0.000391071
-0.0034214
0.000345755
-0.00345458
0.000311708
-0.0034839
0.000271228
-0.00351012
0.000238424
-0.00353281
0.000201549
-0.00355255
0.000170424
-0.00356904
0.000136362
-0.00358274
0.000106875
-0.0035934
7.5023e-05
-0.00360141
4.69435e-05
-0.00360653
1.69907e-05
-0.0036092
-1.00087e-05
-0.00360914
-3.96133e-05
-0.00360655
-6.66203e-05
-0.00360131
-9.54115e-05
-0.00359359
-0.000122493
-0.0035832
-0.000151789
-0.00357021
-0.000180346
-0.00355435
-0.000211854
-0.000244272
-0.00317438
0.000631481
-0.00322587
0.000558161
-0.00327494
0.000526606
-0.00331915
0.000469047
-0.00336036
0.000432275
-0.00339735
0.000382752
-0.00343124
0.000345591
-0.00346133
0.00030132
-0.00348838
0.000265478
-0.00351197
0.000225133
-0.00353265
0.00019111
-0.00355014
0.000153849
-0.00356488
0.000121616
-0.00357665
8.67923e-05
-0.00358581
5.61081e-05
-0.00359216
2.33396e-05
-0.00359609
-6.08158e-06
-0.00359739
-3.83162e-05
-0.00359622
-6.77835e-05
-0.00359249
-9.91476e-05
-0.00358635
-0.000128635
-0.00357762
-0.000160513
-0.00356639
-0.000191579
-0.00355239
-0.000225853
-0.000261126
-0.00314559
0.000689309
-0.00319731
0.000609881
-0.00324676
0.00057605
-0.00329146
0.000513752
-0.00333326
0.000474079
-0.00337095
0.00042044
-0.00340561
0.000380251
-0.00343655
0.000332261
-0.00346452
0.000293448
-0.00348909
0.000249696
-0.00351081
0.000212832
-0.00352939
0.000172433
-0.00354529
0.000137508
-0.00355827
9.97764e-05
-0.00356871
6.65497e-05
-0.00357637
3.10005e-05
-0.00358173
-7.22217e-07
-0.00358448
-3.55671e-05
-0.00358489
-6.73725e-05
-0.0035828
-0.000101236
-0.00357839
-0.000133043
-0.0035715
-0.000167407
-0.0035622
-0.000200882
-0.00355024
-0.000237813
-0.000275831
-0.00311425
0.000747228
-0.00316622
0.000661849
-0.00321607
0.0006259
-0.00326131
0.000558994
-0.00330377
0.000516538
-0.00334222
0.000458885
-0.00337772
0.000415758
-0.00340959
0.000364126
-0.00343856
0.000322417
-0.00346419
0.000275326
-0.00348704
0.000235683
-0.00350682
0.000192212
-0.00352396
0.000154655
-0.00353827
0.000114084
-0.00355009
7.83705e-05
-0.00355927
4.01823e-05
-0.00356603
6.03785e-06
-0.00357044
-3.11568e-05
-0.00357256
-6.52537e-05
-0.00357227
-0.000101534
-0.00356974
-0.000135565
-0.00356484
-0.000172308
-0.00355764
-0.000208085
-0.0035479
-0.000247553
-0.000288197
-0.00308038
0.000805235
-0.00313261
0.000714083
-0.0031829
0.000676189
-0.00322873
0.000604819
-0.0032719
0.000559707
-0.00331116
0.000498147
-0.00334758
0.000452181
-0.00338045
0.000396994
-0.0034105
0.000352468
-0.00343728
0.00030211
-0.00346136
0.000259756
-0.00348243
0.000213282
-0.00350093
0.000173157
-0.00351667
0.000129822
-0.00352998
9.16867e-05
-0.00354073
5.09272e-05
-0.00354916
1.44702e-05
-0.00355528
-2.50338e-05
-0.00355925
-6.12911e-05
-0.00356088
-9.98955e-05
-0.0035604
-0.000136049
-0.00355765
-0.000175056
-0.00355272
-0.000213019
-0.00354537
-0.000254897
-0.000298037
-0.00304399
0.000863332
-0.00309651
0.000766601
-0.00314727
0.000726947
-0.00319372
0.00065127
-0.00323765
0.000603641
-0.0032778
0.00053829
-0.00331521
0.000489593
-0.00334916
0.000430941
-0.00338037
0.00038368
-0.0034084
0.000330136
-0.00343378
0.000285142
-0.00345624
0.000235742
-0.0034762
0.000193115
-0.00349347
0.000147095
-0.00350839
0.000106608
-0.00352083
6.33609e-05
-0.00353102
2.46672e-05
-0.00353902
-1.70371e-05
-0.00354495
-5.53624e-05
-0.00354867
-9.61761e-05
-0.00355037
-0.000134347
-0.00354993
-0.000175495
-0.00354743
-0.000215518
-0.00354266
-0.000259668
-0.000305165
-0.00300512
0.000921514
-0.00305794
0.000819419
-0.0031092
0.000778207
-0.00315632
0.000698389
-0.00320107
0.000648394
-0.00324215
0.000579375
-0.00328062
0.000528062
-0.00331573
0.000466043
-0.00334818
0.000416137
-0.00337754
0.000359493
-0.00340433
0.00031193
-0.00342827
0.000259688
-0.00344979
0.000214628
-0.0034687
0.000166008
-0.00348534
0.000123245
-0.00349958
7.7606e-05
-0.00351167
3.6756e-05
-0.00352166
-7.04558e-06
-0.00352968
-4.73464e-05
-0.00353562
-9.02319e-05
-0.00353966
-0.00013031
-0.00354169
-0.000173467
-0.00354179
-0.000215416
-0.00353977
-0.000261691
-0.000309396
-0.00296378
0.000979779
-0.00301692
0.000872553
-0.00306871
0.000829999
-0.00311654
0.000746218
-0.00316216
0.00069402
-0.00320425
0.000621464
-0.00324385
0.000567658
-0.00328018
0.000502378
-0.00331396
0.000449918
-0.00334474
0.000390267
-0.00337302
0.000340212
-0.00339855
0.000285216
-0.00342171
0.000237796
-0.00344237
0.000186667
-0.00346084
0.000141706
-0.00347701
9.37766e-05
-0.00349112
5.08685e-05
-0.00350321
5.04305e-06
-0.00351345
-3.71045e-05
-0.00352176
-8.19196e-05
-0.00352828
-0.000123792
-0.00353293
-0.000168818
-0.00353579
-0.000212552
-0.00353669
-0.000260796
-0.00031055
-0.00292001
0.00103812
-0.00297347
0.000926015
-0.00302583
0.000882353
-0.00307441
0.000794795
-0.00312096
0.000740571
-0.00316411
0.00066462
-0.0032049
0.000608449
-0.00324255
0.000540022
-0.00327773
0.000485103
-0.00331001
0.000422545
-0.00333988
0.000370076
-0.00336708
0.00031242
-0.003392
0.000262717
-0.00341451
0.000209174
-0.0034349
0.000162101
-0.00345311
0.000111981
-0.00346938
6.71464e-05
-0.00348366
1.93218e-05
-0.00349628
-2.4488e-05
-0.00350709
-7.11091e-05
-0.00351623
-0.000114647
-0.00352366
-0.000161395
-0.00352945
-0.000206764
-0.00353343
-0.000256811
-0.000308447
-0.00287384
0.00109655
-0.00292764
0.000979818
-0.00298059
0.000935299
-0.00302995
0.00084416
-0.00307748
0.000788101
-0.00312176
0.000708902
-0.00316382
0.000650502
-0.00320285
0.000579052
-0.00323951
0.000521772
-0.00327338
0.000456415
-0.00330492
0.000401612
-0.00333389
0.000341396
-0.00336066
0.000289487
-0.00338512
0.000233632
-0.00340755
0.000184533
-0.00342791
0.000132332
-0.00344643
8.56691e-05
-0.00346309
3.59827e-05
-0.00347818
-9.39473e-06
-0.00349162
-5.76764e-05
-0.00350353
-0.000102728
-0.00351388
-0.000151048
-0.00352275
-0.000197892
-0.00353
-0.000249569
-0.000302908
-0.0028253
0.00115504
-0.00287945
0.00103397
-0.00293302
0.000988867
-0.00298321
0.000894349
-0.00303176
0.000836659
-0.00307723
0.000754372
-0.00312061
0.000693883
-0.00316111
0.000619544
-0.00319934
0.00056
-0.00323488
0.000491961
-0.00326818
0.000434906
-0.00329901
0.000372235
-0.00332773
0.000318203
-0.00335424
0.00026014
-0.00337881
0.000209108
-0.00340142
0.000154941
-0.00342231
0.000106553
-0.00344147
5.51463e-05
-0.00345916
8.29138e-06
-0.00347535
-4.14812e-05
-0.00349019
-8.78901e-05
-0.00350361
-0.000137629
-0.00351572
-0.00018578
-0.00352639
-0.000238903
-0.00029376
-0.00277443
0.00121362
-0.00282894
0.00108847
-0.00288316
0.00104309
-0.0029342
0.000945395
-0.00298384
0.000886293
-0.00303056
0.000801092
-0.00307533
0.000738656
-0.00311736
0.000661575
-0.00315723
0.000599867
-0.00319453
0.000529268
-0.00322967
0.000470045
-0.00326247
0.00040503
-0.00329322
0.00034896
-0.00332188
0.000288799
-0.0033487
0.000235928
-0.00337368
0.000179915
-0.00339704
0.000129912
-0.00341883
7.69416e-05
-0.00343923
2.86867e-05
-0.00345833
-2.23798e-05
-0.00347621
-7.00126e-05
-0.00349284
-0.000120991
-0.00350835
-0.000170273
-0.0035226
-0.000224651
-0.000280829
-0.0027213
0.00127227
-0.00277615
0.00114333
-0.00283104
0.00109798
-0.00288298
0.000997332
-0.00293374
0.000937046
-0.00298177
0.000849122
-0.00302799
0.000784881
-0.00307164
0.000705219
-0.00311322
0.000641446
-0.00315237
0.00056842
-0.00318944
0.000507114
-0.00322428
0.000439872
-0.00325717
0.00038185
-0.00328808
0.000319705
-0.00331724
0.000265096
-0.00334469
0.00020736
-0.00337064
0.00015586
-0.00339516
0.000101464
-0.00341841
5.19349e-05
-0.00344055
-2.36968e-07
-0.00346159
-4.89759e-05
-0.0034816
-0.000100979
-0.00350065
-0.000151219
-0.00351865
-0.000206652
-0.000263946
-0.00266594
0.00133104
-0.00272113
0.00119852
-0.00277673
0.00115357
-0.00282959
0.00105019
-0.0028815
0.000988956
-0.0029309
0.000898525
-0.00297864
0.000832619
-0.00302397
0.000750552
-0.00306734
0.000684813
-0.00310842
0.000609498
-0.0031475
0.000546198
-0.00318448
0.000476847
-0.0032196
0.000416967
-0.00325284
0.000352954
-0.00328446
0.000296711
-0.00331448
0.00023738
-0.00334313
0.000184506
-0.00337048
0.000128817
-0.00339678
7.82324e-05
-0.00342196
2.49446e-05
-0.00344636
-2.45703e-05
-0.00346988
-7.74639e-05
-0.00349263
-0.00012847
-0.00351453
-0.000184747
-0.000242944
-0.00260843
0.00138995
-0.00266395
0.00125405
-0.00272026
0.00120988
-0.00277408
0.00110401
-0.00282718
0.00104206
-0.00287802
0.000949363
-0.00292732
0.000881927
-0.00297442
0.000797645
-0.00301964
0.000730041
-0.00306273
0.000652582
-0.00310391
0.000587379
-0.0031431
0.000516042
-0.00318054
0.000454398
-0.00321622
0.000388639
-0.00325038
0.000330869
-0.00328307
0.000270075
-0.00331452
0.000215955
-0.00334483
0.00015912
-0.00337421
0.000107617
-0.0034027
5.34304e-05
-0.00343053
3.26228e-06
-0.00345769
-5.03091e-05
-0.00348428
-0.000101873
-0.00351025
-0.000158782
-0.000217659
-0.00254886
0.00144907
-0.00260468
0.00130987
-0.0026617
0.0012669
-0.00271652
0.00115883
-0.00277083
0.00109637
-0.00282316
0.00100169
-0.00287409
0.000932859
-0.00292302
0.000846566
-0.00297017
0.0007772
-0.00301534
0.000697746
-0.0030587
0.000630736
-0.00310019
0.00055754
-0.00314003
0.000494231
-0.00317824
0.000426849
-0.00321503
0.000367665
-0.0032505
0.000305544
-0.00328486
0.000250311
-0.00331822
0.000192484
-0.0033508
0.0001402
-0.00338272
8.53444e-05
-0.00341409
3.46292e-05
-0.00344504
-1.93544e-05
-0.00347562
-7.1288e-05
-0.0035058
-0.000128602
-0.000187928
-0.00248735
0.00150851
-0.00254344
0.00136596
-0.00260114
0.00132461
-0.00265699
0.00121468
-0.00271254
0.00115191
-0.00276642
0.00105558
-0.00281902
0.000985466
-0.00286984
0.000897381
-0.002919
0.000826358
-0.00296631
0.000745063
-0.00301192
0.000676344
-0.0030558
0.000601417
-0.00309811
0.000536546
-0.00313893
0.00046767
-0.00317846
0.000407189
-0.00321679
0.000343881
-0.00325415
0.000287672
-0.00329068
0.000229012
-0.00332659
0.000176109
-0.00336201
0.000120761
-0.00339709
6.97143e-05
-0.00343194
1.54944e-05
-0.00346666
-3.65699e-05
-0.0035012
-9.40611e-05
-0.000153595
-0.00242401
0.00156842
-0.00248033
0.00142229
-0.00253866
0.00138294
-0.0025956
0.00127162
-0.00265237
0.00120869
-0.00270786
0.00111106
-0.00276219
0.0010398
-0.00281495
0.000950145
-0.00286617
0.000877575
-0.0029157
0.000794596
-0.00296363
0.000724271
-0.00300996
0.000647746
-0.00305483
0.000581421
-0.00309835
0.000511182
-0.00314068
0.000449525
-0.00318198
0.000385176
-0.00322244
0.000328135
-0.00326223
0.000268806
-0.00330158
0.000215452
-0.00334061
0.000159794
-0.00337953
0.000108632
-0.00341841
5.4374e-05
-0.00345739
2.41868e-06
-0.00349644
-5.50133e-05
-0.000114504
-0.002359
0.00162893
-0.00241559
0.00147887
-0.0024744
0.00144175
-0.00253242
0.00132964
-0.00259042
0.00126668
-0.00264752
0.00116816
-0.00270361
0.00109589
-0.00275837
0.0010049
-0.00281171
0.00093091
-0.00286352
0.000846409
-0.00291384
0.000774588
-0.00296269
0.000696602
-0.00301021
0.000628934
-0.00305649
0.000557469
-0.00310173
0.00049476
-0.00314607
0.00042952
-0.00318973
0.000371794
-0.00323289
0.000311968
-0.00327578
0.000258334
-0.00331854
0.000202564
-0.0033614
0.000151486
-0.00340446
9.74315e-05
-0.00344783
4.57868e-05
-0.00349153
-1.13062e-05
-7.05018e-05
-0.00229327
0.00169098
-0.00235004
0.00153564
-0.002409
0.00150071
-0.00246802
0.00138866
-0.00252719
0.00132585
-0.00258588
0.00122686
-0.00264373
0.00115374
-0.00270048
0.00106166
-0.00275595
0.000986377
-0.00281006
0.00090052
-0.0028628
0.000827325
-0.00291422
0.000748021
-0.00296441
0.000679129
-0.00301353
0.000606581
-0.00306172
0.000542955
-0.00310918
0.000476981
-0.00315611
0.000418725
-0.00320272
0.00035858
-0.00324924
0.000304847
-0.00329585
0.000249171
-0.00334275
0.000198387
-0.00339009
0.000144771
-0.00343798
9.36856e-05
-0.00348647
3.71831e-05
-2.14414e-05
-0.00222748
-0.00228447
-0.00234324
-0.00240361
-0.00246403
-0.00252442
-0.00258402
-0.00264273
-0.00270024
-0.00275655
-0.00281159
-0.00286545
-0.00291822
-0.00297007
-0.00302116
-0.00307169
-0.00312188
-0.00317195
-0.00322212
-0.00327262
-0.00332364
-0.00337535
-0.00342788
-0.00348128
)
;

boundaryField
{
    inlet
    {
        type            calculated;
        value           nonuniform List<scalar> 
32
(
-0.00453285
-0.00469687
-0.00353553
-0.00353553
-0.00353553
-0.00353553
-0.00353553
-0.00353553
-0.00353553
-0.00353553
-0.00353553
-0.00353553
-0.00353553
-0.00353553
-0.00353553
-0.00353553
-0.00353553
-0.00353553
-0.00353553
-0.00353553
-0.00353553
-0.00353553
-0.00353553
-0.00353553
-0.00353553
-0.00353553
-0.00353553
-0.00353553
-0.00353553
-0.00353553
-0.00353553
-0.00353553
)
;
    }
    outlet
    {
        type            calculated;
        value           nonuniform 0();
    }
    cylinder
    {
        type            calculated;
        value           uniform 0;
    }
    top
    {
        type            symmetryPlane;
        value           nonuniform 0();
    }
    bottom
    {
        type            symmetryPlane;
        value           nonuniform 0();
    }
    defaultFaces
    {
        type            empty;
        value           nonuniform 0();
    }
    procBoundary8to4
    {
        type            processor;
        value           nonuniform List<scalar> 
51
(
-2.49296e-05
-5.9414e-05
-8.23299e-05
-9.62677e-05
-0.000104206
-0.000108758
0.000475906
4.73132e-11
3.67771e-11
2.56649e-11
1.33489e-11
-2.49619e-13
-1.50498e-11
-3.09308e-11
-4.77793e-11
-6.54869e-11
-8.39496e-11
-1.0306e-10
-1.22705e-10
-1.42765e-10
-1.63122e-10
-1.83645e-10
-2.04171e-10
-2.24571e-10
-2.44986e-10
-2.65222e-10
-3.39408e-10
-3.62853e-10
-3.85452e-10
-4.08577e-10
-4.2803e-10
-4.47869e-10
-4.62618e-10
-4.76445e-10
-4.83822e-10
-4.88146e-10
-4.84237e-10
-4.74123e-10
-4.53151e-10
-4.23005e-10
-3.75844e-10
-3.43794e-10
-2.86685e-10
-1.89662e-10
-1.14536e-10
-2.17431e-11
6.27494e-11
1.3456e-10
1.79142e-10
1.74798e-10
9.16839e-11
)
;
    }
    procBoundary8to9
    {
        type            processor;
        value           nonuniform List<scalar> 
29
(
0.00583562
0.00607145
0.00518184
0.0053788
-0.000188634
0.00558747
0.00463552
0.00479911
-0.000196859
0.00497245
0.00431155
-0.00021091
0.00445924
0.00399228
-0.000206137
0.00414622
0.00358681
-0.00019905
0.00380576
-0.000175273
0.00330754
0.00246713
-0.000143136
0.00295087
0.00119612
-7.93963e-05
0.00189892
-1.36024e-05
0.000438166
)
;
    }
    procBoundary8to12
    {
        type            processor;
        value           nonuniform List<scalar> 
55
(
0.000132349
5.00324e-05
-3.15512e-05
-0.000112344
-0.000192305
0.00612132
-0.000324363
-0.000406784
-0.000488183
-0.000568509
0.00612329
-0.000720944
-0.000803212
-0.000884202
0.00613281
-0.00105358
-0.00113609
-0.0012171
0.00609318
-0.00140308
-0.00148517
-0.00156554
0.00600384
-0.00176621
-0.00184717
0.00436183
-0.00192439
0.0045515
-0.00199244
-0.00206135
0.00166376
0.00154804
0.00154125
0.00143906
0.00139268
0.00129894
0.00123473
0.0011452
0.00107389
0.000988352
0.000916002
0.000835399
0.000765478
0.000690661
0.000625013
0.00055633
0.000495653
0.000432757
0.000376627
0.000318368
0.000265317
0.000209245
0.000155837
9.66196e-05
3.50268e-05
)
;
    }
}


// ************************************************************************* //
