/*--------------------------------*- C++ -*----------------------------------*\
  =========                 |
  \\      /  F ield         | OpenFOAM: The Open Source CFD Toolbox
   \\    /   O peration     | Website:  https://openfoam.org
    \\  /    A nd           | Version:  7
     \\/     M anipulation  |
\*---------------------------------------------------------------------------*/
FoamFile
{
    version     2.0;
    format      ascii;
    class       volVectorField;
    location    "35";
    object      U;
}
// * * * * * * * * * * * * * * * * * * * * * * * * * * * * * * * * * * * * * //

dimensions      [0 1 -1 0 0 0 0];

internalField   nonuniform List<vector> 
1987
(
(1.13331 0.285984 -5.23421e-21)
(1.12849 0.273046 -3.21372e-20)
(1.14392 0.332028 1.06453e-20)
(1.13689 0.317191 -5.35109e-20)
(1.13074 0.302864 -7.77786e-20)
(1.12542 0.289041 7.23852e-20)
(1.12088 0.275717 -2.78023e-20)
(1.1609 0.385911 1.23769e-19)
(1.15117 0.368856 1.6957e-20)
(1.14248 0.352323 3.63655e-20)
(1.13482 0.336365 7.94938e-20)
(1.12812 0.320986 -9.78579e-20)
(1.1223 0.306177 2.4206e-20)
(1.11729 0.291925 6.5875e-20)
(1.11305 0.278221 -3.40868e-20)
(1.17138 0.428809 -7.5635e-20)
(1.16066 0.410427 5.73514e-20)
(1.15034 0.392105 -2.95669e-20)
(1.14097 0.374265 -2.037e-20)
(1.13267 0.35705 -7.8746e-20)
(1.12539 0.340489 1.96985e-20)
(1.11906 0.324577 6.53561e-20)
(1.11359 0.309294 5.81636e-20)
(1.10892 0.29462 -4.82002e-20)
(1.10501 0.280543 -1.51278e-22)
(1.17592 0.47199 -2.22073e-19)
(1.16961 0.455611 -1.64281e-19)
(1.15977 0.436744 1.20237e-19)
(1.14925 0.417251 -1.04392e-19)
(1.13929 0.398024 9.27431e-20)
(1.13035 0.379416 -3.00764e-21)
(1.12248 0.36153 3.25174e-21)
(1.11563 0.344378 4.39398e-21)
(1.1097 0.327942 -2.14909e-20)
(1.10462 0.312194 -7.25089e-20)
(1.10032 0.297109 1.92878e-20)
(1.09676 0.282668 -2.13837e-20)
(1.14674 0.498289 -5.08913e-20)
(1.16342 0.495625 1.90701e-19)
(1.16427 0.48271 1.90688e-19)
(1.15732 0.464539 1.19417e-19)
(1.14748 0.444307 -9.90068e-20)
(1.13727 0.423745 -6.16959e-20)
(1.12776 0.403638 -6.81989e-21)
(1.11931 0.38428 -1.46107e-19)
(1.11192 0.365739 -7.03581e-20)
(1.10554 0.348008 7.4039e-20)
(1.10005 0.33106 2.87256e-20)
(1.09539 0.31486 6.05029e-20)
(1.0915 0.299375 -6.60732e-20)
(1.08831 0.284582 7.50151e-20)
(1.08579 0.270466 -3.08239e-20)
(1.09834 0.502536 -7.14301e-20)
(1.13791 0.513511 8.35751e-20)
(1.15199 0.50805 -5.97426e-20)
(1.15154 0.492887 -1.79479e-20)
(1.1442 0.473002 -1.08783e-19)
(1.13452 0.451466 1.93132e-19)
(1.12474 0.429873 1.1846e-19)
(1.11576 0.408916 1.1565e-19)
(1.10785 0.388827 -5.20352e-20)
(1.101 0.369648 8.25347e-20)
(1.09513 0.351356 -8.94562e-20)
(1.09013 0.333912 -7.41012e-20)
(1.08592 0.317273 6.00827e-20)
(1.08245 0.301402 4.40804e-21)
(1.07967 0.286269 -3.11225e-20)
(1.07753 0.271856 4.53519e-20)
(0.894915 0.426059 -2.34811e-19)
(1.01823 0.488256 2.19249e-19)
(1.09144 0.52009 2.29446e-20)
(1.12737 0.527983 -2.61477e-20)
(1.13924 0.519801 -3.40221e-19)
(1.13779 0.502481 6.84692e-20)
(1.1303 0.480965 2.94395e-20)
(1.12093 0.458185 -9.06686e-21)
(1.11168 0.435604 -6.18771e-20)
(1.10331 0.413825 3.5378e-20)
(1.09601 0.39303 5.53987e-20)
(1.08974 0.373234 -1.60407e-20)
(1.08441 0.354398 2.73247e-20)
(1.07993 0.336475 3.23342e-20)
(1.07621 0.319415 -5.6649e-20)
(1.07319 0.303173 -1.28112e-20)
(1.07084 0.287715 1.08392e-20)
(1.0691 0.273018 -4.85715e-20)
(0.478457 0.225355 2.67523e-19)
(0.718009 0.352123 -1.57512e-19)
(0.89563 0.44746 2.72221e-19)
(1.01387 0.507889 -3.4381e-19)
(1.08254 0.536808 4.19736e-21)
(1.11522 0.541652 -4.23295e-20)
(1.12523 0.530835 1.72309e-19)
(1.12308 0.511457 1.17363e-20)
(1.11564 0.488391 -2.06213e-19)
(1.10673 0.464428 7.18828e-20)
(1.09812 0.440902 -7.56189e-20)
(1.09042 0.418335 -7.34907e-21)
(1.08378 0.39686 1.53341e-19)
(1.07814 0.376469 -1.20413e-19)
(1.0734 0.357112 7.13792e-21)
(1.06948 0.33873 -3.0374e-21)
(1.06627 0.321267 3.5553e-20)
(1.06374 0.304672 -6.18429e-22)
(1.06183 0.288906 -2.08885e-20)
(1.06052 0.27394 1.22545e-20)
(0.183363 0.0877615 2.01977e-19)
(0.483465 0.241495 3.17142e-20)
(0.720833 0.372435 9.57162e-21)
(0.894032 0.468184 -1.01432e-19)
(1.00731 0.526664 1.1221e-20)
(1.07175 0.55262 1.58356e-19)
(1.10155 0.554465 8.52765e-20)
(1.11006 0.541109 1.12759e-19)
(1.10747 0.519774 3.32916e-20)
(1.10028 0.495241 1.52053e-19)
(1.09196 0.470157 -1.33491e-19)
(1.08406 0.445735 6.63736e-20)
(1.0771 0.422414 -6.63505e-21)
(1.07118 0.400288 -5.08082e-20)
(1.06621 0.37933 9.30021e-20)
(1.06211 0.359475 -1.25839e-20)
(1.05877 0.340657 1.95445e-20)
(1.05612 0.322812 1.83654e-20)
(1.05409 0.305884 -9.68644e-21)
(1.05266 0.289828 -2.74497e-20)
(1.05179 0.27461 2.32627e-20)
(1.05146 0.260134 1.97691e-21)
(0.186123 0.0948089 -3.23674e-19)
(0.486931 0.257462 -3.11263e-19)
(0.721572 0.392243 5.14053e-22)
(0.890187 0.488119 1.73329e-20)
(0.998645 0.544489 -2.88638e-20)
(1.05917 0.567458 -9.83509e-20)
(1.08646 0.56637 -2.40104e-19)
(1.09379 0.550583 1.36937e-20)
(1.09103 0.527394 -3.51999e-21)
(1.08425 0.50148 -6.84194e-20)
(1.07664 0.475339 3.46218e-20)
(1.06954 0.450067 -1.34681e-19)
(1.06339 0.426031 -7.16021e-20)
(1.05822 0.403288 1.6534e-20)
(1.05398 0.38179 1.12613e-20)
(1.05055 0.361464 -4.83021e-20)
(1.04784 0.342235 -1.6978e-21)
(1.04576 0.324033 -1.54567e-20)
(1.04427 0.306793 1.40573e-20)
(1.04333 0.290468 2.90392e-20)
(1.04292 0.275015 -9.55758e-21)
(1.04304 0.260335 4.81395e-21)
(0.188248 0.101837 2.30853e-19)
(0.488847 0.27315 1.62369e-19)
(0.720258 0.411428 -9.8281e-20)
(0.884168 0.507155 3.29093e-19)
(0.987974 0.561279 2.62375e-19)
(1.04492 0.581257 1.964e-19)
(1.07004 0.577319 3.05053e-20)
(1.07651 0.559211 -1.3003e-19)
(1.07379 0.534277 -6.3338e-21)
(1.0676 0.50707 6.39283e-20)
(1.0608 0.479938 -6.2036e-20)
(1.05458 0.453866 1.0465e-19)
(1.04929 0.429156 8.1265e-20)
(1.04494 0.405831 7.05992e-21)
(1.04146 0.383827 5.9919e-21)
(1.03874 0.36306 -8.00655e-21)
(1.03668 0.343447 -3.31873e-20)
(1.03522 0.324912 -6.24668e-22)
(1.03429 0.307385 -9.52862e-21)
(1.03386 0.290812 2.60199e-21)
(1.03393 0.275145 -3.22371e-21)
(1.0345 0.260279 -3.32958e-21)
(0.189725 0.108797 1.66657e-19)
(0.489218 0.288454 -2.06737e-19)
(0.716934 0.42987 -8.50994e-20)
(0.876057 0.525186 -5.28192e-20)
(0.975403 0.576952 -3.09069e-20)
(1.02909 0.593958 -2.1201e-19)
(1.05239 0.587264 -3.75642e-20)
(1.05828 0.566955 1.47036e-19)
(1.05583 0.540386 -9.3448e-20)
(1.05036 0.511974 -3.66153e-20)
(1.04448 0.48392 -1.37151e-20)
(1.03921 0.457101 1.78133e-20)
(1.03483 0.43176 -1.13372e-19)
(1.03135 0.407892 -1.69935e-20)
(1.02867 0.385416 1.35762e-20)
(1.02669 0.36424 -1.50258e-20)
(1.02533 0.344274 1.06496e-20)
(1.0245 0.325434 -1.42276e-21)
(1.02416 0.307645 8.36957e-21)
(1.02427 0.290848 -8.4861e-21)
(1.02482 0.274988 1.76758e-20)
(1.02587 0.259957 2.42958e-20)
(1.02731 0.245747 -1.29141e-20)
(0.190549 0.11564 -1.8896e-19)
(0.488059 0.303273 1.61081e-19)
(0.711656 0.447459 1.26809e-19)
(0.865949 0.542115 -2.21533e-19)
(0.961046 0.59143 -7.05863e-20)
(1.01179 0.605499 2.97695e-19)
(1.0336 0.596159 5.3167e-20)
(1.03918 0.573774 3.41541e-20)
(1.03719 0.545683 -9.32798e-20)
(1.03258 0.516157 2.28352e-20)
(1.02771 0.48725 2.31862e-20)
(1.02345 0.45974 4.67098e-20)
(1.02005 0.433816 1.01178e-20)
(1.01747 0.409446 -8.51374e-21)
(1.01562 0.386537 -2.12204e-20)
(1.01443 0.364986 6.16885e-21)
(1.01378 0.344698 -5.60955e-21)
(1.01363 0.325582 -5.13765e-21)
(1.0139 0.307559 -5.78383e-21)
(1.01456 0.290563 1.13444e-20)
(1.01563 0.274534 -1.89647e-20)
(1.01715 0.259359 2.52247e-20)
(1.01905 0.245048 -1.02679e-20)
(0.190717 0.122321 -1.52779e-19)
(0.485394 0.317509 2.88464e-20)
(0.704492 0.464085 1.85219e-19)
(0.853949 0.55785 2.70288e-19)
(0.945017 0.60465 -2.98493e-19)
(0.993121 0.615823 -2.31933e-19)
(1.01375 0.603957 -2.73509e-20)
(1.01928 0.579629 -7.77329e-20)
(1.01793 0.550132 3.11863e-20)
(1.0143 0.519585 -6.86203e-20)
(1.01051 0.489897 -3.31192e-20)
(1.00734 0.461755 -3.5344e-20)
(1.00495 0.435298 1.42827e-20)
(1.00332 0.41047 1.27192e-20)
(1.00235 0.387167 8.56938e-21)
(1.00197 0.365279 8.60697e-21)
(1.00208 0.344703 -8.7027e-22)
(1.00261 0.325343 2.09884e-22)
(1.00352 0.307114 -7.94893e-21)
(1.00476 0.289947 1.67945e-20)
(1.00635 0.273773 2.91484e-20)
(1.00835 0.258479 -1.29829e-20)
(1.01072 0.244085 -2.54596e-20)
(0.190232 0.128792 1.81619e-20)
(0.481256 0.331066 6.91808e-20)
(0.69552 0.479641 -6.63962e-20)
(0.840165 0.5723 -4.74845e-20)
(0.927405 0.616539 5.05802e-20)
(0.97319 0.624893 8.16147e-20)
(0.992945 0.610613 9.141e-21)
(0.998645 0.584481 7.20671e-20)
(0.998101 0.553698 6.40896e-20)
(0.995564 0.522223 5.99189e-20)
(0.992941 0.491829 2.28272e-20)
(0.990899 0.463116 1.83516e-20)
(0.989577 0.436179 8.41461e-21)
(0.988932 0.410941 -4.66658e-23)
(0.988881 0.387288 6.81389e-22)
(0.989337 0.365101 -1.63423e-20)
(0.990225 0.344272 3.50065e-21)
(0.991478 0.324701 -1.58554e-20)
(0.993043 0.306298 6.00698e-20)
(0.994886 0.288987 -3.50194e-20)
(0.997013 0.272695 -2.79294e-20)
(0.999505 0.257307 -8.40418e-20)
(1.00232 0.242854 9.03202e-20)
(1.00487 0.229923 -2.17544e-20)
(0.189101 0.135012 6.51678e-20)
(0.475691 0.343855 -7.3915e-20)
(0.684833 0.494034 -1.30424e-19)
(0.824681 0.585385 -3.09308e-19)
(0.908324 0.627028 3.29147e-20)
(0.952125 0.632653 -7.28521e-21)
(0.971273 0.616098 1.00798e-19)
(0.977359 0.588299 -1.90042e-20)
(0.977766 0.556349 3.14598e-20)
(0.976418 0.524043 1.44644e-20)
(0.975028 0.493019 -1.51335e-21)
(0.974171 0.463798 5.52917e-21)
(0.973956 0.436436 -8.25803e-21)
(0.974334 0.410839 -1.10271e-21)
(0.975228 0.38688 -1.35842e-20)
(0.976556 0.364436 -1.28645e-20)
(0.978247 0.343393 1.37308e-20)
(0.980241 0.323645 4.73407e-20)
(0.982486 0.305099 -4.51847e-21)
(0.984948 0.287674 1.96506e-20)
(0.987632 0.271291 -1.59437e-20)
(0.990622 0.255838 1.06166e-19)
(0.993887 0.241346 -9.75019e-20)
(0.996912 0.22839 1.79574e-20)
(0.187337 0.140937 5.3246e-20)
(0.468757 0.355789 -4.85414e-20)
(0.672531 0.50719 -5.82058e-20)
(0.807584 0.597013 5.72934e-20)
(0.887917 0.636066 -1.10637e-19)
(0.930021 0.639057 -1.00147e-19)
(0.948821 0.620374 -4.46332e-20)
(0.955488 0.591051 3.02394e-20)
(0.956979 0.558054 -1.52333e-20)
(0.956909 0.525013 2.56397e-20)
(0.956813 0.493438 -6.16669e-21)
(0.957189 0.463777 2.4621e-20)
(0.958119 0.436048 9.5209e-21)
(0.959554 0.410143 1.80827e-20)
(0.961421 0.385926 6.17754e-20)
(0.963647 0.363268 1.61005e-20)
(0.966166 0.34205 8.72173e-20)
(0.968922 0.322162 2.29046e-20)
(0.971867 0.303506 2.76552e-20)
(0.974966 0.285997 -4.24824e-20)
(0.978227 0.269551 9.65448e-20)
(0.981723 0.254062 8.08628e-21)
(0.985426 0.239555 2.24248e-20)
(0.988922 0.226572 -3.18208e-20)
(0.184953 0.146522 4.86396e-20)
(0.460517 0.366773 -1.42965e-19)
(0.658672 0.519017 2.6885e-19)
(0.78903 0.607154 2.43701e-19)
(0.866313 0.643591 1.56959e-19)
(0.906986 0.644067 -7.40631e-20)
(0.925679 0.623409 4.04164e-20)
(0.933104 0.592705 -2.41484e-20)
(0.935799 0.558786 -7.48839e-21)
(0.937085 0.525109 -1.22657e-20)
(0.938339 0.493064 -8.81313e-21)
(0.939989 0.463029 -4.27347e-20)
(0.942099 0.434995 1.16438e-20)
(0.944622 0.408836 -3.41169e-20)
(0.947489 0.384411 -3.09109e-20)
(0.950636 0.361584 -4.24098e-20)
(0.954003 0.340231 -6.74601e-20)
(0.957541 0.32024 -1.5769e-19)
(0.961204 0.301509 -1.1277e-19)
(0.964961 0.283947 -9.12569e-20)
(0.968818 0.267468 -5.47417e-20)
(0.97283 0.251974 -1.47737e-20)
(0.976957 0.237475 7.66937e-20)
(0.980905 0.224449 -6.60025e-20)
(0.985496 0.212185 -4.78666e-20)
(0.18196 0.151719 2.48662e-20)
(0.451032 0.376748 1.67376e-19)
(0.64335 0.529406 -2.58269e-19)
(0.769169 0.615737 -1.51794e-19)
(0.843622 0.649574 -1.05513e-19)
(0.883127 0.647652 2.79028e-21)
(0.901935 0.625174 -3.45882e-20)
(0.91028 0.593237 1.53577e-20)
(0.914285 0.558517 -1.10023e-20)
(0.916997 0.524304 -4.20814e-21)
(0.919648 0.491872 -3.02435e-20)
(0.92261 0.461536 1.76794e-20)
(0.925932 0.433259 4.24385e-20)
(0.929568 0.406904 2.60478e-20)
(0.93346 0.382321 -5.81289e-20)
(0.937548 0.359371 1.01228e-19)
(0.941783 0.337926 -5.23829e-20)
(0.946119 0.31787 2.82358e-20)
(0.950516 0.299097 9.30757e-20)
(0.954949 0.281514 7.79122e-20)
(0.959423 0.265033 -3.47022e-20)
(0.963965 0.249569 4.47681e-20)
(0.968502 0.235103 7.20839e-21)
(0.972889 0.222015 1.02979e-19)
(0.978207 0.20991 -1.47536e-19)
(0.178366 0.156455 -5.65802e-21)
(0.440405 0.385653 -8.16559e-21)
(0.626714 0.538323 1.39435e-19)
(0.748102 0.622693 -8.61164e-20)
(0.819962 0.653973 1.18483e-19)
(0.858549 0.649783 1.16434e-20)
(0.877679 0.625644 6.10302e-22)
(0.887088 0.592623 -6.89009e-21)
(0.892497 0.557227 3.9448e-24)
(0.896696 0.522579 -1.72593e-20)
(0.900786 0.489843 6.09874e-20)
(0.905092 0.459279 1.86303e-20)
(0.909652 0.430824 -3.75274e-20)
(0.914426 0.40433 -6.46742e-20)
(0.919362 0.379643 1.95898e-20)
(0.924411 0.356619 -1.25022e-20)
(0.929528 0.335125 -1.01223e-19)
(0.934677 0.315043 2.14697e-19)
(0.939823 0.296264 4.67177e-20)
(0.944948 0.27869 4.97969e-21)
(0.950059 0.262236 -1.17415e-19)
(0.955141 0.246837 -8.11564e-20)
(0.960089 0.232437 -2.29909e-20)
(0.964973 0.219281 -1.89934e-20)
(0.971166 0.207398 1.89204e-19)
(0.17424 0.160676 -1.61775e-20)
(0.428703 0.393376 -5.31817e-20)
(0.608868 0.545715 -5.8329e-20)
(0.725952 0.627979 1.08467e-19)
(0.795451 0.656753 1.1133e-20)
(0.833359 0.650434 -1.57402e-20)
(0.852999 0.624797 1.75318e-20)
(0.863601 0.590841 5.64778e-21)
(0.870495 0.554894 -4.45431e-20)
(0.876233 0.519914 -5.91377e-20)
(0.881799 0.486961 -6.39522e-20)
(0.887476 0.456243 -4.10156e-21)
(0.893297 0.427676 2.93184e-20)
(0.899229 0.401104 -7.01013e-20)
(0.905226 0.376367 -1.43622e-20)
(0.91125 0.353317 -9.3646e-20)
(0.917264 0.331819 2.03565e-19)
(0.923237 0.311751 9.13399e-20)
(0.929142 0.293003 3.07917e-20)
(0.934973 0.275468 -4.79691e-20)
(0.940733 0.259068 -4.86617e-21)
(0.946359 0.243757 4.66038e-20)
(0.951757 0.229436 3.07456e-21)
(0.957337 0.21621 1.28261e-19)
(0.964616 0.204738 1.12682e-19)
(0.169639 0.164402 -5.48216e-20)
(0.415989 0.399865 8.49651e-20)
(0.589925 0.551513 6.14014e-20)
(0.702845 0.631556 -3.17058e-20)
(0.770212 0.657887 1.82186e-20)
(0.807662 0.649585 4.84696e-21)
(0.827983 0.622615 3.18253e-20)
(0.839892 0.587875 1.79359e-20)
(0.848342 0.551502 3.88404e-20)
(0.855662 0.516293 1.28616e-19)
(0.862733 0.483209 1.18236e-19)
(0.869805 0.452414 6.36132e-20)
(0.876906 0.423805 1.52062e-20)
(0.884011 0.397216 9.21809e-21)
(0.891084 0.372485 7.02921e-20)
(0.898095 0.34946 5.46242e-20)
(0.905016 0.328003 -4.52806e-20)
(0.911822 0.307991 -3.24997e-19)
(0.918495 0.289308 2.38533e-20)
(0.925039 0.271845 4.86492e-20)
(0.931448 0.255524 5.53881e-20)
(0.937616 0.240312 7.45417e-20)
(0.94355 0.226036 8.67836e-21)
(0.950079 0.212589 -3.85934e-19)
(0.958237 0.201728 7.00572e-20)
(0.164573 0.1676 -2.10272e-20)
(0.402355 0.405084 -3.79767e-20)
(0.570009 0.555669 -6.00497e-20)
(0.678911 0.633392 6.62327e-21)
(0.744366 0.657352 -1.78111e-20)
(0.781564 0.64722 -2.70164e-20)
(0.802718 0.619085 -3.08984e-20)
(0.816034 0.583711 -2.69444e-20)
(0.8261 0.547037 -8.46784e-20)
(0.835037 0.511703 1.90185e-20)
(0.843637 0.478578 -1.15378e-19)
(0.85212 0.447783 -8.46251e-20)
(0.860516 0.4192 1.14202e-20)
(0.868807 0.392658 -6.37082e-20)
(0.876967 0.367989 7.55089e-20)
(0.884974 0.345041 -3.32383e-20)
(0.892808 0.323672 -7.35923e-21)
(0.900454 0.303757 2.00668e-19)
(0.907901 0.285177 -1.62559e-19)
(0.91516 0.26782 5.88749e-20)
(0.92221 0.25161 1.2111e-19)
(0.928925 0.236518 -7.57845e-20)
(0.935489 0.222281 2.05344e-19)
(0.94307 0.208326 2.44097e-19)
(0.950826 0.196325 3.92703e-20)
(0.159068 0.170236 -3.88145e-20)
(0.387901 0.408996 3.02597e-20)
(0.549243 0.558145 1.80866e-21)
(0.65428 0.633461 2.31498e-20)
(0.718033 0.655133 1.12117e-20)
(0.755168 0.643329 3.78274e-20)
(0.777293 0.614197 7.30063e-21)
(0.792101 0.57834 -2.12421e-20)
(0.803831 0.541491 5.94384e-20)
(0.814413 0.506134 1.1152e-19)
(0.824559 0.473057 9.22218e-20)
(0.834467 0.442341 -5.04866e-21)
(0.844168 0.413855 4.32538e-20)
(0.853653 0.387423 6.43155e-20)
(0.862906 0.362875 -9.84341e-21)
(0.871915 0.340056 -3.27764e-20)
(0.880669 0.318822 7.573e-20)
(0.889158 0.299047 1.13141e-19)
(0.897382 0.280609 1.91637e-19)
(0.905354 0.263395 -2.01411e-19)
(0.91304 0.247332 -1.27213e-19)
(0.92033 0.232391 2.44261e-20)
(0.927558 0.218296 2.3685e-20)
(0.935781 0.204473 -1.13073e-19)
(0.942816 0.19255 -1.07189e-19)
(0.153163 0.172282 2.69532e-21)
(0.372724 0.411562 -2.46048e-20)
(0.527751 0.558912 -3.50785e-20)
(0.629079 0.631744 -5.35504e-20)
(0.691332 0.65122 1.72109e-20)
(0.728578 0.637905 1.42512e-20)
(0.751795 0.607946 1.69251e-20)
(0.768166 0.571755 -9.76418e-20)
(0.781597 0.534854 1.83278e-19)
(0.793845 0.499581 -1.20454e-19)
(0.805549 0.46664 -2.97279e-19)
(0.81689 0.436084 4.88775e-20)
(0.827902 0.407766 -2.65196e-19)
(0.838586 0.381509 1.531e-20)
(0.848936 0.35714 1.42634e-19)
(0.85895 0.334502 1.56315e-19)
(0.868624 0.313453 -4.82983e-19)
(0.877957 0.293861 -9.47546e-21)
(0.886957 0.275605 -3.42031e-19)
(0.89564 0.258569 1.1191e-20)
(0.903965 0.242682 4.28855e-20)
(0.911856 0.227903 -2.01405e-19)
(0.919721 0.213923 -1.24272e-19)
(0.928361 0.200149 -1.92691e-20)
(0.935134 0.188148 -2.22924e-19)
(0.146901 0.173716 -4.79758e-21)
(0.356923 0.412751 6.91818e-20)
(0.505657 0.557947 5.5437e-20)
(0.603438 0.62823 3.81288e-20)
(0.664381 0.645609 -1.46439e-19)
(0.701895 0.630946 2.22801e-20)
(0.726309 0.60033 1.75069e-20)
(0.744301 0.563954 1.31285e-20)
(0.759464 0.527126 -1.45201e-19)
(0.77339 0.492039 -2.44968e-19)
(0.786657 0.459326 1.18157e-19)
(0.799433 0.429008 -1.63088e-19)
(0.811758 0.400931 1.96741e-19)
(0.823642 0.374914 1.45627e-19)
(0.83509 0.350783 -1.33155e-19)
(0.846107 0.328381 -3.7408e-21)
(0.8567 0.307563 3.63351e-19)
(0.866876 0.288199 -2.72002e-20)
(0.87665 0.270165 7.02017e-20)
(0.886038 0.253346 3.93367e-20)
(0.895002 0.23767 5.30987e-21)
(0.9035 0.223087 9.26733e-20)
(0.911956 0.209278 1.03774e-19)
(0.920954 0.195698 -1.69094e-19)
(0.927777 0.183889 5.9666e-20)
(0.140327 0.174518 1.58641e-21)
(0.340599 0.412538 3.92277e-20)
(0.483087 0.555236 5.43988e-20)
(0.577484 0.622915 2.67214e-20)
(0.637297 0.638301 1.0658e-19)
(0.675221 0.622458 5.81509e-20)
(0.70092 0.591352 8.94042e-20)
(0.720581 0.554938 -5.11939e-21)
(0.737493 0.518305 1.49501e-19)
(0.753102 0.483509 -1.3448e-19)
(0.767933 0.451113 3.72822e-19)
(0.782142 0.421114 6.35332e-20)
(0.795777 0.39335 -1.82254e-19)
(0.808858 0.367638 -2.2306e-19)
(0.821399 0.343805 1.06689e-19)
(0.833417 0.321692 -1.40272e-19)
(0.844926 0.301155 -2.65624e-19)
(0.855941 0.282063 1.85781e-19)
(0.866482 0.264291 3.59743e-20)
(0.876571 0.247726 1.7914e-19)
(0.886173 0.232295 -5.97416e-20)
(0.895273 0.217936 -4.9694e-20)
(0.90428 0.20433 2.69968e-19)
(0.913632 0.190993 1.93565e-19)
(0.920675 0.17944 -2.14432e-21)
(0.133489 0.174674 -4.43212e-20)
(0.323852 0.410906 -9.87006e-20)
(0.460165 0.550771 -6.69931e-20)
(0.551343 0.615802 -6.80705e-21)
(0.610195 0.629306 -2.85122e-20)
(0.648655 0.612449 -1.02194e-19)
(0.675714 0.581021 -5.69931e-20)
(0.697076 0.544712 -6.04525e-20)
(0.715747 0.508396 -7.61494e-20)
(0.733039 0.473993 2.03494e-19)
(0.749427 0.442005 -1.85699e-19)
(0.765063 0.412405 1.47357e-19)
(0.780001 0.385027 3.25549e-19)
(0.794271 0.359686 1.44736e-19)
(0.807899 0.336209 -2.13983e-19)
(0.820911 0.314439 8.77168e-20)
(0.833328 0.294232 6.60389e-20)
(0.845174 0.275456 1.96281e-20)
(0.856477 0.257988 2.99343e-19)
(0.86726 0.241715 -2.13523e-19)
(0.877497 0.226562 -1.70585e-19)
(0.887189 0.212462 -4.15976e-20)
(0.896727 0.199102 -1.76529e-19)
(0.906449 0.186062 -1.76674e-19)
(0.913804 0.174789 3.22104e-19)
(0.126432 0.174172 4.08897e-20)
(0.306786 0.407844 -8.7565e-21)
(0.437017 0.544553 -1.00559e-19)
(0.525141 0.6069 -1.72924e-19)
(0.583187 0.618636 -1.42467e-19)
(0.622294 0.600932 2.10908e-19)
(0.650772 0.569346 1.65275e-19)
(0.673858 0.533287 1.53542e-19)
(0.69429 0.497407 3.30903e-20)
(0.713255 0.463499 1.53894e-19)
(0.731189 0.432007 -1.33678e-19)
(0.74824 0.402887 -2.64945e-19)
(0.764469 0.375966 -3.91324e-19)
(0.779918 0.351061 -2.64358e-19)
(0.794623 0.328001 2.99865e-19)
(0.808618 0.306627 -1.995e-19)
(0.821934 0.286799 -1.53505e-19)
(0.834603 0.268384 1.09403e-19)
(0.846658 0.25126 7.43915e-20)
(0.858126 0.235316 -4.88811e-20)
(0.868991 0.220477 4.86359e-20)
(0.879265 0.206667 1.03692e-19)
(0.88932 0.193591 1.15753e-20)
(0.899427 0.180886 -7.71865e-20)
(0.907147 0.169907 -3.71242e-19)
(0.119204 0.173003 -1.40868e-19)
(0.289503 0.403348 4.01498e-20)
(0.413765 0.536589 -6.79563e-20)
(0.499 0.596225 4.63845e-20)
(0.556385 0.606311 2.0699e-19)
(0.596234 0.587926 -2.18732e-19)
(0.626177 0.556345 -5.83138e-20)
(0.650999 0.520676 -4.06768e-19)
(0.673183 0.485349 -6.55691e-20)
(0.693807 0.452037 3.1149e-19)
(0.713269 0.42113 -1.7279e-19)
(0.731718 0.392568 2.80589e-19)
(0.749223 0.366176 3.38668e-19)
(0.765836 0.341772 7.1927e-20)
(0.781603 0.319186 2.02774e-19)
(0.796569 0.298263 -1.88475e-21)
(0.810772 0.278861 2.82096e-19)
(0.824251 0.260851 -2.18735e-19)
(0.837047 0.244112 -3.43507e-19)
(0.849191 0.228535 -1.54872e-19)
(0.860674 0.214043 -5.31415e-20)
(0.87152 0.200557 2.47781e-20)
(0.882083 0.1878 1.35593e-19)
(0.892584 0.175461 1.37373e-19)
(0.900703 0.164786 3.40618e-19)
(0.111855 0.171164 3.40274e-20)
(0.272104 0.397423 2.0916e-19)
(0.390531 0.526896 1.06529e-19)
(0.473039 0.583799 1.83965e-19)
(0.529897 0.592355 -1.60314e-19)
(0.570567 0.573455 -7.01725e-20)
(0.602009 0.542038 -1.66507e-19)
(0.628567 0.506894 1.16542e-19)
(0.652488 0.472237 -9.42717e-20)
(0.674748 0.439619 -4.23906e-19)
(0.695717 0.409384 -5.82483e-20)
(0.715542 0.381459 -2.89615e-19)
(0.734303 0.355667 7.74134e-20)
(0.752061 0.331828 1.136e-19)
(0.768874 0.309775 -2.4356e-19)
(0.784794 0.289355 -8.74656e-22)
(0.799869 0.270428 -1.58237e-19)
(0.814144 0.252866 -1.05611e-19)
(0.827668 0.236552 1.45403e-19)
(0.840476 0.221377 1.77153e-19)
(0.852566 0.207266 1.98049e-19)
(0.863972 0.194137 -1.76055e-19)
(0.875034 0.181732 -1.73339e-19)
(0.885932 0.169783 6.86536e-20)
(0.894471 0.159421 -2.82819e-19)
(0.104433 0.168654 1.42239e-19)
(0.254692 0.390079 -3.19008e-19)
(0.367435 0.515494 -1.692e-19)
(0.447377 0.569652 1.34883e-19)
(0.503828 0.5768 4.35746e-20)
(0.545385 0.557546 2.80586e-19)
(0.578345 0.526448 -7.28447e-20)
(0.60663 0.491965 -6.38052e-20)
(0.632266 0.458089 3.29909e-21)
(0.656134 0.426262 1.01408e-19)
(0.678582 0.396786 4.48283e-19)
(0.699757 0.369574 -1.8831e-19)
(0.719748 0.344451 7.24123e-21)
(0.738629 0.321241 2.74814e-19)
(0.756467 0.299778 -4.78355e-19)
(0.773322 0.279912 4.7103e-20)
(0.78925 0.261507 1.63231e-20)
(0.804306 0.244438 -1.48691e-19)
(0.818541 0.228587 2.16599e-19)
(0.831999 0.213851 -1.061e-19)
(0.844685 0.200153 1.78488e-19)
(0.85664 0.187412 1.85866e-19)
(0.86819 0.17539 1.34423e-19)
(0.879484 0.163852 7.02438e-20)
(0.888455 0.153813 -9.31487e-20)
(0.0969853 0.165477 7.16893e-20)
(0.237365 0.381332 -9.48768e-21)
(0.344594 0.502412 -1.16232e-21)
(0.422128 0.553819 -5.75377e-20)
(0.478279 0.55968 1.33098e-19)
(0.520777 0.540232 -4.01964e-19)
(0.555263 0.509606 2.52286e-19)
(0.585256 0.475911 2.30025e-19)
(0.612574 0.442927 2.04652e-19)
(0.638017 0.411986 -2.40575e-19)
(0.66191 0.383352 -4.54585e-19)
(0.684404 0.356929 4.00228e-19)
(0.705599 0.332545 -3.81551e-19)
(0.725577 0.310024 2.61852e-21)
(0.744414 0.289208 1.02525e-20)
(0.762182 0.269948 -4.87545e-20)
(0.778944 0.252111 4.15873e-19)
(0.794761 0.235575 2.34096e-19)
(0.809691 0.220227 1.45227e-19)
(0.823783 0.205964 -1.51806e-20)
(0.837049 0.192712 -3.01832e-19)
(0.849539 0.180389 -5.82493e-20)
(0.861567 0.168777 -1.49145e-19)
(0.873251 0.157669 -2.97319e-19)
(0.882662 0.147966 -2.81434e-20)
(0.0895611 0.161638 -1.72288e-19)
(0.220223 0.371207 6.62033e-20)
(0.322121 0.487688 1.37709e-19)
(0.397402 0.536341 -1.02393e-19)
(0.453352 0.541037 3.79976e-19)
(0.496828 0.521551 2.0378e-19)
(0.532836 0.491542 -5.77701e-20)
(0.564508 0.458763 5.77663e-20)
(0.593471 0.426776 -1.59623e-19)
(0.620449 0.396813 3.8437e-19)
(0.645749 0.369103 2.60018e-19)
(0.669527 0.343543 1.52352e-19)
(0.691892 0.319964 5.07077e-19)
(0.712937 0.298194 -3.71995e-19)
(0.732748 0.278079 1.47902e-19)
(0.751403 0.259474 -4.3556e-19)
(0.768975 0.242251 -2.52793e-19)
(0.785531 0.22629 -5.66066e-20)
(0.801137 0.211481 -4.60443e-19)
(0.815845 0.197726 4.00925e-19)
(0.829675 0.18495 -2.10263e-19)
(0.842687 0.173074 1.75249e-19)
(0.855178 0.161899 -3.69774e-20)
(0.867245 0.151239 1.9589e-19)
(0.877097 0.141886 -9.97911e-21)
(0.0822075 0.157148 -1.00583e-19)
(0.20336 0.359733 6.04895e-20)
(0.300129 0.471363 -2.06852e-19)
(0.373306 0.517266 1.5706e-19)
(0.42914 0.520916 -2.34829e-19)
(0.473621 0.501543 -1.32562e-19)
(0.511136 0.472294 -7.20985e-20)
(0.544451 0.440551 1.02774e-19)
(0.575013 0.409664 -3.33525e-19)
(0.60348 0.38077 -8.61015e-20)
(0.630145 0.354063 2.49067e-20)
(0.655167 0.329438 -7.06333e-19)
(0.678666 0.306728 3.23116e-19)
(0.700745 0.285768 -7.93231e-20)
(0.721498 0.266407 8.36347e-21)
(0.741013 0.248507 1.03974e-19)
(0.759369 0.231941 -2.87275e-20)
(0.776641 0.216595 2.85803e-20)
(0.7929 0.202362 1.8437e-19)
(0.808205 0.189148 -1.29652e-21)
(0.822582 0.176878 -2.93933e-21)
(0.836099 0.165477 4.85592e-21)
(0.849037 0.154762 3.78423e-19)
(0.861476 0.144568 -1.40425e-19)
(0.871768 0.135581 6.17073e-20)
(0.0749712 0.15202 1.07675e-19)
(0.18687 0.346946 -1.51977e-19)
(0.278723 0.453486 2.86891e-19)
(0.349945 0.496645 -2.16743e-19)
(0.405736 0.499368 2.48396e-19)
(0.451236 0.480254 2.54802e-19)
(0.490233 0.451902 1.73205e-19)
(0.525145 0.421313 -1.63319e-20)
(0.557255 0.391625 9.38965e-21)
(0.58716 0.363885 -6.62042e-20)
(0.615141 0.338258 2.02164e-19)
(0.641364 0.314638 1.89798e-19)
(0.665957 0.29286 -1.19039e-19)
(0.689032 0.272767 3.21173e-19)
(0.710694 0.254212 -7.43112e-20)
(0.731038 0.237062 3.83199e-19)
(0.75015 0.221197 1.79645e-19)
(0.768113 0.206504 3.87067e-20)
(0.785001 0.192882 -2.31512e-20)
(0.800881 0.18024 -2.12352e-19)
(0.815786 0.168505 2.51815e-19)
(0.829789 0.157605 -1.64876e-19)
(0.843157 0.147375 -1.946e-19)
(0.855957 0.137663 1.79278e-20)
(0.866683 0.129058 1.43763e-19)
(0.0678976 0.146272 -2.27613e-20)
(0.170843 0.332888 2.65179e-19)
(0.258007 0.434112 -1.11014e-19)
(0.327417 0.474537 -6.35419e-20)
(0.383229 0.476448 -1.06699e-19)
(0.42975 0.457735 -2.79655e-19)
(0.470192 0.43041 1.62946e-19)
(0.506649 0.401085 4.26042e-19)
(0.540249 0.372692 3.58179e-19)
(0.571536 0.346189 3.52974e-20)
(0.600781 0.321717 2.37867e-19)
(0.628156 0.299168 -2.60756e-19)
(0.653799 0.278384 -4.9062e-19)
(0.677831 0.259212 -2.73262e-19)
(0.700366 0.241513 1.08346e-20)
(0.721504 0.225159 2.14339e-19)
(0.741342 0.210034 2.1687e-19)
(0.759966 0.196032 5.02074e-21)
(0.777459 0.183055 1.76883e-19)
(0.79389 0.171016 -1.16594e-19)
(0.809301 0.159844 -2.09994e-19)
(0.823771 0.14947 -1.86411e-19)
(0.837552 0.139746 5.08429e-20)
(0.850697 0.130533 4.50136e-20)
(0.86185 0.122327 -1.32965e-19)
(0.0610307 0.139923 -3.7481e-19)
(0.155366 0.317606 9.23792e-20)
(0.23808 0.413301 2.18295e-20)
(0.305817 0.451005 2.77249e-19)
(0.361703 0.452216 -2.50094e-19)
(0.409235 0.434039 3.99254e-19)
(0.451078 0.407865 -2.71266e-19)
(0.489019 0.379912 -1.84514e-19)
(0.524045 0.352904 -4.9904e-19)
(0.556652 0.327717 7.00885e-20)
(0.587105 0.304471 -9.53985e-20)
(0.615581 0.283057 -1.52198e-19)
(0.642227 0.263324 2.34808e-19)
(0.667173 0.245126 9.23338e-20)
(0.690539 0.228331 -3.47345e-20)
(0.712437 0.212817 -2.0235e-19)
(0.732967 0.198472 -2.88085e-19)
(0.752223 0.185196 -1.46453e-19)
(0.770292 0.172896 -2.78739e-19)
(0.78725 0.161488 1.18433e-19)
(0.803144 0.150906 -4.10702e-20)
(0.818059 0.141083 5.64286e-19)
(0.832232 0.131885 -3.50455e-19)
(0.845708 0.123186 -1.59591e-19)
(0.857276 0.115399 2.23894e-19)
(0.0544131 0.132997 4.38911e-20)
(0.140522 0.301152 -9.16654e-20)
(0.219036 0.391119 -2.53622e-19)
(0.285234 0.426117 6.67913e-20)
(0.341236 0.426735 -4.23526e-20)
(0.389761 0.409223 -8.68852e-20)
(0.432952 0.38432 2.01245e-19)
(0.472309 0.357839 -4.97871e-19)
(0.508692 0.332302 2.81838e-19)
(0.542554 0.308507 -2.38336e-19)
(0.574154 0.286554 -2.15193e-19)
(0.603675 0.266336 1.42541e-19)
(0.631272 0.247709 9.57744e-20)
(0.657085 0.230536 2.0054e-19)
(0.681242 0.21469 2.91663e-19)
(0.70386 0.200056 5.72611e-20)
(0.725047 0.186529 3.94789e-19)
(0.744903 0.174013 -1.64873e-19)
(0.763519 0.162421 1.62723e-19)
(0.780975 0.151673 -1.67138e-19)
(0.797329 0.141705 2.16388e-19)
(0.812666 0.132455 -2.37881e-19)
(0.827209 0.123804 8.49021e-20)
(0.841 0.115634 -6.0391e-20)
(0.852969 0.108282 -9.44799e-20)
(0.0480853 0.12552 2.82663e-19)
(0.12639 0.283585 -9.7792e-20)
(0.200963 0.367638 1.36981e-19)
(0.265753 0.399946 -5.45841e-21)
(0.321906 0.400075 2.99698e-19)
(0.371394 0.383349 -3.73512e-19)
(0.41587 0.359827 1.81247e-19)
(0.45657 0.334913 1.41314e-19)
(0.494235 0.310929 8.39048e-20)
(0.529281 0.288597 1.92442e-19)
(0.561963 0.268001 -1.22362e-19)
(0.59247 0.249037 4.14319e-19)
(0.620965 0.23157 -1.6949e-19)
(0.647596 0.215468 -1.12814e-19)
(0.672498 0.200614 -3.10719e-19)
(0.695796 0.1869 -2.19753e-19)
(0.717603 0.174226 -8.11125e-20)
(0.738023 0.162502 2.13856e-19)
(0.757155 0.151646 -3.36175e-20)
(0.775083 0.141584 3.27139e-19)
(0.791869 0.132255 -3.87051e-20)
(0.807605 0.123599 -1.59106e-19)
(0.822496 0.115513 -7.65914e-20)
(0.836582 0.107887 5.86171e-20)
(0.848937 0.10099 -3.38397e-20)
(0.0420861 0.117521 1.58905e-20)
(0.113045 0.264967 -1.60266e-19)
(0.183946 0.342933 1.65868e-19)
(0.247455 0.37257 -5.1639e-20)
(0.303782 0.372306 8.83876e-20)
(0.354194 0.356481 1.11323e-19)
(0.399887 0.334445 -2.55809e-19)
(0.441849 0.311186 -2.51996e-19)
(0.480717 0.288831 1.20592e-20)
(0.516873 0.268029 -2.70797e-19)
(0.550568 0.248851 3.23914e-19)
(0.581999 0.231196 -3.29282e-19)
(0.611335 0.214936 1.7125e-19)
(0.638732 0.199951 8.54474e-21)
(0.664332 0.18613 1.2711e-19)
(0.688266 0.173372 2.27627e-19)
(0.710653 0.161584 6.71106e-20)
(0.731603 0.150683 -2.70382e-19)
(0.751217 0.140591 -7.04715e-20)
(0.769586 0.131239 -1.104e-19)
(0.786777 0.12257 -1.33344e-20)
(0.802885 0.11453 4.8116e-20)
(0.818101 0.107026 1.2677e-19)
(0.832466 0.0999562 9.48946e-20)
(0.845186 0.0935321 9.75799e-20)
(0.0364519 0.109031 -1.87114e-19)
(0.100555 0.245365 1.34465e-20)
(0.168063 0.317085 -7.87007e-20)
(0.230413 0.344068 3.26015e-19)
(0.28693 0.343504 -1.57565e-19)
(0.33822 0.328686 2.05646e-19)
(0.385053 0.308233 2.36053e-19)
(0.428192 0.286713 1.10403e-21)
(0.468179 0.266057 -1.6362e-19)
(0.505366 0.246848 2.81897e-19)
(0.540003 0.229143 -3.17918e-19)
(0.572291 0.212847 1.42042e-19)
(0.602408 0.197842 2.35184e-20)
(0.630517 0.184015 2.90541e-19)
(0.656766 0.171265 -2.15415e-19)
(0.68129 0.159497 -1.71044e-19)
(0.704216 0.148626 -4.93975e-20)
(0.725657 0.138576 3.64296e-19)
(0.74572 0.129273 -2.96036e-19)
(0.764498 0.120655 1.61967e-19)
(0.782066 0.112668 -1.27991e-19)
(0.79852 0.105262 -2.23868e-20)
(0.814036 0.0983554 6.72363e-20)
(0.828658 0.091855 -7.16115e-20)
(0.841724 0.0859214 1.87359e-19)
(0.0312166 0.100085 1.90269e-19)
(0.0889873 0.224851 -7.01164e-20)
(0.153387 0.290179 5.00489e-20)
(0.214696 0.314526 -2.08273e-19)
(0.271412 0.313747 1.56498e-19)
(0.323525 0.300035 -3.06572e-19)
(0.371415 0.281254 1.85598e-19)
(0.415641 0.261549 1.43341e-19)
(0.456658 0.242658 -3.03744e-20)
(0.494794 0.2251 -1.70171e-19)
(0.530298 0.20892 5.3843e-19)
(0.563375 0.19403 -3.86252e-19)
(0.594211 0.180322 -2.96828e-19)
(0.622974 0.167692 -2.04334e-19)
(0.649819 0.156047 4.36362e-20)
(0.674888 0.145302 -1.32784e-19)
(0.698309 0.135377 1.21727e-19)
(0.720202 0.126203 -5.13754e-19)
(0.740677 0.117713 4.34383e-19)
(0.759831 0.10985 -2.2547e-20)
(0.777746 0.102563 -7.85066e-20)
(0.794518 0.0958085 1.85618e-19)
(0.810309 0.0895151 4.59695e-20)
(0.825169 0.083596 -5.31185e-20)
(0.838556 0.07817 -8.13408e-20)
(0.0264118 0.0907179 -2.11266e-19)
(0.0784007 0.203498 -1.20328e-19)
(0.139984 0.262303 -5.05014e-20)
(0.200368 0.284033 -3.38424e-19)
(0.257283 0.283118 -3.00353e-19)
(0.310158 0.270602 2.48126e-19)
(0.359015 0.253575 -3.40883e-19)
(0.404232 0.235754 7.99508e-21)
(0.446188 0.218688 9.48328e-20)
(0.485189 0.202833 9.83244e-21)
(0.52148 0.188226 -4.54213e-19)
(0.555275 0.174785 4.0045e-19)
(0.586765 0.162412 1.5149e-19)
(0.616124 0.151015 1.17833e-19)
(0.643512 0.140507 2.84161e-19)
(0.669075 0.130813 -7.2832e-21)
(0.692947 0.121861 1.54643e-19)
(0.715251 0.113587 3.43895e-19)
(0.736101 0.105932 -2.00143e-19)
(0.755598 0.0988426 1.72752e-19)
(0.773828 0.0922743 1.57375e-19)
(0.790888 0.0861868 -3.42972e-21)
(0.80693 0.0805194 -1.46053e-19)
(0.822005 0.0751927 4.80625e-21)
(0.835688 0.0702903 -9.91536e-20)
(0.0220663 0.0809696 -2.48057e-19)
(0.06885 0.181387 7.14436e-20)
(0.127914 0.233551 6.8346e-20)
(0.187485 0.25268 1.53712e-19)
(0.244595 0.251699 1.52561e-19)
(0.298162 0.240461 -1.79513e-20)
(0.347893 0.225261 2.18262e-19)
(0.394002 0.209388 3.7224e-20)
(0.436801 0.1942 4.6129e-21)
(0.476577 0.180096 6.17728e-20)
(0.513576 0.167104 -4.72385e-21)
(0.548016 0.155152 9.12142e-20)
(0.580093 0.14415 -6.62889e-20)
(0.609987 0.134017 -2.06308e-19)
(0.637861 0.124676 3.33463e-20)
(0.663868 0.116059 1.30727e-19)
(0.688144 0.108103 -1.28046e-19)
(0.710817 0.100751 5.80258e-20)
(0.732004 0.0939496 -1.87951e-19)
(0.751808 0.0876524 1.10781e-19)
(0.770321 0.0818185 -2.1626e-19)
(0.787641 0.0764126 -1.46829e-19)
(0.803905 0.0713833 -8.17107e-20)
(0.819175 0.0666589 3.76035e-20)
(0.833125 0.0622952 -6.92203e-20)
(0.0182058 0.0708798 1.16917e-21)
(0.060384 0.158598 3.14788e-20)
(0.117233 0.204017 -1.33512e-19)
(0.176099 0.220561 2.30733e-19)
(0.233392 0.219579 -1.42146e-19)
(0.287578 0.20969 -1.14681e-19)
(0.338084 0.196384 -9.44146e-20)
(0.384981 0.182513 -3.14769e-19)
(0.428525 0.169252 -2.13338e-19)
(0.468985 0.156942 -4.74457e-21)
(0.506609 0.145604 -3.12489e-20)
(0.541618 0.135173 -2.91181e-19)
(0.574213 0.125574 1.79012e-19)
(0.604578 0.116734 1.19373e-19)
(0.632883 0.108585 -1.52976e-19)
(0.659281 0.101069 -4.17858e-20)
(0.683914 0.0941306 -1.4256e-19)
(0.706913 0.0877191 -1.62484e-20)
(0.728396 0.0817892 1.03419e-19)
(0.748471 0.0762994 -2.96694e-19)
(0.767233 0.0712141 1.80593e-19)
(0.784782 0.0665028 6.48028e-20)
(0.801243 0.0621222 6.70842e-21)
(0.816683 0.0580091 9.78268e-20)
(0.830872 0.0541979 3.49249e-20)
(0.0148534 0.0604907 2.13775e-19)
(0.053046 0.135216 6.35854e-21)
(0.107988 0.173801 2.13467e-19)
(0.166256 0.187773 -1.71412e-19)
(0.223714 0.186846 1.25137e-19)
(0.278441 0.178371 1.32317e-20)
(0.329618 0.167014 1.20205e-19)
(0.377198 0.155194 1.98443e-19)
(0.421385 0.143902 6.51423e-20)
(0.462436 0.133422 3.66148e-20)
(0.500599 0.123771 6.05299e-20)
(0.536099 0.114894 1.462e-19)
(0.569141 0.106724 1.36337e-19)
(0.599914 0.0992012 -1.41259e-19)
(0.628589 0.092268 -3.12925e-20)
(0.655325 0.0858733 9.96996e-20)
(0.680267 0.0799703 1.21414e-19)
(0.703546 0.0745165 -5.21583e-20)
(0.725286 0.069473 -8.27721e-21)
(0.745595 0.0648044 -4.42016e-20)
(0.764573 0.0604801 -3.42224e-20)
(0.782318 0.0564744 3.65969e-20)
(0.798949 0.0527519 1.23147e-19)
(0.814537 0.049258 -5.11534e-20)
(0.828934 0.0460114 -5.09428e-20)
(0.012029 0.0498458 -5.51059e-20)
(0.0468734 0.111329 6.37611e-20)
(0.10022 0.143002 -1.56787e-19)
(0.157993 0.154416 -4.70463e-21)
(0.215597 0.153592 -8.35645e-20)
(0.27078 0.146583 4.44064e-20)
(0.322523 0.137225 7.18684e-20)
(0.370674 0.127497 1.04701e-20)
(0.415401 0.118209 -6.09923e-20)
(0.456948 0.109591 7.18924e-20)
(0.495564 0.101656 -9.61036e-20)
(0.531475 0.0943573 -5.84996e-20)
(0.564892 0.0876411 -1.73869e-19)
(0.596007 0.0814566 6.8535e-20)
(0.624993 0.0757575 3.49073e-20)
(0.652013 0.0705016 -1.30707e-19)
(0.677213 0.0656502 5.86809e-20)
(0.700728 0.0611684 -1.19541e-19)
(0.722682 0.0570241 1.80697e-19)
(0.743188 0.0531883 5.52075e-20)
(0.762346 0.0496356 2.82385e-20)
(0.780256 0.0463451 -1.32474e-19)
(0.797029 0.0432886 -3.49805e-20)
(0.81274 0.0404206 1.26047e-19)
(0.827313 0.0377493 9.61648e-20)
(0.00974917 0.0389898 -3.7669e-20)
(0.0418974 0.0870244 -2.9296e-20)
(0.0939643 0.111724 -2.27759e-20)
(0.151343 0.12059 2.77043e-20)
(0.209068 0.119908 6.51163e-20)
(0.264621 0.11441 -3.43084e-20)
(0.316819 0.10709 -7.93397e-20)
(0.365432 0.099489 -2.45581e-20)
(0.410593 0.0922344 4.41668e-20)
(0.452539 0.0855046 -3.12811e-21)
(0.491517 0.0793084 3.84426e-20)
(0.52776 0.0736095 1.6872e-19)
(0.561479 0.0683657 2.99947e-20)
(0.592868 0.0635374 -3.62324e-20)
(0.622104 0.0590883 -6.21243e-20)
(0.649352 0.0549853 -3.4152e-21)
(0.674759 0.0511985 -1.09732e-19)
(0.698464 0.0477004 -5.76235e-20)
(0.720591 0.044466 -1.13745e-19)
(0.741255 0.0414726 3.33499e-20)
(0.760558 0.0387003 -7.94606e-21)
(0.778601 0.0361328 -2.75773e-20)
(0.795487 0.0337488 -3.93243e-20)
(0.811298 0.0315122 -7.22696e-20)
(0.826012 0.0294252 -4.93108e-20)
(0.00802747 0.0279686 4.20557e-20)
(0.0381433 0.0623942 5.26807e-20)
(0.0892479 0.0800715 5.43894e-20)
(0.146333 0.0863985 -9.91004e-20)
(0.204151 0.0858887 5.87064e-20)
(0.259983 0.0819372 4.60837e-20)
(0.312526 0.0766863 3.9417e-20)
(0.361486 0.0712379 -9.69101e-20)
(0.406974 0.0660396 -1.60161e-21)
(0.44922 0.0612181 1.14227e-20)
(0.488472 0.0567791 1.45459e-22)
(0.524964 0.0526966 -6.24183e-20)
(0.55891 0.0489403 1.36755e-20)
(0.590506 0.0454817 9.72143e-21)
(0.619931 0.0422949 4.84258e-21)
(0.64735 0.0393562 8.54863e-20)
(0.672914 0.036644 -9.837e-21)
(0.696761 0.0341388 4.96681e-20)
(0.719018 0.0318226 4.33268e-21)
(0.7398 0.0296791 -4.0282e-20)
(0.759213 0.0276939 1.38253e-20)
(0.777356 0.0258557 8.00477e-20)
(0.794328 0.0241492 5.39755e-20)
(0.810214 0.0225485 2.60766e-20)
(0.825035 0.0210526 3.56055e-20)
(0.00687401 0.0168287 -1.59733e-20)
(0.03563 0.0375303 -3.30812e-20)
(0.086092 0.0481505 1.22725e-20)
(0.142982 0.0519442 5.49865e-20)
(0.200863 0.0516295 -2.31381e-20)
(0.256884 0.0492486 3.41333e-20)
(0.309656 0.0460892 -1.5829e-21)
(0.358849 0.0428126 6.03816e-21)
(0.404555 0.0396871 -1.33397e-20)
(0.447002 0.0367883 -2.01391e-20)
(0.486437 0.0341197 6.22448e-20)
(0.523096 0.0316654 2.20332e-20)
(0.557194 0.0294073 -3.55895e-20)
(0.588927 0.0273282 1.89654e-20)
(0.618478 0.0254126 1.38612e-21)
(0.646012 0.0236462 -2.34015e-20)
(0.671681 0.022016 3.52117e-20)
(0.695623 0.0205102 3.07686e-20)
(0.717967 0.0191181 -2.12046e-20)
(0.738829 0.0178298 5.41285e-20)
(0.758315 0.0166368 2.37587e-20)
(0.776524 0.0155321 -2.01341e-20)
(0.793553 0.0145067 -4.31569e-20)
(0.809489 0.013545 2.19981e-20)
(0.824382 0.0126455 -1.53889e-21)
(0.308219 0.015376 -7.14536e-21)
(0.357528 0.0142825 -1.20302e-20)
(0.403344 0.0132396 -4.63776e-21)
(0.445891 0.0122723 -4.32753e-21)
(0.485418 0.0113819 -1.51774e-20)
(0.522161 0.0105631 -1.91442e-20)
(0.556334 0.00980963 1.59353e-21)
(0.588137 0.00911596 1.30197e-20)
(0.617751 0.00847683 -9.81689e-22)
(0.645342 0.00788748 1.9287e-20)
(0.671063 0.0073436 -1.64446e-20)
(0.695054 0.00684123 -1.71092e-20)
(0.717441 0.0063768 9.78597e-21)
(0.738342 0.00594701 -2.46448e-20)
(0.757865 0.00554901 -3.90618e-22)
(0.776108 0.00518048 1.69841e-22)
(0.793166 0.00483846 4.52497e-21)
(0.809127 0.00451769 -6.79382e-21)
(0.824056 0.0042175 -1.1072e-20)
(0.979085 0.195361 1.32832e-20)
(0.972609 0.193925 5.9872e-21)
(0.97812 0.189529 -5.89391e-20)
(0.965862 0.193221 -8.1969e-20)
(0.971107 0.188518 5.1428e-20)
(0.956428 0.192452 0)
(0.952656 0.164882 0)
(0.948405 0.153496 0)
(0.948434 0.134651 0)
(0.947849 0.122022 0)
(0.949902 0.107068 0)
(0.951519 0.0954629 0)
(0.954783 0.0832928 0)
(0.957677 0.0733578 0)
(0.961554 0.0635243 0)
(0.965044 0.0553492 0)
(0.969075 0.0475125 0)
(0.972677 0.0409616 0)
(0.976529 0.0348009 0)
(0.979918 0.0296504 0)
(0.983369 0.0248624 0)
(0.986337 0.0208668 0)
(0.989252 0.0171696 0)
(0.991682 0.0140823 0)
(0.99399 0.0112218 0)
(0.995816 0.00881652 0)
(0.99747 0.00655651 0)
(0.998632 0.00460574 0)
(0.999564 0.00269303 0)
(0.999958 0.000920684 0)
(0.963581 0.186982 0)
(0.960278 0.162851 0)
(0.954967 0.152404 0)
(0.954208 0.13394 0)
(0.95282 0.121965 0)
(0.954194 0.107193 0)
(0.955156 0.0959337 0)
(0.957884 0.0838645 0)
(0.96026 0.0740844 0)
(0.963728 0.0642775 0)
(0.966827 0.0561448 0)
(0.970555 0.0482818 0)
(0.97387 0.0417105 0)
(0.977503 0.0354934 0)
(0.980687 0.0302919 0)
(0.983984 0.025435 0)
(0.986808 0.0213768 0)
(0.989616 0.0176098 0)
(0.991947 0.0144602 0)
(0.994183 0.0115347 0)
(0.995942 0.00907138 0)
(0.99755 0.00675213 0)
(0.998671 0.00474638 0)
(0.999581 0.00277785 0)
(0.999958 0.000950373 0)
(0.839323 0.00393269 2.87479e-21)
(0.85457 0.00333661 -1.48262e-21)
(0.868734 0.00300272 -5.14657e-22)
(0.881985 0.00257796 2.4969e-22)
(0.894187 0.00228528 -3.03808e-22)
(0.905592 0.00196672 8.92397e-22)
(0.91604 0.00172743 -1.81342e-21)
(0.925771 0.00148459 7.4459e-22)
(0.93465 0.00129482 -1.49891e-21)
(0.942883 0.00110871 1.35786e-21)
(0.95036 0.000960616 4.37386e-22)
(0.957256 0.000817676 5.16046e-22)
(0.963485 0.000703129 -9.03713e-22)
(0.969189 0.000593219 6.76338e-22)
(0.974296 0.000504868 3.05232e-22)
(0.978955 0.000420781 -1.34881e-23)
(0.98308 0.000356962 -4.55184e-22)
(0.986751 0.000292379 -2.18699e-22)
(0.989928 0.000241331 -1.21922e-22)
(0.992706 0.000191521 -2.37784e-23)
(0.995016 0.000151181 2.42136e-22)
(0.996944 0.000111683 6.24388e-22)
(0.998401 7.87441e-05 3.16623e-22)
(0.99946 4.55194e-05 2.01189e-22)
(0.999971 1.57511e-05 -6.3922e-22)
(0.839588 0.011793 3.363e-23)
(0.854785 0.0100059 3.07291e-21)
(0.86891 0.00900512 9.54413e-22)
(0.882129 0.00773157 -2.74263e-21)
(0.894302 0.00685405 4.38174e-21)
(0.905686 0.00589884 -3.49194e-21)
(0.916115 0.00518129 2.2447e-21)
(0.925832 0.00445302 1.9248e-21)
(0.934698 0.00388391 -3.3436e-21)
(0.94292 0.00332572 4.06115e-22)
(0.95039 0.00288155 -1.67228e-21)
(0.95728 0.00245281 8.34461e-22)
(0.963503 0.00210922 4.33842e-22)
(0.969203 0.00177954 -9.43187e-22)
(0.974306 0.00151437 3.72693e-22)
(0.978963 0.00126075 2.79594e-21)
(0.983085 0.0010708 -6.96145e-22)
(0.986756 0.000877068 1.76775e-21)
(0.989931 0.000723913 -2.02284e-23)
(0.992709 0.000574525 8.45495e-23)
(0.995017 0.000453508 -3.23247e-22)
(0.996945 0.000335036 -1.54498e-21)
(0.998401 0.000236226 -1.07561e-21)
(0.99946 0.000136563 7.75751e-22)
(0.999971 4.7255e-05 -1.31303e-21)
(0.840117 0.0196382 1.07251e-21)
(0.855216 0.0166637 6.56706e-21)
(0.86926 0.0149986 -9.86255e-21)
(0.882416 0.0128785 -5.32744e-22)
(0.894533 0.0114177 3.62991e-21)
(0.905874 0.00982721 -4.66052e-21)
(0.916264 0.00863236 1.94965e-21)
(0.925952 0.00741946 -1.11553e-21)
(0.934792 0.00647156 5.34914e-21)
(0.942996 0.00554171 -2.21425e-21)
(0.950449 0.00480176 -2.23271e-21)
(0.957327 0.00408747 8.95837e-22)
(0.963539 0.00351501 -2.72322e-21)
(0.969232 0.00296576 1.89526e-21)
(0.974328 0.00252424 -3.18461e-23)
(0.978978 0.00210112 -1.55966e-21)
(0.983096 0.00178401 1.93286e-21)
(0.986765 0.00146163 -2.46212e-21)
(0.989937 0.00120628 3.03782e-22)
(0.992713 0.000957419 -1.54214e-21)
(0.99502 0.000755718 -2.32436e-21)
(0.996947 0.000558328 -1.10693e-21)
(0.998402 0.000393651 -8.23862e-22)
(0.99946 0.000227589 -2.57846e-21)
(0.999971 7.87478e-05 3.06532e-21)
(0.840909 0.0274585 -1.13517e-20)
(0.855861 0.0233022 1.60085e-20)
(0.869785 0.0209774 -1.23802e-20)
(0.882847 0.0180142 1.05575e-20)
(0.894879 0.0159729 -1.10571e-20)
(0.906155 0.0137493 8.09032e-21)
(0.916488 0.0120788 -2.14979e-21)
(0.926132 0.0103826 2.22117e-21)
(0.934934 0.00905681 -1.40492e-22)
(0.94311 0.00775602 -5.75914e-22)
(0.950537 0.0067208 -2.03779e-21)
(0.957398 0.00572135 -4.10635e-22)
(0.963593 0.00492028 -1.23137e-21)
(0.969275 0.0041517 4.6972e-21)
(0.974361 0.00353308 -4.36891e-21)
(0.979001 0.00293143 1.3855e-21)
(0.983111 0.00249684 -4.09925e-21)
(0.986778 0.002046 -6.70573e-22)
(0.989946 0.00168829 2.10613e-21)
(0.99272 0.00134013 2.50346e-21)
(0.995024 0.00105774 3.00794e-21)
(0.99695 0.000781514 3.95999e-21)
(0.998402 0.000550982 1.35972e-21)
(0.999461 0.000318585 3.05487e-21)
(0.999971 0.000110222 -3.68327e-21)
(0.841964 0.0352436 -1.02773e-20)
(0.856721 0.0299139 -8.0561e-21)
(0.870485 0.0269354 5.38815e-22)
(0.883421 0.0231342 4.13442e-21)
(0.89534 0.0205162 -5.25979e-23)
(0.90653 0.0176628 2.35153e-21)
(0.916786 0.0155188 -3.04191e-21)
(0.926373 0.0133411 7.7633e-21)
(0.935123 0.0116387 -6.24066e-21)
(0.943262 0.00996797 5.65191e-21)
(0.950655 0.00863819 2.81277e-21)
(0.957492 0.00735412 -7.2894e-21)
(0.963666 0.00632485 5.67772e-21)
(0.969333 0.00533731 -4.67101e-21)
(0.974406 0.00454242 3.06788e-21)
(0.979032 0.00376962 1.90721e-21)
(0.983131 0.00320858 -1.10216e-21)
(0.986797 0.00263016 4.41661e-21)
(0.989958 0.00216978 -1.47297e-23)
(0.992729 0.00172258 -1.68105e-21)
(0.995029 0.00135948 -1.12645e-22)
(0.996953 0.00100455 2.36132e-21)
(0.998404 0.000708181 4.1319e-21)
(0.999461 0.000409537 -4.31707e-21)
(0.999971 0.00014167 2.42686e-21)
(0.843282 0.0429837 9.15694e-21)
(0.857794 0.036491 -3.72511e-22)
(0.871359 0.0328668 2.65048e-21)
(0.884137 0.0282343 -2.54017e-20)
(0.895916 0.0250443 7.78566e-21)
(0.906998 0.021565 -2.88992e-21)
(0.917157 0.0189505 1.14646e-20)
(0.926673 0.0162936 -1.59532e-20)
(0.935359 0.0142163 8.20138e-21)
(0.943451 0.0121769 1.4178e-21)
(0.950803 0.0105535 -8.63795e-21)
(0.957609 0.00898549 -7.58598e-21)
(0.963756 0.00772849 6.75713e-21)
(0.969405 0.00652247 -2.91733e-21)
(0.974461 0.00555262 -4.82408e-21)
(0.979071 0.00461861 -3.61797e-21)
(0.983157 0.00391866 8.62408e-22)
(0.986819 0.00321402 2.95888e-21)
(0.989973 0.00265063 -1.11983e-21)
(0.992741 0.00210468 1.87148e-21)
(0.995036 0.00166089 2.83284e-21)
(0.996958 0.0012274 -3.44211e-21)
(0.998405 0.000865212 -1.33431e-21)
(0.999462 0.000500432 -8.31731e-22)
(0.99997 0.000173084 4.0822e-21)
(0.84486 0.0506686 3.00651e-20)
(0.85908 0.0430259 -8.04632e-20)
(0.872405 0.0387658 4.79338e-20)
(0.884995 0.0333099 -1.14793e-20)
(0.896605 0.0295539 3.71721e-21)
(0.90756 0.0254537 -1.51524e-20)
(0.917603 0.0223722 3.0996e-21)
(0.927033 0.0192389 -4.15641e-21)
(0.935642 0.0167887 -4.56066e-22)
(0.943678 0.0143822 8.80878e-21)
(0.950979 0.0124661 -1.42996e-21)
(0.95775 0.0106151 5.75837e-21)
(0.963864 0.00913095 -4.10746e-21)
(0.969491 0.00770691 1.14854e-20)
(0.974527 0.00656163 6.01446e-22)
(0.979119 0.00546098 -2.88004e-21)
(0.983189 0.00462734 2.9921e-22)
(0.986846 0.00379733 -1.0015e-20)
(0.989991 0.00313071 -2.69136e-22)
(0.992755 0.00248635 -4.9169e-21)
(0.995044 0.00196187 -6.09753e-21)
(0.996963 0.00145001 -4.89142e-21)
(0.998407 0.00102204 -2.23473e-21)
(0.999463 0.000591258 4.26566e-21)
(0.99997 0.000204457 -4.50446e-21)
(0.846697 0.0582883 -6.24406e-20)
(0.860578 0.049511 1.03609e-20)
(0.873624 0.0446265 1.65238e-20)
(0.885995 0.0383568 -1.91713e-20)
(0.897408 0.0340418 1.13637e-20)
(0.908213 0.0293265 -1.7926e-20)
(0.918122 0.0257821 1.17512e-20)
(0.927452 0.0221758 9.31746e-21)
(0.935972 0.019355 -3.53532e-21)
(0.943942 0.0165831 3.543e-21)
(0.951185 0.0143758 -7.89755e-22)
(0.957914 0.0122427 -3.67506e-21)
(0.96399 0.010532 8.29378e-21)
(0.969591 0.00889062 -5.10128e-21)
(0.974603 0.00757058 -3.98652e-21)
(0.979175 0.00630491 -3.01068e-22)
(0.983226 0.00533353 2.25212e-21)
(0.986878 0.00437988 1.15172e-20)
(0.990012 0.00360992 5.35187e-21)
(0.992771 0.00286751 9.35835e-21)
(0.995053 0.00226237 8.41194e-22)
(0.99697 0.00167235 4.4874e-21)
(0.998409 0.00117862 -8.8903e-21)
(0.999464 0.000681999 -7.84896e-21)
(0.999969 0.000235782 -6.95433e-22)
(0.848791 0.0658328 -2.33951e-20)
(0.862287 0.0559386 2.39278e-20)
(0.875015 0.0504433 -8.04321e-21)
(0.887136 0.0433706 1.22611e-20)
(0.898324 0.0385046 6.90271e-21)
(0.908959 0.033181 4.92179e-21)
(0.918714 0.0291785 -3.13238e-21)
(0.92793 0.0251029 5.39507e-21)
(0.936348 0.0219143 -3.77828e-21)
(0.944243 0.0187791 -8.71049e-21)
(0.951419 0.0162819 -6.63371e-21)
(0.958101 0.0138679 -1.25798e-21)
(0.964134 0.0119314 7.06433e-22)
(0.969706 0.0100734 1.72365e-21)
(0.974689 0.00857885 3.20858e-22)
(0.979239 0.00714778 -8.81895e-21)
(0.98327 0.00603639 3.99689e-21)
(0.986913 0.00496146 -8.98321e-21)
(0.990037 0.00408812 -5.90922e-21)
(0.992789 0.00324804 -4.46474e-21)
(0.995064 0.0025623 2.56839e-21)
(0.996977 0.00189435 7.37186e-21)
(0.998412 0.00133492 -4.21734e-22)
(0.999465 0.000772641 4.9421e-22)
(0.999968 0.00026705 2.98917e-21)
(0.851141 0.073292 4.06232e-20)
(0.864205 0.0623013 -1.17853e-20)
(0.876575 0.0562102 -4.33443e-21)
(0.888416 0.0483472 1.45339e-20)
(0.899352 0.0429394 -5.24168e-22)
(0.909796 0.0370149 -3.22989e-20)
(0.919379 0.0325596 1.12747e-20)
(0.928467 0.0280192 1.65235e-21)
(0.93677 0.0244657 -7.97164e-22)
(0.944582 0.0209696 1.42548e-21)
(0.951683 0.018184 5.84313e-21)
(0.958312 0.0154905 -2.99458e-21)
(0.964296 0.0133288 3.94131e-21)
(0.969835 0.011255 8.22048e-22)
(0.974787 0.00958626 2.59346e-21)
(0.979313 0.00798968 -2.46178e-21)
(0.98332 0.00673478 -3.17624e-21)
(0.986953 0.00554178 9.78796e-21)
(0.990065 0.0045652 1.09971e-21)
(0.99281 0.00362786 -3.17013e-21)
(0.995076 0.0028616 5.5252e-21)
(0.996985 0.00211599 1.06349e-23)
(0.998415 0.0014909 8.02048e-21)
(0.999467 0.000863168 1.5011e-20)
(0.999968 0.000298253 2.73182e-21)
(0.853743 0.0806559 3.50766e-20)
(0.866331 0.0685914 -3.90115e-20)
(0.878305 0.0619217 3.78973e-20)
(0.889835 0.0532823 -1.84874e-20)
(0.900492 0.0473428 2.08115e-20)
(0.910723 0.0408259 -1.27862e-20)
(0.920116 0.035924 -1.35755e-20)
(0.929062 0.0309234 1.63273e-20)
(0.937238 0.0270084 9.99322e-21)
(0.944957 0.0231539 -1.09023e-20)
(0.951975 0.0200818 -3.66899e-21)
(0.958545 0.0171101 6.01877e-21)
(0.964475 0.0147241 3.32456e-21)
(0.969977 0.0124353 -8.1265e-21)
(0.974894 0.0105929 5.51239e-21)
(0.979396 0.00883263 1.28864e-20)
(0.983376 0.00743401 -1.40062e-21)
(0.986996 0.00611921 7.72496e-21)
(0.990095 0.00504112 -3.61321e-21)
(0.992833 0.00400687 1.57233e-20)
(0.99509 0.00316019 -1.11355e-20)
(0.996995 0.0023372 -1.30475e-20)
(0.998418 0.00164653 5.17345e-21)
(0.999468 0.000953563 -1.12571e-20)
(0.999967 0.000329385 -5.46127e-21)
(0.856595 0.0879145 -2.85662e-20)
(0.868663 0.0748015 -2.43292e-20)
(0.880202 0.0675721 1.73636e-20)
(0.891392 0.0581719 -3.23332e-20)
(0.901742 0.051712 1.7695e-20)
(0.911742 0.0446119 -7.46947e-21)
(0.920925 0.03927 1.75779e-20)
(0.929715 0.0338143 -2.17543e-20)
(0.937751 0.0295416 4.68326e-21)
(0.945369 0.0253316 -7.86657e-21)
(0.952296 0.0219747 -8.16645e-21)
(0.958801 0.0187264 1.75111e-20)
(0.964672 0.0161169 -1.7237e-21)
(0.970134 0.0136142 2.08455e-20)
(0.975013 0.0115984 3.36747e-21)
(0.979487 0.00967131 -5.55005e-21)
(0.98344 0.00808709 1.8757e-21)
(0.987044 0.00669565 -3.31417e-21)
(0.990129 0.00551584 -6.90079e-21)
(0.992858 0.00438496 -5.10223e-21)
(0.995105 0.003458 6.44811e-21)
(0.997005 0.00255794 7.09725e-21)
(0.998422 0.00180177 -9.30082e-21)
(0.99947 0.00104381 2.13525e-21)
(0.999966 0.000360436 2.0702e-21)
(0.859695 0.0950579 -7.16864e-20)
(0.871199 0.0809241 -7.35766e-21)
(0.882266 0.0731558 3.63527e-20)
(0.893086 0.0630118 -9.53981e-21)
(0.903102 0.0560439 -9.19142e-21)
(0.912849 0.0483707 1.2703e-20)
(0.921804 0.0425961 1.37904e-20)
(0.930426 0.036691 -5.6002e-21)
(0.93831 0.0320645 -1.39647e-20)
(0.945818 0.027502 1.01395e-20)
(0.952645 0.0238622 1.43098e-21)
(0.95908 0.0203392 3.10161e-22)
(0.964886 0.017507 -1.70793e-20)
(0.970304 0.0147915 -1.6779e-20)
(0.975142 0.0126026 -5.43101e-21)
(0.979597 0.0105109 -7.90014e-21)
(0.983509 0.00877947 5.31233e-21)
(0.987088 0.00726912 -1.10393e-20)
(0.990167 0.00598946 1.41952e-20)
(0.992886 0.00476199 -1.78209e-21)
(0.995122 0.00375496 -1.11032e-20)
(0.997016 0.00277817 -1.12484e-20)
(0.998426 0.00195658 1.44861e-20)
(0.999472 0.00113389 -2.03097e-21)
(0.999965 0.000391397 -2.61868e-21)
(0.863038 0.102076 -3.31576e-20)
(0.873937 0.0869519 4.43335e-20)
(0.884494 0.0786673 5.85814e-21)
(0.894916 0.067798 8.36122e-21)
(0.904571 0.0603356 7.91233e-21)
(0.914046 0.0521001 2.49565e-20)
(0.922755 0.0459007 -3.94047e-20)
(0.931194 0.0395522 3.25297e-20)
(0.938913 0.0345763 -1.9931e-20)
(0.946303 0.0296647 -4.96154e-21)
(0.953022 0.0257441 -8.12877e-22)
(0.959382 0.0219482 9.73352e-21)
(0.965118 0.0188941 -2.7941e-22)
(0.970489 0.015967 1.63122e-20)
(0.975281 0.0136054 9.00328e-21)
(0.979708 0.0113544 2.17239e-21)
(0.983587 0.00952236 -1.11432e-21)
(0.987144 0.00783687 3.38582e-21)
(0.990206 0.00646165 -2.05303e-20)
(0.992916 0.00513784 1.46174e-21)
(0.995141 0.00405096 1.26309e-20)
(0.997028 0.00299782 1.13575e-20)
(0.998431 0.00211092 -3.41932e-21)
(0.999474 0.00122378 6.27197e-21)
(0.999965 0.00042226 1.23345e-21)
(0.866621 0.10896 -6.90379e-20)
(0.876875 0.0928774 -2.94608e-20)
(0.886885 0.084101 8.34028e-20)
(0.89688 0.0725264 -5.95213e-20)
(0.906148 0.0645843 1.26223e-20)
(0.915331 0.055798 -4.41716e-21)
(0.923775 0.0491825 -1.67407e-20)
(0.932019 0.0423971 1.31673e-20)
(0.939562 0.0370762 6.76795e-21)
(0.946824 0.0318191 8.00564e-22)
(0.953427 0.0276199 -1.96481e-21)
(0.959706 0.0235531 6.52173e-21)
(0.965367 0.0202779 -2.18963e-20)
(0.970687 0.0171405 5.82318e-21)
(0.975431 0.014606 -1.65564e-21)
(0.979828 0.0121925 -1.44953e-21)
(0.983671 0.0102305 -1.7171e-21)
(0.987205 0.00840182 -3.2698e-21)
(0.990249 0.00693122 2.17928e-21)
(0.992949 0.0055125 1.96546e-21)
(0.995161 0.00434594 -1.49654e-20)
(0.997042 0.00321686 -1.08917e-20)
(0.998436 0.00226476 2.39756e-21)
(0.999477 0.00131347 -3.83269e-21)
(0.999964 0.000453016 7.04691e-21)
(0.870441 0.115699 4.1013e-20)
(0.88001 0.0986934 -1.00468e-21)
(0.889437 0.0894516 -3.89376e-20)
(0.898977 0.0771931 -2.55386e-20)
(0.907832 0.0687871 -6.34944e-21)
(0.916703 0.0594625 2.13805e-20)
(0.924865 0.0524399 4.75973e-21)
(0.9329 0.0452246 -1.79941e-20)
(0.940255 0.0395636 1.3758e-20)
(0.947381 0.0339649 2.10448e-20)
(0.95386 0.029489 1.04915e-21)
(0.960052 0.0251537 -9.80604e-21)
(0.965633 0.0216581 1.42687e-20)
(0.970899 0.0183117 -1.08839e-20)
(0.975591 0.0156045 9.8882e-21)
(0.979955 0.0130302 -3.8512e-21)
(0.983764 0.0109384 -5.52117e-21)
(0.987272 0.00895089 1.95522e-20)
(0.990294 0.00739775 -5.10421e-22)
(0.992984 0.00588594 -3.82406e-22)
(0.995182 0.00463977 1.15498e-20)
(0.997056 0.00343522 9.32977e-21)
(0.998442 0.00241805 -3.69427e-21)
(0.999479 0.00140292 7.94751e-22)
(0.999963 0.000483654 -2.65611e-21)
(0.874493 0.122285 -2.29954e-20)
(0.883341 0.104393 -5.23131e-20)
(0.892149 0.0947138 1.95916e-20)
(0.901207 0.081794 2.26086e-20)
(0.909622 0.0729413 -8.68838e-20)
(0.918163 0.0630914 5.38642e-20)
(0.926023 0.0556717 1.59121e-21)
(0.933838 0.0480339 -1.01063e-21)
(0.940991 0.0420376 9.95159e-21)
(0.947973 0.0361017 -1.66194e-20)
(0.954322 0.0313513 6.31262e-21)
(0.960421 0.0267498 -7.98657e-21)
(0.965917 0.0230345 -1.90164e-20)
(0.971124 0.0194805 1.94147e-20)
(0.975762 0.0166008 -1.45288e-20)
(0.98009 0.0138664 -6.55836e-21)
(0.983866 0.0116418 -4.51716e-21)
(0.987346 0.00949028 1.34416e-20)
(0.990341 0.00786153 6.40222e-21)
(0.993021 0.00625796 4.22724e-21)
(0.995206 0.00493235 3.18128e-21)
(0.997072 0.00365284 3.60756e-21)
(0.998448 0.00257076 -3.08197e-21)
(0.999482 0.00149213 -4.27601e-21)
(0.999962 0.000514164 9.72768e-21)
(0.878774 0.128707 4.43575e-20)
(0.886863 0.109968 2.07397e-20)
(0.895019 0.0998823 -3.31507e-20)
(0.903568 0.086325 4.18425e-20)
(0.911517 0.0770443 -2.84846e-20)
(0.919709 0.0666828 -1.98702e-20)
(0.927251 0.0588764 -1.24881e-20)
(0.934831 0.0508241 5.55626e-21)
(0.941772 0.0444976 3.50777e-20)
(0.948602 0.038229 -1.39137e-20)
(0.954811 0.0332062 -8.1321e-23)
(0.960813 0.0283411 9.52819e-21)
(0.966219 0.0244069 4.22076e-21)
(0.971364 0.0206466 1.09891e-21)
(0.975944 0.0175946 -1.21497e-20)
(0.980234 0.0147008 1.31565e-20)
(0.983978 0.0123445 1.35803e-20)
(0.987425 0.010074 -2.15172e-20)
(0.990388 0.00831935 -1.39302e-20)
(0.99306 0.00662781 7.41966e-22)
(0.995231 0.00522361 -4.2468e-21)
(0.997088 0.00386967 -2.37782e-21)
(0.998455 0.00272284 5.50478e-21)
(0.999485 0.00158107 4.90988e-21)
(0.999962 0.000544535 -2.89533e-20)
(0.88328 0.134958 -1.12849e-20)
(0.890576 0.115412 -3.99119e-20)
(0.898045 0.104952 5.61449e-20)
(0.906058 0.0907821 -1.66429e-20)
(0.913517 0.0810933 -1.76241e-20)
(0.921341 0.0702348 2.252e-20)
(0.928546 0.0620527 -1.36202e-20)
(0.935881 0.0535945 2.00658e-21)
(0.942597 0.0469429 -7.63961e-22)
(0.949266 0.0403466 4.07176e-20)
(0.955328 0.0350534 -1.24358e-20)
(0.961226 0.0299274 -7.36161e-21)
(0.966538 0.0257749 6.27508e-21)
(0.971618 0.0218099 7.78537e-21)
(0.976136 0.0185856 1.65687e-21)
(0.980386 0.0155332 -7.96006e-21)
(0.984093 0.0130461 -1.19392e-20)
(0.987512 0.0106776 1.72724e-20)
(0.990445 0.00875941 -1.29605e-21)
(0.993102 0.00699553 -3.1193e-21)
(0.995257 0.00551353 5.84521e-21)
(0.997106 0.0040856 8.13141e-22)
(0.998463 0.00287426 -3.81855e-21)
(0.999489 0.0016697 -5.66728e-21)
(0.999961 0.000574755 2.07091e-20)
(0.888007 0.14103 9.12858e-20)
(0.894476 0.120718 3.08916e-20)
(0.901227 0.109918 -3.04243e-20)
(0.908679 0.0951611 2.02998e-20)
(0.915621 0.0850856 -5.93747e-20)
(0.92306 0.0737456 7.64356e-20)
(0.929911 0.065199 -6.14324e-20)
(0.936987 0.0563443 4.93828e-20)
(0.943467 0.0493728 -1.98491e-20)
(0.949966 0.0424541 -2.69465e-20)
(0.955873 0.0368926 2.89225e-20)
(0.961663 0.0315086 -4.14349e-22)
(0.966875 0.0271384 -1.35205e-20)
(0.971885 0.0229701 -1.06516e-20)
(0.97634 0.0195737 -7.65163e-21)
(0.980546 0.0163631 2.08926e-21)
(0.984213 0.013743 6.63293e-21)
(0.987607 0.0112572 8.63317e-21)
(0.990506 0.00919811 1.45783e-21)
(0.993143 0.00736349 -1.83069e-20)
(0.995286 0.00580148 -1.46467e-20)
(0.997125 0.00430055 -4.21602e-21)
(0.998471 0.00302497 2.30047e-21)
(0.999492 0.00175801 9.33957e-21)
(0.99996 0.000604812 4.3839e-21)
(0.892953 0.146914 -4.17464e-20)
(0.898563 0.125877 -3.63542e-21)
(0.904564 0.114775 7.4877e-20)
(0.911429 0.0994576 -6.55104e-20)
(0.917829 0.0890185 5.36619e-20)
(0.924866 0.0772134 9.75619e-21)
(0.931344 0.068314 -7.4858e-20)
(0.93815 0.0590729 1.78641e-20)
(0.944381 0.0517866 -1.63468e-20)
(0.950703 0.0445513 2.95511e-20)
(0.956448 0.0387234 -3.5593e-21)
(0.962123 0.0330844 -9.47273e-21)
(0.96723 0.0284972 3.43161e-21)
(0.972168 0.024127 8.45208e-21)
(0.976555 0.0205586 3.70175e-21)
(0.980715 0.0171907 -9.07882e-21)
(0.98434 0.0144373 -3.82867e-21)
(0.987708 0.0118345 9.35896e-21)
(0.990573 0.00967777 -7.77125e-21)
(0.993186 0.00772371 1.47866e-20)
(0.995316 0.0060868 1.09532e-20)
(0.997145 0.00451446 -1.81974e-21)
(0.99848 0.00317492 -5.12672e-21)
(0.999496 0.00184597 -3.48671e-21)
(0.99996 0.000634693 -7.70041e-22)
(0.898115 0.152605 -2.70745e-20)
(0.902834 0.130882 5.51116e-20)
(0.908055 0.119519 -3.92714e-20)
(0.914309 0.103668 8.01954e-20)
(0.920142 0.092889 -2.72482e-20)
(0.926759 0.0806367 -3.71867e-20)
(0.932847 0.0713961 1.66453e-20)
(0.93937 0.0617797 -6.14888e-21)
(0.945342 0.0541835 -4.09004e-22)
(0.951477 0.0466378 8.33864e-22)
(0.957053 0.0405454 1.66453e-20)
(0.962607 0.0346546 -2.06461e-20)
(0.967605 0.0298509 -8.87841e-21)
(0.972465 0.0252806 5.52115e-21)
(0.976782 0.02154 1.06398e-20)
(0.980894 0.0180156 -6.88877e-21)
(0.984474 0.0151287 1.26414e-21)
(0.987813 0.0124094 -4.5322e-21)
(0.990645 0.0101666 8.07251e-21)
(0.993237 0.00802228 -6.01811e-21)
(0.995347 0.00637272 -4.14218e-21)
(0.997166 0.00472706 1.05376e-20)
(0.99849 0.00332403 6.22412e-21)
(0.999501 0.00193355 -2.40167e-21)
(0.999959 0.000664383 -6.3681e-21)
(0.903495 0.158096 1.49032e-20)
(0.907292 0.135724 6.69744e-20)
(0.911701 0.124144 -1.54987e-20)
(0.917322 0.107787 -1.4643e-20)
(0.922561 0.0966937 -1.52247e-21)
(0.928743 0.084014 3.30037e-20)
(0.934423 0.0744436 -3.69669e-20)
(0.940651 0.0644642 3.03614e-20)
(0.946351 0.0565629 -1.93158e-20)
(0.95229 0.0487133 3.94598e-20)
(0.95769 0.0423584 -3.80676e-20)
(0.963116 0.0362189 -9.79181e-21)
(0.968 0.0311994 5.87144e-22)
(0.972779 0.0264304 6.71382e-21)
(0.977023 0.0225179 -6.9381e-21)
(0.981082 0.0188377 -8.75962e-21)
(0.984616 0.0158169 6.89171e-21)
(0.987923 0.0129794 -4.14755e-21)
(0.990731 0.0106371 -5.82411e-22)
(0.993292 0.00838772 7.27229e-21)
(0.995373 0.0066505 -6.09303e-21)
(0.997189 0.00493842 2.68843e-21)
(0.9985 0.0034722 3.70583e-21)
(0.999505 0.00202074 8.27643e-21)
(0.999959 0.000693867 -2.49069e-21)
(0.909095 0.163386 4.75758e-23)
(0.911939 0.140394 -2.35832e-20)
(0.915504 0.128646 2.69819e-20)
(0.920472 0.111811 -4.22452e-20)
(0.92509 0.100429 8.44414e-20)
(0.93082 0.0873441 -4.56025e-20)
(0.936074 0.077455 -2.76832e-21)
(0.941995 0.0671258 -2.20856e-20)
(0.947413 0.0589242 -9.54331e-22)
(0.953146 0.0507776 -8.35106e-21)
(0.958361 0.0441621 2.40426e-20)
(0.963654 0.0377773 6.69644e-21)
(0.968418 0.0325426 -1.67004e-21)
(0.973111 0.0275763 -5.65192e-23)
(0.977277 0.023492 6.90977e-21)
(0.981282 0.0196568 -6.68944e-21)
(0.984766 0.016502 8.07576e-21)
(0.988039 0.0135462 -1.39043e-21)
(0.990814 0.0111068 5.41838e-21)
(0.993351 0.00881834 -7.77108e-21)
(0.995409 0.00689887 1.80516e-21)
(0.997212 0.00514836 -1.84152e-21)
(0.998511 0.00361965 2.23352e-22)
(0.999511 0.00210748 -3.51887e-21)
(0.999959 0.00072313 -1.06606e-21)
(0.914923 0.168476 -3.63824e-20)
(0.916782 0.144883 4.67582e-20)
(0.91947 0.133018 -2.35559e-20)
(0.923765 0.115738 8.27558e-21)
(0.927735 0.104092 -2.45206e-20)
(0.932998 0.0906265 -2.57453e-20)
(0.937809 0.0804294 5.27097e-20)
(0.943408 0.0697646 -1.84531e-20)
(0.948531 0.0612676 -5.36637e-21)
(0.954049 0.0528309 -1.46504e-21)
(0.959071 0.0459568 1.298e-20)
(0.964222 0.0393298 8.86166e-21)
(0.968862 0.0338805 -1.69377e-20)
(0.973463 0.0287185 -1.2526e-21)
(0.977548 0.0244624 9.343e-21)
(0.981494 0.0204728 7.77013e-21)
(0.984925 0.0171838 -9.00346e-21)
(0.988162 0.0141095 2.21369e-21)
(0.990902 0.0115683 -1.75481e-21)
(0.993419 0.00919144 7.24747e-22)
(0.995449 0.00718396 -1.1236e-21)
(0.997234 0.00535118 -1.3514e-20)
(0.998522 0.00376675 -4.43091e-22)
(0.999516 0.00219366 -1.9155e-21)
(0.999958 0.000752153 -7.30986e-21)
(0.921 0.173365 4.85036e-20)
(0.92184 0.149174 7.16535e-21)
(0.923609 0.137249 -2.05103e-20)
(0.927215 0.119561 -2.95613e-20)
(0.930509 0.107674 -1.59693e-20)
(0.935286 0.0938574 4.58093e-20)
(0.939637 0.0833625 -1.80196e-20)
(0.9449 0.0723776 -2.34624e-20)
(0.949717 0.0635899 3.15427e-20)
(0.955008 0.0548705 1.13049e-20)
(0.959827 0.04774 -3.19036e-20)
(0.964829 0.0408742 4.06262e-20)
(0.969335 0.0352112 -1.63903e-20)
(0.97384 0.0298551 5.75009e-21)
(0.977838 0.0254274 -2.53466e-21)
(0.981722 0.0212844 -8.49559e-21)
(0.985097 0.0178613 7.15716e-21)
(0.988294 0.0146689 -6.98667e-21)
(0.990996 0.0120255 1.05559e-20)
(0.993488 0.00955846 1.54107e-21)
(0.995493 0.00750004 -1.042e-21)
(0.997261 0.00555177 4.63667e-21)
(0.998534 0.00390993 -3.61763e-21)
(0.999522 0.0022793 -2.04962e-21)
(0.999958 0.000780905 7.19694e-21)
(0.92736 0.178062 6.68053e-20)
(0.927141 0.153257 -3.36394e-20)
(0.927943 0.141328 4.6051e-20)
(0.930842 0.123273 -2.01675e-20)
(0.933432 0.111163 1.48684e-20)
(0.937706 0.0970258 -2.70154e-20)
(0.941578 0.0862427 4.7248e-20)
(0.946488 0.0749535 -5.45795e-20)
(0.950982 0.0658811 5.53456e-21)
(0.956034 0.056887 7.67745e-21)
(0.960638 0.0495035 1.73633e-20)
(0.965482 0.0424033 -1.08075e-21)
(0.969846 0.0365287 -2.08586e-20)
(0.974248 0.0309811 2.58469e-21)
(0.978152 0.0263833 -5.52364e-21)
(0.981969 0.0220885 8.80218e-21)
(0.985282 0.0185322 -5.72936e-21)
(0.988437 0.0152227 -7.19385e-21)
(0.991098 0.0124778 4.06084e-21)
(0.993563 0.0099213 -2.14697e-21)
(0.995541 0.00778758 -8.67007e-22)
(0.997291 0.00576529 -4.01232e-21)
(0.998547 0.00404094 1.51243e-21)
(0.999528 0.00236441 1.46382e-22)
(0.999958 0.000809396 -1.21229e-22)
(0.93407 0.182671 1.99404e-20)
(0.932747 0.157186 -7.47225e-20)
(0.932514 0.145282 2.68049e-20)
(0.934692 0.12691 -3.85515e-20)
(0.936544 0.114591 3.72688e-20)
(0.940292 0.100164 1.76723e-21)
(0.943661 0.0890999 -2.4703e-21)
(0.948199 0.0775199 -1.5232e-21)
(0.952352 0.0681666 -1.3617e-20)
(0.957148 0.0589033 2.83643e-20)
(0.961522 0.0512681 -3.69478e-20)
(0.966195 0.0439355 2.06382e-21)
(0.970405 0.0378491 2.26819e-21)
(0.974695 0.0321104 2.62399e-20)
(0.978496 0.0273417 -2.66032e-20)
(0.982241 0.022895 6.87622e-21)
(0.985486 0.0192046 -2.24884e-21)
(0.988594 0.0157776 2.76671e-21)
(0.99121 0.01293 -1.4276e-21)
(0.993645 0.0102833 -3.40343e-21)
(0.995593 0.00806965 3.19923e-21)
(0.997326 0.00598413 5.83543e-21)
(0.998562 0.00418556 -1.81586e-21)
(0.999534 0.00244764 -2.41647e-21)
(0.999958 0.000837776 2.11612e-21)
(0.941222 0.18721 4.51775e-20)
(0.938796 0.160933 3.63682e-20)
(0.937407 0.149085 -6.92619e-20)
(0.938845 0.130549 1.25187e-20)
(0.939915 0.118047 -3.819e-20)
(0.94311 0.103389 2.92286e-20)
(0.945942 0.092052 -4.98053e-21)
(0.950083 0.0801964 3.39482e-20)
(0.953864 0.0705577 -7.94309e-21)
(0.958384 0.0610224 1.19674e-20)
(0.962505 0.0531246 -3.27629e-20)
(0.966991 0.0455502 7.78684e-21)
(0.97103 0.0392394 3.05627e-20)
(0.975196 0.0332989 -3.8232e-21)
(0.978883 0.0283477 -1.12508e-20)
(0.982547 0.0237397 -5.86723e-21)
(0.985716 0.0199059 -1.89203e-21)
(0.988771 0.016354 -6.71108e-21)
(0.991337 0.0133971 7.85866e-21)
(0.993737 0.0106552 -3.21612e-21)
(0.995652 0.00835801 4.51509e-21)
(0.997364 0.00620076 -2.84523e-21)
(0.99858 0.00434593 6.82435e-21)
(0.999541 0.00253256 5.42287e-21)
(0.999958 0.000865972 -1.97268e-21)
(0.949003 0.190455 -1.49969e-20)
(0.945558 0.163671 -5.4758e-21)
(0.942767 0.151994 -1.19848e-20)
(0.943434 0.133574 -3.05987e-21)
(0.943665 0.12098 5.33039e-20)
(0.94627 0.106218 -1.99946e-20)
(0.948514 0.0946774 -1.46131e-20)
(0.952222 0.0826146 2.62147e-20)
(0.955587 0.072734 7.12965e-21)
(0.959802 0.0629672 2.34084e-21)
(0.963633 0.0548346 -1.02075e-20)
(0.967909 0.0470438 -9.21629e-21)
(0.971752 0.0405272 -2.95669e-22)
(0.975776 0.0344022 1.39012e-20)
(0.979331 0.029282 -2.98627e-20)
(0.982901 0.0245251 9.118e-21)
(0.985982 0.0205582 4.88167e-21)
(0.988977 0.0168909 5.16272e-21)
(0.991484 0.0138325 -2.91222e-21)
(0.993845 0.0110026 -3.09343e-21)
(0.995721 0.00862825 -6.59279e-22)
(0.997409 0.0064025 2.62238e-21)
(0.998602 0.00448856 -1.29054e-21)
(0.999551 0.00261664 -2.48336e-21)
(0.999958 0.000893258 3.28498e-22)
)
;

boundaryField
{
    inlet
    {
        type            uniformFixedValue;
        uniformValue    constant (1 0 0);
        value           uniform (1 0 0);
    }
    outlet
    {
        type            pressureInletOutletVelocity;
        value           nonuniform 0();
    }
    cylinder
    {
        type            fixedValue;
        value           uniform (0 0 0);
    }
    top
    {
        type            symmetryPlane;
    }
    bottom
    {
        type            symmetryPlane;
    }
    defaultFaces
    {
        type            empty;
    }
    procBoundary8to4
    {
        type            processor;
        value           nonuniform List<vector> 
51
(
(0.00629557 0.00561751 -2.17672e-20)
(0.0343702 0.0125257 1.45469e-20)
(0.0845106 0.0160681 -4.67901e-21)
(0.141303 0.0173323 2.03215e-20)
(0.199217 0.0172259 2.21767e-20)
(0.255331 0.0164306 -7.10939e-21)
(0.255331 0.0164306 -7.10939e-21)
(0.308219 -0.015376 4.87983e-21)
(0.357528 -0.0142825 -3.4006e-20)
(0.403344 -0.0132396 3.84576e-21)
(0.445891 -0.0122724 -5.11865e-21)
(0.485418 -0.0113819 -1.69006e-20)
(0.522161 -0.010563 -1.58597e-20)
(0.556334 -0.00980961 9.5223e-21)
(0.588137 -0.00911594 1.12455e-20)
(0.617751 -0.0084768 3.10508e-22)
(0.645342 -0.00788744 1.32181e-20)
(0.671063 -0.00734355 -9.84266e-21)
(0.695054 -0.00684118 -1.58379e-20)
(0.717441 -0.00637675 5.46543e-21)
(0.738342 -0.00594695 -2.41023e-20)
(0.757865 -0.00554895 -1.49592e-21)
(0.776108 -0.00518041 1.70745e-21)
(0.793166 -0.00483838 -3.61672e-21)
(0.809127 -0.00451761 -6.93297e-21)
(0.824056 -0.00421741 -4.15063e-21)
(0.839323 -0.00393261 -2.87479e-21)
(0.85457 -0.00333653 1.48262e-21)
(0.868734 -0.00300264 5.14657e-22)
(0.881985 -0.00257788 -2.4969e-22)
(0.894187 -0.00228519 3.03808e-22)
(0.905592 -0.00196664 -8.92397e-22)
(0.91604 -0.00172735 1.81342e-21)
(0.925771 -0.00148451 -7.4459e-22)
(0.93465 -0.00129475 1.49891e-21)
(0.942883 -0.00110864 -1.35786e-21)
(0.95036 -0.00096055 -4.37386e-22)
(0.957256 -0.000817615 -5.16046e-22)
(0.963485 -0.000703074 9.03713e-22)
(0.969189 -0.00059317 -6.76338e-22)
(0.974296 -0.000504826 -3.05232e-22)
(0.978955 -0.000420749 1.34881e-23)
(0.98308 -0.000356935 4.55184e-22)
(0.986751 -0.000292362 2.18699e-22)
(0.989928 -0.000241322 1.21922e-22)
(0.992706 -0.000191519 2.37784e-23)
(0.995016 -0.000151185 -2.42136e-22)
(0.996944 -0.000111692 -6.24388e-22)
(0.998401 -7.87563e-05 -3.16623e-22)
(0.99946 -4.55306e-05 -2.01189e-22)
(0.999971 -1.57566e-05 6.3922e-22)
)
;
    }
    procBoundary8to9
    {
        type            processor;
        value           nonuniform List<vector> 
29
(
(1.14095 0.282771 3.504e-20)
(1.13588 0.270223 -7.18458e-20)
(1.15267 0.327503 4.84488e-20)
(1.14534 0.313212 5.56949e-21)
(1.13891 0.299372 -1.50532e-20)
(1.13891 0.299372 -1.50532e-20)
(1.17096 0.379474 8.06473e-20)
(1.16093 0.363218 1.69175e-20)
(1.15191 0.347377 -1.2904e-20)
(1.15191 0.347377 -1.2904e-20)
(1.18227 0.420537 1.79995e-19)
(1.17149 0.403304 -6.71539e-20)
(1.17149 0.403304 -6.71539e-20)
(1.18643 0.460761 -2.39059e-19)
(1.18102 0.446253 -8.50898e-20)
(1.18102 0.446253 -8.50898e-20)
(1.15376 0.482372 -2.07537e-19)
(1.17343 0.482568 1.43279e-19)
(1.17343 0.482568 1.43279e-19)
(1.10315 0.48422 7.42969e-20)
(1.10315 0.48422 7.42969e-20)
(0.891836 0.404101 -6.05813e-22)
(1.02031 0.467861 3.69089e-20)
(1.02031 0.467861 3.69089e-20)
(0.471925 0.209146 2.03567e-19)
(0.713081 0.331434 -9.94378e-20)
(0.713081 0.331434 -9.94378e-20)
(0.179986 0.0807428 2.30365e-20)
(0.179986 0.0807428 2.30365e-20)
)
;
    }
    procBoundary8to12
    {
        type            processor;
        value           nonuniform List<vector> 
55
(
(1.12439 0.260562 -7.4675e-21)
(1.11704 0.262892 1.20515e-21)
(1.10951 0.265061 -1.27617e-20)
(1.10179 0.267055 1.18548e-20)
(1.09388 0.268861 -2.58737e-20)
(1.09388 0.268861 -2.58737e-20)
(1.08384 0.256963 1.69324e-20)
(1.07596 0.258089 -2.59423e-20)
(1.06793 0.259001 2.59939e-20)
(1.05976 0.259686 -2.37364e-20)
(1.05976 0.259686 -2.37364e-20)
(1.05154 0.246344 -6.31867e-22)
(1.04356 0.246387 3.0103e-21)
(1.03548 0.246191 3.78634e-21)
(1.03548 0.246191 3.78634e-21)
(1.02843 0.232939 -2.47783e-21)
(1.02064 0.232189 -2.40528e-20)
(1.01278 0.231186 -2.78043e-20)
(1.01278 0.231186 -2.78043e-20)
(1.00742 0.21741 -9.68272e-20)
(1.00012 0.21592 1.36627e-19)
(0.992814 0.214186 -1.20427e-19)
(0.992814 0.214186 -1.20427e-19)
(0.992162 0.198567 -1.99763e-20)
(0.985476 0.196983 -1.06773e-19)
(0.985476 0.196983 -1.06773e-19)
(0.984897 0.191129 1.0191e-20)
(0.984897 0.191129 1.0191e-20)
(0.983718 0.185 2.6421e-20)
(0.976839 0.183701 -8.87579e-20)
(0.970392 0.181179 0)
(0.967093 0.160115 0)
(0.961286 0.15062 0)
(0.959875 0.133013 0)
(0.957835 0.121801 0)
(0.958558 0.107363 0)
(0.958939 0.0965276 0)
(0.961126 0.0846011 0)
(0.963014 0.0750049 0)
(0.966056 0.065225 0)
(0.968767 0.057133 0)
(0.97217 0.049227 0)
(0.975191 0.04262 0)
(0.978584 0.0363247 0)
(0.98155 0.0310529 0)
(0.984673 0.026106 0)
(0.987341 0.0219674 0)
(0.990027 0.0181128 0)
(0.992248 0.0148863 0)
(0.9944 0.0118823 0)
(0.996085 0.00935016 0)
(0.99764 0.0069625 0)
(0.998716 0.00489551 0)
(0.999598 0.00286563 0)
(0.999958 0.000980663 0)
)
;
    }
}


// ************************************************************************* //
