/*--------------------------------*- C++ -*----------------------------------*\
  =========                 |
  \\      /  F ield         | OpenFOAM: The Open Source CFD Toolbox
   \\    /   O peration     | Website:  https://openfoam.org
    \\  /    A nd           | Version:  7
     \\/     M anipulation  |
\*---------------------------------------------------------------------------*/
FoamFile
{
    version     2.0;
    format      ascii;
    class       surfaceScalarField;
    location    "120";
    object      phi;
}
// * * * * * * * * * * * * * * * * * * * * * * * * * * * * * * * * * * * * * //

dimensions      [0 3 -1 0 0 0 0];

internalField   nonuniform List<scalar> 
3886
(
0.00656082
0.00118348
0.00677393
0.000347139
0.00688426
-0.000507449
0.00689032
-0.00128863
0.00681069
-0.00194041
0.00667131
-0.00244709
0.0064974
-0.00281932
0.00630859
-0.00307944
0.00611779
-0.00325147
0.00593229
-0.00335576
0.00575537
-0.00340781
0.00558775
-0.00341917
0.00542899
-0.00339772
0.00527813
-0.00334751
0.00513342
-0.00327123
0.00499286
-0.00317205
0.00485591
-0.00304907
0.00472303
-0.00289412
0.00459227
-0.00270055
0.004459
-0.00247355
0.00432289
-0.00221997
0.0041955
-0.0019238
0.00409848
-0.00154059
0.0040523
-0.00102613
0.0040657
-0.000373647
0.00413423
0.000374758
0.0042445
0.00114838
0.00438168
0.00188548
0.00255785
0.00563134
-0.00147651
0.00551056
-0.0014441
0.00539339
-0.00138963
0.00528138
-0.00131259
0.00517601
-0.00121266
0.00507875
-0.00108963
0.00499104
-0.000943455
0.00491432
-0.000774233
0.00484999
-0.000582289
0.00479943
-0.000368166
0.00476384
-0.000132625
0.00474398
0.000123164
0.00473928
0.000396233
0.00474705
0.000680913
0.00476316
0.000969282
0.00478427
0.00125288
0.00481025
0.00152478
0.00484554
0.00178105
0.00489886
0.00202033
0.00498135
0.00224071
0.00510407
0.00243441
0.005275
0.00258298
0.00549618
0.00265766
0.00576282
0.00262525
0.00606403
0.00245343
0.0063811
0.00211487
0.00668402
0.0015993
0.00693504
0.000932458
0.00710192
0.000180267
0.00716949
-0.000575022
0.00714282
-0.00126196
0.00704168
-0.00183927
0.00689054
-0.00229594
0.00671155
-0.00264033
0.00652132
-0.00288922
0.00633056
-0.0030607
0.00614524
-0.00317044
0.00596808
-0.00323065
0.00579969
-0.00325078
0.00563966
-0.00323769
0.00548723
-0.00319508
0.00534103
-0.00312503
0.00519919
-0.00303021
0.00506096
-0.00291085
0.00492719
-0.00276034
0.00479728
-0.00257064
0.00466734
-0.00234361
0.00453515
-0.00208778
0.00440852
-0.00179717
0.00430675
-0.00143883
0.00425155
-0.000970919
0.00425534
-0.000377441
0.00431679
0.000313306
0.00442387
0.0010413
0.00456136
0.00174799
0.00240288
0.00585622
-0.00135877
0.00574041
-0.00132829
0.00562808
-0.0012773
0.00552077
-0.00120528
0.00541996
-0.00111185
0.00532715
-0.000996823
0.00524384
-0.00086014
0.00517151
-0.00070191
0.00511168
-0.000522459
0.00506586
-0.000322338
0.00503556
-0.000102328
0.00502222
0.000136501
0.00502661
0.000391844
0.00504795
0.00065957
0.00508383
0.000933402
0.00513119
0.00120552
0.00518815
0.00146783
0.00525579
0.00171341
0.00533904
0.00193708
0.00544601
0.00213374
0.0055859
0.00229452
0.00576576
0.00240312
0.00598735
0.00243607
0.00624578
0.00236682
0.00652911
0.0021701
0.00681675
0.00182723
0.00707883
0.00133722
0.0072823
0.000728991
0.00740236
6.01989e-05
0.00743131
-0.000603972
0.00737791
-0.00120856
0.00726155
-0.00172292
0.00710395
-0.00213833
0.00692385
-0.00246023
0.00673501
-0.00270037
0.00654621
-0.0028719
0.00636244
-0.00298667
0.00618607
-0.00305429
0.00601774
-0.00308244
0.00585712
-0.00307708
0.0057037
-0.00304165
0.00555647
-0.00297781
0.00541384
-0.00288757
0.00527489
-0.0027719
0.00514055
-0.002626
0.00501141
-0.0024415
0.00488476
-0.00221696
0.00475731
-0.00196033
0.00463323
-0.00167309
0.00452848
-0.00133408
0.00446476
-0.000907199
0.00445781
-0.00037049
0.00451008
0.000261034
0.00461182
0.000939567
0.00474802
0.00161178
0.00224598
0.00608872
-0.00124627
0.00597807
-0.00121764
0.00587078
-0.00117001
0.00576835
-0.00110285
0.00567229
-0.00101579
0.00558409
-0.000908622
0.00550526
-0.000781307
0.00543733
-0.00063398
0.00538186
-0.000466989
0.00534044
-0.000280923
0.00531474
-7.66241e-05
0.00530647
0.000144771
0.00531711
0.000381205
0.00534726
0.000629414
0.00539626
0.000884411
0.0054623
0.00113948
0.00554345
0.00138668
0.00563906
0.0016178
0.00575094
0.00182519
0.00588362
0.00200107
0.00604293
0.00213522
0.00623333
0.00221272
0.00645505
0.00221435
0.00670238
0.00211949
0.00696274
0.00190975
0.0072156
0.00157437
0.00743396
0.00111886
0.00759107
0.000571882
0.00767005
-1.87839e-05
0.00766817
-0.000602084
0.00759615
-0.00113654
0.00747155
-0.00159832
0.00731275
-0.00197954
0.00713522
-0.0022827
0.00695023
-0.00251538
0.0067651
-0.00268677
0.00658412
-0.00280569
0.00640951
-0.00287967
0.00624202
-0.00291495
0.00608153
-0.00291659
0.0059277
-0.00288782
0.00577994
-0.00283005
0.00563701
-0.00274464
0.00549792
-0.00263281
0.00536346
-0.00249154
0.00523507
-0.00231311
0.00511152
-0.00209341
0.0049893
-0.00183811
0.00486946
-0.00155326
0.00476392
-0.00122853
0.00469291
-0.000836198
0.0046746
-0.000352176
0.00471561
0.000220028
0.00480945
0.000845721
0.0049422
0.00147904
0.00208868
0.00632915
-0.00113914
0.00622381
-0.0011123
0.00612172
-0.00106792
0.00602435
-0.00100549
0.00593319
-0.00092463
0.00584972
-0.000825156
0.00577546
-0.000707044
0.00571194
-0.000570459
0.00566073
-0.000415783
0.00562348
-0.000243667
0.00560186
-5.50057e-05
0.00559768
0.000148952
0.00561269
0.000366195
0.00564824
0.000593869
0.00570485
0.000827791
0.0057821
0.00106224
0.0058788
0.00128997
0.00599387
0.00150273
0.00612727
0.00169179
0.0062805
0.00184784
0.00645586
0.00195985
0.00665455
0.00201403
0.00687446
0.00199444
0.00710864
0.00188531
0.00734424
0.00167414
0.00756232
0.00135629
0.00774031
0.00094088
0.00785823
0.000453961
0.00790534
-6.58983e-05
0.0078826
-0.000579339
0.00780055
-0.00105449
0.00767424
-0.00147202
0.00751881
-0.0018241
0.00734686
-0.00211075
0.00716774
-0.00233625
0.00698769
-0.00250672
0.00681058
-0.00262859
0.00663861
-0.0027077
0.00647271
-0.00274905
0.00631303
-0.00275691
0.00615944
-0.00273423
0.00601167
-0.00268228
0.00586891
-0.00260188
0.00573024
-0.00249413
0.00559619
-0.00235749
0.00546866
-0.00218559
0.0053479
-0.00197265
0.00523104
-0.00172125
0.00511687
-0.00143908
0.00501297
-0.00112464
0.00493671
-0.000759937
0.00490725
-0.000322715
0.00493523
0.000192045
0.00501834
0.000762611
0.00514478
0.0013526
0.0019332
0.00657785
-0.00103749
0.00647793
-0.00101238
0.00638117
-0.000971159
0.00628899
-0.000913309
0.00620285
-0.000838488
0.00612421
-0.00074652
0.00605457
-0.000637407
0.00599546
-0.000511347
0.00594844
-0.000368762
0.00591511
-0.000210335
0.00589718
-3.70788e-05
0.00589639
0.000149744
0.00591453
0.00034805
0.00595322
0.000555181
0.00601362
0.000767394
0.00609618
0.000979678
0.00620056
0.00118559
0.00632591
0.00137738
0.00647137
0.00154633
0.00663644
0.00168277
0.00682062
0.00177567
0.00702219
0.00181246
0.00723676
0.00177988
0.00745614
0.00166593
0.0076677
0.00146257
0.00785491
0.00116908
0.0079999
0.000795888
0.00808851
0.000365346
0.00811443
-9.18105e-05
0.00808035
-0.000545265
0.00799571
-0.000969846
0.00787293
-0.00134924
0.00772428
-0.00167545
0.00756013
-0.00194659
0.00738834
-0.00216447
0.00721447
-0.00233285
0.00704214
-0.00245626
0.0068736
-0.00253915
0.00671002
-0.00258548
0.00655183
-0.00259872
0.00639911
-0.00258151
0.00625188
-0.00253505
0.00610976
-0.00245976
0.00597203
-0.00235641
0.00583898
-0.00222443
0.00571257
-0.00205918
0.0055943
-0.00185437
0.00548256
-0.00160951
0.00537498
-0.0013315
0.00527516
-0.00102481
0.00519639
-0.000681163
0.00515709
-0.000283422
0.00517105
0.000178083
0.0052406
0.000693064
0.00535729
0.00123591
0.00178254
0.00683518
-0.000941384
0.00674077
-0.000917973
0.00664942
-0.000879804
0.00656251
-0.000826399
0.00648146
-0.000757437
0.0064077
-0.000672765
0.00634271
-0.000572412
0.00628797
-0.000456608
0.00624501
-0.000325809
0.00621542
-0.000180742
0.0062008
-2.24542e-05
0.00620286
0.00014768
0.00622328
0.000327629
0.00626367
0.000514789
0.00632538
0.000705683
0.00640928
0.000895781
0.00651555
0.00107932
0.00664365
0.00124928
0.00679248
0.0013975
0.00696047
0.00151478
0.00714532
0.00159081
0.00734331
0.00161447
0.00754842
0.00157477
0.00775172
0.00146263
0.00794132
0.00127297
0.00810315
0.00100725
0.00822352
0.000675523
0.0082925
0.000296368
0.00830646
-0.000105776
0.00826858
-0.000507385
0.00818675
-0.000888015
0.00807101
-0.0012335
0.00793134
-0.00153578
0.00777635
-0.00179161
0.0076129
-0.00200101
0.007446
-0.00216595
0.00727918
-0.00228944
0.00711477
-0.00237474
0.00695418
-0.00242489
0.00679813
-0.00244266
0.00664691
-0.0024303
0.00650079
-0.00238893
0.00635978
-0.00231875
0.00622349
-0.00222011
0.00609201
-0.00209296
0.00596714
-0.0019343
0.00585115
-0.00173839
0.00574402
-0.00150237
0.00564337
-0.00123085
0.00554966
-0.000931107
0.00547158
-0.000603087
0.00542498
-0.000236821
0.00542517
0.000177894
0.00547889
0.000639344
0.00558209
0.00113272
0.00164058
0.00710153
-0.000850853
0.00701267
-0.000829106
0.00692676
-0.000793901
0.00684516
-0.000744797
0.00676923
-0.000681505
0.00670036
-0.000603898
0.00663998
-0.000512033
0.00658954
-0.000406167
0.00655052
-0.000286788
0.00652443
-0.000154651
0.00651281
-1.08312e-05
0.00651724
0.000143245
0.00653928
0.000305591
0.0065804
0.000473666
0.0066419
0.000644186
0.0067247
0.000812984
0.00682915
0.000974863
0.00695491
0.00112353
0.00710078
0.00125163
0.00726472
0.00135084
0.00744352
0.00141201
0.00763241
0.00142558
0.00782459
0.00138259
0.00801111
0.00127611
0.00818109
0.00110299
0.00832278
0.000865556
0.00842559
0.000572716
0.00848238
0.000239573
0.00849095
-0.000114345
0.00845415
-0.000470581
0.00837832
-0.000812189
0.00827152
-0.0011267
0.00814191
-0.00140617
0.0079968
-0.0016465
0.00784222
-0.00184643
0.00768284
-0.00200658
0.00752211
-0.0021287
0.00736243
-0.00221506
0.00720546
-0.00226791
0.00705215
-0.00228936
0.00690306
-0.00228121
0.00675863
-0.0022445
0.00661921
-0.00217933
0.00648479
-0.00208569
0.00635545
-0.00196362
0.00623262
-0.00181148
0.00611893
-0.00162469
0.00601576
-0.00139921
0.00592172
-0.00113681
0.00583548
-0.000844862
0.00576129
-0.000528896
0.00571097
-0.000186498
0.00569926
0.000189597
0.00573619
0.000602417
0.00582252
0.00104638
0.00151173
0.00737727
-0.000765889
0.00729394
-0.000745778
0.00721349
-0.000713448
0.00713719
-0.000668499
0.00706637
-0.000610676
0.00700235
-0.000539884
0.00694652
-0.000456203
0.00690027
-0.000359917
0.00686502
-0.000251533
0.00684219
-0.000131826
0.00683324
-1.879e-06
0.00683962
0.000136866
0.00686272
0.000282485
0.00690386
0.000432526
0.00696416
0.000583891
0.00704441
0.000732732
0.00714493
0.000874344
0.00726534
0.00100311
0.00740443
0.00111254
0.00755993
0.00119534
0.00772832
0.00124362
0.00790451
0.0012494
0.00808165
0.00120545
0.0082513
0.00110647
0.00840378
0.000950506
0.00852931
0.00074003
0.00861948
0.000482548
0.00866886
0.000190193
0.00867581
-0.000121299
0.00864259
-0.000437361
0.00857416
-0.000743756
0.00847694
-0.00102948
0.00835766
-0.0012869
0.00822259
-0.00151143
0.00807711
-0.00170095
0.00792558
-0.00185504
0.00777136
-0.00197448
0.00761695
-0.00206065
0.00746415
-0.00211511
0.00731417
-0.00213938
0.00716779
-0.00213483
0.00702563
-0.00210234
0.0068883
-0.002042
0.00675615
-0.00195354
0.00662942
-0.00183689
0.0065092
-0.00169126
0.00639802
-0.00151351
0.0062983
-0.00129949
0.00621008
-0.0010486
0.00613169
-0.000766472
0.00606397
-0.000461176
0.00601405
-0.000136578
0.00599403
0.000209621
0.00601521
0.000581233
0.00608264
0.000978951
0.00140024
0.00766271
-0.000686456
0.00758488
-0.000667956
0.00750985
-0.000638412
0.00743881
-0.000597467
0.00737304
-0.000544903
0.00731381
-0.000480652
0.00726243
-0.000404825
0.00722023
-0.000317718
0.00718855
-0.000219854
0.00716875
-0.000112018
0.00716214
4.72173e-06
0.00717007
0.000128941
0.00719376
0.000258793
0.00723435
0.000391942
0.00729275
0.000525491
0.00736958
0.000655902
0.00746499
0.00077893
0.00757851
0.000889595
0.00770884
0.000982214
0.00785367
0.00105051
0.00800946
0.00108783
0.00817124
0.00108762
0.00833259
0.00104409
0.00848583
0.000953224
0.00862257
0.000813767
0.00873464
0.000627964
0.00881509
0.000402099
0.00885959
0.000145685
0.00886664
-0.000128347
0.00883784
-0.00040856
0.00877697
-0.000682886
0.00868915
-0.000941657
0.00857994
-0.00117769
0.00845474
-0.00138623
0.00831834
-0.00156455
0.00817481
-0.00171152
0.00802742
-0.00182709
0.00787871
-0.00191193
0.00773058
-0.00196699
0.00758447
-0.00199327
0.00744136
-0.00199171
0.00730203
-0.00196302
0.00716729
-0.00190725
0.00703781
-0.00182405
0.00691407
-0.00171315
0.00679698
-0.00157418
0.00668872
-0.00140526
0.00659217
-0.00120293
0.00650881
-0.000965238
0.00643774
-0.000695406
0.00637796
-0.000401394
0.00633229
-9.09078e-05
0.00630875
0.000233164
0.00631759
0.000572392
0.00636646
0.000930078
0.00130893
0.00795809
-0.00061249
0.00788571
-0.000595576
0.00781602
-0.000568727
0.00775018
-0.000531629
0.00768938
-0.000484102
0.00763483
-0.000426104
0.00758778
-0.00035777
0.00754947
-0.00027941
0.00752117
-0.000191553
0.00750412
-9.49699e-05
0.00749956
9.28225e-06
0.00750867
0.000119837
0.00753252
0.000234935
0.00757208
0.000352384
0.00762807
0.0004695
0.00770092
0.000583058
0.00779059
0.000689253
0.00789649
0.000783696
0.00801725
0.000861457
0.00815057
0.000917188
0.00829305
0.000945353
0.00844007
0.000940593
0.00858583
0.000898341
0.00872352
0.000815532
0.008846
0.000691284
0.00894627
0.000527697
0.00901869
0.000329674
0.00905937
0.000105005
0.00906699
-0.000135963
0.00904247
-0.000384046
0.00898866
-0.000629077
0.0089096
-0.000862596
0.00880989
-0.00107798
0.00869415
-0.00127048
0.00856665
-0.00143706
0.00843116
-0.00157603
0.00829081
-0.00168674
0.00814813
-0.00176925
0.00800513
-0.00182399
0.00786336
-0.00185151
0.00772403
-0.00185238
0.00758807
-0.00182706
0.00745642
-0.0017756
0.00733
-0.00169763
0.00720958
-0.00159274
0.00709605
-0.00146065
0.0069912
-0.0013004
0.00689785
-0.00110958
0.00681851
-0.000885903
0.00675362
-0.000630517
0.0067019
-0.000349669
0.0066632
-5.22081e-05
0.00664116
0.000255204
0.00664303
0.000570525
0.0066767
0.000896401
0.00123775
0.00826361
-0.000543906
0.00819658
-0.000528552
0.00813216
-0.000504301
0.00807141
-0.000470887
0.00801547
-0.000428162
0.00796548
-0.000376114
0.00792261
-0.000314891
0.00788801
-0.000244814
0.00786287
-0.000166413
0.00784833
-8.04294e-05
0.00784551
1.20981e-05
0.00785546
0.000109888
0.00787912
0.00021128
0.00791726
0.000314238
0.00797046
0.000416306
0.00803894
0.000514571
0.00812255
0.000605649
0.00822055
0.000685697
0.00833153
0.000750473
0.00845327
0.000795451
0.00858258
0.000816048
0.00871525
0.000807922
0.00884614
0.000767453
0.00896937
0.0006923
0.00907873
0.000581921
0.00916848
0.000437944
0.00923357
0.000264584
0.00927097
6.76036e-05
0.00927893
-0.000143917
0.00925812
-0.000363238
0.00921056
-0.00058152
0.00913943
-0.000791458
0.00904848
-0.000987035
0.00894167
-0.00116367
0.00882279
-0.00131817
0.00869526
-0.0014485
0.00856206
-0.00155354
0.00842568
-0.00163288
0.00828817
-0.00168648
0.0081512
-0.00171453
0.00801611
-0.00171729
0.007884
-0.00169495
0.00775593
-0.00164753
0.00763298
-0.00157468
0.00751617
-0.00147593
0.00740651
-0.00135098
0.0073055
-0.00119938
0.00721564
-0.00101973
0.00713986
-0.000810118
0.00707986
-0.000570514
0.00703519
-0.000305009
0.00700449
-2.14995e-05
0.00698795
0.000271744
0.00698895
0.000569522
0.00701346
0.000871887
0.00118294
0.00857943
-0.000480597
0.00851765
-0.000466769
0.00845836
-0.000445017
0.00840259
-0.000415115
0.00835138
-0.000376948
0.00830579
-0.000330531
0.00826692
-0.000276017
0.00823584
-0.000213741
0.00821365
-0.000144218
0.00820136
-6.81445e-05
0.00820002
1.34453e-05
0.00821051
9.93938e-05
0.00823365
0.000188141
0.00827007
0.000277819
0.00832018
0.0003662
0.00838407
0.000450679
0.00846145
0.000528271
0.00855151
0.000595635
0.00865284
0.000649144
0.0087633
0.000684993
0.00887996
0.000699388
0.00899904
0.000688837
0.00911603
0.000650465
0.00922586
0.000582467
0.00932329
0.000484488
0.00940327
0.000357967
0.00946178
0.000206079
0.00949563
3.37512e-05
0.00950364
-0.000151931
0.00948583
-0.000345427
0.00944365
-0.000539333
0.00937954
-0.000727351
0.00929658
-0.000904081
0.00919812
-0.00106521
0.00908748
-0.00120752
0.00896775
-0.00132877
0.00884174
-0.00142753
0.00871186
-0.00150299
0.00858015
-0.00155477
0.00844836
-0.00158274
0.00831793
-0.00158686
0.00819011
-0.00156714
0.00806606
-0.00152349
0.00794698
-0.00145559
0.00783406
-0.00136301
0.00772849
-0.00124541
0.00763165
-0.00110254
0.00754566
-0.000933741
0.00747336
-0.000737819
0.00741725
-0.000514399
0.00737811
-0.000265872
0.00735479
1.82294e-06
0.00734577
0.000280769
0.00735107
0.000564214
0.00737361
0.000849351
0.00113748
0.00890571
-0.00042243
0.00884903
-0.000410089
0.00879474
-0.000390729
0.00874379
-0.00036416
0.00869714
-0.000330298
0.00865578
-0.000289175
0.00862073
-0.000240963
0.00859297
-0.000185977
0.00857348
-0.000124729
0.00856322
-5.7892e-05
0.00856308
1.35902e-05
0.00857385
8.86231e-05
0.00859621
0.000165783
0.00863066
0.000243371
0.00867747
0.000319385
0.00873664
0.000391514
0.00880776
0.000457148
0.00888999
0.0005134
0.00898195
0.000557188
0.00908162
0.000585325
0.00918631
0.000594691
0.0092927
0.000582448
0.00939681
0.000546353
0.00949431
0.000484972
0.00958072
0.000398075
0.00965175
0.00028694
0.00970393
0.000153894
0.00973425
3.43324e-06
0.00974189
-0.00015957
0.00972636
-0.000329901
0.00968869
-0.000501658
0.00963074
-0.000669402
0.009555
-0.000828342
0.00946428
-0.000974489
0.00936146
-0.0011047
0.00924933
-0.00121665
0.00913047
-0.00130868
0.0090072
-0.00137972
0.00888153
-0.00142911
0.00875523
-0.00145644
0.00862983
-0.00146146
0.00850669
-0.00144399
0.00838706
-0.00140386
0.00827222
-0.00134075
0.00816348
-0.00125427
0.00806217
-0.00114411
0.00796971
-0.00101008
0.00788791
-0.000851945
0.00781929
-0.0006692
0.00776657
-0.000461675
0.00773151
-0.000230817
0.007714
1.93349e-05
0.00771237
0.000282399
0.00772486
0.000551728
0.00775156
0.000822647
0.00109322
0.00924263
-0.00036925
0.00919089
-0.000358351
0.00914142
-0.000341266
0.00909511
-0.000317842
0.00905283
-0.000288021
0.00901551
-0.000251853
0.00898406
-0.000209517
0.00895939
-0.000161309
0.00894239
-0.000107729
0.00893391
-4.94091e-05
0.00893473
1.27699e-05
0.00894554
7.78147e-05
0.0089669
0.000144428
0.00899919
0.00021108
0.00904258
0.000275991
0.00909697
0.000337125
0.0091619
0.000392216
0.00923651
0.000438788
0.00931947
0.000474231
0.00940891
0.000495887
0.0095024
0.000501197
0.00959698
0.000487866
0.00968923
0.000454112
0.0097754
0.000398796
0.00985164
0.000321834
0.00991438
0.000224202
0.0099604
0.000107873
0.00998739
-2.35552e-05
0.00999418
-0.000166355
0.00998029
-0.000316017
0.00994635
-0.000467714
0.00989375
-0.000616806
0.00982449
-0.000759079
0.00974089
-0.000890894
0.00964546
-0.00100926
0.00954066
-0.00111185
0.00942887
-0.00119689
0.00931226
-0.00126311
0.0091928
-0.00130965
0.00907226
-0.00133589
0.0089522
-0.0013414
0.00883407
-0.00132586
0.0087192
-0.00128899
0.00860893
-0.00123048
0.00850464
-0.00114998
0.00840777
-0.00104723
0.00831979
-0.000922096
0.00824238
-0.000774531
0.00817769
-0.000604518
0.00812829
-0.000412275
0.00809641
-0.000198932
0.00808298
3.27627e-05
0.0080872
0.000278184
0.00810712
0.000531809
0.00814135
0.000788413
0.00104362
0.00959038
-0.000320878
0.00954339
-0.000311365
0.00949856
-0.000296432
0.00945668
-0.000275959
0.00941856
-0.000249909
0.00938506
-0.000218346
0.00935699
-0.000181446
0.00933518
-0.000139507
0.00932044
-9.29841e-05
0.0093135
-4.24713e-05
0.00931506
1.12119e-05
0.00932569
6.71781e-05
0.00934587
0.000124258
0.00937586
0.000181085
0.00941576
0.000236088
0.0094654
0.000287493
0.00952427
0.000333342
0.00959153
0.000371523
0.00966593
0.00039984
0.00974573
0.000416085
0.00982877
0.000418153
0.00991244
0.000404193
0.00999378
0.000372779
0.0100695
0.000323043
0.0101364
0.000254952
0.0101914
0.000169258
0.0102317
6.75167e-05
0.0102553
-4.71119e-05
0.0102609
-0.000172004
0.0102481
-0.000303226
0.0102172
-0.000436816
0.0101693
-0.000568834
0.0101058
-0.0006956
0.0100287
-0.000813838
0.00994022
-0.00092076
0.00984245
-0.00101408
0.00973758
-0.00109201
0.00962763
-0.00115316
0.00951448
-0.00119651
0.00939989
-0.00122129
0.00928543
-0.00122694
0.00917259
-0.00121302
0.00906277
-0.00117917
0.00895735
-0.00112506
0.00885777
-0.0010504
0.00876549
-0.000954957
0.00868206
-0.000838664
0.0086091
-0.00070157
0.00854852
-0.000543947
0.00850258
-0.000366332
0.00847352
-0.000169872
0.00846293
4.33525e-05
0.00847107
0.000270047
0.00849685
0.000506026
0.00853883
0.000746436
0.000985711
0.0099492
-0.000277114
0.00990676
-0.000268922
0.00986634
-0.00025601
0.00982867
-0.000238286
0.00979449
-0.000215731
0.00976456
-0.000188421
0.00973964
-0.000156527
0.00972046
-0.000120324
0.00970774
-8.02622e-05
0.00970212
-3.68493e-05
0.0097042
9.12799e-06
0.00971448
5.68978e-05
0.00973332
0.000105417
0.00976093
0.000153474
0.00979733
0.000199695
0.00984228
0.000242542
0.00989528
0.000280336
0.00995552
0.000311287
0.0100218
0.000333554
0.0100926
0.000345304
0.0101659
0.000344815
0.0102395
0.000330583
0.0103108
0.000301482
0.010377
0.000256854
0.0104353
0.000196631
0.0104831
0.000121454
0.010518
3.27072e-05
0.0105382
-6.73129e-05
0.0105425
-0.000176303
0.0105303
-0.000291096
0.0105019
-0.000408387
0.0104579
-0.000524843
0.0103996
-0.000637273
0.0103285
-0.000742759
0.0102465
-0.000838736
0.0101554
-0.000923032
0.0100573
-0.000993861
0.00995391
-0.0010498
0.00984713
-0.00108972
0.00973861
-0.00111277
0.00962994
-0.00111827
0.00952261
-0.0011057
0.00941807
-0.00107463
0.00931773
-0.00102473
0.00922305
-0.000955715
0.00913552
-0.000867426
0.00905668
-0.000759827
0.00898818
-0.000633065
0.00893176
-0.000487533
0.00888941
-0.000323975
0.00886315
-0.000143616
0.00885479
5.17153e-05
0.00886535
0.000259486
0.00889486
0.00047652
0.00894265
0.000698645
0.000920156
0.0103194
-0.00023774
0.0102812
-0.000230795
0.010245
-0.000219766
0.0102113
-0.000204584
0.0101808
-0.000185246
0.0101542
-0.000161834
0.0101322
-0.000134508
0.0101154
-0.000103541
0.0101045
-6.93212e-05
0.0101
-3.23347e-05
0.0101024
6.70624e-06
0.0101122
4.71301e-05
0.0101296
8.80156e-05
0.0101547
0.000128299
0.0101876
0.000166786
0.010228
0.000202153
0.0102754
0.00023297
0.010329
0.000257727
0.0103876
0.000274884
0.01045
0.000282929
0.0105144
0.000280459
0.0105787
0.000266244
0.0106408
0.000239386
0.0106982
0.000199398
0.0107487
0.000146194
0.0107898
8.03401e-05
0.0108195
2.96113e-06
0.0108364
-8.4158e-05
0.0108392
-0.0001791
0.0108274
-0.000279272
0.0108009
-0.000381933
0.0107603
-0.000484268
0.0107066
-0.000583525
0.010641
-0.000677126
0.010565
-0.000762745
0.0104803
-0.000838348
0.0103886
-0.000902213
0.0102917
-0.000952911
0.0101913
-0.000989282
0.0100889
-0.0010104
0.00998617
-0.00101551
0.00988452
-0.00100405
0.00978544
-0.000975548
0.00969035
-0.000929644
0.00960073
-0.000866088
0.00951805
-0.00078475
0.00944386
-0.000685641
0.00937978
-0.000568981
0.00932747
-0.000435218
0.00928872
-0.000285226
0.00926532
-0.000120224
0.00925901
5.80337e-05
0.00927116
0.000247332
0.00930262
0.000445058
0.00935365
0.00064762
0.000849727
0.0107012
-0.000202521
0.0106671
-0.000196742
0.0106348
-0.000187451
0.0106048
-0.0001746
0.0105778
-0.000158199
0.0105543
-0.000138329
0.0105349
-0.000115151
0.0105203
-8.8908e-05
0.0105109
-5.99683e-05
0.0105073
-2.87155e-05
0.0105099
4.1148e-06
0.010519
3.80044e-05
0.0105349
7.21318e-05
0.0105576
0.000105572
0.0105871
0.000137294
0.0106231
0.000166168
0.0106651
0.00019098
0.0107124
0.000210464
0.0107639
0.000223339
0.0108185
0.000228358
0.0108746
0.000224374
0.0109304
0.000210408
0.0109841
0.000185723
0.0110336
0.000149917
0.0110767
0.000103004
0.0111117
4.53579e-05
0.0111367
-2.1981e-05
0.0111503
-9.77776e-05
0.0111515
-0.000180302
0.0111397
-0.000267484
0.0111148
-0.000357047
0.0110772
-0.00044662
0.0110275
-0.00053384
0.0109668
-0.000616446
0.0108964
-0.000692351
0.0108177
-0.000759682
0.0107323
-0.000816809
0.0106418
-0.000862339
0.0105476
-0.000895112
0.0104514
-0.000914168
0.0103546
-0.000918733
0.0102587
-0.000908185
0.0101652
-0.000882039
0.0100755
-0.00083993
0.00999103
-0.000781617
0.00991328
-0.000706997
0.00984377
-0.000616131
0.00978406
-0.000509276
0.00973577
-0.000386928
0.0097005
-0.000249957
0.00967998
-9.97041e-05
0.00967566
6.23528e-05
0.00968906
0.000233937
0.00972138
0.000412738
0.00977348
0.000595516
0.00077755
0.011095
-0.000171213
0.0110648
-0.00016651
0.0110361
-0.000158808
0.0110096
-0.000148077
0.0109857
-0.000134333
0.0109651
-0.000117661
0.0109481
-9.82066e-05
0.0109354
-7.62033e-05
0.0109274
-5.1959e-05
0.0109245
-2.5865e-05
0.0109271
1.5206e-06
0.0109355
2.96193e-05
0.0109498
5.78101e-05
0.0109701
8.5272e-05
0.0109963
0.000111121
0.0110281
0.000134396
0.011065
0.000154077
0.0111064
0.000169106
0.0111513
0.000178421
0.0111986
0.000180998
0.0112471
0.000175899
0.0112952
0.000162346
0.0113412
0.000139732
0.0113833
0.00010776
0.0114199
6.64205e-05
0.0114492
1.60395e-05
0.0114697
-4.24917e-05
0.0114802
-0.000108289
0.0114798
-0.000179861
0.0114678
-0.000255524
0.0114442
-0.000333394
0.011409
-0.000411478
0.011363
-0.000487755
0.0113068
-0.000560259
0.0112416
-0.000627132
0.0111685
-0.000686674
0.0110891
-0.000737366
0.0110046
-0.000777883
0.0109166
-0.00080709
0.0108265
-0.000824034
0.0107357
-0.000827928
0.0106456
-0.000818137
0.0105578
-0.000794165
0.0104735
-0.000755647
0.0103942
-0.00070235
0.0103214
-0.0006342
0.0102566
-0.00055128
0.0102012
-0.000453879
0.0101568
-0.000342532
0.0101249
-0.000218114
0.0101071
-8.18435e-05
0.0101047
6.47088e-05
0.0101192
0.000219476
0.0101518
0.000380159
0.0102035
0.000543741
0.000706031
0.0115012
-0.000143562
0.0114745
-0.000139839
0.0114492
-0.000133576
0.0114259
-0.000124751
0.011405
-0.000113393
0.0113869
-9.95774e-05
0.0113721
-8.34473e-05
0.0113611
-6.52033e-05
0.0113543
-4.51335e-05
0.011352
-2.35827e-05
0.0113545
-9.40132e-07
0.0113621
2.20348e-05
0.0113748
4.50618e-05
0.0113928
6.73444e-05
0.0114157
8.81344e-05
0.0114435
0.000106623
0.0114756
0.000121954
0.0115115
0.000133249
0.0115503
0.000139633
0.011591
0.000140268
0.0116325
0.000134394
0.0116735
0.000121375
0.0117125
0.000100739
0.011748
7.22343e-05
0.0117786
3.58463e-05
0.0118026
-8.0289e-06
0.0118191
-5.88956e-05
0.0118266
-0.000115865
0.0118245
-0.000177776
0.0118123
-0.000243241
0.0117896
-0.0003107
0.0117566
-0.000378479
0.0117137
-0.000444861
0.0116616
-0.000508142
0.0116011
-0.000566685
0.0115334
-0.000618963
0.0114596
-0.000663584
0.011381
-0.000699307
0.011299
-0.00072505
0.0112148
-0.000739887
0.01113
-0.000743043
0.0110457
-0.000733888
0.0109635
-0.000711925
0.0108846
-0.000676798
0.0108106
-0.00062829
0.0107427
-0.000566328
0.0106825
-0.000491042
0.0106313
-0.000402707
0.0105906
-0.000301893
0.010562
-0.000189483
0.0105467
-6.6553e-05
0.0105461
6.52955e-05
0.0105615
0.000204132
0.010594
0.000347688
0.0106446
0.00049311
0.000636639
0.0119201
-0.000119309
0.0118967
-0.000116467
0.0118746
-0.000111489
0.0118543
-0.000104364
0.011836
-9.51207e-05
0.0118202
-8.38367e-05
0.0118074
-7.06348e-05
0.0117979
-5.57088e-05
0.0117921
-3.92958e-05
0.0117902
-2.17047e-05
0.0117926
-3.26561e-06
0.0117993
1.5331e-05
0.0118104
3.38868e-05
0.0118261
5.17148e-05
0.011846
6.81824e-05
0.01187
8.26116e-05
0.0118977
9.42897e-05
0.0119284
0.000102488
0.0119616
0.000106488
0.0119962
0.000105611
0.0120314
9.92371e-05
0.0120659
8.68549e-05
0.0120986
6.80937e-05
0.0121281
4.2717e-05
0.0121531
1.08025e-05
0.0121725
-2.73926e-05
0.0121851
-7.14709e-05
0.0121899
-0.000120679
0.0121862
-0.000174078
0.0121735
-0.00023053
0.0121515
-0.000288743
0.0121204
-0.000347315
0.0120803
-0.000404791
0.0120318
-0.000459703
0.0119758
-0.000510622
0.011913
-0.000556189
0.0118446
-0.000595144
0.0117716
-0.000626346
0.0116953
-0.000648781
0.011617
-0.00066157
0.0115379
-0.000663966
0.0114594
-0.000655358
0.0113828
-0.000635263
0.0113093
-0.000603337
0.0112404
-0.000559379
0.0111774
-0.000503326
0.0111217
-0.000435314
0.0110746
-0.000355652
0.0110376
-0.000264884
0.0110119
-0.000163839
0.010999
-5.36278e-05
0.011
6.43309e-05
0.011016
0.000188139
0.011048
0.000315629
0.011097
0.000444108
0.000570177
0.0123523
-9.81932e-05
0.012332
-9.61312e-05
0.0123128
-9.22861e-05
0.0122951
-8.66548e-05
0.0122792
-7.92688e-05
0.0122656
-7.02002e-05
0.0122545
-5.95647e-05
0.0122463
-4.75246e-05
0.0122413
-3.4286e-05
0.0122397
-2.01266e-05
0.0122418
-5.34213e-06
0.0122476
9.5216e-06
0.0122573
2.4247e-05
0.0122707
3.82805e-05
0.0122878
5.10904e-05
0.0123083
6.21132e-05
0.0123318
7.0755e-05
0.0123579
7.64158e-05
0.0123859
7.85123e-05
0.012415
7.64875e-05
0.0124444
6.98444e-05
0.0124731
5.81704e-05
0.0125
4.11684e-05
0.012524
1.86827e-05
0.0125441
-9.25682e-06
0.0125592
-4.24567e-05
0.0125682
-8.05405e-05
0.0125705
-0.00012292
0.0125652
-0.000168827
0.012552
-0.000217326
0.0125306
-0.000267348
0.012501
-0.000317723
0.0124635
-0.00036722
0.0124183
-0.000414585
0.0123663
-0.000458575
0.0123081
-0.000497996
0.0122447
-0.00053172
0.012177
-0.000558712
0.0121063
-0.000578038
0.0120336
-0.000588879
0.0119602
-0.00059053
0.0118872
-0.000582411
0.011816
-0.000564064
0.0117478
-0.000535161
0.011684
-0.000495512
0.0116257
-0.000445077
0.0115744
-0.000383982
0.0115313
-0.000312551
0.0114977
-0.000231305
0.0114749
-0.000141047
0.0114641
-4.28059e-05
0.0114664
6.20514e-05
0.0114828
0.000171768
0.0115141
0.00028428
0.0115611
0.000397081
0.000507093
0.0127983
-7.9957e-05
0.0127808
-7.85699e-05
0.0127642
-7.57087e-05
0.0127489
-7.13737e-05
0.0127352
-6.55968e-05
0.0127235
-5.84478e-05
0.0127139
-5.00266e-05
0.0127069
-4.04715e-05
0.0127026
-2.99702e-05
0.0127012
-1.87582e-05
0.012703
-7.08664e-06
0.0127079
4.6033e-06
0.012716
1.60842e-05
0.0127274
2.69236e-05
0.0127418
3.6674e-05
0.0127591
4.48656e-05
0.0127788
5.1019e-05
0.0128006
5.46335e-05
0.0128238
5.52381e-05
0.012848
5.23807e-05
0.0128721
4.56641e-05
0.0128955
3.47528e-05
0.0129173
1.94262e-05
0.0129364
-4.47528e-07
0.012952
-2.48442e-05
0.0129632
-5.36016e-05
0.012969
-8.64058e-05
0.0129689
-0.000122781
0.0129622
-0.000162099
0.0129484
-0.000203591
0.0129274
-0.000246376
0.0128992
-0.000289478
0.0128638
-0.00033186
0.0128217
-0.000372455
0.0127733
-0.000410194
0.0127194
-0.000444032
0.0126606
-0.000472974
0.012598
-0.000496093
0.0125325
-0.000512542
0.0124652
-0.000521569
0.0123972
-0.000522524
0.0123296
-0.000514864
0.0122637
-0.000498161
0.0122007
-0.000472113
0.0121417
-0.000436542
0.0120881
-0.000391423
0.012041
-0.00033688
0.0120016
-0.000273227
0.0119713
-0.000200965
0.0119511
-0.00012088
0.0119422
-3.38702e-05
0.0119455
5.87163e-05
0.011962
0.000155291
0.0119924
0.000253922
0.0120371
0.000352305
0.000447667
0.0132587
-6.4344e-05
0.0132437
-6.35288e-05
0.0132295
-6.15043e-05
0.0132164
-5.82772e-05
0.0132046
-5.38762e-05
0.0131946
-4.83656e-05
0.0131864
-4.18305e-05
0.0131803
-3.43994e-05
0.0131765
-2.62238e-05
0.0131753
-1.75039e-05
0.0131767
-8.4658e-06
0.0131807
5.70437e-07
0.0131875
9.32722e-06
0.0131969
1.75086e-05
0.0132088
2.47335e-05
0.0132231
3.06107e-05
0.0132393
3.47511e-05
0.0132572
3.67467e-05
0.0132762
3.62195e-05
0.0132958
3.28054e-05
0.0133153
2.61651e-05
0.013334
1.60667e-05
0.0133511
2.32414e-06
0.0133658
-1.5179e-05
0.0133774
-3.63995e-05
0.013385
-6.12143e-05
0.013388
-8.93636e-05
0.0133856
-0.000120459
0.0133775
-0.000153985
0.0133632
-0.000189316
0.0133426
-0.00022572
0.0133155
-0.000262388
0.0132821
-0.000298452
0.0132426
-0.000333009
0.0131976
-0.000365143
0.0131475
-0.000393952
0.0130931
-0.000418565
0.0130352
-0.000438162
0.0129746
-0.000451986
0.0129124
-0.00045936
0.0128496
-0.00045969
0.0127872
-0.00045248
0.0127264
-0.00043734
0.0126682
-0.000413989
0.012614
-0.00038227
0.0125647
-0.00034217
0.0125216
-0.000293802
0.0124859
-0.000237477
0.0124586
-0.000173666
0.0124408
-0.00010308
0.0124335
-2.65997e-05
0.0124377
5.457e-05
0.012454
0.000138957
0.0124831
0.000224797
0.0125254
0.00031
0.000392083
0.0137341
-5.11034e-05
0.0137213
-5.076e-05
0.0137092
-4.94332e-05
0.0136981
-4.71317e-05
0.0136881
-4.38888e-05
0.0136795
-3.9754e-05
0.0136725
-3.48088e-05
0.0136672
-2.91573e-05
0.0136639
-2.29345e-05
0.0136627
-1.63025e-05
0.0136637
-9.45395e-06
0.0136669
-2.60769e-06
0.0136723
3.89888e-06
0.0136799
9.89656e-06
0.0136896
1.50632e-05
0.0137011
1.90855e-05
0.0137143
2.16268e-05
0.0137286
2.23861e-05
0.0137438
2.10224e-05
0.0137593
1.72837e-05
0.0137746
1.08654e-05
0.0137891
1.61016e-06
0.0138021
-1.06531e-05
0.0138129
-2.59724e-05
0.0138208
-4.43448e-05
0.0138253
-6.5658e-05
0.0138256
-8.96984e-05
0.0138213
-0.000116148
0.0138119
-0.000144588
0.0137971
-0.000174504
0.0137767
-0.000205294
0.0137506
-0.00023629
0.0137189
-0.000266766
0.0136818
-0.000295962
0.0136398
-0.000323103
0.0135932
-0.000347415
0.0135428
-0.000368144
0.0134892
-0.000384574
0.0134333
-0.000396039
0.0133759
-0.000401935
0.0133179
-0.000401732
0.0132604
-0.000394984
0.0132044
-0.000381337
0.013151
-0.000360542
0.0131011
-0.000332459
0.0130561
-0.000297078
0.0130168
-0.000254517
0.0129844
-0.000205068
0.0129598
-0.00014915
0.0129442
-8.74514e-05
0.0129384
-2.07503e-05
0.0129431
4.98364e-05
0.0129591
0.000122986
0.0129868
0.000197104
0.0130264
0.00027032
0.000340442
0.0142252
-3.99953e-05
0.0142145
-4.00231e-05
0.0142043
-3.92614e-05
0.0141949
-3.77204e-05
0.0141864
-3.54279e-05
0.0141791
-3.24304e-05
0.0141731
-2.87961e-05
0.0141685
-2.46155e-05
0.0141656
-2.00008e-05
0.0141644
-1.50887e-05
0.014165
-1.00381e-05
0.0141674
-5.03003e-06
0.0141716
-2.65941e-07
0.0141775
3.93966e-06
0.0141851
7.46871e-06
0.0141942
1.00238e-05
0.0142045
1.13437e-05
0.0142157
1.11699e-05
0.0142274
9.26152e-06
0.0142394
5.36978e-06
0.0142509
-7.14567e-07
0.0142617
-9.10682e-06
0.0142709
-1.99395e-05
0.0142782
-3.32678e-05
0.014283
-4.9077e-05
0.0142846
-6.72733e-05
0.0142826
-8.76811e-05
0.0142765
-0.000110041
0.0142659
-0.000134012
0.0142505
-0.000159173
0.0142303
-0.000185032
0.014205
-0.000211037
0.0141749
-0.000236587
0.0141399
-0.000261047
0.0141006
-0.000283765
0.0140573
-0.000304084
0.0140105
-0.00032136
0.0139609
-0.000334973
0.0139092
-0.000344346
0.0138562
-0.00034895
0.0138028
-0.000348317
0.0137499
-0.000342055
0.0136984
-0.000329849
0.0136493
-0.000311479
0.0136037
-0.000286825
0.0135625
-0.00025588
0.0135267
-0.000218763
0.0134974
-0.000175733
0.0134754
-0.000127193
0.0134617
-7.37343e-05
0.0134571
-1.61046e-05
0.0134622
4.47217e-05
0.0134776
0.000107558
0.0135037
0.000170985
0.0135407
0.000233354
0.000292752
0.0147328
-3.07852e-05
0.0147239
-3.10904e-05
0.0147154
-3.07695e-05
0.0147075
-2.9832e-05
0.0147004
-2.83031e-05
0.0146942
-2.62232e-05
0.0146891
-2.36511e-05
0.0146851
-2.066e-05
0.0146824
-1.73439e-05
0.0146812
-1.38161e-05
0.0146813
-1.02086e-05
0.014683
-6.67477e-06
0.0146861
-3.37865e-06
0.0146905
-4.85675e-07
0.0146962
1.74686e-06
0.0147031
3.17832e-06
0.0147108
3.58644e-06
0.0147193
2.76753e-06
0.014728
5.23246e-07
0.0147367
-3.36635e-06
0.014745
-8.98656e-06
0.0147524
-1.64944e-05
0.0147584
-2.59771e-05
0.0147626
-3.74733e-05
0.0147645
-5.09667e-05
0.0147636
-6.63793e-05
0.0147595
-8.35675e-05
0.0147518
-0.000102321
0.0147401
-0.000122361
0.0147243
-0.000143347
0.0147042
-0.000164877
0.0146796
-0.000186499
0.0146508
-0.000207718
0.0146177
-0.00022801
0.0145808
-0.000246829
0.0145403
-0.000263625
0.0144968
-0.000277854
0.0144508
-0.000288988
0.014403
-0.000296532
0.0143541
-0.000300031
0.0143049
-0.00029908
0.0142561
-0.000293338
0.0142088
-0.000282531
0.0141638
-0.000266469
0.014122
-0.00024505
0.0140844
-0.000218273
0.0140519
-0.000186247
0.0140254
-0.000149208
0.0140057
-0.000107521
0.0139937
-6.17107e-05
0.01399
-1.24494e-05
0.0139954
3.9405e-05
0.0140101
9.28093e-05
0.0140346
0.000146523
0.0140688
0.000199112
0.000248934
0.0152579
-2.32487e-05
0.0152505
-2.37444e-05
0.0152435
-2.37478e-05
0.015237
-2.32711e-05
0.015231
-2.2336e-05
0.0152257
-2.09764e-05
0.0152213
-1.92407e-05
0.0152179
-1.71896e-05
0.0152154
-1.49005e-05
0.0152141
-1.2465e-05
0.0152139
-9.99056e-06
0.0152148
-7.59726e-06
0.0152168
-5.4195e-06
0.0152199
-3.60675e-06
0.015224
-2.31805e-06
0.0152289
-1.70704e-06
0.0152344
-1.93873e-06
0.0152404
-3.17312e-06
0.0152464
-5.56279e-06
0.0152523
-9.25306e-06
0.0152577
-1.43569e-05
0.0152622
-2.09731e-05
0.0152654
-2.91671e-05
0.0152669
-3.8967e-05
0.0152662
-5.03568e-05
0.0152631
-6.32721e-05
0.0152572
-7.75961e-05
0.015248
-9.31583e-05
0.0152354
-0.000109735
0.0152191
-0.000127049
0.015199
-0.000144777
0.015175
-0.000162552
0.0151473
-0.00017997
0.0151159
-0.000196601
0.015081
-0.000211997
0.0150431
-0.000225702
0.0150025
-0.000237261
0.0149598
-0.000246234
0.0149154
-0.000252201
0.0148702
-0.000254779
0.0148247
-0.000253623
0.0147798
-0.000248442
0.0147363
-0.000239004
0.014695
-0.000225145
0.0146567
-0.000206782
0.0146224
-0.00018392
0.0145928
-0.000156655
0.0145688
-0.0001252
0.0145511
-8.98762e-05
0.0145406
-5.11436e-05
0.0145377
-9.59158e-06
0.0145431
3.40341e-05
0.014557
7.88338e-05
0.0145798
0.000123742
0.0146114
0.000167532
0.00020882
0.0158013
-1.7173e-05
0.0157953
-1.7776e-05
0.0157896
-1.7999e-05
0.0157841
-1.78544e-05
0.0157792
-1.73602e-05
0.0157747
-1.65445e-05
0.0157709
-1.54462e-05
0.0157679
-1.41154e-05
0.0157656
-1.26139e-05
0.0157641
-1.1015e-05
0.0157635
-9.40439e-06
0.0157638
-7.87812e-06
0.0157649
-6.54316e-06
0.0157669
-5.51448e-06
0.0157695
-4.91429e-06
0.0157726
-4.86822e-06
0.0157762
-5.50281e-06
0.0157799
-6.94211e-06
0.0157837
-9.30425e-06
0.0157871
-1.26974e-05
0.01579
-1.72129e-05
0.0157919
-2.29241e-05
0.0157927
-2.98794e-05
0.0157918
-3.80978e-05
0.015789
-4.75641e-05
0.0157839
-5.82251e-05
0.0157763
-6.99868e-05
0.0157659
-8.27128e-05
0.0157524
-9.62242e-05
0.0157356
-0.0001103
0.0157155
-0.000124682
0.0156921
-0.000139075
0.0156652
-0.000153156
0.0156352
-0.000166576
0.0156022
-0.000178972
0.0155665
-0.000189972
0.0155284
-0.000199205
0.0154885
-0.000206308
0.0154472
-0.000210935
0.0154052
-0.000212767
0.0153631
-0.000211516
0.0153216
-0.000206942
0.0152814
-0.00019885
0.0152434
-0.000187104
0.0152083
-0.000171639
0.0151768
-0.000152458
0.0151498
-0.000129652
0.015128
-0.000103402
0.0151121
-7.39895e-05
0.0151028
-4.18061e-05
0.0151005
-7.35664e-06
0.0151058
2.87234e-05
0.015119
6.56753e-05
0.0151401
0.000102602
0.0151692
0.000138478
0.000172158
0.0163641
-1.23508e-05
0.0163593
-1.29853e-05
0.0163546
-1.33354e-05
0.0163502
-1.34078e-05
0.016346
-1.32197e-05
0.0163423
-1.27936e-05
0.016339
-1.21599e-05
0.0163362
-1.13583e-05
0.016334
-1.04377e-05
0.0163325
-9.45575e-06
0.0163316
-8.47904e-06
0.0163313
-7.5823e-06
0.0163316
-6.84783e-06
0.0163324
-6.36437e-06
0.0163337
-6.22573e-06
0.0163354
-6.52829e-06
0.0163373
-7.36863e-06
0.0163392
-8.84118e-06
0.0163409
-1.10354e-05
0.0163422
-1.40326e-05
0.0163429
-1.79022e-05
0.0163427
-2.26983e-05
0.0163413
-2.84562e-05
0.0163384
-3.51881e-05
0.0163337
-4.28801e-05
0.0163269
-5.14892e-05
0.0163179
-6.09409e-05
0.0163063
-7.11277e-05
0.016292
-8.19094e-05
0.0162748
-9.31129e-05
0.0162547
-0.000104535
0.0162315
-0.000115944
0.0162054
-0.000127084
0.0161766
-0.000137681
0.016145
-0.000147446
0.0161111
-0.000156083
0.0160752
-0.000163295
0.0160377
-0.000168789
0.0159991
-0.000172289
0.0159598
-0.000173536
0.0159206
-0.000172297
0.015882
-0.000168376
0.0158448
-0.000161616
0.0158096
-0.000151908
0.0157772
-0.0001392
0.0157482
-0.000123498
0.0157234
-0.000104879
0.0157035
-8.34987e-05
0.0156891
-5.95903e-05
0.0156808
-3.34817e-05
0.0156791
-5.59146e-06
0.0156842
2.35525e-05
0.0156966
5.33291e-05
0.0157162
8.30031e-05
0.0157429
0.000111739
0.000138615
0.0169474
-8.58205e-06
0.0169436
-9.18301e-06
0.0169398
-9.57542e-06
0.0169362
-9.76613e-06
0.0169327
-9.76779e-06
0.0169295
-9.59871e-06
0.0169266
-9.28166e-06
0.0169241
-8.84726e-06
0.016922
-8.3327e-06
0.0169203
-7.78183e-06
0.0169191
-7.24482e-06
0.0169183
-6.77786e-06
0.0169179
-6.44271e-06
0.0169178
-6.30578e-06
0.0169181
-6.43684e-06
0.0169184
-6.90749e-06
0.0169189
-7.78939e-06
0.0169192
-9.15241e-06
0.0169192
-1.10625e-05
0.0169187
-1.35792e-05
0.0169176
-1.67534e-05
0.0169155
-2.0624e-05
0.0169123
-2.52158e-05
0.0169076
-3.05365e-05
0.0169013
-3.65739e-05
0.0168931
-4.32942e-05
0.0168828
-5.06402e-05
0.0168702
-5.85297e-05
0.0168552
-6.68557e-05
0.0168375
-7.54867e-05
0.0168173
-8.42675e-05
0.0167944
-9.30216e-05
0.0167688
-0.000101554
0.0167408
-0.000109654
0.0167104
-0.0001171
0.016678
-0.000123663
0.0166438
-0.000129115
0.0166083
-0.000133229
0.0165718
-0.000135789
0.0165348
-0.000136594
0.016498
-0.000135463
0.0164619
-0.000132242
0.0164271
-0.000126809
0.0163942
-0.000119079
0.0163641
-0.000109013
0.0163372
-9.66184e-05
0.0163143
-8.19559e-05
0.0162959
-6.51563e-05
0.0162827
-4.64048e-05
0.0162752
-2.59627e-05
0.0162738
-4.16623e-06
0.0162788
1.8565e-05
0.0162904
4.17412e-05
0.0163086
6.47822e-05
0.0163333
8.70331e-05
0.000107775
0.0175524
-5.66848e-06
0.0175494
-6.1786e-06
0.0175464
-6.5433e-06
0.0175434
-6.7683e-06
0.0175405
-6.86289e-06
0.0175377
-6.84075e-06
0.0175352
-6.71811e-06
0.0175328
-6.51721e-06
0.0175308
-6.26493e-06
0.017529
-5.99283e-06
0.0175275
-5.73685e-06
0.0175262
-5.53711e-06
0.0175252
-5.43757e-06
0.0175244
-5.48537e-06
0.0175237
-5.72992e-06
0.017523
-6.22181e-06
0.0175222
-7.01161e-06
0.0175212
-8.14848e-06
0.0175198
-9.67869e-06
0.0175179
-1.16439e-05
0.0175152
-1.40793e-05
0.0175116
-1.70119e-05
0.0175069
-2.04582e-05
0.0175007
-2.44225e-05
0.0174931
-2.88953e-05
0.0174836
-3.38515e-05
0.0174722
-3.92491e-05
0.0174587
-4.50287e-05
0.017443
-5.11128e-05
0.0174249
-5.74063e-05
0.0174044
-6.3797e-05
0.0173816
-7.01574e-05
0.0173564
-7.63459e-05
0.0173289
-8.22098e-05
0.0172994
-8.75881e-05
0.0172681
-9.23144e-05
0.0172352
-9.62209e-05
0.0172011
-9.91424e-05
0.0171662
-0.00010092
0.017131
-0.000101406
0.017096
-0.000100468
0.0170618
-9.79919e-05
0.0170289
-9.38882e-05
0.0169979
-8.80953e-05
0.0169694
-8.0583e-05
0.0169442
-7.1362e-05
0.0169227
-6.04789e-05
0.0169056
-4.80249e-05
0.0168933
-3.41542e-05
0.0168864
-1.90508e-05
0.0168852
-2.97299e-06
0.01689
1.37669e-05
0.016901
3.08049e-05
0.016918
4.77105e-05
0.0169411
6.39995e-05
7.91443e-05
0.0181805
-3.41089e-06
0.0181781
-3.78223e-06
0.0181757
-4.06215e-06
0.0181731
-4.25456e-06
0.0181706
-4.36498e-06
0.0181682
-4.40295e-06
0.0181659
-4.37874e-06
0.0181637
-4.30704e-06
0.0181616
-4.20524e-06
0.0181597
-4.09372e-06
0.018158
-3.99571e-06
0.0181564
-3.93711e-06
0.0181549
-3.94621e-06
0.0181534
-4.05324e-06
0.018152
-4.28984e-06
0.0181505
-4.68837e-06
0.0181487
-5.28111e-06
0.0181467
-6.09939e-06
0.0181442
-7.17262e-06
0.0181411
-8.52718e-06
0.0181372
-1.01853e-05
0.0181323
-1.21637e-05
0.0181263
-1.44726e-05
0.018119
-1.71143e-05
0.0181102
-2.0082e-05
0.0180997
-2.3359e-05
0.0180874
-2.69178e-05
0.0180731
-3.07194e-05
0.0180567
-3.47135e-05
0.0180381
-3.8838e-05
0.0180173
-4.302e-05
0.0179943
-4.71761e-05
0.0179692
-5.12143e-05
0.017942
-5.50348e-05
0.017913
-5.85321e-05
0.0178823
-6.15975e-05
0.0178502
-6.4121e-05
0.017817
-6.59939e-05
0.0177832
-6.71119e-05
0.0177492
-6.73776e-05
0.0177154
-6.67032e-05
0.0176824
-6.50144e-05
0.0176508
-6.22517e-05
0.0176211
-5.83749e-05
0.0175939
-5.33657e-05
0.0175697
-4.72278e-05
0.0175493
-3.99997e-05
0.017533
-3.17389e-05
0.0175214
-2.25471e-05
0.0175149
-1.25521e-05
0.0175138
-1.92485e-06
0.0175185
9.1263e-06
0.0175289
2.03597e-05
0.0175451
3.14892e-05
0.0175669
4.21951e-05
5.21297e-05
0.0188331
-1.5991e-06
0.0188311
-1.79605e-06
0.018829
-1.94855e-06
0.0188268
-2.05897e-06
0.0188246
-2.12993e-06
0.0188223
-2.16587e-06
0.0188201
-2.17211e-06
0.018818
-2.15585e-06
0.0188159
-2.12574e-06
0.0188139
-2.09191e-06
0.018812
-2.06582e-06
0.0188101
-2.06016e-06
0.0188082
-2.08882e-06
0.0188063
-2.16666e-06
0.0188044
-2.30922e-06
0.0188022
-2.53231e-06
0.0187998
-2.85175e-06
0.018797
-3.28282e-06
0.0187936
-3.83988e-06
0.0187896
-4.53577e-06
0.0187848
-5.38126e-06
0.0187791
-6.38444e-06
0.0187721
-7.55014e-06
0.0187639
-8.87928e-06
0.0187542
-1.03684e-05
0.0187428
-1.2009e-05
0.0187297
-1.37875e-05
0.0187147
-1.56844e-05
0.0186976
-1.76748e-05
0.0186785
-1.97279e-05
0.0186573
-2.18074e-05
0.018634
-2.38722e-05
0.0186087
-2.58765e-05
0.0185814
-2.77707e-05
0.0185524
-2.95024e-05
0.0185218
-3.10176e-05
0.0184899
-3.22615e-05
0.0184571
-3.31798e-05
0.0184237
-3.37208e-05
0.0183902
-3.38356e-05
0.018357
-3.34802e-05
0.0183246
-3.26182e-05
0.0182935
-3.1219e-05
0.0182644
-2.92633e-05
0.0182378
-2.67416e-05
0.0182142
-2.3657e-05
0.0181943
-2.00275e-05
0.0181784
-1.58846e-05
0.0181671
-1.12769e-05
0.0181609
-6.27083e-06
0.0181599
-9.52459e-07
0.0181644
4.57341e-06
0.0181746
1.01862e-05
0.0181904
1.57416e-05
0.0182115
2.10804e-05
2.60277e-05
0.0195116
0.0195098
0.0195079
0.0195058
0.0195037
0.0195015
0.0194994
0.0194972
0.0194951
0.019493
0.0194909
0.0194889
0.0194868
0.0194846
0.0194823
0.0194798
0.0194769
0.0194736
0.0194698
0.0194653
0.0194599
0.0194535
0.0194459
0.0194371
0.0194267
0.0194147
0.0194009
0.0193852
0.0193675
0.0193478
0.019326
0.0193021
0.0192763
0.0192485
0.019219
0.019188
0.0191557
0.0191225
0.0190888
0.019055
0.0190215
0.0189889
0.0189576
0.0189284
0.0189016
0.018878
0.018858
0.0188421
0.0188308
0.0188245
0.0188236
0.0188281
0.0188383
0.0188541
0.0188752
)
;

boundaryField
{
    inlet
    {
        type            calculated;
        value           nonuniform 0();
    }
    outlet
    {
        type            calculated;
        value           nonuniform 0();
    }
    cylinder
    {
        type            calculated;
        value           nonuniform 0();
    }
    top
    {
        type            symmetryPlane;
        value           uniform 0;
    }
    bottom
    {
        type            symmetryPlane;
        value           nonuniform 0();
    }
    defaultFaces
    {
        type            empty;
        value           nonuniform 0();
    }
    procBoundary14to10
    {
        type            processor;
        value           nonuniform List<scalar> 
57
(
-0.00147699
-0.000560255
0.000397122
0.00128257
0.00202004
0.00258646
0.00299322
0.00326825
0.00344227
0.00354126
0.00358473
0.00358679
0.00355648
0.00349837
0.00341594
0.00331261
0.00318602
0.003027
0.00283131
0.00260682
0.00235607
0.00205118
0.00163762
0.0010723
0.000360254
-0.000443286
-0.00125866
-0.00202265
-0.00270989
0.00159933
0.00156488
0.0015068
0.00142461
0.00131802
0.00118689
0.00103116
0.000850955
0.000646617
0.000418727
0.000168208
-0.000103295
-0.000391541
-0.000688678
-0.00098539
-0.001274
-0.00155076
-0.00181635
-0.00207364
-0.0023232
-0.00255713
-0.00275391
-0.00287884
-0.00289189
-0.00275465
-0.00243194
-0.00626731
-0.00190222
)
;
    }
    procBoundary14to11
    {
        type            processor;
        value           uniform 0.00453372;
    }
    procBoundary14to13
    {
        type            processor;
        value           nonuniform List<scalar> 
35
(
-0.00575416
-0.00597396
-0.00620122
-0.00643628
-0.0066795
-0.00693128
-0.00719206
-0.00746223
-0.00774214
-0.00803205
-0.00833219
-0.00864274
-0.00896388
-0.00929581
-0.00963875
-0.00999297
-0.0103587
-0.0107364
-0.0111263
-0.0115288
-0.0119444
-0.0123734
-0.0128166
-0.0132743
-0.0137473
-0.0142363
-0.0147421
-0.0152654
-0.0158074
-0.0163689
-0.0169511
-0.0175553
-0.0181828
-0.0188349
-0.0195132
)
;
    }
    procBoundary14to15
    {
        type            processor;
        value           nonuniform List<scalar> 
35
(
0.00471633
0.00490492
0.00509949
0.00530027
0.00550794
0.00572405
0.00595137
0.00619413
0.00645778
0.00674788
0.00706827
0.00741906
0.00779583
0.00819095
0.00859673
0.0090082
0.00942408
0.00984566
0.010275
0.010714
0.0111635
0.0116242
0.0120966
0.012581
0.0130781
0.0135884
0.0141126
0.0146515
0.0152059
0.0157765
0.0163641
0.0169697
0.0175939
0.0182376
0.0189012
)
;
    }
}


// ************************************************************************* //
