/*--------------------------------*- C++ -*----------------------------------*\
  =========                 |
  \\      /  F ield         | OpenFOAM: The Open Source CFD Toolbox
   \\    /   O peration     | Website:  https://openfoam.org
    \\  /    A nd           | Version:  7
     \\/     M anipulation  |
\*---------------------------------------------------------------------------*/
FoamFile
{
    version     2.0;
    format      ascii;
    class       surfaceScalarField;
    location    "65";
    object      phi;
}
// * * * * * * * * * * * * * * * * * * * * * * * * * * * * * * * * * * * * * //

dimensions      [0 3 -1 0 0 0 0];

internalField   nonuniform List<scalar> 
3881
(
0.0057211
-0.000652994
0.00571865
-0.000665805
0.00571528
-0.000682939
0.0057107
-0.000703575
0.00570469
-0.000726658
0.00569707
-0.000750938
0.00568776
-0.000775037
0.00567676
-0.000797504
0.00566415
-0.000816895
0.00565008
-0.000831834
0.00563476
-0.000841084
0.00561848
-0.000843594
0.00560157
-0.000838551
0.00558435
-0.000825399
0.00556721
-0.000803879
0.00555049
-0.000774013
-0.000736148
0.00599046
-0.000649608
0.00598641
-0.000661754
0.00598137
-0.000677903
0.00597508
-0.000697279
0.0059673
-0.000718885
0.00595791
-0.000741546
0.00594683
-0.000763959
0.00593409
-0.000784758
0.00591977
-0.000802581
0.00590407
-0.000816127
0.00588721
-0.000824228
0.0058695
-0.000825885
0.00585128
-0.000820327
0.0058329
-0.000807022
0.00581475
-0.000785723
0.00579718
-0.000756447
0.00578055
-0.000719522
0.00576519
-0.000675536
0.00575136
-0.000625389
0.0057393
-0.00057021
0.00572916
-0.000511424
0.00572105
-0.000450628
0.00571499
-0.000389661
0.00571093
-0.000330426
0.00570875
-0.000274968
0.00570824
-0.000225216
0.00570916
-0.000183082
0.0057112
-0.0001501
0.005714
-0.000127643
0.0057172
-0.000116356
0.00572038
-0.000116726
0.00572315
-0.00012805
0.00572513
-0.000149864
0.00572598
-0.000179834
0.0057254
-0.000216978
0.0057232
-0.000257276
0.00571922
-0.000300195
0.0057135
-0.000340082
0.00570602
-0.00037817
0.00569709
-0.00040718
0.00568677
-0.000431387
0.00567563
-0.000441865
0.00566366
-0.000446621
0.00565169
-0.000435458
0.0056395
-0.000419489
0.00562811
-0.000388927
0.00561695
-0.0003551
0.00560722
-0.000312687
0.00559801
-0.000267205
0.00559052
-0.000224711
0.00558366
-0.000175999
0.00557848
-0.000146711
0.00557392
-0.000104349
0.00557069
-9.8459e-05
0.00556794
-7.25699e-05
-9.14608e-05
0.00625998
-0.000644868
0.00625452
-0.000656292
0.00624803
-0.000671408
0.00624023
-0.000689486
0.00623094
-0.000709593
0.00622002
-0.000730626
0.00620743
-0.000751364
0.00619319
-0.000770525
0.00617744
-0.000786827
0.00616036
-0.000799045
0.00614221
-0.000806076
0.0061233
-0.000806975
0.00610398
-0.00080101
0.00608463
-0.000787672
0.00606563
-0.000766724
0.00604736
-0.000738177
0.00603017
-0.000702339
0.0060144
-0.000659766
0.00600033
-0.000611313
0.00598818
-0.000558057
0.00597811
-0.000501357
0.00597022
-0.000442738
0.00596452
-0.000383961
0.00596094
-0.000326851
0.00595934
-0.000273367
0.00595949
-0.000225365
0.00596109
-0.000184683
0.00596379
-0.000152801
0.00596719
-0.00013104
0.00597086
-0.000120023
0.00597435
-0.000120219
0.00597725
-0.000130942
0.00597913
-0.000151749
0.00597967
-0.000180375
0.00597858
-0.000215883
0.00597569
-0.00025439
0.00597088
-0.000295387
0.00596425
-0.000333448
0.0059558
-0.000369725
0.00594593
-0.000397302
0.00593469
-0.000420151
0.00592275
-0.000429921
0.00591009
-0.000433961
0.00589761
-0.000422977
0.00588505
-0.000406938
0.00587353
-0.000377402
0.00586243
-0.000344
0.00585297
-0.000303231
0.00584422
-0.000258447
0.00583734
-0.000217834
0.00583124
-0.000169895
0.00582682
-0.000142291
0.00582312
-0.000100654
0.00582053
-9.58667e-05
0.00581848
-7.0517e-05
-8.96693e-05
0.00652973
-0.000638943
0.00652304
-0.000649604
0.00651529
-0.000663654
0.00650622
-0.000680414
0.00649564
-0.000699015
0.00648344
-0.000718426
0.00646958
-0.00073751
0.00645412
-0.000755065
0.00643719
-0.000769893
0.00641899
-0.000780842
0.00639979
-0.000786875
0.00637991
-0.000787097
0.00635972
-0.000780816
0.00633959
-0.000767545
0.00631992
-0.000747053
0.00630109
-0.000719348
0.00628347
-0.000684715
0.00626738
-0.000643677
0.00625311
-0.000597043
0.00624089
-0.000545836
0.00623087
-0.000491345
0.00622316
-0.000435026
0.00621775
-0.000378552
0.00621457
-0.000323668
0.00621344
-0.000272241
0.00621413
-0.000226048
0.00621629
-0.000186844
0.00621954
-0.000156053
0.00622344
-0.000134939
0.00622752
-0.000124102
0.00623129
-0.000123997
0.00623432
-0.000133965
0.00623616
-0.00015359
0.00623648
-0.000180697
0.00623499
-0.000214398
0.00623157
-0.000250968
0.00622611
-0.000289921
0.00621874
-0.000326079
0.00620951
-0.000360499
0.00619886
-0.00038665
0.00618688
-0.000408171
0.00617428
-0.000417321
0.00616106
-0.000420739
0.00614816
-0.000410085
0.00613534
-0.000394117
0.00612374
-0.000365796
0.00611273
-0.000332991
0.00610355
-0.00029405
0.00609525
-0.000250147
0.00608895
-0.000211536
0.00608359
-0.00016454
0.0060799
-0.0001386
0.00607707
-9.78181e-05
0.00607511
-9.39149e-05
0.00607378
-6.91834e-05
-8.82178e-05
0.00680014
-0.000631981
0.00679239
-0.000641856
0.00678356
-0.000654826
0.00677341
-0.000670265
0.00676176
-0.000687366
0.00674851
-0.000705175
0.00673363
-0.000722633
0.00671719
-0.000738624
0.00669932
-0.000752026
0.00668025
-0.000761764
0.00666023
-0.000766861
0.00663961
-0.000766477
0.00661875
-0.000759954
0.00659803
-0.000746829
0.00657786
-0.000726878
0.00655861
-0.000700101
0.00654066
-0.000666762
0.00652433
-0.000627351
0.00650992
-0.00058263
0.00649765
-0.000533565
0.00648768
-0.000481378
0.00648011
-0.000427448
0.00647492
-0.000373363
0.00647203
-0.000320782
0.00647126
-0.000271475
0.00647235
-0.000227138
0.00647495
-0.000189437
0.00647863
-0.000159732
0.00648292
-0.000139232
0.00648733
-0.00012851
0.00649134
-0.00012801
0.00649448
-0.000137106
0.00649631
-0.000155418
0.00649648
-0.000180867
0.00649471
-0.000212626
0.00649088
-0.000247144
0.00648492
-0.000283952
0.00647698
-0.000318145
0.00646715
-0.000350667
0.0064559
-0.000375398
0.00644334
-0.000395613
0.00643023
-0.000404215
0.00641658
-0.000407089
0.00640339
-0.000396888
0.00639038
-0.000381113
0.00637874
-0.000354157
0.00636786
-0.000322107
0.00635895
-0.000285137
0.00635109
-0.000242293
0.00634533
-0.00020577
0.00634068
-0.000159896
0.00633767
-0.000135583
0.00633565
-9.58073e-05
0.00633432
-9.25824e-05
0.0063337
-6.85609e-05
-8.71483e-05
0.00707199
-0.000624103
0.00706331
-0.000633183
0.00705356
-0.000645077
0.00704251
-0.000659208
0.00702997
-0.000674833
0.00701587
-0.000691072
0.00700018
-0.000706945
0.00698298
-0.000721417
0.0069644
-0.000733445
0.00694466
-0.000742026
0.00692404
-0.000746246
0.00690288
-0.000745315
0.00688154
-0.000738611
0.0068604
-0.000725694
0.00683987
-0.000706346
0.00682033
-0.00068056
0.00680215
-0.000648579
0.00678566
-0.00061086
0.00677114
-0.000568116
0.00675884
-0.000521259
0.0067489
-0.000471438
0.00674141
-0.00041996
0.00673637
-0.000368322
0.00673368
-0.000318096
0.00673316
-0.000270955
0.00673453
-0.000228506
0.00673742
-0.000192326
0.0067414
-0.000163708
0.00674596
-0.000143799
0.00675061
-0.00013315
0.00675479
-0.000132192
0.00675802
-0.000140335
0.00675984
-0.000157238
0.0067599
-0.000180933
0.00675793
-0.000210652
0.00675382
-0.000243031
0.00674749
-0.000277622
0.00673914
-0.000309803
0.00672887
-0.000340395
0.00671719
-0.000363712
0.00670421
-0.000382639
0.00669074
-0.000390748
0.0066768
-0.000393141
0.00666339
-0.000383486
0.00665029
-0.00036801
0.00663866
-0.000342531
0.00662793
-0.000311376
0.00661928
-0.000276479
0.00661185
-0.000234865
0.00660656
-0.000200477
0.00660257
-0.000155908
0.00660015
-0.000133167
0.0065989
-9.45593e-05
0.00659815
-9.18264e-05
0.0065982
-6.86116e-05
-8.64795e-05
0.00734636
-0.000615391
0.00733686
-0.000623687
0.00732631
-0.000634524
0.00731447
-0.000647376
0.0073012
-0.000661564
0.00728641
-0.000676278
0.00727008
-0.000690616
0.00725229
-0.000703623
0.00723317
-0.000714332
0.00721296
-0.000721811
0.00719192
-0.000725208
0.00717039
-0.000723782
0.00714872
-0.000716946
0.00712731
-0.000704283
0.00710655
-0.000685582
0.00708682
-0.00066083
0.00706849
-0.000630247
0.00705188
-0.000594259
0.0070373
-0.000553531
0.00702496
-0.000508919
0.00701502
-0.000461501
0.00700757
-0.00041251
0.0070026
-0.000363352
0.00700002
-0.000315512
0.00699962
-0.000270562
0.00700114
-0.000230021
0.00700419
-0.000195374
0.00700832
-0.000167844
0.00701304
-0.000148516
0.00701781
-0.000137916
0.00702207
-0.000136461
0.00702534
-0.000143603
0.00702714
-0.000159039
0.00702713
-0.000180919
0.00702501
-0.000208534
0.0070207
-0.000238724
0.00701413
-0.000271048
0.00700552
-0.00030119
0.00699496
-0.000329833
0.00698299
-0.000351742
0.00696974
-0.000369397
0.00695605
-0.000377052
0.00694192
-0.000379017
0.00692841
-0.000369974
0.00691529
-0.000354886
0.00690371
-0.000330957
0.00689316
-0.000300824
0.00688474
-0.000268056
0.0068777
-0.000227832
0.00687282
-0.000195592
0.00686942
-0.000152505
0.00686752
-0.000131269
0.00686695
-9.3989e-05
0.00686671
-9.15851e-05
0.00686737
-6.92708e-05
-8.62066e-05
0.00762451
-0.000605897
0.00761425
-0.00061343
0.00760297
-0.000623244
0.00759045
-0.000634862
0.00757656
-0.000647664
0.00756119
-0.000660911
0.00754435
-0.000673775
0.0075261
-0.000685377
0.0075066
-0.000694827
0.00748605
-0.000701261
0.00746472
-0.000703886
0.00744295
-0.000702009
0.00742109
-0.000695082
0.00739951
-0.000682708
0.00737861
-0.000664683
0.00735877
-0.000640989
0.00734035
-0.000611824
0.00732367
-0.000577585
0.00730903
-0.000538887
0.00729665
-0.000496533
0.00728668
-0.000451531
0.0072792
-0.000405039
0.00727422
-0.000358372
0.00727164
-0.000312927
0.00727125
-0.000270178
0.00727279
-0.000231552
0.00727585
-0.000198443
0.00728001
-0.000172002
0.00728475
-0.000153251
0.00728952
-0.00014269
0.00729378
-0.000140724
0.00729703
-0.000146845
0.00729878
-0.000160789
0.00729869
-0.000180829
0.00729646
-0.000206312
0.00729203
-0.000234289
0.00728531
-0.000264326
0.00727654
-0.00029242
0.00726581
-0.000319108
0.00725369
-0.000339618
0.00724031
-0.000356018
0.0072265
-0.000363247
0.00721232
-0.000364828
0.00719877
-0.000356433
0.0071857
-0.000341808
0.00717421
-0.000319466
0.00716385
-0.000290464
0.00715564
-0.000259845
0.00714896
-0.000221156
0.00714441
-0.000191043
0.00714151
-0.000149604
0.00714003
-0.000129794
0.00714004
-9.39931e-05
0.00714023
-9.17813e-05
0.00714141
-7.04521e-05
-8.63019e-05
0.00790778
-0.000595641
0.00789679
-0.000602444
0.00788483
-0.000611281
0.00787169
-0.000621721
0.00785723
-0.000633202
0.00784137
-0.000645049
0.0078241
-0.000656509
0.0078055
-0.000666775
0.0077857
-0.00067503
0.00776491
-0.000680475
0.00774341
-0.000682378
0.00772149
-0.000680094
0.00769952
-0.000673108
0.00767786
-0.000661047
0.00765689
-0.000643715
0.00763699
-0.000621089
0.00761851
-0.000593347
0.00760178
-0.000560855
0.00758708
-0.000524183
0.00757462
-0.000484081
0.00756458
-0.000441485
0.00755702
-0.000397481
0.00755194
-0.000353295
0.00754926
-0.000310239
0.00754876
-0.000269682
0.00755018
-0.000232969
0.00755313
-0.000201394
0.00755717
-0.000176043
0.00756179
-0.000157872
0.00756646
-0.000147355
0.00757061
-0.000144881
0.00757375
-0.000149987
0.00757541
-0.000162442
0.00757523
-0.000180647
0.00757291
-0.000204001
0.0075684
-0.000229772
0.0075616
-0.000257525
0.00755276
-0.00028358
0.00754197
-0.000308324
0.0075298
-0.000327449
0.0075164
-0.000342613
0.00750258
-0.000349432
0.00748842
-0.000350667
0.00747492
-0.000342934
0.00746195
-0.000328834
0.00745056
-0.000308081
0.0074404
-0.000280305
0.00743237
-0.000251815
0.00742601
-0.000214789
0.00742172
-0.000186753
0.00741923
-0.000147112
0.00741808
-0.000128644
0.00741854
-9.44548e-05
0.00741908
-9.23269e-05
0.00742068
-7.20523e-05
-8.6718e-05
0.0081975
-0.00058462
0.0081858
-0.000590736
0.00817317
-0.000598652
0.00815942
-0.000607979
0.00814443
-0.00061821
0.00812812
-0.000628735
0.00811048
-0.000638868
0.00809158
-0.000647872
0.00807155
-0.000654999
0.00805059
-0.000659518
0.00802896
-0.000660749
0.00800696
-0.000658097
0.00798493
-0.000651081
0.00796324
-0.000639352
0.00794224
-0.000622719
0.00792231
-0.000601159
0.0079038
-0.00057483
0.00788701
-0.00054407
0.00787223
-0.000509403
0.00785968
-0.000471527
0.00784951
-0.000431311
0.00784179
-0.000389769
0.00783654
-0.000348038
0.00783364
-0.000307345
0.00783292
-0.000268962
0.0078341
-0.000234144
0.0078368
-0.000204097
0.00784059
-0.000179835
0.00784497
-0.000162249
0.0078494
-0.00015179
0.00785335
-0.000148828
0.00785631
-0.000152945
0.0078578
-0.000163939
0.0078575
-0.000180342
0.00785509
-0.000201596
0.00785052
-0.000225193
0.00784368
-0.000250691
0.00783484
-0.000274734
0.00782407
-0.000297558
0.00781194
-0.000315316
0.00779859
-0.00032927
0.00778485
-0.000335687
0.00777079
-0.000336607
0.00775738
-0.00032953
0.00774456
-0.000316005
0.00773329
-0.000296816
0.00772333
-0.000270343
0.00771545
-0.000243935
0.00770934
-0.00020868
0.00770523
-0.000182648
0.00770305
-0.000144929
0.00770212
-0.000127717
0.00770292
-9.52496e-05
0.00770372
-9.31257e-05
0.00770562
-7.39573e-05
-8.7391e-05
0.00849493
-0.000572819
0.00848249
-0.000578296
0.00846918
-0.000585351
0.00845484
-0.000593638
0.00843933
-0.0006027
0.00842258
-0.000611985
0.00840459
-0.000620872
0.00838541
-0.000628694
0.00836518
-0.000634767
0.00834408
-0.00063842
0.00832236
-0.000639031
0.00830031
-0.00063605
0.00827826
-0.00062903
0.00825656
-0.000617645
0.00823555
-0.000601714
0.0082156
-0.00058121
0.00819705
-0.000556274
0.00818019
-0.000527218
0.00816531
-0.000494521
0.00815262
-0.000458834
0.00814226
-0.000420955
0.00813433
-0.000381832
0.0081288
-0.000342515
0.00812561
-0.000304147
0.00812455
-0.000267906
0.00812537
-0.000234961
0.0081277
-0.000206426
0.00813111
-0.00018325
0.00813512
-0.000166258
0.00813921
-0.000155879
0.00814284
-0.000152461
0.00814553
-0.000155631
0.0081468
-0.000165213
0.00814633
-0.000179867
0.00814381
-0.000199077
0.00813917
-0.000220554
0.00813233
-0.000243846
0.00812351
-0.00026592
0.00811282
-0.000286863
0.00810078
-0.000303278
0.00808756
-0.000316053
0.00807394
-0.000322068
0.00806004
-0.000322704
0.00804677
-0.00031626
0.00803411
-0.00030335
0.00802297
-0.000285676
0.0080132
-0.000260568
0.00800543
-0.000236167
0.00799952
-0.000202768
0.00799552
-0.000178653
0.00799355
-0.000142955
0.00799275
-0.000126915
0.00799375
-9.62506e-05
0.0079947
-9.40783e-05
0.00799679
-7.60478e-05
-8.82442e-05
0.00880115
-0.000560216
0.00878796
-0.000565104
0.00877397
-0.000571365
0.00875902
-0.000578687
0.00874298
-0.000586662
0.00872579
-0.000594794
0.00870744
-0.000602523
0.00868799
-0.000609244
0.00866756
-0.000614337
0.00864633
-0.00061719
0.00862454
-0.000617234
0.00860245
-0.000613963
0.00858038
-0.000606963
0.00855867
-0.000595932
0.00853765
-0.000580699
0.00851768
-0.000561236
0.00849907
-0.000537666
0.00848213
-0.000510277
0.00846711
-0.000479506
0.00845424
-0.000445957
0.00844364
-0.000410363
0.00843542
-0.000373604
0.00842955
-0.000336647
0.00842596
-0.000300557
0.00842447
-0.000266415
0.00842482
-0.000235312
0.00842666
-0.000208269
0.00842959
-0.000186174
0.00843311
-0.000169786
0.00843675
-0.000159513
0.00843997
-0.000155679
0.00844229
-0.000157958
0.00844327
-0.000166191
0.00844257
-0.00017917
0.0084399
-0.000196408
0.00843519
-0.000215838
0.00842833
-0.000236992
0.00841957
-0.000257154
0.00840897
-0.000276269
0.00839707
-0.000291371
0.00838402
-0.000303003
0.00837056
-0.000308614
0.00835685
-0.000308994
0.00834374
-0.000303146
0.00833127
-0.000290883
0.00832025
-0.000274655
0.00831064
-0.000250958
0.00830295
-0.000228473
0.00829717
-0.000196994
0.00829322
-0.000174696
0.00829135
-0.000141089
0.00829058
-0.000126143
0.00829166
-9.73329e-05
0.00829267
-9.50847e-05
0.00829482
-7.82045e-05
-8.91926e-05
0.00911713
-0.000546787
0.00910317
-0.00055114
0.00908847
-0.000556671
0.00907289
-0.000563106
0.00905631
-0.000570079
0.00903866
-0.000577147
0.00901994
-0.000583806
0.00900021
-0.000589511
0.00897958
-0.000593701
0.00895821
-0.000595821
0.00893632
-0.00059535
0.00891419
-0.000591828
0.0088921
-0.000584872
0.00887037
-0.000574205
0.00884933
-0.000559663
0.00882932
-0.00054122
0.00881063
-0.000518984
0.00879358
-0.000493219
0.00877839
-0.000464322
0.00876529
-0.000432853
0.00875441
-0.000399481
0.00874582
-0.000365023
0.00873954
-0.000330365
0.00873548
-0.000296495
0.00873347
-0.000264403
0.00873326
-0.000235101
0.00873451
-0.000209526
0.00873684
-0.000188503
0.00873979
-0.00017273
0.00874287
-0.000162591
0.00874558
-0.000158389
0.00874746
-0.000159841
0.00874807
-0.000166802
0.00874709
-0.000178191
0.00874423
-0.000193547
0.00873941
-0.000211016
0.00873253
-0.000230116
0.00872381
-0.000248434
0.00871333
-0.000265786
0.00870157
-0.00027961
0.00868871
-0.000290142
0.00867544
-0.000295344
0.00866194
-0.000295496
0.00864899
-0.000290198
0.00863671
-0.000278605
0.0086258
-0.000263745
0.00861633
-0.000241486
0.00860867
-0.000220815
0.00860297
-0.000191293
0.00859899
-0.000170712
0.00859713
-0.000139233
0.0085963
-0.000125312
0.00859735
-9.83778e-05
0.00859831
-9.60476e-05
0.00860042
-8.03124e-05
-9.01475e-05
0.00944367
-0.000532515
0.00942892
-0.000536382
0.00941349
-0.000541249
0.00939726
-0.000546873
0.00938011
-0.000552929
0.00936199
-0.000559022
0.00934288
-0.0005647
0.00932284
-0.000569475
0.00930198
-0.000572839
0.00928045
-0.000574292
0.00925846
-0.000573362
0.00923626
-0.000569628
0.00921413
-0.00056274
0.00919237
-0.000552443
0.00917129
-0.000538585
0.00915121
-0.00052114
0.00913243
-0.000500202
0.00911523
-0.000476014
0.00909984
-0.000448935
0.00908647
-0.00041948
0.00907525
-0.000388262
0.00906626
-0.000356034
0.0090595
-0.000323606
0.0090549
-0.000291891
0.00905229
-0.000261793
0.00905143
-0.000234249
0.00905202
-0.000210113
0.00905367
-0.000190152
0.00905594
-0.000175002
0.00905838
-0.000165029
0.0090605
-0.000160509
0.00906186
-0.000161203
0.00906204
-0.000166977
0.00906072
-0.00017687
0.00905761
-0.000190445
0.00905265
-0.000206051
0.00904573
-0.000223193
0.00903704
-0.000239744
0.00902666
-0.000255409
0.00901504
-0.000267994
0.00900238
-0.000277476
0.0089893
-0.000282264
0.00897602
-0.000282214
0.00896323
-0.000277417
0.00895114
-0.000266509
0.00894032
-0.000252927
0.00893095
-0.000232122
0.00892329
-0.000213155
0.00891761
-0.000185605
0.00891353
-0.000166637
0.0089116
-0.000137297
0.00891063
-0.000124342
0.00891153
-9.92768e-05
0.00891235
-9.68755e-05
0.00891431
-8.22651e-05
-9.10202e-05
0.00978145
-0.000517382
0.00976588
-0.000520813
0.00974971
-0.000525081
0.00973281
-0.000529969
0.00971507
-0.000535191
0.00969645
-0.000540397
0.00967693
-0.000545182
0.00965656
-0.00054911
0.00963545
-0.000551726
0.00961374
-0.00055258
0.00959162
-0.000551244
0.00956933
-0.000547338
0.00954714
-0.000540542
0.00952532
-0.000530625
0.00950417
-0.000517442
0.00948401
-0.000500971
0.0094651
-0.000481294
0.00944771
-0.000458632
0.00943209
-0.00043331
0.00941841
-0.000405802
0.00940681
-0.000376664
0.00939737
-0.000346591
0.00939008
-0.000316318
0.00938488
-0.000286688
0.00938161
-0.000258524
0.00938005
-0.000232689
0.0093799
-0.000209961
0.00938079
-0.000191048
0.00938232
-0.000176529
0.00938405
-0.000166753
0.0093855
-0.000161968
0.00938628
-0.000161977
0.00938596
-0.000166654
0.00938424
-0.000175151
0.00938085
-0.000187054
0.0093757
-0.000200902
0.00936869
-0.000216191
0.00936001
-0.000231059
0.00934972
-0.00024512
0.00933824
-0.000256512
0.00932576
-0.000264997
0.00931286
-0.000269367
0.00929979
-0.000269141
0.00928717
-0.000264793
0.00927523
-0.000254577
0.00926449
-0.000242185
0.0092552
-0.000222828
0.0092475
-0.000205458
0.00924177
-0.00017987
0.00923755
-0.000162419
0.00923545
-0.0001352
0.00923427
-0.000123161
0.00923493
-9.99338e-05
0.00923553
-9.74841e-05
0.00923724
-8.39668e-05
-9.17258e-05
0.010131
-0.000501381
0.0101146
-0.000504423
0.0100977
-0.000508151
0.0100801
-0.000512376
0.0100618
-0.000516846
0.0100426
-0.000521248
0.0100227
-0.000525227
0.010002
-0.000528392
0.00998057
-0.000530337
0.00995865
-0.000530659
0.00993637
-0.000528971
0.00991397
-0.000524934
0.00989168
-0.000518254
0.00986978
-0.000508722
0.00984854
-0.000496206
0.00982826
-0.000480686
0.00980919
-0.00046223
0.00979161
-0.000441043
0.00977571
-0.000417416
0.00976169
-0.000391785
0.00974968
-0.000364651
0.00973974
-0.000336653
0.00973188
-0.000308459
0.00972604
-0.000280841
0.00972206
-0.000254546
0.00971974
-0.000230369
0.00971879
-0.000209013
0.00971888
-0.000191134
0.0097196
-0.000177254
0.00972055
-0.000167703
0.00972129
-0.000162708
0.00972142
-0.000162105
0.00972055
-0.000165778
0.00971838
-0.000172984
0.00971465
-0.000183328
0.00970928
-0.000195527
0.00970216
-0.000209075
0.00969345
-0.000222349
0.00968323
-0.000234895
0.00967186
-0.000245144
0.00965955
-0.000252688
0.00964682
-0.000256639
0.00963394
-0.000256262
0.00962146
-0.000252312
0.00960967
-0.000242788
0.00959899
-0.000231496
0.00958973
-0.000213572
0.00958196
-0.000197692
0.00957613
-0.000174036
0.00957172
-0.000158011
0.00956939
-0.000132869
0.00956793
-0.000121705
0.00956827
-0.000100267
0.00956858
-9.77988e-05
0.00956995
-8.53345e-05
-9.21857e-05
0.0104929
-0.000484506
0.0104757
-0.000487202
0.010458
-0.000490449
0.0104397
-0.00049408
0.0104207
-0.000497874
0.0104011
-0.000501558
0.0103806
-0.000504813
0.0103595
-0.000507296
0.0103379
-0.000508645
0.0103157
-0.0005085
0.0102932
-0.000506515
0.0102707
-0.000502385
0.0102483
-0.000495846
0.0102263
-0.000486709
0.0102049
-0.000474852
0.0101845
-0.000460257
0.0101652
-0.000442984
0.0101474
-0.000423219
0.0101312
-0.000401225
0.0101168
-0.000377398
0.0101044
-0.000352191
0.0100939
-0.000326188
0.0100854
-0.000299992
0.0100789
-0.000274313
0.0100742
-0.000249822
0.0100711
-0.000227249
0.0100693
-0.000207229
0.0100685
-0.000190366
0.0100684
-0.000177131
0.0100685
-0.000167835
0.0100685
-0.000162681
0.0100679
-0.000161541
0.0100665
-0.000164304
0.0100638
-0.000170322
0.0100597
-0.000179224
0.0100541
-0.000189887
0.0100468
-0.000201808
0.010038
-0.000213583
0.0100278
-0.000224707
0.0100166
-0.000233865
0.0100044
-0.000240528
0.00999182
-0.000244063
0.00997912
-0.000243557
0.00996677
-0.000239959
0.0099551
-0.000231119
0.00994444
-0.000220843
0.00993519
-0.000204319
0.00992733
-0.000189829
0.00992135
-0.000168056
0.00991671
-0.000153372
0.00991409
-0.000130247
0.0099123
-0.000119922
0.00991224
-0.000100208
0.0099122
-9.77552e-05
0.00991316
-8.62988e-05
-9.23305e-05
0.0108676
-0.000466758
0.0108496
-0.000469149
0.0108311
-0.000471968
0.0108121
-0.000475071
0.0107925
-0.000478263
0.0107722
-0.000481306
0.0107513
-0.000483919
0.0107298
-0.000485799
0.0107078
-0.000486624
0.0106854
-0.000486077
0.0106627
-0.000483848
0.01064
-0.000479665
0.0106174
-0.00047329
0.0105953
-0.000464555
0.0105738
-0.000453349
0.0105532
-0.000439656
0.0105337
-0.000423528
0.0105156
-0.000405135
0.0104991
-0.000384709
0.0104843
-0.000362615
0.0104714
-0.000339256
0.0104604
-0.000315169
0.0104513
-0.000290892
0.010444
-0.000267074
0.0104385
-0.000244321
0.0104346
-0.000223299
0.0104319
-0.000204577
0.0104303
-0.000188712
0.0104293
-0.000176126
0.0104286
-0.000167113
0.0104277
-0.000161853
0.0104264
-0.000160248
0.0104243
-0.000162193
0.0104211
-0.000167129
0.0104166
-0.000174705
0.0104107
-0.000183945
0.0104032
-0.000194357
0.0103944
-0.000204728
0.0103842
-0.000214525
0.010373
-0.00022265
0.0103609
-0.000228491
0.0103485
-0.000231617
0.0103359
-0.000231003
0.0103237
-0.000227715
0.0103121
-0.000219544
0.0103015
-0.000210205
0.0102922
-0.000195038
0.0102842
-0.000181846
0.010278
-0.000161891
0.0102731
-0.000148472
0.0102702
-0.000127285
0.010268
-0.00011777
0.0102675
-9.97044e-05
0.0102671
-9.72994e-05
0.0102676
-8.68033e-05
-9.21003e-05
0.0112555
-0.000448139
0.0112366
-0.000450262
0.0112174
-0.000452704
0.0111976
-0.00045534
0.0111774
-0.000458001
0.0111565
-0.000460478
0.0111351
-0.000462525
0.0111132
-0.000463877
0.0110908
-0.00046425
0.0110681
-0.000463362
0.0110452
-0.00046094
0.0110223
-0.000456743
0.0109996
-0.000450557
0.0109772
-0.000442233
0.0109556
-0.000431671
0.0109348
-0.000418857
0.0109151
-0.000403836
0.0108967
-0.000386763
0.0108798
-0.000367844
0.0108646
-0.000347411
0.0108512
-0.000325824
0.0108396
-0.00030357
0.0108298
-0.000281133
0.0108219
-0.000259102
0.0108156
-0.00023802
0.0108108
-0.000218494
0.0108072
-0.000201033
0.0108047
-0.000186148
0.0108027
-0.000174214
0.0108011
-0.000165511
0.0107995
-0.000160195
0.0107974
-0.000158197
0.0107947
-0.000159416
0.0107909
-0.000163373
0.0107859
-0.00016974
0.0107797
-0.00017767
0.010772
-0.000186689
0.010763
-0.000195754
0.0107528
-0.00020432
0.0107416
-0.000211472
0.0107297
-0.000216551
0.0107174
-0.000219279
0.0107049
-0.000218577
0.0106928
-0.000215562
0.0106813
-0.00020804
0.0106706
-0.000199566
0.0106613
-0.000185703
0.0106532
-0.000173722
0.0106468
-0.000155509
0.0106416
-0.000143283
0.0106383
-0.000123947
0.0106357
-0.000115213
0.0106347
-9.87162e-05
0.0106338
-9.63885e-05
0.0106338
-8.68043e-05
-9.14457e-05
0.0116571
-0.000428656
0.0116374
-0.000430544
0.0116173
-0.000432655
0.0115969
-0.000434881
0.0115759
-0.000437076
0.0115545
-0.000439058
0.0115326
-0.000440614
0.0115102
-0.00044151
0.0114875
-0.000441497
0.0114644
-0.00044033
0.0114413
-0.000437765
0.0114181
-0.00043359
0.0113952
-0.000427616
0.0113727
-0.000419713
0.0113508
-0.000409787
0.0113297
-0.00039783
0.0113098
-0.00038388
0.0112911
-0.000368077
0.0112739
-0.000350605
0.0112582
-0.000331762
0.0112443
-0.000311871
0.0112321
-0.000291372
0.0112216
-0.000270697
0.0112129
-0.000250379
0.0112058
-0.000230902
0.0112001
-0.000212817
0.0111957
-0.000196581
0.0111922
-0.000182656
0.0111893
-0.000171379
0.0111868
-0.00016301
0.0111843
-0.000157688
0.0111815
-0.000155366
0.011178
-0.000155949
0.0111737
-0.000159029
0.0111682
-0.0001643
0.0111616
-0.000171033
0.0111537
-0.000178775
0.0111446
-0.000186632
0.0111343
-0.000194063
0.0111231
-0.000200305
0.0111113
-0.000204681
0.011099
-0.000207029
0.0110867
-0.000206254
0.0110746
-0.000203482
0.0110632
-0.000196584
0.0110525
-0.000188909
0.0110431
-0.000176291
0.0110348
-0.000165441
0.0110282
-0.000148886
0.0110227
-0.000137786
0.011019
-0.000120207
0.011016
-0.000112225
0.0110145
-9.72145e-05
0.0110131
-9.49889e-05
0.0110125
-8.62688e-05
-9.03269e-05
0.0120728
-0.000408316
0.0120522
-0.000409999
0.0120314
-0.00041182
0.0120102
-0.00041369
0.0119886
-0.00041548
0.0119666
-0.000417034
0.0119441
-0.000418166
0.0119213
-0.000418674
0.0118982
-0.000418341
0.0118748
-0.000416951
0.0118513
-0.000414291
0.0118279
-0.000410176
0.0118047
-0.000404438
0.011782
-0.000396963
0.0117598
-0.000387668
0.0117386
-0.000376547
0.0117183
-0.000363632
0.0116993
-0.000349052
0.0116816
-0.000332967
0.0116655
-0.000315647
0.011651
-0.000297378
0.0116382
-0.000278556
0.0116271
-0.000259565
0.0116176
-0.000240887
0.0116096
-0.000222952
0.0116031
-0.000206257
0.0115977
-0.000191207
0.0115933
-0.000178225
0.0115895
-0.000167607
0.0115861
-0.000159597
0.0115827
-0.000154317
0.0115791
-0.000151738
0.0115749
-0.000151772
0.01157
-0.000154075
0.011564
-0.000158362
0.011557
-0.000164009
0.0115488
-0.000170589
0.0115395
-0.000177335
0.0115292
-0.000183726
0.011518
-0.000189123
0.0115062
-0.000192855
0.011494
-0.000194842
0.0114817
-0.00019401
0.0114697
-0.000191456
0.0114583
-0.000185154
0.0114476
-0.000178218
0.0114381
-0.000166781
0.0114296
-0.000156989
0.0114228
-0.000142002
0.0114169
-0.000131965
0.0114128
-0.000116045
0.0114093
-0.000108786
0.0114073
-9.51799e-05
0.0114054
-9.30759e-05
0.0114043
-8.51732e-05
-8.87135e-05
0.0125031
-0.000387126
0.0124818
-0.000388629
0.0124601
-0.0003902
0.0124382
-0.000391761
0.0124159
-0.000393203
0.0123933
-0.000394391
0.0123703
-0.000395164
0.012347
-0.000395349
0.0123234
-0.000394755
0.0122996
-0.000393197
0.0122758
-0.000390489
0.0122521
-0.000386468
0.0122287
-0.000380988
0.0122056
-0.00037395
0.0121833
-0.00036528
0.0121617
-0.000354976
0.0121411
-0.000343063
0.0121217
-0.000329659
0.0121037
-0.000314904
0.0120871
-0.000299041
0.012072
-0.000282322
0.0120586
-0.000265103
0.0120467
-0.000247723
0.0120364
-0.000230615
0.0120276
-0.000214159
0.0120202
-0.000198803
0.0120139
-0.000184905
0.0120085
-0.000172846
0.0120038
-0.000162891
0.0119995
-0.000155264
0.0119952
-0.000150072
0.0119908
-0.000147301
0.0119859
-0.000146872
0.0119803
-0.000148493
0.0119738
-0.000151906
0.0119664
-0.000156574
0.0119579
-0.000162104
0.0119484
-0.000167838
0.011938
-0.000173281
0.0119268
-0.0001779
0.0119149
-0.000181045
0.0119028
-0.000182695
0.0118906
-0.00018182
0.0118786
-0.000179464
0.0118672
-0.000173728
0.0118565
-0.000167479
0.0118468
-0.000157155
0.0118382
-0.000148352
0.011831
-0.000134842
0.0118249
-0.000125807
0.0118203
-0.00011145
0.0118164
-0.000104883
0.0118138
-9.26e-05
0.0118113
-9.06319e-05
0.0118097
-8.35013e-05
-8.65824e-05
0.0129486
-0.000365093
0.0129264
-0.00036644
0.012904
-0.000367794
0.0128814
-0.00036909
0.0128584
-0.000370235
0.0128351
-0.000371114
0.0128115
-0.000371589
0.0127877
-0.00037151
0.0127637
-0.000370714
0.0127395
-0.000369039
0.0127153
-0.000366325
0.0126913
-0.000362433
0.0126676
-0.000357233
0.0126442
-0.00035064
0.0126216
-0.000342591
0.0125997
-0.000333083
0.0125787
-0.000322142
0.0125589
-0.000309869
0.0125404
-0.00029639
0.0125233
-0.000281921
0.0125077
-0.000266684
0.0124936
-0.000250996
0.012481
-0.000235156
0.0124699
-0.00021955
0.0124603
-0.000204513
0.0124519
-0.000190447
0.0124447
-0.000177667
0.0124384
-0.000166515
0.0124327
-0.000157226
0.0124274
-0.000150004
0.0124223
-0.000144945
0.0124171
-0.000142046
0.0124114
-0.000141235
0.0124052
-0.000142268
0.0123982
-0.000144912
0.0123903
-0.000148709
0.0123815
-0.000153296
0.0123718
-0.000158115
0.0123612
-0.0001627
0.0123499
-0.000166609
0.0123381
-0.000169224
0.012326
-0.000170565
0.0123138
-0.000169658
0.0123018
-0.000167487
0.0122904
-0.000162286
0.0122796
-0.000156676
0.0122698
-0.000147397
0.012261
-0.000139519
0.0122536
-0.000127395
0.0122471
-0.000119302
0.012242
-0.000106414
0.0122376
-0.000100506
0.0122345
-8.94676e-05
0.0122315
-8.76452e-05
0.0122293
-8.12429e-05
-8.39169e-05
0.0134099
-0.000342224
0.0133868
-0.000343432
0.0133637
-0.0003446
0.0133402
-0.000345671
0.0133166
-0.000346566
0.0132926
-0.000347189
0.0132685
-0.000347421
0.0132441
-0.000347134
0.0132196
-0.000346187
0.013195
-0.000344445
0.0131704
-0.000341767
0.013146
-0.000338034
0.0131219
-0.000333135
0.0130983
-0.000326996
0.0130752
-0.000319563
0.013053
-0.000310835
0.0130317
-0.000300834
0.0130115
-0.000289651
0.0129925
-0.000277397
0.0129748
-0.000264262
0.0129586
-0.000250441
0.0129438
-0.000236216
0.0129305
-0.000221848
0.0129186
-0.00020768
0.0129081
-0.000194007
0.0128989
-0.000181184
0.0128907
-0.00016949
0.0128834
-0.00015923
0.0128768
-0.000150609
0.0128706
-0.000143815
0.0128646
-0.000138932
0.0128585
-0.000135965
0.0128521
-0.000134852
0.0128452
-0.000135388
0.0128377
-0.000137364
0.0128294
-0.000140392
0.0128202
-0.000144142
0.0128102
-0.000148141
0.0127995
-0.000151957
0.0127881
-0.000155224
0.0127762
-0.000157364
0.0127641
-0.000158425
0.0127519
-0.0001575
0.01274
-0.000155502
0.0127285
-0.000150805
0.0127176
-0.00014579
0.0127077
-0.000137492
0.0126986
-0.000130476
0.0126909
-0.000119651
0.012684
-0.000112442
0.0126786
-0.00010093
0.0126737
-9.56478e-05
0.01267
-8.57796e-05
0.0126665
-8.41084e-05
0.0126636
-7.8392e-05
-8.07053e-05
0.0138874
-0.000318523
0.0138636
-0.000319609
0.0138396
-0.000320615
0.0138154
-0.000321496
0.013791
-0.000322184
0.0137664
-0.000322598
0.0137417
-0.000322637
0.0137167
-0.000322193
0.0136917
-0.000321147
0.0136666
-0.000319381
0.0136416
-0.000316778
0.0136168
-0.000313234
0.0135924
-0.000308655
0.0135683
-0.000302978
0.0135449
-0.000296157
0.0135223
-0.000288193
0.0135006
-0.000279105
0.0134799
-0.000268974
0.0134604
-0.000257895
0.0134422
-0.000246038
0.0134253
-0.000233573
0.0134098
-0.000220746
0.0133958
-0.000207786
0.0133831
-0.000194997
0.0133717
-0.000182633
0.0133615
-0.000171011
0.0133524
-0.000160372
0.0133442
-0.000150989
0.0133366
-0.000143041
0.0133295
-0.000136697
0.0133226
-0.00013203
0.0133157
-0.000129056
0.0133085
-0.000127714
0.013301
-0.000127841
0.0132929
-0.000129246
0.0132841
-0.000131605
0.0132746
-0.00013462
0.0132643
-0.000137891
0.0132534
-0.000141024
0.0132419
-0.000143716
0.0132299
-0.000145435
0.0132178
-0.000146248
0.0132056
-0.000145318
0.0131936
-0.000143485
0.013182
-0.000139265
0.013171
-0.000134803
0.013161
-0.000127422
0.0131517
-0.000121211
0.0131436
-0.000111601
0.0131364
-0.000105219
0.0131305
-9.49961e-05
0.0131251
-9.03049e-05
0.0131209
-8.15353e-05
0.0131168
-8.0018e-05
0.0131134
-7.49465e-05
-7.69402e-05
0.0143819
-0.000293992
0.0143573
-0.000294967
0.0143325
-0.000295834
0.0143076
-0.000296555
0.0142825
-0.000297074
0.0142572
-0.000297322
0.0142318
-0.000297215
0.0142062
-0.000296661
0.0141806
-0.000295559
0.0141551
-0.000293812
0.0141296
-0.000291318
0.0141044
-0.000287992
0.0140795
-0.000283751
0.014055
-0.000278545
0.0140312
-0.000272334
0.0140081
-0.000265119
0.0139859
-0.000256918
0.0139648
-0.000247802
0.0139447
-0.000237855
0.0139259
-0.000227224
0.0139084
-0.000216056
0.0138922
-0.000204568
0.0138774
-0.000192957
0.0138639
-0.000181489
0.0138516
-0.000170386
0.0138406
-0.000159925
0.0138305
-0.000150314
0.0138213
-0.000141795
0.0138128
-0.000134523
0.0138047
-0.000128651
0.013797
-0.000124241
0.0137892
-0.000121314
0.0137813
-0.000119818
0.0137731
-0.000119617
0.0137644
-0.000120546
0.0137551
-0.000122331
0.0137452
-0.000124707
0.0137347
-0.00012734
0.0137235
-0.000129872
0.0137118
-0.000132057
0.0136998
-0.000133406
0.0136876
-0.000134003
0.0136753
-0.000133082
0.0136633
-0.000131409
0.0136516
-0.000127639
0.0136405
-0.000123695
0.0136303
-0.000117172
0.0136208
-0.00011171
0.0136124
-0.000103235
0.0136048
-9.76261e-05
0.0135984
-8.86099e-05
0.0135926
-8.44751e-05
0.0135878
-7.67363e-05
0.0135832
-7.5373e-05
0.0135791
-7.09066e-05
-7.26173e-05
0.0149195
-0.000267647
0.0148941
-0.000268629
0.0148686
-0.000269503
0.0148431
-0.00027025
0.0148173
-0.000270838
0.0147915
-0.00027122
0.0147655
-0.00027134
0.0147394
-0.000271127
0.0147133
-0.000270505
0.0146871
-0.00026939
0.014661
-0.000267699
0.014635
-0.000265348
0.0146093
-0.000262265
0.0145839
-0.00025838
0.014559
-0.000253653
0.0145347
-0.000248048
0.0145112
-0.00024157
0.0144885
-0.000234233
0.0144668
-0.000226101
0.0144462
-0.000217244
0.0144268
-0.000207791
0.0144086
-0.000197868
0.0143917
-0.000187663
0.0143761
-0.000177348
0.0143617
-0.00016715
0.0143486
-0.000157262
0.0143366
-0.000147925
0.0143256
-0.000139318
0.0143155
-0.000131653
0.014306
-0.000125061
0.014297
-0.000119682
0.0142883
-0.000115568
0.0142798
-0.000112742
0.0142711
-0.000111159
0.0142622
-0.00011071
0.0142529
-0.00011125
0.0142431
-0.000112553
0.0142328
-0.000114382
0.0142219
-0.000116463
0.0142105
-0.000118473
0.0141987
-0.000120215
0.0141865
-0.000121247
0.0141742
-0.00012166
0.0141619
-0.000120762
0.0141497
-0.000119246
0.014138
-0.000115903
0.0141267
-0.000112444
0.0141163
-0.000106723
0.0141065
-0.00010196
0.0140978
-9.45456e-05
0.0140899
-8.96569e-05
0.014083
-8.17699e-05
0.0140767
-7.81577e-05
0.0140714
-7.13858e-05
0.0140662
-7.01748e-05
0.0140615
-6.62757e-05
-6.77352e-05
0.0154509
-0.000241528
0.0154247
-0.00024243
0.0153984
-0.000243209
0.015372
-0.00024385
0.0153455
-0.000244326
0.0153189
-0.000244601
0.0152922
-0.000244627
0.0152654
-0.000244345
0.0152386
-0.000243693
0.0152118
-0.000242602
0.0151851
-0.000241002
0.0151585
-0.000238823
0.0151323
-0.000236007
0.0151064
-0.000232495
0.015081
-0.000228254
0.0150562
-0.000223255
0.0150321
-0.000217503
0.0150089
-0.00021101
0.0149867
-0.000203831
0.0149654
-0.000196028
0.0149454
-0.00018771
0.0149265
-0.000178985
0.0149088
-0.000170015
0.0148924
-0.000160945
0.0148772
-0.000151972
0.0148632
-0.000143258
0.0148503
-0.000135013
0.0148384
-0.000127388
0.0148273
-0.000120567
0.0148169
-0.000114663
0.014807
-0.000109798
0.0147975
-0.000106015
0.0147881
-0.000103341
0.0147787
-0.000101736
0.0147691
-0.000101115
0.0147592
-0.000101348
0.0147489
-0.000102255
0.0147381
-0.000103625
0.0147269
-0.000105235
0.0147152
-0.000106798
0.0147031
-0.00010816
0.0146908
-0.000108923
0.0146783
-0.000109186
0.0146659
-0.000108326
0.0146536
-0.000106966
0.0146418
-0.00010403
0.0146303
-0.000101024
0.0146197
-9.60563e-05
0.0146096
-9.19432e-05
0.0146006
-8.55216e-05
0.0145923
-8.13048e-05
0.014585
-7.44753e-05
0.0145782
-7.13535e-05
0.0145723
-6.54885e-05
0.0145665
-6.44272e-05
0.0145613
-6.1059e-05
-6.22952e-05
0.0160015
-0.000214568
0.0159745
-0.000215384
0.0159473
-0.000216071
0.0159201
-0.000216618
0.0158928
-0.000217002
0.0158654
-0.000217193
0.0158379
-0.000217154
0.0158104
-0.000216835
0.0157829
-0.000216188
0.0157554
-0.000215153
0.0157281
-0.000213675
0.015701
-0.000211696
0.0156741
-0.000209169
0.0156477
-0.000206046
0.0156217
-0.000202299
0.0155964
-0.000197905
0.0155717
-0.00019287
0.0155479
-0.000187204
0.0155251
-0.000180955
0.0155032
-0.000174173
0.0154824
-0.000166953
0.0154628
-0.000159384
0.0154444
-0.000151605
0.0154272
-0.000143737
0.0154112
-0.000135948
0.0153963
-0.000128374
0.0153825
-0.000121193
0.0153696
-0.000114532
0.0153576
-0.00010855
0.0153463
-0.000103339
0.0153355
-9.90083e-05
0.0153251
-9.55918e-05
0.0153149
-9.31187e-05
0.0153047
-9.15516e-05
0.0152944
-9.08272e-05
0.0152839
-9.08324e-05
0.015273
-9.14226e-05
0.0152618
-9.2415e-05
0.0152502
-9.36311e-05
0.0152383
-9.48179e-05
0.015226
-9.58589e-05
0.0152134
-9.64001e-05
0.0152008
-9.65438e-05
0.0151882
-9.57379e-05
0.0151758
-9.45349e-05
0.0151637
-9.19881e-05
0.0151521
-8.94103e-05
0.0151412
-8.51503e-05
0.0151309
-8.16446e-05
0.0151215
-7.61534e-05
0.0151128
-7.25637e-05
0.015105
-6.67261e-05
0.0150978
-6.40643e-05
0.0150913
-5.90512e-05
0.015085
-5.81359e-05
0.0150792
-5.52649e-05
-5.63015e-05
0.0165722
-0.000186751
0.0165443
-0.000187475
0.0165163
-0.000188072
0.0164882
-0.000188533
0.01646
-0.000188839
0.0164318
-0.000188968
0.0164035
-0.000188888
0.0163752
-0.000188561
0.016347
-0.000187947
0.0163189
-0.000186998
0.0162908
-0.00018567
0.0162631
-0.000183917
0.0162356
-0.000181699
0.0162085
-0.000178979
0.016182
-0.000175734
0.016156
-0.000171948
0.0161308
-0.000167623
0.0161063
-0.00016277
0.0160828
-0.000157429
0.0160603
-0.000151642
0.0160388
-0.000145488
0.0160185
-0.000139041
0.0159993
-0.000132416
0.0159813
-0.000125713
0.0159644
-0.000119074
0.0159486
-0.00011261
0.0159339
-0.00010647
0.0159201
-0.000100759
0.0159072
-9.56118e-05
0.0158949
-9.11036e-05
0.0158833
-8.73276e-05
0.015872
-8.43112e-05
0.0158609
-8.20837e-05
0.01585
-8.06113e-05
0.015839
-7.98482e-05
0.0158279
-7.96968e-05
0.0158165
-8.00451e-05
0.0158048
-8.07349e-05
0.0157928
-8.1628e-05
0.0157805
-8.25042e-05
0.0157679
-8.32793e-05
0.0157552
-8.36432e-05
0.0157423
-8.36982e-05
0.0157296
-8.2962e-05
0.0157169
-8.19183e-05
0.0157047
-7.97469e-05
0.0156929
-7.75742e-05
0.0156817
-7.39827e-05
0.0156711
-7.10462e-05
0.0156614
-6.64302e-05
0.0156522
-6.34273e-05
0.015644
-5.85229e-05
0.0156363
-5.62936e-05
0.0156293
-5.20825e-05
0.0156225
-5.13091e-05
0.0156161
-4.89043e-05
-4.97616e-05
0.0171638
-0.000158056
0.017135
-0.000158681
0.0171061
-0.000159187
0.0170772
-0.000159567
0.0170481
-0.000159808
0.0170191
-0.000159891
0.01699
-0.000159792
0.0169609
-0.000159481
0.0169319
-0.000158925
0.0169029
-0.000158088
0.0168742
-0.000156935
0.0168457
-0.000155429
0.0168176
-0.000153539
0.0167898
-0.000151237
0.0167626
-0.000148504
0.016736
-0.000145326
0.0167101
-0.000141709
0.0166849
-0.000137659
0.0166607
-0.000133211
0.0166375
-0.000128398
0.0166153
-0.000123284
0.0165942
-0.00011793
0.0165742
-0.00011243
0.0165553
-0.000106863
0.0165376
-0.000101347
0.016521
-9.59689e-05
0.0165053
-9.08535e-05
0.0164907
-8.60835e-05
0.0164768
-8.17707e-05
0.0164637
-7.79745e-05
0.0164511
-7.47743e-05
0.016439
-7.21899e-05
0.0164272
-7.02499e-05
0.0164155
-6.89241e-05
0.0164038
-6.81815e-05
0.0163921
-6.79385e-05
0.0163801
-6.81123e-05
0.016368
-6.85676e-05
0.0163556
-6.92024e-05
0.0163429
-6.98276e-05
0.01633
-7.03874e-05
0.016317
-7.0615e-05
0.0163039
-7.06101e-05
0.0162909
-6.99594e-05
0.016278
-6.90787e-05
0.0162655
-6.7272e-05
0.0162535
-6.54857e-05
0.016242
-6.25293e-05
0.0162311
-6.01291e-05
0.016221
-5.63407e-05
0.0162115
-5.38897e-05
0.0162028
-4.98673e-05
0.0161946
-4.80464e-05
0.0161871
-4.45936e-05
0.0161797
-4.39579e-05
0.0161728
-4.19918e-05
-4.26862e-05
0.0177774
-0.000128453
0.0177477
-0.00012897
0.0177179
-0.000129382
0.017688
-0.000129686
0.0176581
-0.00012987
0.0176281
-0.000129921
0.0175981
-0.00012982
0.0175682
-0.000129544
0.0175383
-0.000129069
0.0175086
-0.000128367
0.0174791
-0.000127411
0.0174498
-0.000126172
0.0174209
-0.000124629
0.0173924
-0.000122758
0.0173645
-0.000120546
0.0173371
-0.000117982
0.0173105
-0.000115072
0.0172847
-0.00011182
0.0172597
-0.000108254
0.0172357
-0.0001044
0.0172127
-0.000100309
0.0171908
-9.60274e-05
0.01717
-9.163e-05
0.0171503
-8.71787e-05
0.0171318
-8.27651e-05
0.0171143
-7.84583e-05
0.0170978
-7.43562e-05
0.0170822
-7.05227e-05
0.0170675
-6.70475e-05
0.0170535
-6.39754e-05
0.0170401
-6.13718e-05
0.0170271
-5.92497e-05
0.0170145
-5.76361e-05
0.0170021
-5.65039e-05
0.0169897
-5.58347e-05
0.0169774
-5.55582e-05
0.0169649
-5.56172e-05
0.0169522
-5.58986e-05
0.0169393
-5.63322e-05
0.0169263
-5.67593e-05
0.016913
-5.71491e-05
0.0168997
-5.72773e-05
0.0168863
-5.72389e-05
0.016873
-5.6689e-05
0.0168599
-5.59761e-05
0.0168472
-5.45265e-05
0.0168348
-5.31122e-05
0.0168231
-5.07641e-05
0.0168118
-4.88736e-05
0.0168013
-4.58732e-05
0.0167914
-4.39454e-05
0.0167823
-4.07622e-05
0.0167736
-3.93297e-05
0.0167656
-3.65983e-05
0.0167577
-3.60966e-05
0.0167503
-3.45458e-05
-3.50903e-05
0.018414
-9.79024e-05
0.0183833
-9.83018e-05
0.0183526
-9.86178e-05
0.0183217
-9.88464e-05
0.0182908
-9.89805e-05
0.0182599
-9.90096e-05
0.018229
-9.89206e-05
0.0181982
-9.86969e-05
0.0181674
-9.8321e-05
0.0181368
-9.77727e-05
0.0181065
-9.70327e-05
0.0180764
-9.60805e-05
0.0180466
-9.48997e-05
0.0180174
-9.34736e-05
0.0179886
-9.17936e-05
0.0179605
-8.98516e-05
0.0179331
-8.76513e-05
0.0179064
-8.51971e-05
0.0178807
-8.25094e-05
0.0178559
-7.9607e-05
0.0178321
-7.65287e-05
0.0178094
-7.33081e-05
0.0177878
-7.0001e-05
0.0177672
-6.66526e-05
0.0177478
-6.33315e-05
0.0177294
-6.00877e-05
0.0177121
-5.69953e-05
0.0176957
-5.40996e-05
0.0176801
-5.14695e-05
0.0176652
-4.91358e-05
0.017651
-4.71501e-05
0.0176373
-4.5519e-05
0.0176239
-4.42671e-05
0.0176108
-4.33701e-05
0.0175978
-4.28206e-05
0.0175848
-4.25607e-05
0.0175717
-4.25562e-05
0.0175585
-4.27152e-05
0.0175452
-4.29964e-05
0.0175317
-4.32707e-05
0.0175181
-4.35293e-05
0.0175044
-4.359e-05
0.0174907
-4.35415e-05
0.0174771
-4.31067e-05
0.0174637
-4.25674e-05
0.0174507
-4.14709e-05
0.017438
-4.04188e-05
0.0174259
-3.86588e-05
0.0174142
-3.72583e-05
0.0174034
-3.50158e-05
0.017393
-3.35895e-05
0.0173835
-3.12123e-05
0.0173743
-3.01532e-05
0.0173658
-2.81145e-05
0.0173575
-2.77439e-05
0.0173495
-2.65898e-05
-2.69942e-05
0.0190748
-6.63532e-05
0.0190431
-6.66271e-05
0.0190113
-6.68422e-05
0.0189795
-6.69959e-05
0.0189476
-6.70838e-05
0.0189157
-6.70988e-05
0.0188838
-6.70327e-05
0.018852
-6.68746e-05
0.0188202
-6.66132e-05
0.0187887
-6.62351e-05
0.0187574
-6.57281e-05
0.0187264
-6.50786e-05
0.0186958
-6.42762e-05
0.0186656
-6.33099e-05
0.018636
-6.21743e-05
0.018607
-6.0864e-05
0.0185787
-5.93819e-05
0.0185513
-5.77307e-05
0.0185247
-5.59242e-05
0.0184991
-5.39748e-05
0.0184744
-5.19084e-05
0.0184509
-4.97469e-05
0.0184284
-4.7528e-05
0.018407
-4.52806e-05
0.0183867
-4.30515e-05
0.0183675
-4.08722e-05
0.0183493
-3.87936e-05
0.0183321
-3.6844e-05
0.0183157
-3.5071e-05
0.0183
-3.34929e-05
0.018285
-3.21468e-05
0.0182705
-3.10341e-05
0.0182565
-3.01751e-05
0.0182426
-2.95494e-05
0.018229
-2.9158e-05
0.0182154
-2.89561e-05
0.0182017
-2.89294e-05
0.018188
-2.90078e-05
0.0181742
-2.91752e-05
0.0181603
-2.93334e-05
0.0181462
-2.94914e-05
0.0181322
-2.95112e-05
0.0181181
-2.94714e-05
0.0181041
-2.91653e-05
0.0180904
-2.88056e-05
0.018077
-2.80621e-05
0.0180639
-2.73667e-05
0.0180514
-2.61835e-05
0.0180394
-2.52603e-05
0.0180282
-2.37564e-05
0.0180174
-2.28179e-05
0.0180074
-2.12248e-05
0.0179978
-2.05299e-05
0.0179889
-1.91639e-05
0.01798
-1.89245e-05
0.0179716
-1.81523e-05
-1.84244e-05
0.0197609
-3.37438e-05
0.0197282
-3.38841e-05
0.0196953
-3.39938e-05
0.0196624
-3.40717e-05
0.0196294
-3.41154e-05
0.0195964
-3.41217e-05
0.0195635
-3.40862e-05
0.0195306
-3.40038e-05
0.0194979
-3.38687e-05
0.0194653
-3.36744e-05
0.019433
-3.34149e-05
0.019401
-3.30833e-05
0.0193694
-3.26746e-05
0.0193383
-3.21832e-05
0.0193077
-3.16067e-05
0.0192778
-3.09421e-05
0.0192486
-3.01914e-05
0.0192202
-2.93554e-05
0.0191928
-2.84417e-05
0.0191662
-2.74558e-05
0.0191407
-2.64115e-05
0.0191163
-2.53189e-05
0.019093
-2.41978e-05
0.0190708
-2.30617e-05
0.0190496
-2.19353e-05
0.0190296
-2.08329e-05
0.0190106
-1.97818e-05
0.0189925
-1.87939e-05
0.0189754
-1.7896e-05
0.018959
-1.70939e-05
0.0189432
-1.64102e-05
0.018928
-1.5841e-05
0.0189133
-1.5402e-05
0.0188988
-1.50768e-05
0.0188845
-1.48733e-05
0.0188703
-1.47605e-05
0.0188561
-1.47417e-05
0.0188419
-1.47695e-05
0.0188276
-1.48504e-05
0.0188131
-1.49181e-05
0.0187987
-1.49974e-05
0.0187841
-1.49953e-05
0.0187696
-1.4979e-05
0.0187553
-1.48125e-05
0.0187411
-1.46395e-05
0.0187273
-1.42518e-05
0.0187139
-1.39146e-05
0.018701
-1.33036e-05
0.0186886
-1.28563e-05
0.0186769
-1.20811e-05
0.0186657
-1.163e-05
0.0186553
-1.08066e-05
0.0186452
-1.04812e-05
0.0186359
-9.76926e-06
0.0186266
-9.67578e-06
0.0186177
-9.26454e-06
-9.41685e-06
0.0204737
0.0204398
0.0204058
0.0203718
0.0203376
0.0203035
0.0202694
0.0202354
0.0202016
0.0201679
0.0201345
0.0201014
0.0200687
0.0200365
0.0200049
0.019974
0.0199438
0.0199144
0.019886
0.0198585
0.0198321
0.0198068
0.0197826
0.0197596
0.0197376
0.0197168
0.019697
0.0196782
0.0196603
0.0196432
0.0196268
0.019611
0.0195956
0.0195805
0.0195656
0.0195509
0.0195361
0.0195213
0.0195065
0.0194916
0.0194766
0.0194616
0.0194466
0.0194318
0.0194172
0.0194029
0.019389
0.0193757
0.0193628
0.0193507
0.0193391
0.0193283
0.0193178
0.0193081
0.0192984
0.0192891
)
;

boundaryField
{
    inlet
    {
        type            calculated;
        value           nonuniform 0();
    }
    outlet
    {
        type            calculated;
        value           nonuniform List<scalar> 
35
(
0.00556587
0.00581669
0.00607233
0.00633263
0.00659753
0.00686709
0.00714151
0.0074211
0.0077063
0.00799764
0.00829577
0.00860137
0.00891518
0.00923794
0.00957041
0.00991331
0.0102673
0.0106332
0.0110114
0.0114027
0.0118075
0.0122266
0.0126604
0.0131096
0.0135748
0.0140566
0.0145559
0.0150732
0.0156096
0.0161657
0.0167427
0.0173414
0.017963
0.0186087
0.0192797
)
;
    }
    cylinder
    {
        type            calculated;
        value           nonuniform 0();
    }
    top
    {
        type            symmetryPlane;
        value           nonuniform 0();
    }
    bottom
    {
        type            symmetryPlane;
        value           uniform 0;
    }
    defaultFaces
    {
        type            empty;
        value           nonuniform 0();
    }
    procBoundary3to2
    {
        type            processor;
        value           nonuniform List<scalar> 
36
(
-0.00599384
-0.00626472
-0.00653566
-0.0068071
-0.00707986
-0.00735507
-0.007634
-0.00791804
-0.00820852
-0.00850673
-0.00881375
-0.00913056
-0.00945795
-0.00979658
-0.010147
-0.0105098
-0.0108854
-0.0112741
-0.0116766
-0.0120931
-0.0125243
-0.0129707
-0.0134327
-0.0139111
-0.0144065
0.000292932
-0.0149448
-0.015477
-0.0160285
-0.0166
-0.0171925
-0.017807
-0.0184446
-0.0191063
-0.0197935
-0.0205075
)
;
    }
    procBoundary3to6
    {
        type            processor;
        value           uniform -0.00572296;
    }
    procBoundary3to7
    {
        type            processor;
        value           nonuniform List<scalar> 
57
(
0.000654853
0.000668255
0.000686309
0.000708152
0.000732673
0.000758556
0.000784343
0.000808503
0.000829509
0.000845909
0.000856399
0.000859871
0.000855469
0.000842611
0.000821025
0.000790736
0.000752106
0.00553453
0.000690902
0.000639216
0.000582272
0.000521559
0.000458736
0.000395721
0.000334487
0.000277156
0.000225721
0.000182163
0.000148061
0.000124838
0.000113162
0.000113545
0.000125275
0.000147885
0.000178983
0.000217561
0.000259476
0.000304177
0.000345803
0.00038565
0.000416108
0.000441711
0.000453004
0.000458586
0.000447425
0.000431685
0.00040032
0.000366251
0.000322418
0.00027642
0.000232197
0.000182865
0.00015189
0.000108907
0.000101689
7.53188e-05
9.35278e-05
)
;
    }
}


// ************************************************************************* //
