/*--------------------------------*- C++ -*----------------------------------*\
  =========                 |
  \\      /  F ield         | OpenFOAM: The Open Source CFD Toolbox
   \\    /   O peration     | Website:  https://openfoam.org
    \\  /    A nd           | Version:  7
     \\/     M anipulation  |
\*---------------------------------------------------------------------------*/
FoamFile
{
    version     2.0;
    format      ascii;
    class       volVectorField;
    location    "16.5";
    object      U;
}
// * * * * * * * * * * * * * * * * * * * * * * * * * * * * * * * * * * * * * //

dimensions      [0 1 -1 0 0 0 0];

internalField   nonuniform List<vector> 
4032
(
(3 1.45497e-18 0)
(3 -8.45839e-17 0)
(3 2.29273e-16 0)
(3 3.90434e-16 0)
(3 2.6005e-17 0)
(3 -5.51247e-17 0)
(3 -2.19906e-16 0)
(3 -2.74037e-16 0)
(3 -6.40061e-17 0)
(3 3.35014e-16 0)
(3 1.93421e-17 0)
(2.956 0.00246939 0)
(1.02272 0.0180727 0)
(0.700615 0.0195875 0)
(0.647557 0.0221049 0)
(0.591132 0.0225869 0)
(0.535744 0.02335 0)
(0.478894 0.0250303 0)
(0.41928 0.0274664 0)
(0.355703 0.0303385 0)
(0.287477 0.0333567 0)
(0.213308 0.0370206 0)
(0.132744 0.0395074 0)
(0.0491256 0.0443028 0)
(3 -1.68779e-16 0)
(3 -1.45844e-16 0)
(3 5.92278e-16 0)
(3 1.08338e-15 0)
(3 1.27093e-15 0)
(3 1.11028e-15 0)
(3 4.85173e-17 0)
(3 -8.45618e-16 0)
(3 -7.05341e-16 0)
(3 -4.72136e-16 0)
(3 -1.15018e-15 0)
(2.96424 0.023081 0)
(1.03383 0.079243 0)
(0.69693 0.067666 0)
(0.645183 0.068765 0)
(0.589996 0.0715835 0)
(0.533291 0.0748998 0)
(0.47396 0.0800367 0)
(0.411821 0.0867626 0)
(0.346476 0.0948344 0)
(0.277549 0.103477 0)
(0.204238 0.114432 0)
(0.125439 0.121902 0)
(0.0459508 0.13468 0)
(3 4.60276e-18 0)
(3 1.18691e-16 0)
(3 4.4314e-16 0)
(3 4.83157e-16 0)
(3 6.61222e-16 0)
(3 6.96575e-16 0)
(3 3.36865e-16 0)
(3 -1.46168e-16 0)
(3 -5.5066e-16 0)
(3 -8.15119e-16 0)
(3 -1.53357e-15 0)
(3.00352 0.00510309 0)
(1.09346 0.131126 0)
(0.722226 0.107776 0)
(0.667884 0.11169 0)
(0.610249 0.119122 0)
(0.550218 0.127008 0)
(0.487505 0.136706 0)
(0.422127 0.147798 0)
(0.354041 0.160531 0)
(0.282599 0.173777 0)
(0.207535 0.190941 0)
(0.126286 0.202226 0)
(0.0463465 0.220606 0)
(3 2.15995e-16 0)
(3 1.09285e-16 0)
(3 -3.11564e-16 0)
(3 -8.16835e-16 0)
(3 -1.20387e-15 0)
(3 -1.215e-15 0)
(3 -4.45917e-16 0)
(3 2.68793e-16 0)
(3 3.03422e-16 0)
(3 3.18047e-16 0)
(3 -6.00134e-16 0)
(3.00036 3.46036e-05 0)
(1.18055 0.175162 0)
(0.731256 0.152245 0)
(0.671764 0.160956 0)
(0.613215 0.172089 0)
(0.553111 0.183061 0)
(0.491965 0.196314 0)
(0.428195 0.211396 0)
(0.36074 0.229356 0)
(0.288305 0.247887 0)
(0.212391 0.271914 0)
(0.129003 0.287872 0)
(0.046163 0.309969 0)
(3 2.42777e-17 0)
(3 -7.30948e-17 0)
(3 -2.00237e-16 0)
(3 -5.19353e-16 0)
(3 -1.19501e-15 0)
(3 -1.22525e-15 0)
(3 -1.14543e-15 0)
(3 -5.50927e-16 0)
(3 1.33826e-16 0)
(3 1.32956e-16 0)
(3 -1.31316e-16 0)
(3 -7.28604e-08 0)
(1.31956 0.224741 0)
(0.744435 0.199302 0)
(0.676971 0.208979 0)
(0.621868 0.222686 0)
(0.565039 0.235893 0)
(0.507913 0.252666 0)
(0.448009 0.272593 0)
(0.384569 0.297231 0)
(0.314573 0.321809 0)
(0.23974 0.35361 0)
(0.150281 0.378401 0)
(0.0569082 0.408454 0)
(3 -1.08311e-16 0)
(3 5.19103e-17 0)
(3 1.90292e-16 0)
(3 1.43318e-16 0)
(3 -1.39882e-16 0)
(3 -3.81055e-16 0)
(3 -7.24852e-16 0)
(3 -1.20556e-15 0)
(3 -1.52955e-15 0)
(3 -1.39378e-15 0)
(3 -1.05902e-15 0)
(3 -1.37817e-08 0)
(1.52924 0.272894 0)
(0.767572 0.253432 0)
(0.681907 0.256804 0)
(0.628625 0.27085 0)
(0.575313 0.285372 0)
(0.523941 0.30527 0)
(0.470156 0.329955 0)
(0.412195 0.362877 0)
(0.342274 0.398673 0)
(0.262523 0.446001 0)
(0.165493 0.489939 0)
(0.056182 0.529916 0)
(3 1.89647e-17 0)
(3 -2.54895e-16 0)
(3 1.13391e-16 0)
(3 2.99848e-16 0)
(3 3.40468e-16 0)
(3 -3.22315e-16 0)
(3 -4.02806e-16 0)
(3 -6.71711e-16 0)
(3 -1.32785e-15 0)
(3 -1.11374e-15 0)
(3 -9.39512e-16 0)
(3 -1.69695e-09 0)
(1.82584 0.321841 0)
(0.802119 0.32154 0)
(0.687165 0.31194 0)
(0.633019 0.321012 0)
(0.581373 0.33446 0)
(0.534993 0.3559 0)
(0.487972 0.384843 0)
(0.441487 0.42711 0)
(0.383327 0.47742 0)
(0.320269 0.538962 0)
(0.232828 0.601735 0)
(0.102406 0.671854 0)
(3 4.53551e-17 0)
(3 -1.76213e-16 0)
(3 -1.88625e-16 0)
(3 -1.08595e-16 0)
(3 -9.68538e-17 0)
(3 1.19557e-16 0)
(3 2.08487e-17 0)
(3 1.69821e-16 0)
(3 2.21926e-16 0)
(3 -6.68433e-17 0)
(3 -5.66716e-16 0)
(3 -9.77455e-11 0)
(2.25132 0.346 0)
(0.872971 0.404092 0)
(0.726155 0.368166 0)
(0.674791 0.376382 0)
(0.621547 0.385207 0)
(0.574179 0.403841 0)
(0.529913 0.434025 0)
(0.489565 0.48039 0)
(0.446769 0.540723 0)
(0.392181 0.629464 0)
(0.282404 0.761088 0)
(0.158351 0.940835 0)
(3 -1.36266e-16 0)
(3 -1.00717e-16 0)
(3 -5.28707e-16 0)
(3 -6.38975e-16 0)
(3 -4.15822e-16 0)
(3 -2.24086e-16 0)
(3 -1.29899e-16 0)
(3 2.87983e-17 0)
(3 -8.28109e-17 0)
(3 -5.41051e-16 0)
(3 -5.69979e-16 0)
(3 -1.20454e-12 0)
(2.8187 0.226057 0)
(1.02767 0.463592 0)
(0.815197 0.396449 0)
(0.765946 0.412092 0)
(0.70352 0.430386 0)
(0.646318 0.45033 0)
(0.598361 0.480063 0)
(0.55803 0.527595 0)
(0.525778 0.6016 0)
(0.49804 0.727411 0)
(0.47941 0.912974 0)
(0.600642 1.22874 0)
(3 1.9149e-16 0)
(3 2.6654e-16 0)
(3 -1.24945e-16 0)
(3 9.26032e-18 0)
(3 3.06469e-16 0)
(3 3.13617e-16 0)
(3 2.8186e-16 0)
(3 5.82817e-16 0)
(3 5.83342e-16 0)
(3 2.42637e-16 0)
(3 4.79724e-16 0)
(3 -3.01225e-15 0)
(3.05681 0.0210049 0)
(1.23984 0.447953 0)
(0.863651 0.43953 0)
(0.827016 0.477219 0)
(0.778053 0.490361 0)
(0.725829 0.505671 0)
(0.679696 0.531441 0)
(0.640195 0.574419 0)
(0.624046 0.650361 0)
(0.627172 0.780412 0)
(0.701288 0.935806 0)
(0.985325 1.12722 0)
(3 3.35936e-16 0)
(3 4.05036e-16 0)
(3 7.40582e-16 0)
(3 1.14695e-15 0)
(3 1.17372e-15 0)
(3 1.58514e-15 0)
(3 1.67346e-15 0)
(3 1.20841e-15 0)
(3 1.09112e-15 0)
(3 9.63615e-16 0)
(3 1.27788e-15 0)
(3 3.29302e-16 0)
(3.00323 3.22075e-05 0)
(1.47819 0.449014 0)
(0.858017 0.490976 0)
(0.817351 0.514871 0)
(0.791271 0.537945 0)
(0.767171 0.559227 0)
(0.744014 0.586686 0)
(0.721291 0.621261 0)
(0.725355 0.684396 0)
(0.756234 0.78959 0)
(0.88285 0.910028 0)
(1.16154 1.01635 0)
(3 1.79581e-17 0)
(3 1.91351e-16 0)
(3 4.81991e-16 0)
(3 8.11243e-17 0)
(3 1.20728e-16 0)
(3 2.96886e-16 0)
(3 7.55982e-16 0)
(3 2.81566e-17 0)
(3 -2.44501e-16 0)
(3 5.58495e-17 0)
(3 7.27575e-16 0)
(3 -6.98032e-17 0)
(3.00001 -6.33938e-07 0)
(2.00323 0.480256 0)
(0.910405 0.549507 0)
(0.827579 0.536286 0)
(0.817709 0.557142 0)
(0.808551 0.582188 0)
(0.807429 0.613249 0)
(0.803394 0.64421 0)
(0.820496 0.694685 0)
(0.871683 0.774182 0)
(1.01188 0.862922 0)
(1.23889 0.913705 0)
(3 -1.53065e-16 0)
(3 3.0267e-16 0)
(3 -3.43551e-16 0)
(3 -9.5656e-16 0)
(3 -8.27485e-16 0)
(3 -8.39987e-16 0)
(3 -9.30897e-16 0)
(3 -1.16295e-15 0)
(3 -1.31239e-15 0)
(3 -1.19644e-15 0)
(3 -1.05963e-15 0)
(3 -9.43841e-16 0)
(3 -5.17439e-07 0)
(2.77013 0.297901 0)
(1.08151 0.599492 0)
(0.895483 0.545915 0)
(0.869016 0.565359 0)
(0.857073 0.592662 0)
(0.863323 0.627043 0)
(0.875159 0.661613 0)
(0.904416 0.702896 0)
(0.967495 0.754054 0)
(1.09821 0.813963 0)
(1.28014 0.828475 0)
(3 4.83345e-17 0)
(3 -4.42783e-16 0)
(3 -6.46566e-16 0)
(3 1.14744e-16 0)
(3 4.03075e-16 0)
(3 -3.77022e-16 0)
(3 -1.04912e-15 0)
(3 -1.03569e-15 0)
(3 -5.99504e-16 0)
(3 -9.99792e-16 0)
(3 -1.0374e-15 0)
(3 -7.22425e-16 0)
(3 -9.61203e-08 0)
(3.06951 0.0246322 0)
(1.36553 0.577855 0)
(0.959001 0.602444 0)
(0.92474 0.598649 0)
(0.904937 0.609634 0)
(0.906356 0.630456 0)
(0.927668 0.658395 0)
(0.968668 0.69074 0)
(1.03772 0.725702 0)
(1.14478 0.754365 0)
(1.28354 0.74699 0)
(3 3.31299e-18 0)
(3 -6.34285e-17 0)
(3 -6.80037e-17 0)
(3 3.06952e-16 0)
(3 5.19057e-16 0)
(3 2.83285e-16 0)
(3 -9.03208e-17 0)
(3 6.16206e-16 0)
(3 9.11344e-16 0)
(3 7.80418e-16 0)
(3 6.34033e-16 0)
(3 -1.34295e-17 0)
(3 -8.1724e-09 0)
(3.00368 4.6668e-05 0)
(1.76361 0.562708 0)
(0.97068 0.643569 0)
(0.934395 0.627751 0)
(0.932161 0.629633 0)
(0.940031 0.637718 0)
(0.967734 0.651095 0)
(1.01429 0.67467 0)
(1.08596 0.696039 0)
(1.17363 0.70219 0)
(1.28099 0.688885 0)
(3 2.99329e-17 0)
(3 6.10611e-16 0)
(3 1.16876e-15 0)
(3 4.42364e-16 0)
(3 6.98347e-17 0)
(3 3.62628e-16 0)
(3 7.6512e-16 0)
(3 6.06029e-16 0)
(3 7.03893e-16 0)
(3 1.10418e-15 0)
(3 8.44723e-16 0)
(3 8.71301e-16 0)
(3 -1.96745e-10 0)
(3.00001 -5.18672e-07 0)
(2.5806 0.394146 0)
(1.0888 0.662102 0)
(0.965039 0.627895 0)
(0.967541 0.619572 0)
(0.978855 0.624738 0)
(1.00577 0.631635 0)
(1.047 0.641096 0)
(1.10986 0.650801 0)
(1.17731 0.644941 0)
(1.25968 0.63096 0)
(3 2.73334e-17 0)
(3 1.3312e-16 0)
(3 3.56594e-16 0)
(3 -2.87226e-17 0)
(3 -5.61439e-17 0)
(3 1.98047e-16 0)
(3 3.7368e-16 0)
(3 2.31198e-16 0)
(3 4.86257e-16 0)
(3 1.03002e-15 0)
(3 1.31375e-15 0)
(3 2.28616e-15 0)
(3 -3.25183e-13 0)
(3 -5.25089e-07 0)
(3.07578 0.0457267 0)
(1.35594 0.629994 0)
(1.00217 0.630051 0)
(0.996229 0.624481 0)
(1.01249 0.623899 0)
(1.03968 0.628605 0)
(1.07797 0.629152 0)
(1.13357 0.628827 0)
(1.18816 0.615037 0)
(1.25524 0.598466 0)
(3 5.57013e-17 0)
(3 -1.86606e-17 0)
(3 -2.30891e-17 0)
(3 5.56584e-16 0)
(3 1.09147e-15 0)
(3 1.14678e-15 0)
(3 5.27281e-16 0)
(3 6.06712e-16 0)
(3 8.7586e-16 0)
(3 8.52976e-16 0)
(3 5.74159e-16 0)
(3 6.49832e-16 0)
(3 6.45255e-16 0)
(3 -9.88238e-08 0)
(3.00677 0.000225613 0)
(1.68833 0.589427 0)
(0.986359 0.651853 0)
(0.976518 0.620575 0)
(1.00866 0.605212 0)
(1.05077 0.605358 0)
(1.09031 0.600031 0)
(1.14117 0.596136 0)
(1.1896 0.580887 0)
(1.24626 0.563883 0)
(3 6.06059e-17 0)
(3 -2.33957e-16 0)
(3 -6.07039e-17 0)
(3 4.20171e-16 0)
(3 5.9714e-16 0)
(3 4.20314e-16 0)
(3 2.44355e-16 0)
(3 3.24265e-16 0)
(3 1.66695e-17 0)
(3 -1.33596e-16 0)
(3 -1.95118e-16 0)
(3 -1.85349e-16 0)
(3 1.18066e-16 0)
(3 -7.21962e-09 0)
(3.00003 -1.06017e-06 0)
(2.44058 0.454842 0)
(1.04641 0.638111 0)
(0.982277 0.589224 0)
(1.02861 0.586019 0)
(1.072 0.590088 0)
(1.1085 0.584521 0)
(1.15251 0.576097 0)
(1.19643 0.55931 0)
(1.24544 0.539041 0)
(3 -7.98666e-18 0)
(3 -4.36203e-16 0)
(3 -6.96061e-16 0)
(3 -1.03032e-15 0)
(3 -1.17115e-15 0)
(3 -1.00075e-15 0)
(3 -8.92217e-16 0)
(3 -4.39647e-16 0)
(3 -2.68466e-16 0)
(3 -5.06451e-16 0)
(3 -3.22913e-16 0)
(3 -5.42411e-16 0)
(3 -7.53023e-16 0)
(3 -2.66879e-11 0)
(3 -1.1492e-06 0)
(3.0498 0.0795525 0)
(1.2523 0.571411 0)
(1.00261 0.563629 0)
(1.04375 0.56453 0)
(1.07691 0.564106 0)
(1.11187 0.556698 0)
(1.15392 0.547256 0)
(1.19877 0.53326 0)
(1.24569 0.515566 0)
(3 -6.01965e-17 0)
(3 1.02696e-16 0)
(3 -3.27694e-16 0)
(3 -5.30207e-16 0)
(3 -6.02534e-16 0)
(3 -4.6964e-16 0)
(3 1.4548e-16 0)
(3 6.35155e-16 0)
(3 1.27999e-16 0)
(3 -2.57406e-17 0)
(3 -1.07867e-17 0)
(3 -4.24079e-16 0)
(3 -7.62234e-16 0)
(3 -3.63748e-14 0)
(3 -2.11296e-07 0)
(3.01181 0.00132126 0)
(1.40317 0.497231 0)
(0.963417 0.56135 0)
(1.00193 0.551353 0)
(1.04358 0.53665 0)
(1.08983 0.522876 0)
(1.13785 0.512617 0)
(1.18629 0.500699 0)
(1.23433 0.485576 0)
(3 1.11368e-17 0)
(3 -1.32979e-17 0)
(3 -7.96836e-18 0)
(3 -3.03635e-16 0)
(3 -5.18341e-16 0)
(3 -3.57469e-16 0)
(3 5.47863e-16 0)
(3 4.50687e-16 0)
(3 -7.91331e-17 0)
(3 1.42268e-16 0)
(3 5.04407e-16 0)
(3 5.76644e-17 0)
(3 -7.29842e-16 0)
(3 1.17534e-15 0)
(3 -1.48186e-08 0)
(3.00008 -1.36655e-06 0)
(1.7873 0.460581 0)
(0.926014 0.524707 0)
(0.929318 0.497183 0)
(0.989898 0.490345 0)
(1.04899 0.484654 0)
(1.10368 0.478485 0)
(1.15634 0.468822 0)
(1.2069 0.455497 0)
(3 4.28136e-18 0)
(3 -2.25451e-16 0)
(3 1.6104e-16 0)
(3 2.66355e-17 0)
(3 -1.62481e-17 0)
(3 -4.20945e-18 0)
(3 -1.35911e-16 0)
(3 -7.63524e-16 0)
(3 -9.02439e-16 0)
(3 -2.58922e-16 0)
(3 -2.25506e-16 0)
(3 -3.73441e-16 0)
(3 -3.06889e-16 0)
(3 1.18348e-15 0)
(3 -6.08261e-11 0)
(3 -1.45413e-06 0)
(2.37419 0.390568 0)
(0.97309 0.503977 0)
(0.912773 0.44693 0)
(0.97119 0.441657 0)
(1.02068 0.442934 0)
(1.0723 0.440837 0)
(1.12509 0.434026 0)
(1.17704 0.423509 0)
(3 -1.67953e-16 0)
(3 -1.00931e-17 0)
(3 4.1445e-17 0)
(3 3.23778e-16 0)
(3 4.0905e-16 0)
(3 3.23681e-16 0)
(3 -3.69476e-16 0)
(3 -8.00682e-16 0)
(3 -7.6181e-16 0)
(3 -4.62375e-16 0)
(3 -1.03182e-16 0)
(3 -2.03945e-17 0)
(3 -4.85236e-16 0)
(3 3.98016e-16 0)
(3 -6.61989e-14 0)
(3 -3.02878e-07 0)
(2.9284 0.143256 0)
(1.11719 0.472463 0)
(0.936563 0.41882 0)
(0.98615 0.414239 0)
(1.02255 0.410242 0)
(1.06479 0.404326 0)
(1.11038 0.396618 0)
(1.15742 0.387476 0)
(3 7.30007e-17 0)
(3 2.07067e-16 0)
(3 8.15671e-17 0)
(3 -2.8459e-17 0)
(3 -8.9104e-18 0)
(3 -7.97536e-17 0)
(3 -3.11324e-16 0)
(3 -5.06876e-16 0)
(3 -4.51744e-16 0)
(3 -7.69306e-16 0)
(3 -7.48428e-16 0)
(3 -8.13883e-16 0)
(3 -8.28007e-16 0)
(3 -4.14338e-16 0)
(3 -6.1978e-16 0)
(3 -2.48983e-08 0)
(3.02499 0.00875244 0)
(1.2129 0.366664 0)
(0.917738 0.386093 0)
(0.967397 0.384273 0)
(1.00224 0.380187 0)
(1.04032 0.373127 0)
(1.08144 0.365482 0)
(1.12502 0.356666 0)
(3 1.43643e-16 0)
(3 -1.64817e-18 0)
(3 -1.53638e-16 0)
(3 -5.63391e-16 0)
(3 -6.94604e-16 0)
(3 -1.11583e-15 0)
(3 -1.07813e-15 0)
(3 -7.69632e-16 0)
(3 -7.14856e-16 0)
(3 -7.96938e-16 0)
(3 -1.29064e-15 0)
(3 -1.25848e-15 0)
(3 -8.94455e-16 0)
(3 -1.14488e-15 0)
(3 -7.62918e-16 0)
(3 -5.82227e-10 0)
(3.00059 2.07451e-05 0)
(1.32161 0.323449 0)
(0.860987 0.367913 0)
(0.903702 0.363863 0)
(0.947232 0.358479 0)
(0.989148 0.348501 0)
(1.03177 0.338628 0)
(1.07535 0.327899 0)
(3 9.294e-17 0)
(3 -2.4195e-16 0)
(3 -2.51739e-16 0)
(3 1.27601e-16 0)
(3 3.18536e-17 0)
(3 -4.87342e-16 0)
(3 -5.97299e-16 0)
(3 -5.03145e-16 0)
(3 -3.00695e-16 0)
(3 -9.42553e-16 0)
(3 -9.78902e-16 0)
(3 -5.52672e-16 0)
(3 -7.42775e-16 0)
(3 -9.65385e-16 0)
(3 -2.76271e-16 0)
(3 -3.92024e-12 0)
(3 -4.955e-08 0)
(1.52582 0.325592 0)
(0.840634 0.330467 0)
(0.84668 0.326137 0)
(0.890833 0.327128 0)
(0.931908 0.322253 0)
(0.975204 0.315112 0)
(1.01845 0.305197 0)
(3 5.53689e-17 0)
(3 -6.64642e-18 0)
(3 2.92261e-16 0)
(3 5.43494e-16 0)
(3 4.59967e-16 0)
(3 2.80522e-16 0)
(3 9.89295e-17 0)
(3 -2.8592e-17 0)
(3 -1.36655e-17 0)
(3 -6.44114e-16 0)
(3 -1.11308e-15 0)
(3 -9.50394e-16 0)
(3 -5.84934e-17 0)
(3 1.67284e-16 0)
(3 1.75278e-16 0)
(3 -2.21474e-15 0)
(3 -3.12159e-08 0)
(1.79997 0.337161 0)
(0.851624 0.318147 0)
(0.826525 0.298639 0)
(0.867072 0.2939 0)
(0.903271 0.286893 0)
(0.944794 0.2806 0)
(0.986098 0.272582 0)
(3 1.74483e-16 0)
(3 2.87344e-16 0)
(3 2.91071e-16 0)
(3 3.38211e-16 0)
(3 3.77371e-16 0)
(3 6.24359e-16 0)
(3 6.13658e-16 0)
(3 3.41586e-16 0)
(3 -4.14702e-16 0)
(3 -3.06855e-16 0)
(3 -2.93154e-16 0)
(3 3.5253e-16 0)
(3 8.59866e-16 0)
(3 6.6253e-16 0)
(3 -1.13074e-16 0)
(3 -7.24668e-16 0)
(3 -5.38569e-09 0)
(2.14537 0.318424 0)
(0.88404 0.311463 0)
(0.832703 0.26993 0)
(0.880097 0.259449 0)
(0.913751 0.252284 0)
(0.951282 0.247445 0)
(0.988231 0.240969 0)
(3 1.94222e-18 0)
(3 -1.18793e-17 0)
(3 1.67592e-16 0)
(3 -2.04821e-17 0)
(3 2.74683e-16 0)
(3 2.89308e-16 0)
(3 8.61368e-16 0)
(3 9.57467e-16 0)
(3 7.46562e-16 0)
(3 1.12455e-15 0)
(3 1.2691e-15 0)
(3 1.29089e-15 0)
(3 1.44381e-15 0)
(3 1.44906e-15 0)
(3 8.11564e-16 0)
(3 5.37133e-16 0)
(3 -4.06035e-10 0)
(2.52786 0.256482 0)
(0.95175 0.28955 0)
(0.857307 0.2502 0)
(0.905461 0.244104 0)
(0.934797 0.236283 0)
(0.966882 0.229572 0)
(0.998871 0.222098 0)
(3 -2.96236e-16 0)
(3 -2.4161e-16 0)
(3 3.0511e-16 0)
(3 -8.58449e-17 0)
(3 -3.10486e-16 0)
(3 -6.09995e-17 0)
(3 8.14212e-16 0)
(3 1.39316e-15 0)
(3 1.7268e-15 0)
(3 2.04967e-15 0)
(3 1.86962e-15 0)
(3 1.25176e-15 0)
(3 8.60359e-16 0)
(3 9.16375e-16 0)
(3 4.85381e-16 0)
(3 5.77064e-16 0)
(3 -9.26949e-12 0)
(2.83351 0.119201 0)
(1.03218 0.23674 0)
(0.859434 0.220802 0)
(0.906394 0.219536 0)
(0.934934 0.213689 0)
(0.965032 0.207369 0)
(0.995644 0.200736 0)
(3 -7.54622e-19 0)
(3 1.42636e-16 0)
(3 -1.38746e-16 0)
(3 2.45869e-16 0)
(3 -2.92109e-17 0)
(3 5.1208e-16 0)
(3 4.16908e-16 0)
(3 9.27383e-16 0)
(3 7.58286e-16 0)
(3 9.257e-16 0)
(3 1.03416e-15 0)
(3 9.04832e-16 0)
(3 3.04767e-16 0)
(3 2.0486e-16 0)
(3 1.08487e-15 0)
(3 1.71983e-15 0)
(3 -7.42767e-14 0)
(2.91188 0.0290463 0)
(1.05056 0.1852 0)
(0.828579 0.195836 0)
(0.875802 0.195729 0)
(0.908832 0.193425 0)
(0.942207 0.188502 0)
(0.974899 0.182092 0)
(3 1.28661e-16 0)
(3 4.79112e-17 0)
(3 -2.87074e-16 0)
(3 3.20717e-16 0)
(3 5.33244e-16 0)
(3 1.75504e-16 0)
(3 -5.31972e-16 0)
(3 -7.27379e-16 0)
(3 -5.44203e-16 0)
(3 6.25265e-17 0)
(3 8.17053e-16 0)
(3 7.27688e-16 0)
(3 5.6991e-16 0)
(3 9.53043e-16 0)
(3 1.70343e-15 0)
(3 2.49783e-15 0)
(3 2.00799e-15 0)
(2.93798 0.0159871 0)
(1.05963 0.171296 0)
(0.794815 0.172327 0)
(0.837532 0.171284 0)
(0.873853 0.171003 0)
(0.911061 0.167285 0)
(0.947038 0.161692 0)
(3 -5.27588e-17 0)
(3 1.82218e-17 0)
(3 3.19827e-16 0)
(3 2.60029e-17 0)
(3 4.27661e-16 0)
(3 -1.02607e-16 0)
(3 -7.49264e-16 0)
(3 -1.05053e-15 0)
(3 -4.70486e-16 0)
(3 -2.28607e-17 0)
(3 -1.20492e-16 0)
(3 -1.39204e-16 0)
(3 -2.87931e-18 0)
(3 7.48125e-16 0)
(3 1.12121e-15 0)
(3 1.16458e-15 0)
(3 1.40898e-15 0)
(2.98215 0.00712799 0)
(1.09616 0.157436 0)
(0.796451 0.143217 0)
(0.830542 0.141447 0)
(0.863294 0.142931 0)
(0.896573 0.140464 0)
(0.929906 0.137712 0)
(3 6.89752e-17 0)
(3 -2.12534e-17 0)
(3 -4.86478e-17 0)
(3 -2.06276e-16 0)
(3 -1.00865e-16 0)
(3 -4.5876e-16 0)
(3 -2.50401e-16 0)
(3 -1.16973e-16 0)
(3 1.7451e-16 0)
(3 1.82139e-16 0)
(3 -6.35991e-16 0)
(3 -8.9856e-16 0)
(3 -1.1159e-15 0)
(3 -1.08546e-15 0)
(3 -7.33686e-16 0)
(3 3.28926e-17 0)
(3 1.41549e-15 0)
(2.9998 0.000586037 0)
(1.15771 0.140128 0)
(0.799481 0.12254 0)
(0.822843 0.11877 0)
(0.854873 0.120315 0)
(0.88582 0.118072 0)
(0.918633 0.115799 0)
(3 5.46107e-17 0)
(3 -8.13125e-17 0)
(3 -4.85579e-16 0)
(3 -3.20928e-16 0)
(3 -3.30932e-16 0)
(3 2.36967e-16 0)
(3 4.77001e-16 0)
(3 4.58273e-16 0)
(3 4.0791e-16 0)
(3 -3.49624e-16 0)
(3 -9.44954e-16 0)
(3 -2.87478e-16 0)
(3 8.67035e-16 0)
(3 -1.53997e-16 0)
(3 -8.07765e-16 0)
(3 -2.33874e-16 0)
(3 2.66265e-16 0)
(3 1.6643e-06 0)
(1.23276 0.12224 0)
(0.806125 0.103513 0)
(0.820273 0.0974358 0)
(0.855712 0.0977156 0)
(0.885786 0.0955739 0)
(0.918389 0.0935118 0)
(3 -1.53462e-16 0)
(3 1.08031e-16 0)
(3 2.9596e-16 0)
(3 4.97778e-16 0)
(3 3.26509e-16 0)
(3 7.69995e-16 0)
(3 1.34624e-15 0)
(3 1.33687e-15 0)
(3 4.07388e-16 0)
(3 -7.98226e-16 0)
(3 -8.28426e-16 0)
(3 -1.99328e-16 0)
(3 4.48276e-16 0)
(3 1.40517e-15 0)
(3 1.58577e-15 0)
(3 1.40565e-15 0)
(3 -1.65432e-16 0)
(3 6.8417e-10 0)
(1.30133 0.0972853 0)
(0.807928 0.0814544 0)
(0.81742 0.0765991 0)
(0.855884 0.0761251 0)
(0.885264 0.0743914 0)
(0.917276 0.0725625 0)
(3 5.14995e-17 0)
(3 3.06839e-16 0)
(3 1.06228e-15 0)
(3 1.10989e-15 0)
(3 1.21338e-15 0)
(3 7.15191e-16 0)
(3 3.99886e-16 0)
(3 -7.2009e-17 0)
(3 -5.86544e-16 0)
(3 -1.21648e-16 0)
(3 9.15494e-16 0)
(3 4.01462e-16 0)
(3 -3.39819e-16 0)
(3 3.88455e-16 0)
(3 2.11754e-15 0)
(3 1.93054e-15 0)
(3 -3.20215e-18 0)
(3 2.10905e-14 0)
(1.35787 0.069636 0)
(0.808928 0.0578692 0)
(0.817 0.0554033 0)
(0.857432 0.0544662 0)
(0.887058 0.0532366 0)
(0.919134 0.0518527 0)
(3 5.58541e-16 0)
(3 3.64437e-16 0)
(3 3.12753e-16 0)
(3 1.52342e-16 0)
(3 2.28711e-16 0)
(3 2.56825e-16 0)
(3 -2.70986e-16 0)
(3 -6.76728e-16 0)
(3 -1.77505e-16 0)
(3 7.95567e-16 0)
(3 1.61794e-15 0)
(3 1.99807e-15 0)
(3 1.44129e-15 0)
(3 8.05439e-16 0)
(3 9.21213e-16 0)
(3 4.87745e-16 0)
(3 6.48598e-17 0)
(3 -8.67632e-15 0)
(1.39751 0.038795 0)
(0.810334 0.0337319 0)
(0.817168 0.0331006 0)
(0.858079 0.0325327 0)
(0.887472 0.0318154 0)
(0.919082 0.0309595 0)
(3 2.01625e-16 0)
(3 8.96735e-17 0)
(3 -7.74863e-17 0)
(3 -1.72362e-16 0)
(3 -2.95903e-16 0)
(3 -4.54498e-16 0)
(3 -4.14894e-16 0)
(3 -1.64248e-16 0)
(3 2.13066e-16 0)
(3 5.30552e-16 0)
(3 4.61027e-16 0)
(3 7.83872e-16 0)
(3 1.1232e-15 0)
(3 8.49902e-16 0)
(3 7.66421e-16 0)
(3 3.94299e-16 0)
(3 2.86482e-16 0)
(3 -3.33674e-15 0)
(1.40892 0.00870471 0)
(0.805278 0.00958732 0)
(0.810464 0.0109265 0)
(0.851185 0.0113633 0)
(0.880968 0.0114196 0)
(0.913123 0.0111059 0)
(1.21649 1.37004 0)
(0.22413 0.648277 0)
(-0.0194037 0.107696 0)
(0.022325 0.00401515 0)
(0.0455785 0.010351 0)
(0.0422532 0.0258393 0)
(0.0178131 0.0298162 0)
(-0.0065215 0.0219096 0)
(-0.026983 0.00691842 0)
(-0.0409687 -0.00448822 0)
(-0.0444165 -0.0123952 0)
(-0.0426705 -0.0139837 0)
(-0.0408643 -0.0116465 0)
(-0.0377847 -0.00751037 0)
(-0.0328817 -0.00402571 0)
(-0.0264686 -0.00132597 0)
(-0.0194662 0.000372641 0)
(-0.00924687 -6.14764e-06 0)
(0.00442725 -0.00179058 0)
(0.0207566 -0.00510306 0)
(0.0377935 -0.00869803 0)
(0.0542457 -0.0124335 0)
(0.0708159 -0.0156505 0)
(0.0887168 -0.017513 0)
(0.109911 -0.0187721 0)
(0.135481 -0.0205822 0)
(0.166339 -0.0233377 0)
(0.201468 -0.0270707 0)
(0.238643 -0.0318282 0)
(0.275442 -0.0366305 0)
(0.311187 -0.0398542 0)
(0.345742 -0.0407857 0)
(0.379549 -0.0406003 0)
(0.413999 -0.0397615 0)
(0.450062 -0.0387107 0)
(0.488132 -0.0375176 0)
(0.527752 -0.0361889 0)
(0.567999 -0.0346948 0)
(0.608064 -0.0333637 0)
(0.647569 -0.032709 0)
(0.686604 -0.0329577 0)
(0.724957 -0.0337167 0)
(0.761566 -0.034304 0)
(0.795968 -0.0341803 0)
(0.82828 -0.0332438 0)
(0.859113 -0.031415 0)
(0.889322 -0.029026 0)
(0.920075 -0.0266336 0)
(0.952068 -0.0245625 0)
(0.984782 -0.0227866 0)
(1.01703 -0.0213493 0)
(1.04809 -0.0205211 0)
(1.07798 -0.0204796 0)
(1.10726 -0.0210348 0)
(1.13604 -0.0216694 0)
(1.16325 -0.0220608 0)
(1.18796 -0.0217307 0)
(1.21049 -0.0206505 0)
(1.23146 -0.0189322 0)
(1.25193 -0.016851 0)
(1.27302 -0.0147807 0)
(1.29522 -0.0127516 0)
(1.31808 -0.0110177 0)
(1.34081 -0.00967605 0)
(1.36276 -0.00837292 0)
(1.38391 -0.00740549 0)
(1.40485 -0.00699481 0)
(1.42542 -0.00695742 0)
(1.44328 -0.00696506 0)
(1.45804 -0.00710646 0)
(1.47183 -0.00731677 0)
(1.48559 -0.00764758 0)
(1.50006 -0.00802959 0)
(1.51548 -0.00808807 0)
(1.53125 -0.00777838 0)
(1.54623 -0.00705853 0)
(1.56082 -0.00586703 0)
(1.57561 -0.00449509 0)
(1.59155 -0.00302932 0)
(1.60881 -0.00141127 0)
(1.62276 -0.000270489 0)
(1.63471 0.00028271 0)
(1.64543 0.00103409 0)
(1.65463 0.00139833 0)
(1.66409 0.00110201 0)
(1.67487 0.000865402 0)
(1.68614 0.00112382 0)
(1.69724 0.00226353 0)
(1.70821 0.00426333 0)
(1.71949 0.00585551 0)
(1.7316 0.0069089 0)
(1.74616 0.00701078 0)
(1.76282 0.00549355 0)
(1.77689 0.00405621 0)
(1.78465 0.00150568 0)
(1.784 -0.00195217 0)
(1.66666 1.18373 0)
(1.10613 0.675378 0)
(0.778885 0.162856 0)
(0.492076 0.0144556 0)
(0.315763 0.0345856 0)
(0.213728 0.0687521 0)
(0.144602 0.0493839 0)
(0.102189 0.00695838 0)
(0.0785709 -0.0224037 0)
(0.0673621 -0.0318359 0)
(0.0679042 -0.0275007 0)
(0.0670084 -0.0175258 0)
(0.065075 -0.00499247 0)
(0.0602565 0.00805353 0)
(0.0583999 0.0152209 0)
(0.0622204 0.017808 0)
(0.0692566 0.0189621 0)
(0.0820207 0.0160502 0)
(0.0981235 0.0111191 0)
(0.114827 0.00428747 0)
(0.132721 -0.00160605 0)
(0.152641 -0.00812218 0)
(0.175336 -0.0152256 0)
(0.200946 -0.0218467 0)
(0.228754 -0.0253017 0)
(0.258479 -0.0249927 0)
(0.290318 -0.0241391 0)
(0.324711 -0.0259986 0)
(0.361734 -0.031131 0)
(0.401115 -0.039547 0)
(0.44112 -0.0502001 0)
(0.479849 -0.0594048 0)
(0.515474 -0.0630848 0)
(0.548399 -0.0623452 0)
(0.581071 -0.0597465 0)
(0.615578 -0.0565614 0)
(0.652562 -0.0528145 0)
(0.691119 -0.0477291 0)
(0.729492 -0.0409848 0)
(0.7662 -0.0337763 0)
(0.800147 -0.0286569 0)
(0.831924 -0.0280193 0)
(0.863061 -0.0322487 0)
(0.89491 -0.0384108 0)
(0.926185 -0.0427314 0)
(0.955621 -0.0431549 0)
(0.98292 -0.0397363 0)
(1.00933 -0.0343091 0)
(1.03661 -0.0288014 0)
(1.06565 -0.0240395 0)
(1.09603 -0.0196422 0)
(1.12603 -0.0151043 0)
(1.15375 -0.0110762 0)
(1.17869 -0.00935288 0)
(1.20182 -0.0116278 0)
(1.22491 -0.0170602 0)
(1.2485 -0.0235634 0)
(1.27064 -0.0280667 0)
(1.29054 -0.0292338 0)
(1.30898 -0.0276035 0)
(1.32733 -0.0240815 0)
(1.34636 -0.0199991 0)
(1.366 -0.0158753 0)
(1.38595 -0.0125502 0)
(1.40585 -0.00929636 0)
(1.42547 -0.00613652 0)
(1.44462 -0.00398424 0)
(1.46325 -0.00410976 0)
(1.48019 -0.00544512 0)
(1.49434 -0.00570039 0)
(1.50739 -0.00592564 0)
(1.51941 -0.00697783 0)
(1.53203 -0.00918686 0)
(1.54571 -0.0125066 0)
(1.56046 -0.0163515 0)
(1.57527 -0.0191595 0)
(1.5898 -0.0198719 0)
(1.60453 -0.0187253 0)
(1.62032 -0.0160577 0)
(1.63646 -0.0132812 0)
(1.64979 -0.0117648 0)
(1.6616 -0.0105086 0)
(1.67202 -0.0087596 0)
(1.67983 -0.006991 0)
(1.68637 -0.00655776 0)
(1.69581 -0.00759595 0)
(1.70665 -0.00880124 0)
(1.71819 -0.00889882 0)
(1.73005 -0.0064573 0)
(1.74219 -0.00101573 0)
(1.7547 0.00599996 0)
(1.7681 0.012543 0)
(1.78088 0.0151108 0)
(1.79212 0.0142514 0)
(1.79822 0.00855379 0)
(1.7985 -0.00383152 0)
(1.6301 1.03848 0)
(1.45434 0.900153 0)
(1.41054 0.65929 0)
(1.15134 0.466232 0)
(0.876262 0.307193 0)
(0.691025 0.178217 0)
(0.569913 0.0854224 0)
(0.496178 0.0321115 0)
(0.44929 0.0160446 0)
(0.416855 0.0204139 0)
(0.392341 0.0307929 0)
(0.376151 0.035335 0)
(0.366483 0.0359592 0)
(0.357504 0.0299269 0)
(0.349016 0.022877 0)
(0.347841 0.0126108 0)
(0.355804 -0.00269572 0)
(0.373889 -0.0193481 0)
(0.398164 -0.0320134 0)
(0.422712 -0.0390532 0)
(0.444042 -0.0501368 0)
(0.466146 -0.063321 0)
(0.492128 -0.076626 0)
(0.522971 -0.0880382 0)
(0.557956 -0.0970288 0)
(0.595425 -0.102987 0)
(0.632778 -0.104849 0)
(0.668395 -0.103512 0)
(0.703125 -0.102281 0)
(0.738282 -0.103258 0)
(0.774039 -0.106519 0)
(0.809541 -0.110779 0)
(0.843541 -0.114469 0)
(0.874039 -0.114743 0)
(0.900997 -0.111629 0)
(0.926812 -0.107424 0)
(0.953978 -0.104449 0)
(0.983456 -0.103593 0)
(1.01491 -0.103795 0)
(1.04678 -0.103012 0)
(1.0759 -0.099357 0)
(1.10089 -0.0925616 0)
(1.12241 -0.0847725 0)
(1.14288 -0.0790455 0)
(1.16378 -0.0765239 0)
(1.18565 -0.0759081 0)
(1.2075 -0.0744358 0)
(1.22806 -0.0710738 0)
(1.2481 -0.0667659 0)
(1.26906 -0.0626497 0)
(1.29155 -0.0598936 0)
(1.31551 -0.0585958 0)
(1.33935 -0.056786 0)
(1.3599 -0.0526573 0)
(1.3769 -0.0470193 0)
(1.39227 -0.0408457 0)
(1.40689 -0.0361802 0)
(1.42141 -0.0345146 0)
(1.436 -0.0342238 0)
(1.45082 -0.0338882 0)
(1.46595 -0.032666 0)
(1.48108 -0.0299692 0)
(1.49618 -0.0264125 0)
(1.51133 -0.022818 0)
(1.52652 -0.0196392 0)
(1.54185 -0.0165433 0)
(1.55723 -0.0130219 0)
(1.5717 -0.010033 0)
(1.58508 -0.00878333 0)
(1.59741 -0.00734212 0)
(1.60839 -0.00444633 0)
(1.61765 0.000229194 0)
(1.62542 0.00521614 0)
(1.63395 0.0079803 0)
(1.64523 0.0079223 0)
(1.65741 0.00556114 0)
(1.67101 0.00125497 0)
(1.68596 -0.00180823 0)
(1.70151 -0.00329412 0)
(1.71478 -0.00480542 0)
(1.72608 -0.00657618 0)
(1.73676 -0.0081091 0)
(1.74686 -0.00849294 0)
(1.75495 -0.00678091 0)
(1.75975 -0.00285619 0)
(1.76356 -0.000370669 0)
(1.77097 -0.00127228 0)
(1.78016 -0.00402831 0)
(1.79114 -0.00794744 0)
(1.80431 -0.00975608 0)
(1.81728 -0.00888833 0)
(1.82844 -0.00717921 0)
(1.83746 -0.0072908 0)
(1.84414 -0.00873744 0)
(1.84614 -0.0145257 0)
(1.84435 -0.0297445 0)
(1.51799 0.904154 0)
(1.5019 0.81853 0)
(1.6564 0.701503 0)
(1.65046 0.565042 0)
(1.4869 0.430262 0)
(1.34072 0.309238 0)
(1.21152 0.221648 0)
(1.10526 0.149638 0)
(1.02994 0.10013 0)
(0.975906 0.0720597 0)
(0.929569 0.047035 0)
(0.890605 0.0222752 0)
(0.866188 -0.006651 0)
(0.853719 -0.0319297 0)
(0.842796 -0.0456169 0)
(0.835393 -0.0526561 0)
(0.838878 -0.0561533 0)
(0.851222 -0.063203 0)
(0.871669 -0.0750382 0)
(0.89873 -0.089969 0)
(0.927611 -0.0976866 0)
(0.953155 -0.0973608 0)
(0.976152 -0.0950222 0)
(1.00055 -0.0952029 0)
(1.02951 -0.0991128 0)
(1.06338 -0.105758 0)
(1.09915 -0.112949 0)
(1.13255 -0.11766 0)
(1.1607 -0.118494 0)
(1.18418 -0.116838 0)
(1.20583 -0.114692 0)
(1.22842 -0.113287 0)
(1.253 -0.112729 0)
(1.27784 -0.111084 0)
(1.29999 -0.106356 0)
(1.31804 -0.0983956 0)
(1.33416 -0.0892282 0)
(1.35079 -0.0814162 0)
(1.36884 -0.0763973 0)
(1.38827 -0.0748405 0)
(1.40778 -0.0762313 0)
(1.42464 -0.0777322 0)
(1.43698 -0.0771116 0)
(1.44741 -0.0752199 0)
(1.45824 -0.0726697 0)
(1.47089 -0.0694459 0)
(1.48585 -0.0647424 0)
(1.50085 -0.0584739 0)
(1.51445 -0.0529432 0)
(1.52756 -0.0492699 0)
(1.54117 -0.0464702 0)
(1.55571 -0.043902 0)
(1.57151 -0.0425784 0)
(1.58539 -0.0429142 0)
(1.59657 -0.0433989 0)
(1.60663 -0.0427521 0)
(1.61502 -0.0402185 0)
(1.62306 -0.0360166 0)
(1.63178 -0.0311238 0)
(1.6412 -0.0264534 0)
(1.65213 -0.0227983 0)
(1.66425 -0.0198718 0)
(1.67623 -0.0172425 0)
(1.68768 -0.0140772 0)
(1.69869 -0.00946248 0)
(1.70907 -0.00485888 0)
(1.71891 -0.00241355 0)
(1.72805 -0.0017426 0)
(1.73659 -0.0016005 0)
(1.74506 -0.00206321 0)
(1.75335 -0.00301481 0)
(1.76096 -0.00356966 0)
(1.76746 -0.00278396 0)
(1.77337 -0.000334998 0)
(1.78097 0.0029397 0)
(1.79155 0.00669614 0)
(1.80329 0.0115133 0)
(1.81525 0.0166595 0)
(1.82632 0.0190339 0)
(1.83637 0.0197234 0)
(1.84482 0.019682 0)
(1.85288 0.017868 0)
(1.86139 0.0147922 0)
(1.86959 0.0122807 0)
(1.87659 0.0122443 0)
(1.88079 0.0159631 0)
(1.88172 0.0209468 0)
(1.88604 0.0224209 0)
(1.89473 0.0207793 0)
(1.90557 0.0156961 0)
(1.91841 0.00893463 0)
(1.929 0.00339361 0)
(1.93662 -0.00173802 0)
(1.93925 -0.0068388 0)
(1.93652 -0.0137931 0)
(1.92641 -0.0347441 0)
(1.41245 0.770011 0)
(1.45575 0.727627 0)
(1.62368 0.660583 0)
(1.73528 0.583149 0)
(1.72039 0.500353 0)
(1.68994 0.417725 0)
(1.64899 0.346205 0)
(1.58928 0.272132 0)
(1.53487 0.201282 0)
(1.49554 0.147194 0)
(1.458 0.101643 0)
(1.4179 0.0656724 0)
(1.38298 0.0359463 0)
(1.36541 0.00361481 0)
(1.36004 -0.0260713 0)
(1.35054 -0.0399474 0)
(1.34578 -0.0499689 0)
(1.3493 -0.0569858 0)
(1.35826 -0.0692754 0)
(1.37371 -0.0875918 0)
(1.39421 -0.106329 0)
(1.4131 -0.118839 0)
(1.42796 -0.125619 0)
(1.44138 -0.130664 0)
(1.45634 -0.136146 0)
(1.47441 -0.143538 0)
(1.49569 -0.152179 0)
(1.51722 -0.157707 0)
(1.53439 -0.158305 0)
(1.54573 -0.155447 0)
(1.55398 -0.151784 0)
(1.56233 -0.149333 0)
(1.57307 -0.148996 0)
(1.58673 -0.150012 0)
(1.60142 -0.149583 0)
(1.61317 -0.145255 0)
(1.62113 -0.138259 0)
(1.6281 -0.130896 0)
(1.63587 -0.12421 0)
(1.64473 -0.119332 0)
(1.65483 -0.116254 0)
(1.66559 -0.113131 0)
(1.67296 -0.108176 0)
(1.67877 -0.101511 0)
(1.68493 -0.0934359 0)
(1.69266 -0.0865505 0)
(1.70239 -0.0820936 0)
(1.71272 -0.0788743 0)
(1.72159 -0.0761208 0)
(1.72989 -0.0708667 0)
(1.73936 -0.0631185 0)
(1.74959 -0.0556409 0)
(1.75913 -0.0522746 0)
(1.76843 -0.0515911 0)
(1.77626 -0.0506834 0)
(1.783 -0.0474382 0)
(1.78962 -0.0421089 0)
(1.79626 -0.0363205 0)
(1.80234 -0.0316002 0)
(1.8077 -0.0287485 0)
(1.81496 -0.02719 0)
(1.82522 -0.0251515 0)
(1.83609 -0.0218637 0)
(1.84656 -0.0171669 0)
(1.85638 -0.0131886 0)
(1.86531 -0.00973671 0)
(1.87233 -0.0054284 0)
(1.87723 -0.000863873 0)
(1.88182 0.00134298 0)
(1.88778 0.000996125 0)
(1.89457 0.000271987 0)
(1.90104 0.000384857 0)
(1.90621 0.0019706 0)
(1.91034 0.00420096 0)
(1.91642 0.00675281 0)
(1.92597 0.00881118 0)
(1.93683 0.00995282 0)
(1.94791 0.0105201 0)
(1.95809 0.0112574 0)
(1.96646 0.0122771 0)
(1.97285 0.0126282 0)
(1.97802 0.0115651 0)
(1.9839 0.00894282 0)
(1.99111 0.00592591 0)
(1.99872 0.00376241 0)
(2.0056 0.00351922 0)
(2.0099 0.0067923 0)
(2.01027 0.013006 0)
(2.01383 0.01629 0)
(2.02243 0.0160105 0)
(2.03009 0.0122696 0)
(2.03638 0.00444522 0)
(2.04298 -0.00562378 0)
(2.04412 -0.0170865 0)
(2.03696 -0.027851 0)
(2.01955 -0.0517841 0)
(1.35402 0.686511 0)
(1.40313 0.652148 0)
(1.55958 0.597323 0)
(1.66873 0.54516 0)
(1.7079 0.484639 0)
(1.74157 0.413941 0)
(1.7693 0.341533 0)
(1.77699 0.279165 0)
(1.77353 0.215088 0)
(1.76874 0.164325 0)
(1.75696 0.134508 0)
(1.73571 0.107127 0)
(1.71032 0.0756533 0)
(1.69515 0.0395802 0)
(1.69487 0.00326621 0)
(1.69403 -0.0304015 0)
(1.68618 -0.054175 0)
(1.68082 -0.0732623 0)
(1.68267 -0.0879686 0)
(1.68874 -0.104478 0)
(1.69849 -0.123407 0)
(1.7074 -0.138374 0)
(1.71153 -0.148838 0)
(1.71353 -0.157511 0)
(1.71622 -0.163996 0)
(1.72083 -0.166292 0)
(1.73017 -0.165865 0)
(1.74243 -0.165389 0)
(1.7503 -0.164768 0)
(1.75214 -0.163384 0)
(1.75132 -0.161491 0)
(1.75059 -0.159215 0)
(1.75197 -0.155409 0)
(1.7578 -0.148627 0)
(1.76677 -0.138275 0)
(1.77417 -0.126555 0)
(1.77721 -0.117451 0)
(1.77731 -0.111636 0)
(1.77885 -0.108061 0)
(1.78224 -0.104815 0)
(1.78774 -0.0981232 0)
(1.79558 -0.0874727 0)
(1.80297 -0.0766325 0)
(1.80686 -0.0688571 0)
(1.81078 -0.0643938 0)
(1.81564 -0.0622322 0)
(1.82209 -0.0601463 0)
(1.82938 -0.0565549 0)
(1.8369 -0.0492412 0)
(1.84489 -0.0410286 0)
(1.85292 -0.0342773 0)
(1.86057 -0.0303714 0)
(1.86768 -0.0279646 0)
(1.87402 -0.024715 0)
(1.8805 -0.0206108 0)
(1.88772 -0.0169889 0)
(1.89545 -0.0145674 0)
(1.90281 -0.0130583 0)
(1.90825 -0.0114811 0)
(1.91148 -0.00771916 0)
(1.91777 -0.00121057 0)
(1.92783 0.00512117 0)
(1.93857 0.0101843 0)
(1.94931 0.0136807 0)
(1.9595 0.0159709 0)
(1.96843 0.0172406 0)
(1.97479 0.0172718 0)
(1.97835 0.0164802 0)
(1.98164 0.0171766 0)
(1.98727 0.020596 0)
(1.99441 0.0248866 0)
(2.00136 0.0286609 0)
(2.00721 0.0306834 0)
(2.01183 0.0306282 0)
(2.01732 0.0302749 0)
(2.02565 0.0303156 0)
(2.03569 0.0304451 0)
(2.04613 0.030993 0)
(2.05601 0.0317904 0)
(2.06453 0.0324196 0)
(2.07086 0.0327803 0)
(2.07466 0.0321714 0)
(2.07822 0.0295309 0)
(2.08427 0.0254668 0)
(2.09202 0.0215059 0)
(2.09989 0.0181422 0)
(2.10656 0.0158686 0)
(2.10958 0.0160717 0)
(2.10898 0.0159288 0)
(2.11398 0.0123313 0)
(2.1181 0.00761828 0)
(2.12073 0.000651652 0)
(2.12267 -0.0109925 0)
(2.12105 -0.0289607 0)
(2.11053 -0.0505796 0)
(2.08749 -0.0885038 0)
(1.33297 0.645164 0)
(1.38662 0.617849 0)
(1.51802 0.574954 0)
(1.60748 0.520554 0)
(1.64517 0.455845 0)
(1.68666 0.390046 0)
(1.73537 0.325326 0)
(1.77452 0.270167 0)
(1.80158 0.215966 0)
(1.8313 0.161201 0)
(1.84693 0.120962 0)
(1.84576 0.0961599 0)
(1.83176 0.063802 0)
(1.823 0.0333066 0)
(1.82744 0.0090437 0)
(1.83416 -0.0193114 0)
(1.83115 -0.0411564 0)
(1.8237 -0.06227 0)
(1.8204 -0.0814115 0)
(1.82385 -0.0979324 0)
(1.83097 -0.117354 0)
(1.83631 -0.135315 0)
(1.83524 -0.145037 0)
(1.83133 -0.150838 0)
(1.8285 -0.154749 0)
(1.82791 -0.157638 0)
(1.83187 -0.16216 0)
(1.83913 -0.16449 0)
(1.84176 -0.163375 0)
(1.83962 -0.162182 0)
(1.83618 -0.159079 0)
(1.83325 -0.153968 0)
(1.83233 -0.146913 0)
(1.83666 -0.137084 0)
(1.84369 -0.128498 0)
(1.84656 -0.12423 0)
(1.84631 -0.122011 0)
(1.84389 -0.117927 0)
(1.84397 -0.112741 0)
(1.84757 -0.105216 0)
(1.85467 -0.0947075 0)
(1.85955 -0.0881674 0)
(1.86334 -0.0852513 0)
(1.8655 -0.0830571 0)
(1.86658 -0.0808699 0)
(1.8712 -0.0777487 0)
(1.87851 -0.0721435 0)
(1.88752 -0.0613923 0)
(1.8951 -0.0530514 0)
(1.90235 -0.0470676 0)
(1.90899 -0.0426378 0)
(1.91529 -0.0400727 0)
(1.92125 -0.0367185 0)
(1.92703 -0.031869 0)
(1.93316 -0.0272512 0)
(1.93993 -0.0234997 0)
(1.94741 -0.0204145 0)
(1.95505 -0.0176774 0)
(1.96171 -0.0141338 0)
(1.9678 -0.00850335 0)
(1.975 -0.00197839 0)
(1.98374 0.00384233 0)
(1.99375 0.00900353 0)
(2.00401 0.0124824 0)
(2.01386 0.0135536 0)
(2.02238 0.0131626 0)
(2.02887 0.0126873 0)
(2.03379 0.0139122 0)
(2.03933 0.0178316 0)
(2.04653 0.022664 0)
(2.05444 0.0265653 0)
(2.06165 0.0292489 0)
(2.06729 0.0311488 0)
(2.07188 0.0327955 0)
(2.07755 0.0335818 0)
(2.08558 0.0332336 0)
(2.09512 0.0326571 0)
(2.10531 0.0325448 0)
(2.11557 0.0334758 0)
(2.12503 0.0351815 0)
(2.13249 0.0366972 0)
(2.13642 0.0369762 0)
(2.13788 0.0346725 0)
(2.14213 0.0299348 0)
(2.14932 0.0252537 0)
(2.15701 0.0208975 0)
(2.16404 0.0179042 0)
(2.16924 0.0170183 0)
(2.17014 0.0161456 0)
(2.17075 0.0132767 0)
(2.17071 0.00868397 0)
(2.1705 0.0011414 0)
(2.16618 -0.014731 0)
(2.15764 -0.0410961 0)
(2.14559 -0.0723813 0)
(2.12262 -0.112934 0)
(1.30952 0.598678 0)
(1.37417 0.57946 0)
(1.48504 0.544669 0)
(1.55913 0.494672 0)
(1.58882 0.433143 0)
(1.62845 0.373397 0)
(1.6775 0.317487 0)
(1.72145 0.26907 0)
(1.75892 0.217877 0)
(1.80139 0.16611 0)
(1.8355 0.119379 0)
(1.8493 0.087017 0)
(1.84616 0.052905 0)
(1.84324 0.0188165 0)
(1.85193 -0.00730914 0)
(1.86245 -0.0359145 0)
(1.8632 -0.0569871 0)
(1.85815 -0.0776296 0)
(1.85412 -0.0990164 0)
(1.85771 -0.114286 0)
(1.86617 -0.129671 0)
(1.87335 -0.144714 0)
(1.8735 -0.15311 0)
(1.86967 -0.157782 0)
(1.86421 -0.163616 0)
(1.86342 -0.168051 0)
(1.8658 -0.173147 0)
(1.87048 -0.176501 0)
(1.87244 -0.175985 0)
(1.87154 -0.174632 0)
(1.86928 -0.17057 0)
(1.86783 -0.164902 0)
(1.86792 -0.159359 0)
(1.87092 -0.155234 0)
(1.87387 -0.151 0)
(1.87403 -0.148353 0)
(1.87248 -0.144301 0)
(1.87168 -0.137991 0)
(1.87438 -0.132558 0)
(1.88035 -0.123561 0)
(1.88555 -0.113314 0)
(1.8875 -0.107694 0)
(1.88767 -0.103017 0)
(1.88753 -0.0984662 0)
(1.89227 -0.0928314 0)
(1.89998 -0.085992 0)
(1.91018 -0.075568 0)
(1.91837 -0.0669737 0)
(1.92497 -0.0627079 0)
(1.92964 -0.0580852 0)
(1.93544 -0.0526498 0)
(1.94265 -0.0467887 0)
(1.94954 -0.0398106 0)
(1.95558 -0.0331598 0)
(1.96084 -0.0284287 0)
(1.96574 -0.0251658 0)
(1.97247 -0.0223759 0)
(1.98113 -0.0189609 0)
(1.99006 -0.0138779 0)
(1.99839 -0.00714754 0)
(2.00612 -0.000243634 0)
(2.01328 0.00561458 0)
(2.02061 0.00936415 0)
(2.02935 0.0112244 0)
(2.03907 0.0125245 0)
(2.04838 0.0140586 0)
(2.05654 0.0163474 0)
(2.06402 0.0194513 0)
(2.07162 0.0229859 0)
(2.07926 0.02683 0)
(2.08612 0.0308331 0)
(2.09194 0.0342135 0)
(2.09726 0.0360665 0)
(2.10295 0.0367085 0)
(2.1096 0.0370169 0)
(2.11759 0.0371343 0)
(2.12675 0.0371598 0)
(2.13669 0.0379785 0)
(2.14688 0.0395233 0)
(2.15662 0.0412084 0)
(2.1647 0.0424974 0)
(2.16914 0.0427347 0)
(2.16941 0.0407038 0)
(2.17177 0.035767 0)
(2.17848 0.0307653 0)
(2.18556 0.0268582 0)
(2.19231 0.0237454 0)
(2.19801 0.0207832 0)
(2.2004 0.0174627 0)
(2.19814 0.0124256 0)
(2.19504 0.00359609 0)
(2.19058 -0.00653488 0)
(2.17858 -0.0261753 0)
(2.16163 -0.0600475 0)
(2.15139 -0.0867014 0)
(2.13417 -0.121548 0)
(1.30358 0.571362 0)
(1.36948 0.551223 0)
(1.45945 0.516622 0)
(1.51902 0.468548 0)
(1.54708 0.414605 0)
(1.58776 0.364573 0)
(1.63437 0.317218 0)
(1.67482 0.272844 0)
(1.71091 0.221881 0)
(1.75402 0.172396 0)
(1.79487 0.125375 0)
(1.81644 0.0902787 0)
(1.82068 0.0574855 0)
(1.82419 0.02455 0)
(1.83649 0.000221468 0)
(1.85089 -0.0275014 0)
(1.8551 -0.0501102 0)
(1.85302 -0.0725611 0)
(1.85053 -0.0959878 0)
(1.85572 -0.111419 0)
(1.8666 -0.125284 0)
(1.8767 -0.138604 0)
(1.87966 -0.147354 0)
(1.87823 -0.15584 0)
(1.87341 -0.167249 0)
(1.87304 -0.175162 0)
(1.87622 -0.179473 0)
(1.88187 -0.182042 0)
(1.88568 -0.180758 0)
(1.88651 -0.179313 0)
(1.88601 -0.176092 0)
(1.88559 -0.172039 0)
(1.88639 -0.168895 0)
(1.8884 -0.165893 0)
(1.89177 -0.161315 0)
(1.89298 -0.15696 0)
(1.89191 -0.150727 0)
(1.892 -0.141201 0)
(1.89611 -0.132007 0)
(1.903 -0.123116 0)
(1.90661 -0.116754 0)
(1.90828 -0.110882 0)
(1.90655 -0.104042 0)
(1.90625 -0.0966609 0)
(1.91154 -0.0901503 0)
(1.92077 -0.0799302 0)
(1.93157 -0.0665289 0)
(1.93807 -0.0610749 0)
(1.94329 -0.0575862 0)
(1.94588 -0.0530086 0)
(1.9526 -0.0478146 0)
(1.96071 -0.0408199 0)
(1.9681 -0.0326259 0)
(1.97441 -0.0258463 0)
(1.97826 -0.0203825 0)
(1.98078 -0.0159689 0)
(1.98804 -0.0122236 0)
(1.99742 -0.00746515 0)
(2.00731 -0.000886181 0)
(2.01668 0.00453847 0)
(2.025 0.0087379 0)
(2.03102 0.0128198 0)
(2.03539 0.0165418 0)
(2.04236 0.0195303 0)
(2.05234 0.0224116 0)
(2.06264 0.0260995 0)
(2.07253 0.0303077 0)
(2.08181 0.0331888 0)
(2.09034 0.0346457 0)
(2.09725 0.0352806 0)
(2.10193 0.0349255 0)
(2.10668 0.0350595 0)
(2.1134 0.0374203 0)
(2.12089 0.0416373 0)
(2.12782 0.0460782 0)
(2.13498 0.0486393 0)
(2.14366 0.0488049 0)
(2.15309 0.0481311 0)
(2.16251 0.0473429 0)
(2.17133 0.0466831 0)
(2.1787 0.0462298 0)
(2.18386 0.0459423 0)
(2.18576 0.0457081 0)
(2.18671 0.0443617 0)
(2.19139 0.0414026 0)
(2.19779 0.0381958 0)
(2.2034 0.0343099 0)
(2.20778 0.0287499 0)
(2.2085 0.0211661 0)
(2.20423 0.0093111 0)
(2.19972 -0.00246753 0)
(2.18978 -0.0138157 0)
(2.17058 -0.0405467 0)
(2.1528 -0.0704258 0)
(2.14354 -0.0857923 0)
(2.13438 -0.115471 0)
(1.29601 0.540285 0)
(1.36091 0.519659 0)
(1.43651 0.487023 0)
(1.48595 0.443078 0)
(1.5163 0.396915 0)
(1.5605 0.354051 0)
(1.60655 0.312063 0)
(1.64309 0.271528 0)
(1.67522 0.224992 0)
(1.71629 0.180657 0)
(1.75795 0.137114 0)
(1.78311 0.101568 0)
(1.79124 0.0668784 0)
(1.79803 0.0315672 0)
(1.81375 0.00635524 0)
(1.83147 -0.020881 0)
(1.83847 -0.0418224 0)
(1.83878 -0.0626434 0)
(1.83794 -0.0853732 0)
(1.84552 -0.10063 0)
(1.85895 -0.115443 0)
(1.87063 -0.13032 0)
(1.87594 -0.14177 0)
(1.87644 -0.154289 0)
(1.87369 -0.168035 0)
(1.87682 -0.174368 0)
(1.88219 -0.177193 0)
(1.89033 -0.179733 0)
(1.89524 -0.180116 0)
(1.89762 -0.180025 0)
(1.89813 -0.178848 0)
(1.89888 -0.176053 0)
(1.90106 -0.172729 0)
(1.90419 -0.168755 0)
(1.90915 -0.162469 0)
(1.91204 -0.154769 0)
(1.9123 -0.147056 0)
(1.91264 -0.137871 0)
(1.91591 -0.129235 0)
(1.92188 -0.120311 0)
(1.92542 -0.112743 0)
(1.92673 -0.106016 0)
(1.9259 -0.0972612 0)
(1.92783 -0.0885649 0)
(1.93376 -0.0795093 0)
(1.94441 -0.0654452 0)
(1.95147 -0.0558572 0)
(1.95647 -0.0509036 0)
(1.95784 -0.046377 0)
(1.96133 -0.0414997 0)
(1.96901 -0.0357835 0)
(1.97817 -0.0260825 0)
(1.98582 -0.0179765 0)
(1.99215 -0.0118548 0)
(1.99392 -0.00572096 0)
(1.9955 0.000503341 0)
(2.00342 0.00547818 0)
(2.01306 0.0112452 0)
(2.02296 0.0172693 0)
(2.03214 0.0217576 0)
(2.03964 0.0251284 0)
(2.0435 0.0279148 0)
(2.04649 0.0311162 0)
(2.05445 0.0351707 0)
(2.06435 0.0396107 0)
(2.07439 0.0447461 0)
(2.08424 0.0490228 0)
(2.09375 0.0517235 0)
(2.10144 0.0515282 0)
(2.10593 0.0486987 0)
(2.10819 0.0464056 0)
(2.11379 0.0479803 0)
(2.12275 0.0526604 0)
(2.13172 0.0579658 0)
(2.13986 0.061929 0)
(2.14704 0.0634926 0)
(2.1541 0.0629031 0)
(2.16135 0.0613989 0)
(2.16833 0.0597871 0)
(2.17498 0.0582546 0)
(2.18203 0.0567428 0)
(2.18935 0.0550344 0)
(2.19525 0.054114 0)
(2.1976 0.0557346 0)
(2.19711 0.0556165 0)
(2.20056 0.0521449 0)
(2.20278 0.0469071 0)
(2.20563 0.0393763 0)
(2.20336 0.0238541 0)
(2.19771 0.0043212 0)
(2.19132 -0.0116402 0)
(2.17449 -0.0356663 0)
(2.15863 -0.0596552 0)
(2.14345 -0.0737407 0)
(2.13574 -0.0841592 0)
(2.13117 -0.11168 0)
(1.2933 0.514167 0)
(1.35244 0.489261 0)
(1.4152 0.455971 0)
(1.45804 0.415824 0)
(1.49187 0.377081 0)
(1.53911 0.340147 0)
(1.58503 0.30184 0)
(1.61923 0.264063 0)
(1.64925 0.221015 0)
(1.68948 0.181379 0)
(1.73131 0.14101 0)
(1.75813 0.106916 0)
(1.76864 0.071632 0)
(1.77761 0.0353636 0)
(1.79633 0.0109792 0)
(1.81667 -0.0155 0)
(1.82631 -0.0360729 0)
(1.82834 -0.0563863 0)
(1.82902 -0.0789918 0)
(1.83885 -0.0939271 0)
(1.85381 -0.109583 0)
(1.86562 -0.124758 0)
(1.87271 -0.137256 0)
(1.8742 -0.15168 0)
(1.8749 -0.165105 0)
(1.88177 -0.170025 0)
(1.89096 -0.173911 0)
(1.90082 -0.17686 0)
(1.90642 -0.177601 0)
(1.91042 -0.177906 0)
(1.91148 -0.177405 0)
(1.9139 -0.175612 0)
(1.91758 -0.172762 0)
(1.92238 -0.168255 0)
(1.92984 -0.160655 0)
(1.93479 -0.151342 0)
(1.93605 -0.142979 0)
(1.93557 -0.133465 0)
(1.93607 -0.122943 0)
(1.94086 -0.11536 0)
(1.94614 -0.107707 0)
(1.94798 -0.100086 0)
(1.94921 -0.0890196 0)
(1.95226 -0.0784104 0)
(1.9589 -0.0679815 0)
(1.96633 -0.0562765 0)
(1.97094 -0.0494163 0)
(1.97348 -0.0433204 0)
(1.97435 -0.0366692 0)
(1.98018 -0.0303453 0)
(1.98835 -0.0221784 0)
(1.99709 -0.0123837 0)
(2.00416 -0.0059771 0)
(2.00979 -0.000235214 0)
(2.01011 0.00707688 0)
(2.01268 0.015296 0)
(2.02083 0.021663 0)
(2.02964 0.0273468 0)
(2.03863 0.0314843 0)
(2.04709 0.0342423 0)
(2.05306 0.0369068 0)
(2.0556 0.0398671 0)
(2.06018 0.0443176 0)
(2.06872 0.0496207 0)
(2.07771 0.0549675 0)
(2.0867 0.0596521 0)
(2.09507 0.0632073 0)
(2.10199 0.0646359 0)
(2.10648 0.0630813 0)
(2.10929 0.0599119 0)
(2.11502 0.0585157 0)
(2.12439 0.0605115 0)
(2.13428 0.0640676 0)
(2.14407 0.0679806 0)
(2.15244 0.0722457 0)
(2.15702 0.0759728 0)
(2.15968 0.0763663 0)
(2.164 0.0743003 0)
(2.17014 0.0713688 0)
(2.1777 0.0676817 0)
(2.18621 0.0644727 0)
(2.19478 0.0624203 0)
(2.20215 0.0621257 0)
(2.20646 0.0629584 0)
(2.20521 0.0621105 0)
(2.20174 0.0554355 0)
(2.20045 0.0474812 0)
(2.19935 0.0381068 0)
(2.1909 0.0148907 0)
(2.18096 -0.011257 0)
(2.17362 -0.0328154 0)
(2.1602 -0.0610512 0)
(2.14982 -0.0791035 0)
(2.13597 -0.0882087 0)
(2.12881 -0.096414 0)
(2.1289 -0.114342 0)
(1.29275 0.493745 0)
(1.34711 0.468914 0)
(1.40093 0.435821 0)
(1.4393 0.397124 0)
(1.47387 0.360819 0)
(1.52097 0.325915 0)
(1.56544 0.289056 0)
(1.59809 0.253151 0)
(1.62751 0.213261 0)
(1.66755 0.176549 0)
(1.70965 0.137992 0)
(1.73787 0.104564 0)
(1.75045 0.0690219 0)
(1.7623 0.0323537 0)
(1.78457 0.00791924 0)
(1.80747 -0.0177954 0)
(1.81946 -0.0383319 0)
(1.82294 -0.0583148 0)
(1.82498 -0.0798877 0)
(1.83643 -0.0941356 0)
(1.85242 -0.11049 0)
(1.86471 -0.125619 0)
(1.87261 -0.137872 0)
(1.87522 -0.151977 0)
(1.88032 -0.16262 0)
(1.88994 -0.166248 0)
(1.90233 -0.170614 0)
(1.91278 -0.174777 0)
(1.91976 -0.176928 0)
(1.92411 -0.178477 0)
(1.92595 -0.178372 0)
(1.9305 -0.176836 0)
(1.93575 -0.173612 0)
(1.94257 -0.167415 0)
(1.95189 -0.157869 0)
(1.95686 -0.149653 0)
(1.95773 -0.142352 0)
(1.95706 -0.133852 0)
(1.95786 -0.125679 0)
(1.96178 -0.11712 0)
(1.96708 -0.105942 0)
(1.96857 -0.0960696 0)
(1.96948 -0.0845334 0)
(1.97308 -0.0739208 0)
(1.97915 -0.0646054 0)
(1.98447 -0.0570356 0)
(1.98898 -0.0507997 0)
(1.99027 -0.0423511 0)
(1.99239 -0.0331568 0)
(1.99817 -0.0252618 0)
(2.00587 -0.0155841 0)
(2.01285 -0.00762784 0)
(2.01938 -0.00262046 0)
(2.02432 0.0023224 0)
(2.02534 0.00990043 0)
(2.0295 0.0191435 0)
(2.03731 0.0263128 0)
(2.04525 0.0318555 0)
(2.05306 0.036347 0)
(2.05965 0.0404564 0)
(2.06384 0.0439142 0)
(2.06722 0.0475853 0)
(2.07393 0.052306 0)
(2.0822 0.0566229 0)
(2.09086 0.0608718 0)
(2.09901 0.0649783 0)
(2.105 0.0681514 0)
(2.10731 0.0692828 0)
(2.10888 0.0686042 0)
(2.1159 0.0689254 0)
(2.12507 0.0705836 0)
(2.13454 0.0737524 0)
(2.1442 0.0760171 0)
(2.15372 0.077537 0)
(2.16198 0.0804149 0)
(2.16517 0.0837362 0)
(2.16389 0.0839116 0)
(2.16691 0.0810124 0)
(2.17404 0.0781874 0)
(2.18258 0.0759314 0)
(2.19115 0.0739284 0)
(2.1993 0.0716678 0)
(2.20614 0.0691798 0)
(2.21009 0.066514 0)
(2.20863 0.060612 0)
(2.20078 0.0460369 0)
(2.19701 0.0366713 0)
(2.18926 0.0239114 0)
(2.17516 -0.0034302 0)
(2.16062 -0.0321114 0)
(2.15328 -0.055809 0)
(2.1491 -0.0823494 0)
(2.14336 -0.0940965 0)
(2.13565 -0.102506 0)
(2.12865 -0.109922 0)
(2.12919 -0.119037 0)
(1.28231 0.467551 0)
(1.33382 0.445764 0)
(1.38277 0.416688 0)
(1.41991 0.383459 0)
(1.45626 0.350636 0)
(1.50262 0.316846 0)
(1.54581 0.280486 0)
(1.57779 0.24521 0)
(1.60727 0.206675 0)
(1.64734 0.170948 0)
(1.68985 0.133364 0)
(1.71955 0.100605 0)
(1.73458 0.0657487 0)
(1.74963 0.0296281 0)
(1.77529 0.00471467 0)
(1.80042 -0.0206451 0)
(1.8147 -0.0407423 0)
(1.81974 -0.0611493 0)
(1.82299 -0.0830718 0)
(1.83593 -0.0967467 0)
(1.8531 -0.112453 0)
(1.86605 -0.126347 0)
(1.8747 -0.137932 0)
(1.87834 -0.151349 0)
(1.88635 -0.160137 0)
(1.89797 -0.164078 0)
(1.91175 -0.169521 0)
(1.92253 -0.173884 0)
(1.93063 -0.176439 0)
(1.93521 -0.177921 0)
(1.93784 -0.176916 0)
(1.94391 -0.175096 0)
(1.95099 -0.171591 0)
(1.95983 -0.164999 0)
(1.96863 -0.157297 0)
(1.97292 -0.151649 0)
(1.97396 -0.145221 0)
(1.97355 -0.137459 0)
(1.9759 -0.130393 0)
(1.9803 -0.121543 0)
(1.98568 -0.10838 0)
(1.98714 -0.0974821 0)
(1.98703 -0.0868389 0)
(1.98957 -0.0762172 0)
(1.99553 -0.0691961 0)
(2.00029 -0.0636215 0)
(2.00383 -0.0578792 0)
(2.00546 -0.0479105 0)
(2.00789 -0.0337164 0)
(2.01292 -0.022356 0)
(2.01936 -0.0145351 0)
(2.02647 -0.00858077 0)
(2.03273 -0.00371326 0)
(2.03698 0.000212215 0)
(2.03922 0.0071556 0)
(2.04451 0.0165866 0)
(2.05124 0.0237919 0)
(2.05844 0.0292207 0)
(2.06523 0.0340056 0)
(2.07062 0.0394674 0)
(2.07398 0.045177 0)
(2.0788 0.0504214 0)
(2.08599 0.0549372 0)
(2.09359 0.0587703 0)
(2.10134 0.0621112 0)
(2.10838 0.0653244 0)
(2.1125 0.0680497 0)
(2.11213 0.0689786 0)
(2.11657 0.07086 0)
(2.12582 0.0740212 0)
(2.13517 0.0787944 0)
(2.14453 0.0811181 0)
(2.15359 0.0821622 0)
(2.16153 0.0834753 0)
(2.1679 0.0839437 0)
(2.1701 0.0832481 0)
(2.16855 0.0829123 0)
(2.17209 0.0825688 0)
(2.18029 0.0819194 0)
(2.18829 0.0810885 0)
(2.1956 0.0785998 0)
(2.20225 0.0750373 0)
(2.20645 0.0704269 0)
(2.2077 0.0619724 0)
(2.20139 0.0455816 0)
(2.19524 0.0272494 0)
(2.18876 0.0155234 0)
(2.1749 -0.00420542 0)
(2.15787 -0.0340407 0)
(2.1458 -0.0504811 0)
(2.14016 -0.0683722 0)
(2.13801 -0.0934628 0)
(2.13569 -0.108804 0)
(2.13326 -0.115661 0)
(2.13127 -0.119445 0)
(2.13399 -0.124108 0)
(1.25661 0.439742 0)
(1.30765 0.420058 0)
(1.35529 0.394344 0)
(1.3942 0.366131 0)
(1.43347 0.33912 0)
(1.47966 0.309116 0)
(1.52293 0.274325 0)
(1.55619 0.238772 0)
(1.58649 0.201458 0)
(1.62663 0.167338 0)
(1.66905 0.131362 0)
(1.69972 0.0996144 0)
(1.71689 0.0654795 0)
(1.73483 0.0304659 0)
(1.76316 0.00534085 0)
(1.79009 -0.0198947 0)
(1.80671 -0.040493 0)
(1.81325 -0.0619613 0)
(1.81811 -0.0837591 0)
(1.8327 -0.0966612 0)
(1.85092 -0.111855 0)
(1.86463 -0.124866 0)
(1.87411 -0.134784 0)
(1.87848 -0.145895 0)
(1.88782 -0.153288 0)
(1.90064 -0.157301 0)
(1.91426 -0.16306 0)
(1.92545 -0.167873 0)
(1.93466 -0.171558 0)
(1.94007 -0.17427 0)
(1.94335 -0.173867 0)
(1.95069 -0.172807 0)
(1.95951 -0.170211 0)
(1.96982 -0.164455 0)
(1.97771 -0.158328 0)
(1.98256 -0.153556 0)
(1.98436 -0.147997 0)
(1.98464 -0.141245 0)
(1.9881 -0.13512 0)
(1.9935 -0.126586 0)
(2.00028 -0.114132 0)
(2.00318 -0.103312 0)
(2.00347 -0.0929107 0)
(2.00312 -0.0815545 0)
(2.00643 -0.0744243 0)
(2.01107 -0.0686753 0)
(2.01666 -0.0613497 0)
(2.02032 -0.0502733 0)
(2.02089 -0.0350436 0)
(2.02558 -0.0231407 0)
(2.03169 -0.016295 0)
(2.03782 -0.0104736 0)
(2.04351 -0.00554713 0)
(2.04719 -0.0014744 0)
(2.05127 0.00559098 0)
(2.05778 0.0148084 0)
(2.06335 0.0226282 0)
(2.06942 0.028188 0)
(2.07554 0.0329994 0)
(2.07965 0.0378327 0)
(2.08396 0.0445153 0)
(2.09015 0.0524412 0)
(2.09652 0.0588144 0)
(2.10271 0.0630087 0)
(2.10945 0.0656441 0)
(2.11537 0.0674868 0)
(2.11725 0.0677259 0)
(2.1182 0.0699242 0)
(2.12642 0.073124 0)
(2.1351 0.0786468 0)
(2.14375 0.0848233 0)
(2.15184 0.0890385 0)
(2.15921 0.091474 0)
(2.1659 0.0923681 0)
(2.16916 0.0898884 0)
(2.16994 0.0844552 0)
(2.17286 0.0816919 0)
(2.17832 0.0823227 0)
(2.18562 0.0827546 0)
(2.19186 0.0829652 0)
(2.19636 0.0822844 0)
(2.2002 0.0790223 0)
(2.20019 0.0694425 0)
(2.19626 0.0510187 0)
(2.19101 0.0310274 0)
(2.18307 0.00974818 0)
(2.17616 -0.0102469 0)
(2.15858 -0.0370625 0)
(2.14846 -0.0507613 0)
(2.13625 -0.0626808 0)
(2.12837 -0.0796987 0)
(2.12715 -0.0988844 0)
(2.12961 -0.110977 0)
(2.13315 -0.118602 0)
(2.13502 -0.120996 0)
(2.14051 -0.121646 0)
(1.22857 0.410728 0)
(1.28021 0.393801 0)
(1.32804 0.371334 0)
(1.36851 0.346716 0)
(1.40933 0.32348 0)
(1.45469 0.296915 0)
(1.4962 0.265668 0)
(1.5288 0.234276 0)
(1.56062 0.201209 0)
(1.6007 0.169185 0)
(1.64238 0.134489 0)
(1.6732 0.103801 0)
(1.69204 0.0710151 0)
(1.71297 0.0375767 0)
(1.74342 0.0120135 0)
(1.77194 -0.0130318 0)
(1.79073 -0.033585 0)
(1.79948 -0.0553483 0)
(1.80673 -0.0773548 0)
(1.82348 -0.0897768 0)
(1.8424 -0.10367 0)
(1.85668 -0.11596 0)
(1.86701 -0.124752 0)
(1.87261 -0.134576 0)
(1.88296 -0.142401 0)
(1.89696 -0.147158 0)
(1.91031 -0.152658 0)
(1.92198 -0.158154 0)
(1.93232 -0.162568 0)
(1.93917 -0.165576 0)
(1.94306 -0.165265 0)
(1.95177 -0.163882 0)
(1.96178 -0.16231 0)
(1.97252 -0.159215 0)
(1.98191 -0.155817 0)
(1.98871 -0.151531 0)
(1.99017 -0.146119 0)
(1.99215 -0.139587 0)
(1.99762 -0.134231 0)
(2.00425 -0.127271 0)
(2.01185 -0.117393 0)
(2.01618 -0.107514 0)
(2.01702 -0.0967274 0)
(2.01406 -0.0839669 0)
(2.01432 -0.073738 0)
(2.01841 -0.0668822 0)
(2.02631 -0.0572394 0)
(2.03227 -0.0448967 0)
(2.03434 -0.0343545 0)
(2.03821 -0.0227139 0)
(2.04195 -0.0146688 0)
(2.04523 -0.00898064 0)
(2.04946 -0.00202076 0)
(2.05334 0.00544894 0)
(2.05864 0.0138661 0)
(2.06453 0.0224061 0)
(2.07149 0.0285186 0)
(2.07824 0.0327052 0)
(2.08268 0.0365014 0)
(2.08698 0.0431127 0)
(2.0926 0.0511572 0)
(2.09837 0.0586798 0)
(2.10468 0.0646665 0)
(2.11129 0.0690788 0)
(2.11619 0.0715089 0)
(2.11863 0.0723189 0)
(2.1202 0.074825 0)
(2.12676 0.0789556 0)
(2.13437 0.0842883 0)
(2.14233 0.0900757 0)
(2.15013 0.0936814 0)
(2.1577 0.0967901 0)
(2.16256 0.0989041 0)
(2.16359 0.0975513 0)
(2.1646 0.094488 0)
(2.16929 0.0915905 0)
(2.17632 0.0911759 0)
(2.18297 0.0906031 0)
(2.1884 0.0902148 0)
(2.19219 0.0898958 0)
(2.19338 0.0863713 0)
(2.19233 0.0762162 0)
(2.18764 0.0608244 0)
(2.18243 0.0448221 0)
(2.17072 0.0170122 0)
(2.16349 -0.00833906 0)
(2.16013 -0.0295584 0)
(2.14983 -0.0492015 0)
(2.13746 -0.0602732 0)
(2.12833 -0.071481 0)
(2.12163 -0.0871497 0)
(2.12063 -0.0959073 0)
(2.1227 -0.100483 0)
(2.12975 -0.105236 0)
(2.13663 -0.109086 0)
(2.14262 -0.112281 0)
(1.20609 0.377241 0)
(1.25537 0.36333 0)
(1.30196 0.344796 0)
(1.34339 0.324421 0)
(1.3849 0.304528 0)
(1.4291 0.280969 0)
(1.46923 0.253017 0)
(1.49947 0.225691 0)
(1.53065 0.198745 0)
(1.56909 0.171743 0)
(1.60915 0.140512 0)
(1.63934 0.111457 0)
(1.66029 0.0796071 0)
(1.68449 0.0484461 0)
(1.71639 0.0239428 0)
(1.74608 0.00054312 0)
(1.76732 -0.0209582 0)
(1.7789 -0.0449221 0)
(1.78987 -0.0672765 0)
(1.80876 -0.0787456 0)
(1.82768 -0.0894473 0)
(1.8434 -0.0999158 0)
(1.85539 -0.109254 0)
(1.86276 -0.1196 0)
(1.8737 -0.12803 0)
(1.88877 -0.132868 0)
(1.90385 -0.137523 0)
(1.91733 -0.142132 0)
(1.92864 -0.146959 0)
(1.93703 -0.151312 0)
(1.94389 -0.154337 0)
(1.95278 -0.155966 0)
(1.96305 -0.155748 0)
(1.97369 -0.153798 0)
(1.98373 -0.151052 0)
(1.99075 -0.148161 0)
(1.99254 -0.14348 0)
(1.99653 -0.136796 0)
(2.00396 -0.131185 0)
(2.01188 -0.12408 0)
(2.02041 -0.115233 0)
(2.02512 -0.1071 0)
(2.02674 -0.0982009 0)
(2.02444 -0.0848931 0)
(2.02503 -0.0711562 0)
(2.03049 -0.0607538 0)
(2.03993 -0.0466267 0)
(2.04429 -0.0357746 0)
(2.04618 -0.0277843 0)
(2.05062 -0.0164074 0)
(2.0526 -0.00796884 0)
(2.05511 -0.000125255 0)
(2.06094 0.00955879 0)
(2.06413 0.0201106 0)
(2.06784 0.0304603 0)
(2.07137 0.0371595 0)
(2.07645 0.0408148 0)
(2.08347 0.0445973 0)
(2.08977 0.049118 0)
(2.0958 0.0561043 0)
(2.10046 0.0643141 0)
(2.10371 0.0709824 0)
(2.10728 0.0757751 0)
(2.11277 0.0800227 0)
(2.11858 0.0831665 0)
(2.12354 0.085911 0)
(2.12924 0.0895498 0)
(2.13453 0.0949402 0)
(2.14047 0.0990635 0)
(2.14706 0.101661 0)
(2.15284 0.10305 0)
(2.15739 0.104528 0)
(2.16025 0.105234 0)
(2.16091 0.104461 0)
(2.16489 0.103015 0)
(2.1714 0.103583 0)
(2.1781 0.103061 0)
(2.18435 0.100181 0)
(2.18776 0.0966237 0)
(2.18895 0.0923523 0)
(2.18557 0.0831724 0)
(2.17842 0.0684005 0)
(2.17294 0.0564145 0)
(2.1603 0.0347571 0)
(2.14904 0.00848532 0)
(2.14449 -0.0105499 0)
(2.14122 -0.0315172 0)
(2.13407 -0.0523546 0)
(2.12715 -0.0650119 0)
(2.11935 -0.0753923 0)
(2.11595 -0.0836138 0)
(2.11579 -0.0862985 0)
(2.11876 -0.0895837 0)
(2.12722 -0.0951382 0)
(2.13303 -0.101493 0)
(2.13884 -0.108126 0)
(1.17156 0.346842 0)
(1.219 0.334418 0)
(1.26489 0.319145 0)
(1.30832 0.302535 0)
(1.35221 0.285638 0)
(1.39723 0.265747 0)
(1.43769 0.241716 0)
(1.47024 0.216574 0)
(1.50249 0.193468 0)
(1.54075 0.170383 0)
(1.57938 0.142971 0)
(1.60699 0.117365 0)
(1.6275 0.087085 0)
(1.65537 0.0597639 0)
(1.68971 0.0357753 0)
(1.71943 0.0139978 0)
(1.74138 -0.00550212 0)
(1.75443 -0.031195 0)
(1.7711 -0.053277 0)
(1.79378 -0.0655465 0)
(1.81493 -0.0765584 0)
(1.83272 -0.085734 0)
(1.84572 -0.0951809 0)
(1.8534 -0.10783 0)
(1.86679 -0.117457 0)
(1.88249 -0.123331 0)
(1.89818 -0.127943 0)
(1.91266 -0.132223 0)
(1.92449 -0.136488 0)
(1.93299 -0.141036 0)
(1.94049 -0.144664 0)
(1.94991 -0.147242 0)
(1.96075 -0.148991 0)
(1.97195 -0.149805 0)
(1.98293 -0.148722 0)
(1.99154 -0.144482 0)
(1.99587 -0.137427 0)
(2.00125 -0.12973 0)
(2.00951 -0.124066 0)
(2.0178 -0.11826 0)
(2.02614 -0.110495 0)
(2.03194 -0.101891 0)
(2.03454 -0.0923125 0)
(2.03461 -0.0794267 0)
(2.03681 -0.0667797 0)
(2.04304 -0.0558888 0)
(2.05219 -0.0405128 0)
(2.05483 -0.0310923 0)
(2.05609 -0.0214787 0)
(2.05909 -0.00960978 0)
(2.05966 -0.00158269 0)
(2.06373 0.00755746 0)
(2.07033 0.019294 0)
(2.07446 0.0315772 0)
(2.0776 0.0407289 0)
(2.07969 0.0481279 0)
(2.08452 0.0531418 0)
(2.09083 0.0577515 0)
(2.09689 0.064831 0)
(2.1018 0.0718586 0)
(2.10609 0.076947 0)
(2.10907 0.0824418 0)
(2.11411 0.0877155 0)
(2.11929 0.0914233 0)
(2.12458 0.0951885 0)
(2.13044 0.100444 0)
(2.13566 0.10561 0)
(2.14047 0.10867 0)
(2.14498 0.109938 0)
(2.14906 0.110646 0)
(2.15275 0.110036 0)
(2.15631 0.107565 0)
(2.15992 0.10651 0)
(2.16395 0.107619 0)
(2.16778 0.10982 0)
(2.1732 0.109933 0)
(2.1773 0.108208 0)
(2.18051 0.103081 0)
(2.18217 0.0949079 0)
(2.17799 0.0832148 0)
(2.17178 0.0671093 0)
(2.16553 0.0534269 0)
(2.15274 0.0361634 0)
(2.14004 0.0151576 0)
(2.13186 -0.000241186 0)
(2.12551 -0.0175464 0)
(2.11975 -0.0381674 0)
(2.11649 -0.0578243 0)
(2.11433 -0.0698819 0)
(2.1122 -0.0750815 0)
(2.11243 -0.0767215 0)
(2.11382 -0.0766398 0)
(2.1173 -0.0791598 0)
(2.12331 -0.0872192 0)
(2.12804 -0.0987652 0)
(2.13234 -0.107827 0)
(1.12093 0.316635 0)
(1.16707 0.303679 0)
(1.21251 0.289413 0)
(1.25753 0.275256 0)
(1.30359 0.261455 0)
(1.34967 0.24538 0)
(1.39121 0.225678 0)
(1.42819 0.205192 0)
(1.46507 0.185689 0)
(1.50602 0.164832 0)
(1.54516 0.139407 0)
(1.57409 0.11486 0)
(1.59786 0.0882254 0)
(1.62783 0.0653004 0)
(1.66321 0.0429674 0)
(1.69375 0.0213831 0)
(1.71627 0.00178855 0)
(1.73143 -0.0227964 0)
(1.75192 -0.0425006 0)
(1.77682 -0.0554387 0)
(1.79997 -0.0676505 0)
(1.81902 -0.0798966 0)
(1.83232 -0.0929231 0)
(1.84084 -0.106579 0)
(1.85501 -0.116401 0)
(1.87068 -0.123009 0)
(1.88626 -0.127257 0)
(1.90104 -0.130743 0)
(1.91388 -0.13443 0)
(1.92301 -0.138028 0)
(1.9309 -0.141129 0)
(1.94181 -0.142914 0)
(1.95463 -0.143719 0)
(1.96727 -0.144195 0)
(1.97871 -0.143963 0)
(1.98818 -0.141502 0)
(1.99424 -0.135206 0)
(2.00041 -0.127235 0)
(2.00931 -0.120835 0)
(2.01833 -0.114722 0)
(2.0268 -0.107583 0)
(2.03325 -0.0998367 0)
(2.0371 -0.0910318 0)
(2.03966 -0.0792967 0)
(2.04391 -0.06739 0)
(2.05074 -0.0553917 0)
(2.05843 -0.0398835 0)
(2.05983 -0.0309809 0)
(2.06044 -0.0198685 0)
(2.06147 -0.00711317 0)
(2.06284 0.00220383 0)
(2.06893 0.0103251 0)
(2.0762 0.0230142 0)
(2.08055 0.0352895 0)
(2.08336 0.045155 0)
(2.08403 0.0546578 0)
(2.08815 0.0603343 0)
(2.09407 0.0645137 0)
(2.10121 0.0715783 0)
(2.10625 0.0776845 0)
(2.10992 0.0831726 0)
(2.11225 0.0898491 0)
(2.11749 0.095545 0)
(2.12329 0.100506 0)
(2.12929 0.10456 0)
(2.13541 0.10785 0)
(2.14105 0.110457 0)
(2.14507 0.112405 0)
(2.14651 0.112805 0)
(2.14784 0.11138 0)
(2.15151 0.10967 0)
(2.15637 0.107752 0)
(2.16168 0.106274 0)
(2.16704 0.106448 0)
(2.17072 0.106752 0)
(2.173 0.10542 0)
(2.17417 0.102001 0)
(2.17316 0.0956631 0)
(2.17077 0.0849537 0)
(2.16563 0.068367 0)
(2.15846 0.0501008 0)
(2.14761 0.0322519 0)
(2.13457 0.0117962 0)
(2.12507 -0.00232499 0)
(2.11649 -0.0145848 0)
(2.10714 -0.0283581 0)
(2.1012 -0.0472752 0)
(2.10054 -0.0610089 0)
(2.1037 -0.0684136 0)
(2.10689 -0.0706067 0)
(2.11027 -0.0712104 0)
(2.11368 -0.0722626 0)
(2.11485 -0.0742146 0)
(2.1158 -0.0803322 0)
(2.11923 -0.0910678 0)
(2.12273 -0.103813 0)
(1.06233 0.293446 0)
(1.10608 0.279996 0)
(1.14989 0.267058 0)
(1.19438 0.254323 0)
(1.24 0.241074 0)
(1.2855 0.225987 0)
(1.3284 0.208452 0)
(1.3696 0.190642 0)
(1.41164 0.173662 0)
(1.45645 0.155002 0)
(1.49752 0.131948 0)
(1.52887 0.108198 0)
(1.55747 0.0844834 0)
(1.59149 0.0648807 0)
(1.6287 0.0442345 0)
(1.65955 0.0242178 0)
(1.68232 0.00348472 0)
(1.69989 -0.0212582 0)
(1.72433 -0.0388212 0)
(1.7512 -0.0519371 0)
(1.77567 -0.0651318 0)
(1.79546 -0.0774348 0)
(1.80864 -0.0900107 0)
(1.8182 -0.102288 0)
(1.83292 -0.109782 0)
(1.84973 -0.115225 0)
(1.86625 -0.121204 0)
(1.88199 -0.126922 0)
(1.89547 -0.132085 0)
(1.90507 -0.135851 0)
(1.91376 -0.137293 0)
(1.9258 -0.137806 0)
(1.93981 -0.137765 0)
(1.95374 -0.137007 0)
(1.96641 -0.135366 0)
(1.97671 -0.132585 0)
(1.98331 -0.127652 0)
(1.99086 -0.121195 0)
(2.00145 -0.115523 0)
(2.01203 -0.109201 0)
(2.02174 -0.101527 0)
(2.02908 -0.0939375 0)
(2.03333 -0.0855554 0)
(2.03673 -0.0751718 0)
(2.04236 -0.066094 0)
(2.0497 -0.0555215 0)
(2.05644 -0.0424699 0)
(2.05861 -0.0339112 0)
(2.05876 -0.0226755 0)
(2.05792 -0.00992411 0)
(2.06167 -0.00136706 0)
(2.06791 0.00712729 0)
(2.07554 0.0203732 0)
(2.07952 0.0313545 0)
(2.08199 0.0411076 0)
(2.08161 0.0522837 0)
(2.08468 0.0607998 0)
(2.09073 0.066167 0)
(2.09901 0.0738947 0)
(2.10368 0.0796423 0)
(2.10704 0.085221 0)
(2.11013 0.0917416 0)
(2.11537 0.0976214 0)
(2.12135 0.103423 0)
(2.1275 0.107288 0)
(2.13321 0.10897 0)
(2.13861 0.109932 0)
(2.14192 0.110761 0)
(2.14142 0.111096 0)
(2.14313 0.110931 0)
(2.14788 0.110583 0)
(2.15279 0.108679 0)
(2.16023 0.104873 0)
(2.16655 0.100473 0)
(2.169 0.0980126 0)
(2.1689 0.0952975 0)
(2.16541 0.0906788 0)
(2.15935 0.0811773 0)
(2.15432 0.0677531 0)
(2.14636 0.0491663 0)
(2.1369 0.0308916 0)
(2.12521 0.0117032 0)
(2.11776 -0.00713369 0)
(2.10782 -0.0215231 0)
(2.09959 -0.02938 0)
(2.09126 -0.041459 0)
(2.08688 -0.0540174 0)
(2.08823 -0.0592112 0)
(2.0961 -0.0661434 0)
(2.10284 -0.0704762 0)
(2.10735 -0.0719386 0)
(2.11097 -0.0738211 0)
(2.10893 -0.076885 0)
(2.10497 -0.0827982 0)
(2.10673 -0.0881348 0)
(2.11326 -0.0917326 0)
(1.02703 0.263016 0)
(1.06714 0.252162 0)
(1.10777 0.241723 0)
(1.14961 0.230934 0)
(1.19226 0.218824 0)
(1.2347 0.204477 0)
(1.2764 0.188739 0)
(1.3184 0.173186 0)
(1.36252 0.15789 0)
(1.40823 0.140282 0)
(1.44798 0.119022 0)
(1.47999 0.0972093 0)
(1.51224 0.0777032 0)
(1.5491 0.0609328 0)
(1.58672 0.0426167 0)
(1.61682 0.025409 0)
(1.6397 0.00496544 0)
(1.66118 -0.017815 0)
(1.68918 -0.0333053 0)
(1.71743 -0.0466176 0)
(1.74218 -0.0594056 0)
(1.76205 -0.0728391 0)
(1.77542 -0.0864921 0)
(1.78712 -0.0992671 0)
(1.80415 -0.10654 0)
(1.82269 -0.111326 0)
(1.84035 -0.115723 0)
(1.85636 -0.120266 0)
(1.86975 -0.12451 0)
(1.87959 -0.128313 0)
(1.88952 -0.130185 0)
(1.9032 -0.130141 0)
(1.91862 -0.129513 0)
(1.93378 -0.128445 0)
(1.94759 -0.126791 0)
(1.95863 -0.124209 0)
(1.96582 -0.119545 0)
(1.97549 -0.113622 0)
(1.98798 -0.108642 0)
(2.00019 -0.102881 0)
(2.01099 -0.0959965 0)
(2.01908 -0.0895386 0)
(2.02334 -0.0822031 0)
(2.02687 -0.0732409 0)
(2.03355 -0.0664713 0)
(2.04157 -0.0577276 0)
(2.04884 -0.0466321 0)
(2.05232 -0.0376681 0)
(2.05255 -0.0265056 0)
(2.05173 -0.0132656 0)
(2.05509 -0.00398408 0)
(2.06161 0.00480352 0)
(2.06921 0.0169735 0)
(2.07289 0.0265283 0)
(2.07484 0.0358343 0)
(2.07394 0.0472175 0)
(2.07648 0.0567397 0)
(2.08243 0.0627562 0)
(2.09134 0.0714226 0)
(2.0953 0.0777475 0)
(2.0982 0.0844885 0)
(2.10231 0.0911607 0)
(2.10779 0.0981894 0)
(2.1128 0.104838 0)
(2.11748 0.10781 0)
(2.12229 0.10849 0)
(2.12681 0.108575 0)
(2.12943 0.108489 0)
(2.13027 0.108873 0)
(2.13392 0.109218 0)
(2.13803 0.109528 0)
(2.14375 0.109287 0)
(2.15067 0.10654 0)
(2.15515 0.100062 0)
(2.15693 0.0919836 0)
(2.15388 0.0846486 0)
(2.14833 0.0736695 0)
(2.1428 0.0615129 0)
(2.13253 0.0459912 0)
(2.1213 0.0280421 0)
(2.1088 0.0109359 0)
(2.09849 -0.00615843 0)
(2.09387 -0.0239893 0)
(2.08898 -0.0366221 0)
(2.08376 -0.0433705 0)
(2.07718 -0.0507533 0)
(2.07566 -0.0545322 0)
(2.07785 -0.0575175 0)
(2.08628 -0.0648506 0)
(2.09453 -0.0722808 0)
(2.09907 -0.074969 0)
(2.10232 -0.0780446 0)
(2.09889 -0.0803823 0)
(2.09556 -0.0795863 0)
(2.09961 -0.0780326 0)
(2.10825 -0.0783722 0)
(1.02536 0.23286 0)
(1.0625 0.223857 0)
(1.1007 0.214538 0)
(1.14019 0.204112 0)
(1.18011 0.191907 0)
(1.21921 0.178186 0)
(1.25718 0.16416 0)
(1.29498 0.150645 0)
(1.33398 0.137929 0)
(1.37309 0.123764 0)
(1.40758 0.10713 0)
(1.43867 0.0897541 0)
(1.47212 0.0744444 0)
(1.50977 0.059726 0)
(1.54519 0.0432845 0)
(1.57325 0.0265925 0)
(1.59562 0.00533009 0)
(1.62081 -0.013662 0)
(1.65079 -0.0272166 0)
(1.67953 -0.0398139 0)
(1.70475 -0.0517107 0)
(1.72486 -0.0641323 0)
(1.73927 -0.0787594 0)
(1.75501 -0.0896762 0)
(1.77486 -0.0959365 0)
(1.79467 -0.101341 0)
(1.81296 -0.106781 0)
(1.82962 -0.110467 0)
(1.84329 -0.112996 0)
(1.85404 -0.116034 0)
(1.86636 -0.118308 0)
(1.88212 -0.118533 0)
(1.89893 -0.117698 0)
(1.91528 -0.115866 0)
(1.93004 -0.113501 0)
(1.94121 -0.111345 0)
(1.94866 -0.108189 0)
(1.96024 -0.103615 0)
(1.97415 -0.0990087 0)
(1.98775 -0.0928742 0)
(1.9995 -0.0863177 0)
(2.00825 -0.0806295 0)
(2.01191 -0.0742334 0)
(2.01519 -0.0664026 0)
(2.02268 -0.060766 0)
(2.03122 -0.0535238 0)
(2.03895 -0.0451752 0)
(2.0436 -0.0380791 0)
(2.0451 -0.0286199 0)
(2.04493 -0.0162283 0)
(2.04765 -0.00614205 0)
(2.05375 0.00253145 0)
(2.06131 0.0135243 0)
(2.06457 0.0223731 0)
(2.06591 0.0313169 0)
(2.06518 0.0428921 0)
(2.06766 0.0532547 0)
(2.07369 0.0606929 0)
(2.08198 0.0714399 0)
(2.08462 0.0781803 0)
(2.08716 0.085038 0)
(2.09147 0.0902792 0)
(2.09687 0.0970773 0)
(2.10095 0.102875 0)
(2.10465 0.105817 0)
(2.1076 0.106128 0)
(2.11001 0.105194 0)
(2.11259 0.105577 0)
(2.11558 0.10633 0)
(2.11842 0.107127 0)
(2.12282 0.107563 0)
(2.12746 0.1066 0)
(2.13052 0.103498 0)
(2.13145 0.0972994 0)
(2.13051 0.086783 0)
(2.1274 0.0726486 0)
(2.12223 0.0576807 0)
(2.11285 0.0439392 0)
(2.10032 0.0271227 0)
(2.08775 0.0104083 0)
(2.07573 -0.00303963 0)
(2.06941 -0.0143303 0)
(2.06702 -0.0314061 0)
(2.06576 -0.0451718 0)
(2.06263 -0.0498647 0)
(2.06085 -0.0523273 0)
(2.06197 -0.0533395 0)
(2.06456 -0.0543077 0)
(2.06957 -0.0578109 0)
(2.07616 -0.0653234 0)
(2.07987 -0.0713991 0)
(2.08266 -0.0775945 0)
(2.08263 -0.0814151 0)
(2.08343 -0.0791411 0)
(2.08688 -0.0753573 0)
(2.09569 -0.0732128 0)
(1.03158 0.213846 0)
(1.06457 0.204785 0)
(1.0983 0.194972 0)
(1.1327 0.184315 0)
(1.16736 0.173126 0)
(1.20186 0.161699 0)
(1.23636 0.15041 0)
(1.27139 0.139239 0)
(1.30752 0.12749 0)
(1.34319 0.113497 0)
(1.3754 0.0978373 0)
(1.40618 0.0827247 0)
(1.43991 0.0700591 0)
(1.47637 0.056794 0)
(1.50817 0.0427631 0)
(1.53389 0.0269025 0)
(1.55673 0.00790009 0)
(1.58486 -0.00621757 0)
(1.61563 -0.0184148 0)
(1.6444 -0.0298788 0)
(1.67008 -0.0409328 0)
(1.69093 -0.0546091 0)
(1.70784 -0.0697214 0)
(1.72822 -0.0793741 0)
(1.75057 -0.084873 0)
(1.77215 -0.0890273 0)
(1.79247 -0.0926076 0)
(1.81019 -0.0969989 0)
(1.823 -0.101978 0)
(1.83419 -0.104334 0)
(1.85083 -0.103655 0)
(1.86923 -0.102745 0)
(1.88703 -0.101476 0)
(1.90353 -0.0998691 0)
(1.91757 -0.0983551 0)
(1.92709 -0.0972608 0)
(1.93515 -0.0949251 0)
(1.94888 -0.0910734 0)
(1.96343 -0.087017 0)
(1.97689 -0.0827431 0)
(1.98879 -0.0789137 0)
(1.99763 -0.0749109 0)
(2.00094 -0.0699937 0)
(2.00503 -0.0637513 0)
(2.01361 -0.0589388 0)
(2.02247 -0.0533944 0)
(2.03049 -0.0461767 0)
(2.03589 -0.0387594 0)
(2.03864 -0.0293353 0)
(2.03975 -0.0178095 0)
(2.04241 -0.00743026 0)
(2.04761 0.00189609 0)
(2.05463 0.0141736 0)
(2.05774 0.0247796 0)
(2.05833 0.0332483 0)
(2.05856 0.0436993 0)
(2.06161 0.0534428 0)
(2.06825 0.0642592 0)
(2.07411 0.0765676 0)
(2.07527 0.0828985 0)
(2.07694 0.0900267 0)
(2.0804 0.0946919 0)
(2.08561 0.100152 0)
(2.0891 0.103915 0)
(2.09224 0.106293 0)
(2.0932 0.107243 0)
(2.09447 0.107536 0)
(2.0963 0.108348 0)
(2.09911 0.110069 0)
(2.10254 0.110896 0)
(2.10497 0.109892 0)
(2.10539 0.107264 0)
(2.10434 0.102437 0)
(2.10182 0.0935984 0)
(2.09841 0.0809142 0)
(2.0934 0.0634065 0)
(2.08496 0.0461897 0)
(2.07595 0.031846 0)
(2.06533 0.0157319 0)
(2.05324 0.00347715 0)
(2.04418 -0.00445636 0)
(2.03883 -0.013704 0)
(2.03581 -0.0280869 0)
(2.03716 -0.041605 0)
(2.03932 -0.0475219 0)
(2.0406 -0.048348 0)
(2.04259 -0.0483585 0)
(2.04411 -0.0483952 0)
(2.04702 -0.0505898 0)
(2.05117 -0.0567727 0)
(2.05487 -0.065791 0)
(2.05818 -0.0719214 0)
(2.06289 -0.0736092 0)
(2.06864 -0.0722768 0)
(2.07383 -0.0681722 0)
(2.08108 -0.066256 0)
(1.0267 0.193272 0)
(1.05797 0.184995 0)
(1.08939 0.176059 0)
(1.12103 0.166555 0)
(1.15296 0.156822 0)
(1.18524 0.146799 0)
(1.21806 0.136699 0)
(1.25144 0.12626 0)
(1.2851 0.11517 0)
(1.31733 0.103049 0)
(1.34717 0.0905762 0)
(1.3777 0.0796379 0)
(1.41138 0.0698321 0)
(1.44599 0.0576349 0)
(1.4755 0.0442855 0)
(1.50051 0.0282327 0)
(1.52623 0.012724 0)
(1.55687 0.00184596 0)
(1.58875 -0.00863845 0)
(1.61786 -0.0185297 0)
(1.64336 -0.0302031 0)
(1.66394 -0.0464362 0)
(1.6851 -0.0597153 0)
(1.71012 -0.0663258 0)
(1.73487 -0.0708866 0)
(1.75835 -0.0753818 0)
(1.77985 -0.0801983 0)
(1.79736 -0.0855389 0)
(1.80973 -0.0915162 0)
(1.82266 -0.0950122 0)
(1.84087 -0.0950302 0)
(1.86041 -0.0938178 0)
(1.87862 -0.092162 0)
(1.89487 -0.0913717 0)
(1.90749 -0.0921256 0)
(1.91537 -0.0927654 0)
(1.92527 -0.0901889 0)
(1.94017 -0.0865374 0)
(1.95504 -0.0831002 0)
(1.9687 -0.0801446 0)
(1.98051 -0.0777284 0)
(1.98827 -0.0756658 0)
(1.99165 -0.0722582 0)
(1.99853 -0.0661435 0)
(2.00843 -0.0595271 0)
(2.01801 -0.0518508 0)
(2.02581 -0.044297 0)
(2.03116 -0.0377856 0)
(2.03492 -0.0298212 0)
(2.03797 -0.0202053 0)
(2.0416 -0.0103859 0)
(2.0466 0.000499633 0)
(2.05174 0.0141197 0)
(2.05403 0.0254718 0)
(2.05455 0.0349021 0)
(2.05564 0.0448619 0)
(2.05974 0.0548044 0)
(2.06622 0.0684419 0)
(2.06877 0.0784996 0)
(2.06866 0.0848118 0)
(2.06863 0.0916205 0)
(2.07087 0.0953229 0)
(2.07557 0.098689 0)
(2.07995 0.102058 0)
(2.08198 0.104338 0)
(2.08242 0.107884 0)
(2.08272 0.110134 0)
(2.08335 0.110772 0)
(2.08521 0.111382 0)
(2.08772 0.111129 0)
(2.08669 0.108702 0)
(2.0825 0.102792 0)
(2.07925 0.0943907 0)
(2.07423 0.0847858 0)
(2.06691 0.0712548 0)
(2.05682 0.054569 0)
(2.0455 0.0388593 0)
(2.03825 0.0259573 0)
(2.03317 0.0126901 0)
(2.02393 0.00341816 0)
(2.01529 -0.00515002 0)
(2.00895 -0.015311 0)
(2.00773 -0.0263081 0)
(2.01024 -0.0356695 0)
(2.01513 -0.0409292 0)
(2.01815 -0.0414643 0)
(2.02038 -0.041264 0)
(2.02273 -0.0417013 0)
(2.02391 -0.0454414 0)
(2.02643 -0.0524569 0)
(2.03115 -0.0586082 0)
(2.03739 -0.0623209 0)
(2.04455 -0.0639275 0)
(2.05087 -0.0641135 0)
(2.05651 -0.0646431 0)
(2.06445 -0.0659905 0)
(1.00718 0.175177 0)
(1.03913 0.167622 0)
(1.0706 0.159325 0)
(1.10186 0.150698 0)
(1.13318 0.141955 0)
(1.16473 0.133063 0)
(1.1967 0.124306 0)
(1.229 0.115309 0)
(1.2612 0.105659 0)
(1.29189 0.0949783 0)
(1.32142 0.084133 0)
(1.35261 0.0747229 0)
(1.38677 0.0652689 0)
(1.41998 0.0536421 0)
(1.44831 0.0414124 0)
(1.47494 0.0280294 0)
(1.50516 0.0174939 0)
(1.53884 0.00819653 0)
(1.57113 -0.00142869 0)
(1.59962 -0.0115833 0)
(1.62372 -0.0258766 0)
(1.64522 -0.0411593 0)
(1.67153 -0.0496731 0)
(1.69903 -0.0546692 0)
(1.72527 -0.0592187 0)
(1.74959 -0.0639666 0)
(1.77077 -0.0700526 0)
(1.78714 -0.0775499 0)
(1.80103 -0.0827859 0)
(1.81777 -0.0852191 0)
(1.83652 -0.0866344 0)
(1.855 -0.0877359 0)
(1.87291 -0.0878834 0)
(1.88817 -0.0876775 0)
(1.89931 -0.0883306 0)
(1.9076 -0.0890937 0)
(1.91958 -0.0869998 0)
(1.93512 -0.0834368 0)
(1.95031 -0.0796115 0)
(1.96344 -0.0766582 0)
(1.97389 -0.0749897 0)
(1.97994 -0.0740119 0)
(1.98505 -0.0707285 0)
(1.99538 -0.0649481 0)
(2.00697 -0.0579491 0)
(2.01745 -0.0493541 0)
(2.02518 -0.0410123 0)
(2.02996 -0.0329755 0)
(2.03432 -0.0253077 0)
(2.0394 -0.0179993 0)
(2.04484 -0.00954664 0)
(2.05109 0.00243476 0)
(2.0547 0.016308 0)
(2.05536 0.0286817 0)
(2.05486 0.0384727 0)
(2.05673 0.0449341 0)
(2.06057 0.0541771 0)
(2.06635 0.0675365 0)
(2.06769 0.0759376 0)
(2.0665 0.0825104 0)
(2.06447 0.0896823 0)
(2.06495 0.0934855 0)
(2.06771 0.0961094 0)
(2.07262 0.0982031 0)
(2.07541 0.0999151 0)
(2.07543 0.101512 0)
(2.07454 0.104925 0)
(2.07434 0.10613 0)
(2.07401 0.105165 0)
(2.07429 0.101647 0)
(2.07175 0.0970353 0)
(2.06739 0.0880505 0)
(2.06157 0.0771632 0)
(2.05254 0.0653132 0)
(2.04015 0.0519529 0)
(2.02638 0.0383036 0)
(2.01795 0.0286764 0)
(2.01622 0.0185527 0)
(2.00955 0.00765349 0)
(2.00168 -0.00121852 0)
(1.99321 -0.0090572 0)
(1.98811 -0.0163594 0)
(1.98738 -0.0219509 0)
(1.98998 -0.0261371 0)
(1.99585 -0.0304464 0)
(1.99987 -0.033312 0)
(2.00303 -0.0359024 0)
(2.00486 -0.0402405 0)
(2.00466 -0.0444892 0)
(2.00858 -0.0470132 0)
(2.0142 -0.0485499 0)
(2.02132 -0.0512768 0)
(2.02887 -0.0543106 0)
(2.03513 -0.0557916 0)
(2.04047 -0.0589608 0)
(2.04568 -0.0641276 0)
(0.981779 0.155698 0)
(1.01534 0.149388 0)
(1.0477 0.14242 0)
(1.07937 0.135239 0)
(1.11088 0.127879 0)
(1.14256 0.120347 0)
(1.17463 0.112723 0)
(1.20699 0.104651 0)
(1.23917 0.0956753 0)
(1.27052 0.0859576 0)
(1.30144 0.0766305 0)
(1.33376 0.0681756 0)
(1.36817 0.059119 0)
(1.40046 0.0481438 0)
(1.42912 0.0363545 0)
(1.45839 0.025273 0)
(1.49109 0.0168609 0)
(1.5264 0.00857452 0)
(1.55813 -0.000350217 0)
(1.58588 -0.0108756 0)
(1.60927 -0.0251374 0)
(1.6343 -0.0362364 0)
(1.66266 -0.0420292 0)
(1.69041 -0.0467341 0)
(1.71686 -0.0516047 0)
(1.74107 -0.057153 0)
(1.76147 -0.0640552 0)
(1.77775 -0.0712259 0)
(1.79422 -0.0757753 0)
(1.81327 -0.0779038 0)
(1.83258 -0.0790179 0)
(1.85091 -0.079759 0)
(1.86769 -0.0804869 0)
(1.88172 -0.0806547 0)
(1.8922 -0.0812339 0)
(1.90264 -0.0814798 0)
(1.91664 -0.0796982 0)
(1.93222 -0.0769143 0)
(1.94724 -0.0732028 0)
(1.96013 -0.0687312 0)
(1.9689 -0.0664008 0)
(1.97439 -0.0652974 0)
(1.98316 -0.0615007 0)
(1.99551 -0.0564991 0)
(2.00809 -0.0496368 0)
(2.01922 -0.0414711 0)
(2.02721 -0.0343845 0)
(2.031 -0.0260955 0)
(2.0358 -0.0186488 0)
(2.04257 -0.0132145 0)
(2.04947 -0.00512995 0)
(2.05772 0.00707101 0)
(2.06135 0.0183985 0)
(2.06159 0.0290159 0)
(2.05926 0.0400779 0)
(2.05949 0.0472555 0)
(2.06208 0.05464 0)
(2.0678 0.0641993 0)
(2.07014 0.0708922 0)
(2.06874 0.0758052 0)
(2.06533 0.0831595 0)
(2.06407 0.0866305 0)
(2.06414 0.0886515 0)
(2.06728 0.0905857 0)
(2.072 0.0911448 0)
(2.0729 0.0917165 0)
(2.07122 0.0925721 0)
(2.06855 0.0924174 0)
(2.06511 0.0904792 0)
(2.06032 0.0856056 0)
(2.05643 0.0746293 0)
(2.05397 0.0640515 0)
(2.04761 0.053509 0)
(2.03717 0.0417137 0)
(2.02538 0.033718 0)
(2.01364 0.0259646 0)
(2.00579 0.0192011 0)
(1.99879 0.00903993 0)
(1.99223 -0.00245087 0)
(1.98571 -0.0108352 0)
(1.9803 -0.0151947 0)
(1.97705 -0.0176739 0)
(1.97567 -0.0200774 0)
(1.9768 -0.0223062 0)
(1.98155 -0.0268619 0)
(1.9853 -0.0319146 0)
(1.98902 -0.0365417 0)
(1.99129 -0.0408201 0)
(1.99292 -0.0431406 0)
(1.99632 -0.0439057 0)
(2.00174 -0.0442201 0)
(2.00857 -0.0456062 0)
(2.01542 -0.0483242 0)
(2.0218 -0.0506044 0)
(2.02609 -0.055817 0)
(2.0304 -0.0590872 0)
(0.962968 0.13431 0)
(0.9959 0.130209 0)
(1.02851 0.124915 0)
(1.06094 0.118757 0)
(1.0935 0.112045 0)
(1.12627 0.105029 0)
(1.15925 0.0978306 0)
(1.19224 0.09024 0)
(1.2248 0.0817676 0)
(1.25726 0.0729016 0)
(1.29065 0.0647923 0)
(1.32542 0.0570878 0)
(1.35962 0.0480083 0)
(1.39021 0.0378372 0)
(1.41903 0.0278312 0)
(1.44979 0.0203837 0)
(1.48346 0.0140906 0)
(1.51743 0.00629897 0)
(1.54723 -0.00170632 0)
(1.57342 -0.0130376 0)
(1.59806 -0.0252645 0)
(1.62671 -0.0321529 0)
(1.65571 -0.0368331 0)
(1.68357 -0.0412664 0)
(1.70965 -0.0459834 0)
(1.73249 -0.0519125 0)
(1.75107 -0.0589453 0)
(1.76792 -0.0648428 0)
(1.7869 -0.0680661 0)
(1.80719 -0.069473 0)
(1.82717 -0.0701369 0)
(1.84601 -0.070394 0)
(1.86223 -0.0704086 0)
(1.87435 -0.0716583 0)
(1.88394 -0.0732224 0)
(1.89756 -0.0727547 0)
(1.91409 -0.0708058 0)
(1.9302 -0.0676157 0)
(1.94487 -0.063115 0)
(1.95705 -0.0583985 0)
(1.96376 -0.0555336 0)
(1.97124 -0.0534899 0)
(1.98463 -0.0505233 0)
(1.99884 -0.0461804 0)
(2.01283 -0.039598 0)
(2.0246 -0.0328762 0)
(2.03283 -0.0264796 0)
(2.03489 -0.0187561 0)
(2.03882 -0.011848 0)
(2.04649 -0.00748266 0)
(2.05486 0.000424454 0)
(2.064 0.0107881 0)
(2.06821 0.0186939 0)
(2.06915 0.026734 0)
(2.06555 0.0376538 0)
(2.06364 0.0461484 0)
(2.06498 0.0517586 0)
(2.06984 0.0586015 0)
(2.07353 0.0649531 0)
(2.07241 0.0688572 0)
(2.06851 0.0756619 0)
(2.06579 0.0810967 0)
(2.06405 0.0825072 0)
(2.0647 0.0833132 0)
(2.0686 0.0843552 0)
(2.06804 0.0825185 0)
(2.06501 0.0791881 0)
(2.06193 0.0751386 0)
(2.05859 0.0714065 0)
(2.05271 0.0646424 0)
(2.04563 0.0552324 0)
(2.03921 0.0476333 0)
(2.03055 0.0358235 0)
(2.02166 0.0266025 0)
(2.01212 0.0192759 0)
(2.00048 0.0118347 0)
(1.9906 0.00567224 0)
(1.9824 -0.00255424 0)
(1.97754 -0.0129084 0)
(1.97447 -0.0191256 0)
(1.97172 -0.0194278 0)
(1.97086 -0.0190281 0)
(1.9703 -0.019525 0)
(1.96991 -0.0220906 0)
(1.97155 -0.0264392 0)
(1.97465 -0.030599 0)
(1.97841 -0.0337627 0)
(1.98234 -0.0359847 0)
(1.98642 -0.0371491 0)
(1.99043 -0.0368898 0)
(1.99476 -0.0367634 0)
(1.99997 -0.0384844 0)
(2.00535 -0.0418996 0)
(2.01049 -0.0454922 0)
(2.01441 -0.0490549 0)
(2.02245 -0.04912 0)
(0.952068 0.112651 0)
(0.986422 0.108757 0)
(1.02122 0.103995 0)
(1.05606 0.0986474 0)
(1.09067 0.0930883 0)
(1.12474 0.0873205 0)
(1.15816 0.0811478 0)
(1.19088 0.0744648 0)
(1.22264 0.0671378 0)
(1.25383 0.0599921 0)
(1.28537 0.0538668 0)
(1.31759 0.0478147 0)
(1.34908 0.040196 0)
(1.37864 0.031612 0)
(1.40796 0.0233132 0)
(1.43964 0.0171446 0)
(1.47457 0.0111416 0)
(1.507 0.00387909 0)
(1.5354 -0.00408396 0)
(1.56087 -0.0152336 0)
(1.58916 -0.0230682 0)
(1.61952 -0.0278377 0)
(1.64848 -0.0317726 0)
(1.67582 -0.0357561 0)
(1.70066 -0.0406178 0)
(1.72147 -0.0465779 0)
(1.73881 -0.0525665 0)
(1.75697 -0.0564008 0)
(1.77763 -0.0580892 0)
(1.79892 -0.0587872 0)
(1.81954 -0.0590078 0)
(1.83844 -0.0591045 0)
(1.85389 -0.0598159 0)
(1.86442 -0.0619576 0)
(1.87546 -0.0631804 0)
(1.89217 -0.0619555 0)
(1.9104 -0.0596727 0)
(1.92814 -0.0560477 0)
(1.94407 -0.0520479 0)
(1.95507 -0.0483865 0)
(1.9606 -0.0439382 0)
(1.97283 -0.0401482 0)
(1.98736 -0.0385 0)
(2.00238 -0.0348538 0)
(2.01659 -0.0303744 0)
(2.02939 -0.0263283 0)
(2.03815 -0.0214032 0)
(2.03956 -0.0147432 0)
(2.04326 -0.00715346 0)
(2.05154 -0.002853 0)
(2.06029 0.00255318 0)
(2.06931 0.00908564 0)
(2.07437 0.0141133 0)
(2.07592 0.0201265 0)
(2.07246 0.0295359 0)
(2.06971 0.0385758 0)
(2.0704 0.0441891 0)
(2.07368 0.0512395 0)
(2.07743 0.0579752 0)
(2.07574 0.0619957 0)
(2.0728 0.0665842 0)
(2.07032 0.0721601 0)
(2.06773 0.0748798 0)
(2.06495 0.0767654 0)
(2.06541 0.078261 0)
(2.06632 0.0758651 0)
(2.06254 0.0702288 0)
(2.05662 0.0646468 0)
(2.04993 0.0598489 0)
(2.04302 0.0524869 0)
(2.03673 0.0468356 0)
(2.03005 0.0388953 0)
(2.0214 0.0283037 0)
(2.0119 0.0204181 0)
(1.9995 0.0111542 0)
(1.98753 0.00205262 0)
(1.97827 -0.00685604 0)
(1.97216 -0.0129325 0)
(1.96781 -0.0158795 0)
(1.96546 -0.0170417 0)
(1.96543 -0.0181115 0)
(1.96593 -0.0186913 0)
(1.96643 -0.020097 0)
(1.96546 -0.0224574 0)
(1.96517 -0.0242783 0)
(1.96815 -0.0262048 0)
(1.97209 -0.0282458 0)
(1.97635 -0.0300453 0)
(1.9808 -0.0312516 0)
(1.98576 -0.0319793 0)
(1.99057 -0.0320744 0)
(1.99397 -0.0322679 0)
(1.99821 -0.0343465 0)
(2.00367 -0.0364238 0)
(2.00911 -0.0379312 0)
(2.01948 -0.0380391 0)
(0.951256 0.0907906 0)
(0.984642 0.0876126 0)
(1.01817 0.0839789 0)
(1.05179 0.0799016 0)
(1.08548 0.0756851 0)
(1.11899 0.071297 0)
(1.15199 0.0665123 0)
(1.18436 0.0613541 0)
(1.21608 0.0558037 0)
(1.24756 0.0502544 0)
(1.27952 0.0451174 0)
(1.31155 0.0394484 0)
(1.3419 0.0322869 0)
(1.37149 0.0247956 0)
(1.40182 0.0186533 0)
(1.43416 0.0135695 0)
(1.46676 0.0077033 0)
(1.49612 0.00129487 0)
(1.52325 -0.006797 0)
(1.55035 -0.0145066 0)
(1.57994 -0.0186708 0)
(1.60994 -0.0227622 0)
(1.63826 -0.0260725 0)
(1.6651 -0.0295479 0)
(1.68896 -0.033883 0)
(1.70867 -0.0388386 0)
(1.72693 -0.0427093 0)
(1.74745 -0.0443171 0)
(1.76949 -0.0448245 0)
(1.79151 -0.0452347 0)
(1.81277 -0.045829 0)
(1.83199 -0.0468423 0)
(1.84612 -0.0490957 0)
(1.85706 -0.0505832 0)
(1.87333 -0.049302 0)
(1.89269 -0.0471556 0)
(1.91134 -0.0449654 0)
(1.92915 -0.0433513 0)
(1.94506 -0.0415091 0)
(1.95508 -0.0388698 0)
(1.96228 -0.0341936 0)
(1.97352 -0.0284893 0)
(1.98869 -0.024984 0)
(2.004 -0.0232139 0)
(2.0186 -0.0223057 0)
(2.03201 -0.0216154 0)
(2.04182 -0.0202718 0)
(2.04498 -0.0167402 0)
(2.04864 -0.0103147 0)
(2.0571 -0.00524802 0)
(2.06553 -0.000946039 0)
(2.07257 0.0031788 0)
(2.07725 0.00645503 0)
(2.07894 0.0103431 0)
(2.07838 0.0172958 0)
(2.07769 0.0254612 0)
(2.07838 0.0327956 0)
(2.07981 0.0421912 0)
(2.08186 0.0493331 0)
(2.08099 0.0535698 0)
(2.07741 0.0570263 0)
(2.07347 0.0615203 0)
(2.06956 0.066261 0)
(2.06544 0.0697322 0)
(2.06337 0.0713423 0)
(2.06332 0.0709939 0)
(2.05996 0.0672169 0)
(2.05244 0.0617246 0)
(2.04384 0.0549198 0)
(2.03599 0.046824 0)
(2.0298 0.0422138 0)
(2.02363 0.0348694 0)
(2.01394 0.0263856 0)
(2.00241 0.0189225 0)
(1.99129 0.00888178 0)
(1.97981 -0.00169005 0)
(1.9708 -0.00720068 0)
(1.96485 -0.00893334 0)
(1.96196 -0.0101554 0)
(1.96188 -0.011427 0)
(1.96161 -0.013227 0)
(1.96168 -0.0152958 0)
(1.96147 -0.0186004 0)
(1.95937 -0.0215427 0)
(1.95995 -0.0223675 0)
(1.9632 -0.0223369 0)
(1.96701 -0.0226824 0)
(1.97108 -0.0232976 0)
(1.97562 -0.0242891 0)
(1.98045 -0.0259323 0)
(1.985 -0.0276961 0)
(1.98798 -0.0284259 0)
(1.99183 -0.0279376 0)
(1.99853 -0.0273186 0)
(2.00455 -0.0269971 0)
(2.01577 -0.0265877 0)
(0.949266 0.0703147 0)
(0.981718 0.0678248 0)
(1.01443 0.0650448 0)
(1.04733 0.0618357 0)
(1.08035 0.0585546 0)
(1.11332 0.0553467 0)
(1.14595 0.0519875 0)
(1.1782 0.0484693 0)
(1.21017 0.044718 0)
(1.24201 0.0406302 0)
(1.27396 0.0363773 0)
(1.3054 0.0315816 0)
(1.33557 0.0260002 0)
(1.36505 0.020606 0)
(1.39581 0.0162145 0)
(1.42871 0.0114605 0)
(1.45953 0.00558514 0)
(1.48707 -0.00119888 0)
(1.5135 -0.00818848 0)
(1.54151 -0.0116216 0)
(1.5706 -0.0139102 0)
(1.59892 -0.0167817 0)
(1.62617 -0.0190899 0)
(1.65172 -0.0219038 0)
(1.67401 -0.0259531 0)
(1.69408 -0.0294659 0)
(1.71501 -0.0306137 0)
(1.73802 -0.0303384 0)
(1.76199 -0.0301295 0)
(1.78582 -0.0304456 0)
(1.80806 -0.0317533 0)
(1.82644 -0.0348093 0)
(1.84061 -0.0377713 0)
(1.85573 -0.0375635 0)
(1.87448 -0.0339876 0)
(1.89364 -0.030658 0)
(1.91183 -0.0291687 0)
(1.92867 -0.0299009 0)
(1.94317 -0.0313832 0)
(1.95469 -0.0308647 0)
(1.96621 -0.0266111 0)
(1.9797 -0.0212908 0)
(1.99329 -0.0175127 0)
(2.00703 -0.0171683 0)
(2.02067 -0.0180075 0)
(2.03277 -0.0190096 0)
(2.04129 -0.0201476 0)
(2.04681 -0.0187929 0)
(2.05413 -0.0139964 0)
(2.06216 -0.00874248 0)
(2.06883 -0.00487655 0)
(2.07439 -0.00345333 0)
(2.0779 -0.00296138 0)
(2.08022 -0.000941487 0)
(2.08267 0.0031904 0)
(2.08395 0.0108772 0)
(2.08493 0.0203333 0)
(2.08551 0.0315003 0)
(2.08675 0.0389533 0)
(2.08644 0.0419156 0)
(2.08346 0.0451879 0)
(2.0785 0.0496429 0)
(2.07321 0.0552176 0)
(2.06846 0.0604019 0)
(2.06361 0.0629832 0)
(2.05959 0.0634702 0)
(2.05524 0.061007 0)
(2.04761 0.0564867 0)
(2.03807 0.0494797 0)
(2.0289 0.0414784 0)
(2.02247 0.0361155 0)
(2.01692 0.0303852 0)
(2.00625 0.0240803 0)
(1.99408 0.0167925 0)
(1.98244 0.00531686 0)
(1.97368 -0.0030579 0)
(1.96715 -0.00491531 0)
(1.96372 -0.00381346 0)
(1.96226 -0.00287305 0)
(1.95997 -0.00388416 0)
(1.95882 -0.00674504 0)
(1.9579 -0.0112506 0)
(1.9565 -0.0166398 0)
(1.95477 -0.0203909 0)
(1.95663 -0.0199726 0)
(1.95975 -0.0182353 0)
(1.96345 -0.0168202 0)
(1.96799 -0.0165153 0)
(1.97302 -0.0171075 0)
(1.97808 -0.0196001 0)
(1.98104 -0.0228453 0)
(1.98325 -0.0234291 0)
(1.98651 -0.0217925 0)
(1.99095 -0.0194962 0)
(1.99728 -0.0190273 0)
(2.00945 -0.0197923 0)
(0.950942 0.0502537 0)
(0.983102 0.0485353 0)
(1.01545 0.0464737 0)
(1.04791 0.0440451 0)
(1.08042 0.0416173 0)
(1.11294 0.0394888 0)
(1.14532 0.0375167 0)
(1.17755 0.0356195 0)
(1.20968 0.0335495 0)
(1.24165 0.030774 0)
(1.27337 0.0272032 0)
(1.30464 0.0232406 0)
(1.33485 0.0194204 0)
(1.36462 0.0163803 0)
(1.39601 0.0135592 0)
(1.4268 0.00852909 0)
(1.45471 0.00273745 0)
(1.48101 -0.00275002 0)
(1.50752 -0.00604272 0)
(1.53496 -0.00724328 0)
(1.56219 -0.00841289 0)
(1.58898 -0.00947742 0)
(1.6145 -0.0114534 0)
(1.63805 -0.0143814 0)
(1.66056 -0.0169864 0)
(1.68423 -0.0183304 0)
(1.70919 -0.0182024 0)
(1.73434 -0.0173517 0)
(1.75882 -0.016859 0)
(1.78192 -0.0177624 0)
(1.80267 -0.0204736 0)
(1.82088 -0.0238965 0)
(1.83855 -0.0258552 0)
(1.85758 -0.024124 0)
(1.87712 -0.0204424 0)
(1.89546 -0.0174096 0)
(1.91212 -0.0170704 0)
(1.92821 -0.0191405 0)
(1.94303 -0.0215679 0)
(1.95673 -0.0222902 0)
(1.97111 -0.0203594 0)
(1.98523 -0.0168407 0)
(1.99803 -0.0137242 0)
(2.00933 -0.0125667 0)
(2.02059 -0.013187 0)
(2.03022 -0.0165487 0)
(2.03783 -0.0196431 0)
(2.04745 -0.0180972 0)
(2.05762 -0.0144136 0)
(2.06621 -0.0102073 0)
(2.07236 -0.0074478 0)
(2.0752 -0.00667319 0)
(2.07811 -0.00666201 0)
(2.08212 -0.00606001 0)
(2.08444 -0.00355837 0)
(2.08839 0.00209649 0)
(2.09102 0.0115386 0)
(2.09139 0.0202258 0)
(2.0908 0.0251495 0)
(2.08784 0.0283821 0)
(2.08387 0.0322868 0)
(2.08014 0.037525 0)
(2.07676 0.0428611 0)
(2.07261 0.0477301 0)
(2.06721 0.0501182 0)
(2.0592 0.0504924 0)
(2.04877 0.0492512 0)
(2.03843 0.045963 0)
(2.02996 0.0403932 0)
(2.0224 0.0353281 0)
(2.01621 0.0306112 0)
(2.00898 0.0245667 0)
(1.99788 0.0190624 0)
(1.98643 0.011033 0)
(1.97629 0.00285131 0)
(1.96889 -0.000657244 0)
(1.96585 -0.00122299 0)
(1.96389 0.000212983 0)
(1.96091 0.000579017 0)
(1.95822 0.000801832 0)
(1.95536 -0.0012774 0)
(1.95361 -0.00729639 0)
(1.95254 -0.0135003 0)
(1.95337 -0.015821 0)
(1.95617 -0.0155907 0)
(1.95931 -0.0137216 0)
(1.96229 -0.0114431 0)
(1.96561 -0.0112918 0)
(1.96956 -0.0129893 0)
(1.97349 -0.0152418 0)
(1.97734 -0.0172331 0)
(1.98125 -0.0175566 0)
(1.98513 -0.0157675 0)
(1.98864 -0.012613 0)
(1.99309 -0.0122423 0)
(2.00294 -0.0142863 0)
(0.950409 0.0300019 0)
(0.982127 0.0289789 0)
(1.01398 0.0277273 0)
(1.04591 0.0262491 0)
(1.07785 0.0248324 0)
(1.10989 0.023766 0)
(1.1421 0.022971 0)
(1.17447 0.0223014 0)
(1.20693 0.021497 0)
(1.23908 0.0198892 0)
(1.27042 0.0172603 0)
(1.30132 0.0145252 0)
(1.33227 0.0122097 0)
(1.36401 0.0107907 0)
(1.39548 0.00851167 0)
(1.4236 0.00531735 0)
(1.45015 0.00100993 0)
(1.47681 -0.00182921 0)
(1.50348 -0.0028544 0)
(1.53 -0.00323791 0)
(1.55633 -0.00376573 0)
(1.58139 -0.005172 0)
(1.60468 -0.00712569 0)
(1.62764 -0.00852949 0)
(1.6523 -0.00912437 0)
(1.67832 -0.00901863 0)
(1.70486 -0.00842535 0)
(1.73125 -0.00775782 0)
(1.75656 -0.00744934 0)
(1.77956 -0.00823725 0)
(1.79985 -0.0105171 0)
(1.81884 -0.013217 0)
(1.83837 -0.0140448 0)
(1.85937 -0.0132375 0)
(1.88088 -0.0114424 0)
(1.90073 -0.00907737 0)
(1.91766 -0.0070445 0)
(1.93121 -0.00748549 0)
(1.94311 -0.0113235 0)
(1.95662 -0.0139515 0)
(1.97274 -0.0133575 0)
(1.98939 -0.0113149 0)
(2.00412 -0.00796164 0)
(2.01506 -0.00450105 0)
(2.02085 -0.00650548 0)
(2.02652 -0.0121174 0)
(2.03763 -0.0136916 0)
(2.0488 -0.0134501 0)
(2.05984 -0.0109982 0)
(2.06906 -0.00841718 0)
(2.0749 -0.00659175 0)
(2.07507 -0.0063651 0)
(2.07815 -0.00634504 0)
(2.08199 -0.00559772 0)
(2.08662 -0.00377348 0)
(2.09361 -0.000257424 0)
(2.09797 0.00553635 0)
(2.09718 0.00965175 0)
(2.09497 0.0139607 0)
(2.0913 0.0167171 0)
(2.08541 0.0191572 0)
(2.07989 0.0213039 0)
(2.07613 0.0242317 0)
(2.07348 0.0288916 0)
(2.06889 0.0326358 0)
(2.0604 0.0340393 0)
(2.04933 0.0339298 0)
(2.03726 0.031583 0)
(2.02515 0.0281552 0)
(2.01509 0.02462 0)
(2.01041 0.0203288 0)
(2.00215 0.0154894 0)
(1.99027 0.0107256 0)
(1.97937 0.00447357 0)
(1.9707 0.00101345 0)
(1.96605 -0.000560528 0)
(1.96586 0.000265075 0)
(1.96242 0.0010168 0)
(1.95902 0.0014772 0)
(1.95487 0.00153064 0)
(1.9501 -0.00121796 0)
(1.94839 -0.00538238 0)
(1.9497 -0.00801898 0)
(1.95267 -0.00971035 0)
(1.95588 -0.00937822 0)
(1.959 -0.00845524 0)
(1.9621 -0.00699059 0)
(1.96361 -0.00638351 0)
(1.96557 -0.00799899 0)
(1.96917 -0.0101628 0)
(1.97379 -0.0113836 0)
(1.97936 -0.0111806 0)
(1.98526 -0.00991005 0)
(1.98995 -0.00723354 0)
(1.99144 -0.00665497 0)
(1.99742 -0.010393 0)
(0.944897 0.0107006 0)
(0.976959 0.010283 0)
(1.0091 0.00984679 0)
(1.0413 0.00932622 0)
(1.07349 0.00885934 0)
(1.10588 0.00857396 0)
(1.13868 0.00841054 0)
(1.17187 0.00825194 0)
(1.20527 0.00796698 0)
(1.23855 0.00740735 0)
(1.27128 0.00659792 0)
(1.30338 0.00595742 0)
(1.33519 0.00540568 0)
(1.36645 0.00430469 0)
(1.396 0.00269811 0)
(1.42316 0.00142044 0)
(1.44923 0.000559496 0)
(1.47573 2.0463e-05 0)
(1.50223 -0.000216494 0)
(1.52845 -0.000582761 0)
(1.55367 -0.00127418 0)
(1.57746 -0.00183111 0)
(1.60042 -0.00202276 0)
(1.62485 -0.00209409 0)
(1.65093 -0.00212882 0)
(1.67758 -0.00205429 0)
(1.70423 -0.00199121 0)
(1.73026 -0.0020475 0)
(1.75491 -0.00231948 0)
(1.77741 -0.00282317 0)
(1.79798 -0.00357352 0)
(1.81829 -0.00422329 0)
(1.83968 -0.00455114 0)
(1.861 -0.00460731 0)
(1.88123 -0.00497902 0)
(1.90018 -0.00553763 0)
(1.91625 -0.00589103 0)
(1.92769 -0.00662954 0)
(1.93895 -0.00699045 0)
(1.95551 -0.00646836 0)
(1.97359 -0.00586198 0)
(1.99125 -0.00552958 0)
(2.0072 -0.00557183 0)
(2.01702 -0.00584827 0)
(2.0172 -0.00672567 0)
(2.02402 -0.00689549 0)
(2.03575 -0.00670392 0)
(2.04763 -0.00582211 0)
(2.06017 -0.00433656 0)
(2.06947 -0.00373852 0)
(2.07548 -0.00309466 0)
(2.07468 -0.00275175 0)
(2.07742 -0.00259772 0)
(2.08091 -0.00214287 0)
(2.08771 -0.000389828 0)
(2.0975 0.00289252 0)
(2.10266 0.00460764 0)
(2.10198 0.00511246 0)
(2.09905 0.00574787 0)
(2.09476 0.00635304 0)
(2.08837 0.00731825 0)
(2.08312 0.00909038 0)
(2.08074 0.0115836 0)
(2.07797 0.0135938 0)
(2.0704 0.0152997 0)
(2.05839 0.015332 0)
(2.04464 0.0145892 0)
(2.03152 0.0132733 0)
(2.01987 0.0118499 0)
(2.0138 0.0114387 0)
(2.01369 0.00875871 0)
(2.00438 0.0066139 0)
(1.99259 0.00490732 0)
(1.98021 0.00213653 0)
(1.97038 0.00135112 0)
(1.96579 0.000752039 0)
(1.96586 0.000146848 0)
(1.96223 -0.000160505 0)
(1.95891 -0.000581285 0)
(1.95283 -0.00148613 0)
(1.94646 -0.00297265 0)
(1.94543 -0.00366281 0)
(1.94705 -0.00379225 0)
(1.95156 -0.00367418 0)
(1.95719 -0.0033129 0)
(1.9598 -0.00307447 0)
(1.96189 -0.00283841 0)
(1.96173 -0.00302851 0)
(1.96314 -0.00360518 0)
(1.9677 -0.00403603 0)
(1.97319 -0.00406771 0)
(1.97895 -0.00384682 0)
(1.98468 -0.00360424 0)
(1.98867 -0.00362125 0)
(1.98778 -0.00413053 0)
(1.99345 -0.00448313 0)
)
;

boundaryField
{
    inlet
    {
        type            fixedValue;
        value           uniform (3 0 0);
    }
    outlet
    {
        type            inletOutlet;
        inletValue      uniform (3 0 0);
        value           nonuniform List<vector> 
32
(
(1.784 -0.00195217 0)
(1.7985 -0.00383152 0)
(1.84435 -0.0297445 0)
(1.92641 -0.0347441 0)
(2.01955 -0.0517841 0)
(2.08749 -0.0885038 0)
(2.12262 -0.112934 0)
(2.13417 -0.121548 0)
(2.13438 -0.115471 0)
(2.13117 -0.11168 0)
(2.1289 -0.114342 0)
(2.12919 -0.119037 0)
(2.13399 -0.124108 0)
(2.14051 -0.121646 0)
(2.14262 -0.112281 0)
(2.13884 -0.108126 0)
(2.13234 -0.107827 0)
(2.12273 -0.103813 0)
(2.11326 -0.0917326 0)
(2.10825 -0.0783722 0)
(2.09569 -0.0732128 0)
(2.08108 -0.066256 0)
(2.06445 -0.0659905 0)
(2.04568 -0.0641276 0)
(2.0304 -0.0590872 0)
(2.02245 -0.04912 0)
(2.01948 -0.0380391 0)
(2.01577 -0.0265877 0)
(2.00945 -0.0197923 0)
(2.00294 -0.0142863 0)
(1.99742 -0.010393 0)
(1.99345 -0.00448313 0)
)
;
    }
    bottom
    {
        type            symmetryPlane;
    }
    top
    {
        type            symmetryPlane;
    }
    obstacle
    {
        type            slip;
    }
    defaultFaces
    {
        type            empty;
    }
}


// ************************************************************************* //
