/*--------------------------------*- C++ -*----------------------------------*\
  =========                 |
  \\      /  F ield         | OpenFOAM: The Open Source CFD Toolbox
   \\    /   O peration     | Website:  https://openfoam.org
    \\  /    A nd           | Version:  7
     \\/     M anipulation  |
\*---------------------------------------------------------------------------*/
FoamFile
{
    version     2.0;
    format      ascii;
    class       volVectorField;
    location    "135";
    object      U;
}
// * * * * * * * * * * * * * * * * * * * * * * * * * * * * * * * * * * * * * //

dimensions      [0 1 -1 0 0 0 0];

internalField   nonuniform List<vector> 
1987
(
(0.36098 0.323439 -1.5468e-21)
(0.409887 0.424507 -3.63567e-21)
(0.455781 0.510567 3.99719e-22)
(0.497091 0.577325 1.0799e-21)
(0.532263 0.623123 -1.63671e-21)
(0.560202 0.649178 2.40342e-21)
(0.580477 0.658894 -5.13341e-22)
(0.593287 0.656758 -3.13056e-22)
(0.599203 0.64744 -7.38721e-22)
(0.598655 0.635579 -4.40031e-22)
(0.591516 0.625692 2.24614e-21)
(0.577617 0.620837 4.45471e-22)
(0.558239 0.619834 -1.31676e-21)
(0.537342 0.615194 6.81048e-22)
(0.521154 0.594403 -7.79546e-22)
(0.515852 0.545028 -6.85502e-22)
(0.524763 0.460657 1.61674e-22)
(0.54731 0.343463 2.75559e-21)
(0.580281 0.20218 3.36701e-22)
(0.619878 0.0484757 -2.33835e-21)
(0.662755 -0.105172 -1.48388e-21)
(0.705987 -0.246459 -5.34315e-22)
(0.7467 -0.36454 1.69877e-21)
(0.782132 -0.452648 -4.90828e-22)
(0.810297 -0.50978 -4.81878e-22)
(0.830478 -0.54014 1.43818e-21)
(0.843156 -0.550842 5.73967e-22)
(0.849503 -0.549419 -1.33685e-21)
(0.85082 -0.542086 2.98514e-22)
(0.848267 -0.532993 9.09264e-22)
(0.842695 -0.524631 -4.32001e-22)
(0.834293 -0.519137 2.01862e-22)
(0.822335 -0.518948 -4.7706e-22)
(0.805698 -0.525085 2.1253e-22)
(0.784185 -0.533718 -4.53717e-22)
(0.75964 -0.534413 5.00917e-22)
(0.735684 -0.512933 -9.85174e-23)
(0.716149 -0.457556 1.21081e-22)
(0.703726 -0.364441 -5.41973e-22)
(0.699829 -0.238865 2.41371e-22)
(0.705012 -0.0931754 -4.00471e-22)
(0.718915 0.0563952 -2.32215e-22)
(0.740006 0.193379 7.01183e-22)
(0.765557 0.304999 -6.99345e-22)
(0.792084 0.385322 1.8517e-22)
(0.816272 0.435689 5.69358e-24)
(0.835834 0.462319 1.70048e-22)
(0.849901 0.472828 -4.11649e-23)
(0.858677 0.474088 2.00972e-22)
(0.862483 0.472202 8.54623e-23)
(0.860967 0.472712 -2.44658e-22)
(0.853346 0.478723 -2.18594e-22)
(0.839483 0.4877 1.10517e-22)
(0.820658 0.490457 -1.03144e-22)
(0.799238 0.474462 2.58509e-22)
(0.777802 0.429388 -4.28659e-22)
(0.0985644 -0.152967 -1.02812e-20)
(0.153396 -0.0439289 4.21534e-21)
(0.207595 0.0697181 5.56325e-21)
(0.260912 0.184597 2.50681e-21)
(0.313297 0.295932 -1.34066e-20)
(0.36439 0.398431 4.13366e-21)
(0.413114 0.486638 9.36767e-22)
(0.457899 0.556371 -1.18944e-22)
(0.497088 0.605833 1.9999e-21)
(0.529377 0.635915 -3.4161e-22)
(0.554083 0.649661 -7.34213e-22)
(0.571165 0.651285 -3.0532e-21)
(0.580972 0.645399 2.67521e-21)
(0.583718 0.636791 1.79189e-21)
(0.579236 0.630066 -2.72234e-21)
(0.567695 0.627912 1.48033e-21)
(0.551076 0.628267 -1.40905e-21)
(0.534039 0.622722 3.39742e-21)
(0.523042 0.598526 -3.13751e-21)
(0.523797 0.544032 1.22855e-21)
(0.53873 0.454251 3.72053e-22)
(0.566431 0.33258 -6.44759e-22)
(0.603219 0.18827 3.0114e-21)
(0.645209 0.0329456 2.33476e-22)
(0.689158 -0.12131 -4.67825e-21)
(0.732272 -0.26212 3.93441e-21)
(0.771781 -0.378676 -4.80353e-22)
(0.805066 -0.464358 -1.79658e-21)
(0.830412 -0.518561 -1.88915e-22)
(0.847454 -0.545976 2.18071e-21)
(0.857007 -0.554086 -2.56899e-21)
(0.860471 -0.550569 1.3528e-21)
(0.859242 -0.54162 -2.39335e-22)
(0.854454 -0.531291 3.63265e-22)
(0.846898 -0.521889 -1.2161e-21)
(0.836745 -0.515271 2.04039e-21)
(0.823266 -0.513649 -3.80132e-22)
(0.805241 -0.518155 -4.35436e-22)
(0.782255 -0.525498 5.20798e-22)
(0.755949 -0.525913 -1.17257e-23)
(0.729951 -0.50549 4.98661e-22)
(0.708337 -0.452311 5.03977e-22)
(0.694097 -0.362067 -1.83224e-21)
(0.688839 -0.239612 -1.72999e-21)
(0.693211 -0.0969653 -1.79519e-22)
(0.706881 0.0499934 3.45931e-21)
(0.728277 0.18519 -2.81255e-21)
(0.754599 0.296121 3.3723e-21)
(0.782275 0.376877 -8.0772e-22)
(0.807881 0.428536 -9.31681e-23)
(0.829027 0.456883 -6.50332e-22)
(0.844763 0.469136 7.29289e-22)
(0.855215 0.471995 -8.00029e-22)
(0.86062 0.471651 7.1594e-22)
(0.860587 0.473796 -4.10973e-22)
(0.854386 0.481512 8.17517e-24)
(0.841982 0.492011 3.52976e-22)
(0.824686 0.49582 -4.32944e-22)
(0.804765 0.480265 4.82528e-23)
(0.784643 0.434999 2.14559e-22)
(0.0538127 -0.184867 -4.78828e-21)
(0.107274 -0.0753736 -8.51368e-21)
(0.161116 0.0386714 9.50314e-21)
(0.214896 0.154216 -1.7604e-20)
(0.268395 0.266354 1.03542e-20)
(0.321292 0.37016 -8.65448e-21)
(0.372472 0.46043 9.80962e-21)
(0.420355 0.533097 -3.64908e-21)
(0.463195 0.586243 4.7305e-21)
(0.499511 0.620451 -8.30185e-21)
(0.528394 0.638397 1.15885e-21)
(0.549568 0.644014 8.30729e-21)
(0.563131 0.641843 -2.13187e-21)
(0.569091 0.636768 3.85413e-21)
(0.567292 0.633362 -2.58832e-22)
(0.558316 0.63383 -1.13883e-21)
(0.544842 0.635239 -7.51109e-21)
(0.532114 0.628441 6.05656e-21)
(0.526652 0.600697 -1.36143e-21)
(0.53359 0.54131 -6.58108e-22)
(0.55446 0.446673 -3.45539e-22)
(0.5871 0.321237 -1.11673e-21)
(0.627465 0.174593 9.81775e-21)
(0.671585 0.0181627 -1.50532e-20)
(0.716395 -0.136274 5.16279e-21)
(0.759259 -0.276371 2.86406e-21)
(0.797424 -0.391289 3.3109e-21)
(0.828422 -0.474542 -2.22822e-21)
(0.850829 -0.525903 1.84517e-21)
(0.864652 -0.550531 -8.39652e-21)
(0.871043 -0.556241 6.46129e-21)
(0.871625 -0.55082 -1.94037e-21)
(0.867881 -0.540411 1.29458e-21)
(0.860911 -0.528957 -9.05278e-22)
(0.851431 -0.518598 -2.71535e-21)
(0.839592 -0.510922 -9.83915e-22)
(0.824675 -0.507907 1.49529e-21)
(0.805383 -0.510774 7.80973e-22)
(0.781088 -0.516786 -1.12825e-21)
(0.753194 -0.516916 1.53504e-21)
(0.725286 -0.497667 1.75738e-21)
(0.701664 -0.446937 -3.61573e-22)
(0.685632 -0.359883 -5.13813e-21)
(0.679006 -0.24085 2.87492e-21)
(0.682519 -0.101448 -3.70514e-21)
(0.695869 0.0427722 4.52703e-21)
(0.717452 0.17616 -1.73937e-21)
(0.74441 0.286449 -2.35742e-21)
(0.773099 0.367718 5.00934e-21)
(0.800004 0.420751 5.02906e-22)
(0.822643 0.450883 4.94663e-22)
(0.839987 0.464934 -2.90863e-21)
(0.852083 0.469437 1.61096e-21)
(0.859079 0.470663 -2.09231e-22)
(0.860553 0.474447 -2.01238e-21)
(0.855832 0.483849 1.93388e-21)
(0.844973 0.49587 1.78895e-21)
(0.8293 0.500799 -2.49697e-21)
(0.810966 0.485837 -1.20128e-21)
(0.792245 0.440595 -1.84734e-21)
(0.0665105 -0.107884 3.08934e-21)
(0.119163 0.00662739 4.10778e-21)
(0.172783 0.122246 -2.3497e-20)
(0.226829 0.234916 2.55457e-21)
(0.281046 0.339878 -2.38563e-21)
(0.33422 0.432101 2.76107e-20)
(0.38475 0.507636 -3.35301e-20)
(0.430814 0.564458 2.29931e-21)
(0.47078 0.602853 4.6528e-21)
(0.503534 0.625131 2.34295e-21)
(0.52856 0.634946 -1.18054e-21)
(0.545699 0.636747 -2.80417e-21)
(0.554764 0.635444 -1.72429e-21)
(0.55568 0.635453 8.18433e-21)
(0.549495 0.638412 -7.65926e-21)
(0.539544 0.640569 1.06625e-20)
(0.53153 0.632232 -5.98008e-21)
(0.531874 0.600906 -4.98085e-21)
(0.545049 0.536946 1.38501e-21)
(0.571722 0.438062 2.17836e-20)
(0.609061 0.309584 -1.07227e-20)
(0.652728 0.161271 1.84063e-21)
(0.69878 0.00420138 -1.42457e-20)
(0.74432 -0.149999 4.03285e-21)
(0.786801 -0.289165 -2.58323e-21)
(0.823507 -0.402353 -4.09681e-21)
(0.852106 -0.483186 7.17981e-21)
(0.871478 -0.531808 1.71818e-21)
(0.882023 -0.55382 -1.36082e-21)
(0.885234 -0.557332 1.48382e-21)
(0.882953 -0.550201 3.26499e-21)
(0.876735 -0.538493 -4.21645e-21)
(0.86764 -0.52603 3.87012e-21)
(0.856305 -0.514798 -5.33133e-21)
(0.842849 -0.506137 2.88145e-21)
(0.826574 -0.501782 2.97039e-23)
(0.806137 -0.503017 4.99365e-22)
(0.780701 -0.507657 -7.68892e-22)
(0.751402 -0.507477 -2.79557e-21)
(0.721728 -0.489478 6.78425e-21)
(0.696175 -0.441412 -4.76378e-21)
(0.678372 -0.357846 1.54532e-21)
(0.670364 -0.242519 -2.7097e-21)
(0.67296 -0.106589 -3.268e-21)
(0.68589 0.0347907 5.4351e-21)
(0.707537 0.166349 -4.40223e-21)
(0.734988 0.276031 1.40936e-21)
(0.76455 0.357876 3.19882e-21)
(0.79263 0.412351 -2.70633e-21)
(0.816667 0.444326 3.77447e-21)
(0.835559 0.460221 -3.70827e-22)
(0.849261 0.466403 -1.29703e-21)
(0.857838 0.469219 1.03212e-22)
(0.86084 0.474634 -2.40491e-21)
(0.857655 0.485697 1.12616e-21)
(0.848423 0.499238 8.1574e-22)
(0.834461 0.505356 -1.99612e-21)
(0.817803 0.491147 2.70953e-21)
(0.80057 0.446148 -4.27398e-21)
(0.0319103 -0.14121 8.6125e-21)
(0.0825033 -0.0265748 1.90309e-20)
(0.134993 0.0889319 2.94059e-21)
(0.189082 0.201864 6.64018e-21)
(0.244067 0.307805 -3.714e-20)
(0.29869 0.401841 1.67506e-20)
(0.351352 0.480147 -5.43592e-21)
(0.400157 0.5406 9.65552e-22)
(0.443344 0.583204 8.62266e-23)
(0.479609 0.609913 1.03973e-20)
(0.508197 0.6241 -2.37449e-20)
(0.528684 0.630097 1.75741e-20)
(0.540729 0.632755 2.25639e-21)
(0.544403 0.636214 -1.51478e-20)
(0.541245 0.641492 8.84581e-21)
(0.535183 0.644102 1.08717e-20)
(0.532232 0.634016 -8.16891e-21)
(0.538578 0.599172 2.23331e-21)
(0.557979 0.531045 -1.77778e-21)
(0.590278 0.428559 -1.83413e-20)
(0.632059 0.297758 -8.32932e-21)
(0.678774 0.148423 1.85353e-20)
(0.72658 -0.00874914 8.06976e-21)
(0.772735 -0.162429 1.38737e-20)
(0.814748 -0.300477 -1.93373e-20)
(0.849911 -0.411852 -2.80802e-21)
(0.876021 -0.490286 -5.87752e-21)
(0.892286 -0.536285 -3.72354e-21)
(0.899515 -0.555863 1.59917e-20)
(0.89955 -0.557387 -1.17417e-20)
(0.894436 -0.548747 7.72055e-21)
(0.885795 -0.535903 9.2571e-22)
(0.874642 -0.522548 6.63907e-22)
(0.861523 -0.510529 -5.02591e-21)
(0.846522 -0.500962 2.07566e-21)
(0.828972 -0.495336 1.57767e-21)
(0.807505 -0.494961 2.19016e-21)
(0.781094 -0.49819 -7.8199e-21)
(0.750584 -0.49765 5.9371e-21)
(0.719304 -0.480936 -6.61407e-21)
(0.691904 -0.435709 7.11492e-21)
(0.672347 -0.355905 -1.11831e-20)
(0.662924 -0.244558 1.35736e-20)
(0.66454 -0.112314 -6.9111e-21)
(0.676954 0.0261171 5.54211e-21)
(0.698533 0.155819 -6.61006e-21)
(0.726329 0.264914 -1.69714e-21)
(0.756618 0.347382 -2.96085e-21)
(0.785746 0.403352 1.08531e-20)
(0.811087 0.437216 -3.36146e-21)
(0.83146 0.454993 -1.80375e-21)
(0.846729 0.462885 1.45135e-21)
(0.856873 0.467302 -1.32049e-21)
(0.86142 0.47433 1.18758e-21)
(0.859822 0.48702 -9.6424e-22)
(0.852291 0.502075 -2.0352e-22)
(0.840124 0.509453 3.13788e-24)
(0.825226 0.496158 -1.03854e-21)
(0.809569 0.451629 5.26639e-22)
(0.0036097 -0.174168 8.4297e-21)
(0.0518054 -0.0609831 -2.22222e-20)
(0.102258 0.0546359 2.11159e-20)
(0.155578 0.167493 -4.06136e-21)
(0.210707 0.274204 -1.373e-20)
(0.266173 0.369876 1.66114e-20)
(0.320394 0.450819 -2.41165e-20)
(0.371408 0.51482 3.00779e-20)
(0.417339 0.561613 -9.85947e-21)
(0.456706 0.592813 -1.4331e-20)
(0.488513 0.611511 1.14942e-20)
(0.512087 0.621887 -6.6038e-21)
(0.52698 0.628635 2.38023e-21)
(0.533469 0.635518 -5.38439e-21)
(0.533581 0.642913 6.09633e-21)
(0.531749 0.645712 1.00322e-20)
(0.534154 0.633742 -4.82701e-21)
(0.546625 0.595541 6.16973e-21)
(0.57218 0.523716 -4.19037e-21)
(0.609893 0.418296 3.1881e-22)
(0.655849 0.28588 9.48127e-21)
(0.705377 0.136142 -1.39627e-20)
(0.754778 -0.0206726 1.99615e-20)
(0.801466 -0.173542 -1.99818e-20)
(0.842957 -0.310295 3.8153e-21)
(0.876515 -0.419783 3.96235e-21)
(0.900071 -0.495847 -1.21652e-20)
(0.913178 -0.539348 4.57058e-21)
(0.917077 -0.556685 -8.64189e-22)
(0.913957 -0.556437 -3.1e-22)
(0.906057 -0.546491 -4.02001e-21)
(0.895053 -0.532676 6.33137e-21)
(0.881912 -0.518548 2.09756e-21)
(0.867086 -0.505831 1.7551e-21)
(0.850616 -0.495441 -4.91691e-21)
(0.831867 -0.488623 5.20219e-21)
(0.80948 -0.48668 -1.09615e-21)
(0.782259 -0.488466 -5.53027e-21)
(0.750736 -0.487496 3.39595e-21)
(0.718024 -0.472059 5.13538e-21)
(0.688869 -0.429802 -1.26842e-21)
(0.667571 -0.354001 -7.75935e-22)
(0.656698 -0.246896 -9.05288e-21)
(0.657261 -0.118522 3.17452e-21)
(0.669053 0.016831 4.73548e-21)
(0.69043 0.144631 -2.92821e-21)
(0.718418 0.253146 2.46935e-21)
(0.749287 0.33627 -2.60613e-21)
(0.779338 0.393771 -8.94409e-25)
(0.805884 0.429559 5.5462e-22)
(0.827669 0.449249 1.55772e-22)
(0.844462 0.458875 4.62529e-22)
(0.856154 0.464897 3.20628e-22)
(0.862261 0.47351 2.26178e-21)
(0.862296 0.487785 -5.74627e-21)
(0.856532 0.504345 4.32792e-21)
(0.846236 0.513052 -5.33482e-21)
(0.833179 0.500835 2.71219e-21)
(0.819186 0.457005 -1.77916e-21)
(-0.0177626 -0.20546 -4.09036e-21)
(0.0272786 -0.0956878 5.86711e-21)
(0.0750165 0.0199731 2.2999e-20)
(0.126619 0.132144 -4.87115e-22)
(0.181236 0.239368 -2.77855e-20)
(0.236895 0.336458 5.71272e-21)
(0.292065 0.419867 3.62661e-22)
(0.344718 0.48729 1.30454e-20)
(0.392875 0.538211 -1.09961e-21)
(0.434889 0.57392 -6.08138e-22)
(0.469531 0.597229 -1.86554e-20)
(0.495907 0.612113 1.65712e-21)
(0.51352 0.623017 3.91959e-21)
(0.522896 0.633244 6.53531e-21)
(0.526525 0.642538 1.09445e-20)
(0.529232 0.6453 -4.61581e-21)
(0.537224 0.631394 -3.8594e-21)
(0.555874 0.590076 1.11332e-20)
(0.587456 0.515077 -2.53456e-20)
(0.630339 0.407402 1.09672e-20)
(0.6802 0.274054 -7.85206e-21)
(0.73232 0.124488 1.70859e-20)
(0.783187 -0.0315524 -1.58601e-20)
(0.830354 -0.183335 -1.55861e-21)
(0.871292 -0.318624 -3.93518e-21)
(0.903205 -0.426153 -1.31981e-21)
(0.924158 -0.499881 6.70338e-21)
(0.934079 -0.541019 -4.2103e-21)
(0.934653 -0.556314 1.05148e-20)
(0.928417 -0.554514 7.51095e-21)
(0.917792 -0.543468 -4.32334e-21)
(0.904495 -0.528849 -2.60873e-21)
(0.889441 -0.51407 3.38918e-21)
(0.872989 -0.500743 -6.17674e-23)
(0.855126 -0.489617 -4.86294e-21)
(0.835256 -0.481699 5.46609e-22)
(0.81205 -0.478244 3.39042e-21)
(0.784173 -0.478566 -4.02683e-21)
(0.75184 -0.47708 1.16733e-21)
(0.717883 -0.462869 -2.29836e-21)
(0.687079 -0.42366 1.04741e-20)
(0.664051 -0.35207 -6.70239e-21)
(0.651685 -0.249453 6.25387e-21)
(0.65111 -0.12515 1.89178e-21)
(0.662169 0.00700534 -4.08244e-21)
(0.683208 0.13285 7.68154e-21)
(0.711238 0.240776 -1.04181e-20)
(0.742541 0.324572 1.01735e-20)
(0.773387 0.383627 -6.95623e-21)
(0.801038 0.421362 -1.17768e-21)
(0.824164 0.442989 1.45886e-21)
(0.842434 0.454367 -1.95257e-21)
(0.855654 0.46199 2.24966e-21)
(0.863328 0.472153 2.78445e-21)
(0.865033 0.487964 2.14417e-22)
(0.861096 0.506012 9.91579e-22)
(0.852737 0.516117 -9.81118e-21)
(0.841599 0.505137 6.51442e-21)
(0.829357 0.462237 1.77617e-21)
(-0.0314737 -0.235031 2.67323e-20)
(0.0093268 -0.129433 -6.8294e-20)
(0.0536466 -0.0145125 3.45525e-20)
(0.102355 0.0962092 9.16333e-22)
(0.155832 0.203619 -3.54878e-20)
(0.211007 0.301863 3.67425e-20)
(0.266496 0.387526 -2.08888e-20)
(0.32019 0.458203 1.3231e-20)
(0.370023 0.513147 1.31731e-21)
(0.414193 0.553342 -2.51848e-20)
(0.451258 0.581313 2.9007e-20)
(0.480144 0.600776 5.23097e-21)
(0.500365 0.615834 -1.00485e-20)
(0.51272 0.629277 9.606e-21)
(0.520106 0.640249 -1.26876e-20)
(0.527624 0.642796 4.34828e-21)
(0.541369 0.626979 -8.58303e-21)
(0.566189 0.582859 -1.03625e-20)
(0.603621 0.505246 4.94441e-20)
(0.651405 0.395992 -1.507e-20)
(0.704898 0.262365 4.87921e-21)
(0.759409 0.113498 -1.33808e-20)
(0.811639 -0.0413839 -5.46719e-20)
(0.859255 -0.191817 8.38982e-20)
(0.899628 -0.325479 -3.07575e-20)
(0.929869 -0.430979 -2.03241e-21)
(0.948189 -0.502409 -2.35342e-20)
(0.954913 -0.541323 1.86121e-20)
(0.952189 -0.554782 -5.42814e-21)
(0.942895 -0.551654 8.73362e-21)
(0.929617 -0.539713 -1.15892e-21)
(0.914106 -0.524458 1.08544e-21)
(0.89722 -0.50915 -9.4077e-21)
(0.879224 -0.495303 7.28025e-21)
(0.860046 -0.48353 -3.38553e-21)
(0.839128 -0.474612 -7.13122e-22)
(0.815194 -0.46972 -1.92565e-21)
(0.786807 -0.468569 6.81783e-21)
(0.753862 -0.466472 -5.7932e-21)
(0.718859 -0.453393 6.19379e-21)
(0.686526 -0.417256 -3.93768e-22)
(0.661786 -0.350045 -5.89815e-21)
(0.647873 -0.252147 2.36784e-21)
(0.646071 -0.132117 -1.13873e-21)
(0.656281 -0.00325179 -5.84347e-21)
(0.676846 0.120541 8.19132e-21)
(0.704767 0.227853 7.56611e-22)
(0.736358 0.312319 -3.40047e-21)
(0.767871 0.372937 7.52374e-22)
(0.796528 0.412633 -3.89111e-21)
(0.820922 0.436215 -5.10228e-23)
(0.840618 0.449357 4.61418e-22)
(0.85534 0.458571 8.06048e-22)
(0.864584 0.470241 2.60439e-21)
(0.867989 0.48753 -1.91135e-21)
(0.865926 0.507047 -1.10572e-21)
(0.859565 0.51861 -4.51886e-22)
(0.850416 0.509025 -3.2624e-21)
(0.840008 0.467288 1.60972e-21)
(-0.036147 -0.261953 1.11004e-20)
(-0.00131669 -0.160356 6.99577e-22)
(0.0383459 -0.0494649 -3.97905e-23)
(0.0829455 0.0600743 -4.95818e-21)
(0.1346 0.167287 2.05668e-21)
(0.188591 0.266381 -2.19016e-20)
(0.243754 0.354046 3.53084e-20)
(0.297876 0.427768 -2.36212e-20)
(0.348815 0.486589 -1.89506e-21)
(0.39463 0.531201 3.40978e-21)
(0.433697 0.56383 4.89366e-21)
(0.464813 0.587874 1.19458e-20)
(0.487554 0.607023 -3.61296e-21)
(0.502997 0.623513 -6.18614e-21)
(0.514372 0.63595 2.33953e-20)
(0.526926 0.638157 -7.49277e-21)
(0.546527 0.620531 -2.08559e-20)
(0.577442 0.573983 3.17153e-20)
(0.620506 0.494339 7.86493e-21)
(0.672902 0.384171 -2.32963e-20)
(0.729756 0.250881 1.87475e-20)
(0.786473 0.103197 -5.79488e-20)
(0.83999 -0.0501738 6.23484e-20)
(0.888041 -0.199015 -3.34513e-20)
(0.927847 -0.330886 -2.8569e-20)
(0.956397 -0.434285 2.89405e-20)
(0.972067 -0.503457 -1.76439e-20)
(0.975604 -0.540291 4.64466e-21)
(0.969627 -0.552124 2.94768e-20)
(0.95735 -0.547895 -1.56723e-20)
(0.941508 -0.535262 2.45274e-21)
(0.923867 -0.519537 -1.08045e-20)
(0.905232 -0.503823 1.09719e-20)
(0.885776 -0.489548 7.46337e-21)
(0.865364 -0.477216 -1.13747e-20)
(0.843468 -0.467406 4.9628e-21)
(0.818888 -0.461168 2.42319e-21)
(0.79012 -0.458551 -1.34531e-20)
(0.756757 -0.455745 8.22834e-21)
(0.720917 -0.443665 5.92584e-21)
(0.687194 -0.410566 -3.67099e-21)
(0.660765 -0.347855 -4.57787e-21)
(0.645249 -0.25489 7.32499e-21)
(0.642131 -0.139324 -5.08944e-24)
(0.651363 -0.0137954 -5.74854e-21)
(0.671306 0.107771 4.5998e-21)
(0.698979 0.214427 -7.65788e-22)
(0.730715 0.299546 1.72871e-21)
(0.76277 0.36172 -2.47955e-21)
(0.792332 0.403381 -2.85475e-21)
(0.817917 0.428928 5.30144e-21)
(0.838985 0.443842 -2.65591e-22)
(0.855179 0.454632 -3.14052e-21)
(0.865991 0.467758 -1.33398e-21)
(0.871116 0.486462 2.59059e-21)
(0.870964 0.50742 2.13741e-21)
(0.866651 0.520496 -7.57217e-22)
(0.859555 0.512458 -3.77958e-21)
(0.851059 0.472113 4.15569e-21)
(-0.0301226 -0.284804 -2.34005e-20)
(-0.00427476 -0.188412 3.43781e-20)
(0.029265 -0.083725 -3.77531e-20)
(0.0692015 0.0245581 8.65382e-21)
(0.117703 0.130774 2.83595e-20)
(0.169714 0.230339 -2.26964e-20)
(0.223864 0.319697 -1.90935e-20)
(0.277787 0.396208 -7.12114e-22)
(0.329257 0.458714 2.68452e-20)
(0.376204 0.507625 2.05604e-21)
(0.41686 0.544846 -8.70211e-22)
(0.449953 0.573405 8.08328e-21)
(0.47516 0.596518 -3.03442e-20)
(0.493813 0.61586 2.034e-20)
(0.509389 0.629568 7.54494e-21)
(0.527153 0.631369 -2.38066e-20)
(0.552647 0.612102 1.63773e-20)
(0.589527 0.563548 -4.07967e-21)
(0.637965 0.482469 -9.32691e-21)
(0.69467 0.372028 1.08379e-20)
(0.754618 0.23965 -2.26347e-20)
(0.813374 0.0935998 1.62089e-20)
(0.868116 -0.0579459 3.33731e-20)
(0.9166 -0.204963 -4.71448e-20)
(0.95584 -0.33488 -5.25603e-21)
(0.982688 -0.436103 2.72339e-20)
(0.995701 -0.503056 1.39164e-20)
(0.996077 -0.537959 -2.02742e-20)
(0.986912 -0.548381 -1.40514e-21)
(0.971743 -0.543275 1.90278e-20)
(0.953436 -0.530153 -2.05823e-20)
(0.93376 -0.514122 1.57719e-20)
(0.913462 -0.498126 -2.03045e-20)
(0.89263 -0.483513 1.39893e-20)
(0.871063 -0.47071 -8.52851e-21)
(0.848258 -0.460118 6.24702e-21)
(0.823103 -0.452642 -1.86416e-22)
(0.794068 -0.448587 2.01603e-21)
(0.760469 -0.444973 -1.17992e-20)
(0.724007 -0.433729 3.67601e-21)
(0.689053 -0.403574 5.19769e-21)
(0.660973 -0.345433 -6.33498e-23)
(0.643795 -0.257587 4.07124e-21)
(0.639283 -0.146682 -1.27532e-20)
(0.647382 -0.0247517 -2.87042e-21)
(0.666535 0.0945891 2.032e-21)
(0.693842 0.200545 8.27335e-21)
(0.725586 0.286285 -8.43431e-21)
(0.758059 0.349997 6.07613e-21)
(0.788425 0.393615 5.68049e-21)
(0.815123 0.421133 -1.40251e-20)
(0.837506 0.437822 6.96429e-21)
(0.855138 0.450167 -1.163e-21)
(0.867506 0.464694 -2.54428e-21)
(0.874362 0.484744 1.85669e-21)
(0.876148 0.507108 2.01852e-21)
(0.873923 0.521744 3.16296e-22)
(0.868935 0.515395 -5.44403e-21)
(0.862423 0.47667 5.7358e-21)
(-0.012172 -0.302221 4.05112e-20)
(0.00213465 -0.213037 -1.36064e-20)
(0.0276079 -0.114641 -4.84821e-21)
(0.0614283 -0.00934916 -2.56032e-21)
(0.10536 0.0946158 2.31092e-20)
(0.154507 0.194131 -1.7883e-20)
(0.206872 0.284774 1.40671e-20)
(0.259938 0.363759 -1.75019e-20)
(0.311354 0.429708 -4.79106e-21)
(0.358931 0.482743 -6.36914e-21)
(0.400794 0.524424 4.52354e-21)
(0.43565 0.557362 8.83918e-22)
(0.463302 0.584261 -5.71216e-21)
(0.485294 0.606242 1.78953e-21)
(0.505251 0.621055 8.27994e-21)
(0.528343 0.622442 2.24794e-20)
(0.5597 0.601762 -2.7735e-20)
(0.602357 0.551663 3.98402e-20)
(0.655877 0.469746 -3.4205e-20)
(0.716576 0.359644 -2.38489e-20)
(0.779361 0.228705 1.91135e-20)
(0.840003 0.0846904 -1.94333e-20)
(0.89592 -0.0647401 1.47209e-20)
(0.944837 -0.209707 8.43425e-21)
(0.983508 -0.337502 -5.51509e-21)
(1.00864 -0.436468 1.43392e-20)
(1.019 -0.501244 -3.19174e-20)
(1.01626 -0.534369 1.55613e-20)
(1.00399 -0.543593 -1.60855e-20)
(0.986034 -0.537835 1.62033e-20)
(0.965373 -0.524422 5.12226e-21)
(0.943762 -0.508247 1.17142e-20)
(0.921889 -0.492091 -1.29494e-20)
(0.899767 -0.477232 9.13084e-21)
(0.877125 -0.464045 -2.18168e-22)
(0.853477 -0.452781 -3.26338e-21)
(0.827807 -0.444186 -4.26198e-21)
(0.798602 -0.438743 9.77818e-22)
(0.764934 -0.434232 -2.41706e-21)
(0.728065 -0.423635 -5.01062e-21)
(0.692059 -0.396274 5.79526e-21)
(0.662387 -0.34271 -5.62752e-21)
(0.643489 -0.260143 8.22591e-21)
(0.637445 -0.154113 -3.42806e-21)
(0.644302 -0.0360467 -5.66587e-21)
(0.662553 0.0810658 1.41544e-20)
(0.689333 0.186259 -8.69139e-21)
(0.720944 0.272569 7.4401e-23)
(0.753713 0.337786 7.86112e-21)
(0.784781 0.383346 -8.05158e-21)
(0.812512 0.412834 3.58001e-21)
(0.83615 0.431298 1.56e-21)
(0.855182 0.445174 -2.57428e-21)
(0.869089 0.461043 -6.86554e-21)
(0.877678 0.482364 2.40315e-21)
(0.881417 0.506091 1.25708e-20)
(0.881307 0.522323 -1.06762e-20)
(0.878473 0.517799 1.26142e-20)
(0.874008 0.480914 -1.9598e-21)
(0.0188607 -0.313026 1.09243e-20)
(0.0196703 -0.232449 -2.3836e-20)
(0.034864 -0.141404 1.1649e-20)
(0.0604356 -0.0415576 3.22731e-21)
(0.0980704 0.0594428 -1.54859e-21)
(0.143302 0.158239 1.40182e-21)
(0.192951 0.24963 -1.933e-21)
(0.244425 0.330686 -7.17875e-21)
(0.29518 0.399768 -5.10925e-22)
(0.342897 0.456686 1.72325e-20)
(0.385616 0.502624 -2.31477e-21)
(0.422061 0.53974 -1.65201e-20)
(0.452159 0.570201 1.68857e-20)
(0.477611 0.594603 -8.64496e-21)
(0.502088 0.610388 -1.25785e-20)
(0.530559 0.611409 2.70933e-21)
(0.567681 0.5896 6.00505e-21)
(0.615874 0.538438 2.05723e-20)
(0.674154 0.456271 -4.68826e-22)
(0.738524 0.347088 -2.04828e-20)
(0.803892 0.218067 -1.96264e-21)
(0.866279 0.0764477 4.79713e-21)
(0.923325 -0.0706018 -2.82189e-21)
(0.972671 -0.213299 1.35249e-20)
(1.01076 -0.338795 -1.69425e-20)
(1.03416 -0.435421 2.64357e-21)
(1.04187 -0.498063 -3.00917e-21)
(1.03607 -0.529564 -5.94512e-21)
(1.0208 -0.537808 2.63521e-20)
(1.00018 -0.531618 -6.20272e-21)
(0.97729 -0.518108 -1.55033e-21)
(0.95385 -0.501944 1.41326e-20)
(0.930494 -0.485749 -1.55513e-20)
(0.907164 -0.470737 -4.32843e-21)
(0.883526 -0.457249 4.1714e-21)
(0.8591 -0.445424 3.09935e-21)
(0.832969 -0.435839 -1.59206e-21)
(0.80367 -0.429077 -4.9583e-21)
(0.770079 -0.423599 1.09615e-20)
(0.733018 -0.413443 -6.67885e-21)
(0.696157 -0.388672 -3.64261e-21)
(0.664975 -0.33963 2.90801e-21)
(0.644309 -0.262459 1.29155e-20)
(0.636611 -0.16151 -2.0208e-20)
(0.642093 -0.0473952 1.44737e-20)
(0.65931 0.0672842 -3.07522e-21)
(0.685419 0.171621 1.67115e-21)
(0.716763 0.258434 -2.37757e-21)
(0.749707 0.325109 -3.36744e-21)
(0.781377 0.372587 8.07975e-21)
(0.810059 0.404038 -1.43665e-21)
(0.834889 0.424274 -8.02125e-21)
(0.855276 0.439656 2.2297e-21)
(0.870699 0.456805 6.79838e-21)
(0.881012 0.479317 -3.62944e-21)
(0.886705 0.504356 6.63985e-21)
(0.888727 0.522209 -1.53081e-20)
(0.888082 0.51963 9.09763e-21)
(0.885721 0.484799 5.90713e-21)
(0.0635649 -0.316436 1.72569e-20)
(0.0497834 -0.245379 -1.66783e-20)
(0.0522743 -0.163378 4.88977e-21)
(0.0675636 -0.0709577 6.32508e-21)
(0.0972105 0.0263307 -2.20631e-21)
(0.136843 0.123317 -3.72304e-21)
(0.182563 0.214719 -2.04791e-21)
(0.23155 0.297309 2.71573e-21)
(0.280967 0.369115 3.77349e-21)
(0.328317 0.429591 -2.84158e-21)
(0.37156 0.479507 1.81537e-22)
(0.409442 0.520537 -8.52592e-21)
(0.44199 0.554302 1.11675e-21)
(0.470993 0.580911 4.94677e-21)
(0.50007 0.597573 2.41986e-21)
(0.533897 0.598331 -1.19576e-20)
(0.576614 0.575714 2.3036e-20)
(0.630051 0.523986 -2.2448e-20)
(0.692739 0.442142 -2.53173e-21)
(0.760446 0.334416 3.79153e-20)
(0.828149 0.20775 -3.49647e-20)
(0.892147 0.0688457 2.74905e-20)
(0.950276 -0.0755803 -9.59658e-21)
(1.00003 -0.21579 5.48656e-21)
(1.03751 -0.338809 -4.86538e-20)
(1.05915 -0.43301 3.16845e-20)
(1.06423 -0.49356 -3.38011e-20)
(1.05544 -0.523595 3.01036e-20)
(1.03729 -0.531072 2.4229e-21)
(1.01415 -0.524667 1.68315e-22)
(0.989156 -0.511246 -1.62071e-20)
(0.964001 -0.495246 7.0821e-23)
(0.939254 -0.479131 1.80614e-20)
(0.914799 -0.464056 -3.93233e-21)
(0.890242 -0.45035 -5.6454e-21)
(0.8651 -0.438071 1.06783e-20)
(0.838552 -0.427628 -7.83785e-21)
(0.809221 -0.41964 2.60784e-21)
(0.775831 -0.413144 1.72225e-21)
(0.738779 -0.403221 -4.61091e-21)
(0.701277 -0.380788 -2.23525e-21)
(0.6687 -0.336145 7.08809e-21)
(0.646233 -0.26444 -5.05699e-21)
(0.636767 -0.168757 6.65885e-21)
(0.640727 -0.0587389 -7.27136e-21)
(0.656768 0.0533198 -1.35922e-21)
(0.68207 0.156683 4.05525e-21)
(0.713014 0.243915 1.74493e-22)
(0.746017 0.311988 -1.32795e-21)
(0.778187 0.361351 -4.99693e-21)
(0.807736 0.394754 -1.59381e-21)
(0.833693 0.416756 4.71055e-21)
(0.855387 0.433616 5.86642e-21)
(0.872294 0.451982 -4.47445e-21)
(0.884311 0.475601 -5.62538e-21)
(0.89195 0.501893 1.26663e-20)
(0.896107 0.521378 -6.69364e-21)
(0.897676 0.520853 -1.13171e-20)
(0.897465 0.488279 1.55929e-20)
(0.0931561 -0.251404 5.19791e-21)
(0.0814203 -0.179492 2.73552e-21)
(0.0846516 -0.0952998 -9.50082e-22)
(0.104243 -0.00312727 -3.21457e-21)
(0.136289 0.0902591 1.08447e-21)
(0.176581 0.18066 3.81072e-21)
(0.22195 0.264045 -9.4553e-21)
(0.269208 0.338021 8.7799e-21)
(0.315618 0.401622 -6.91085e-22)
(0.359027 0.455151 -1.21341e-21)
(0.398179 0.49977 9.26231e-23)
(0.43315 0.536554 9.70196e-21)
(0.46574 0.565164 -1.28929e-20)
(0.499417 0.582648 -8.62197e-21)
(0.538488 0.583287 1.22314e-20)
(0.586556 0.560217 1.64834e-20)
(0.644891 0.508424 -4.37948e-20)
(0.711609 0.42745 1.21436e-20)
(0.782311 0.321678 1.59405e-20)
(0.852104 0.197758 3.99124e-20)
(0.917576 0.0618512 -1.62636e-20)
(0.976733 -0.0797265 -2.06438e-20)
(1.02686 -0.217232 -3.89689e-20)
(1.06368 -0.337592 5.52821e-20)
(1.08352 -0.42928 -2.51994e-22)
(1.08599 -0.487786 -8.01163e-21)
(1.07431 -0.516514 -1.07145e-20)
(1.05341 -0.523436 -1.53302e-21)
(1.0279 -0.517027 2.31293e-20)
(1.00094 -0.503876 -7.87684e-21)
(0.974189 -0.488183 -1.43414e-20)
(0.948146 -0.472264 9.24586e-22)
(0.922646 -0.457216 2.46386e-21)
(0.897245 -0.443373 -1.13921e-22)
(0.871449 -0.43074 -3.0792e-21)
(0.844525 -0.419575 6.9021e-21)
(0.815202 -0.410471 2.65844e-21)
(0.782115 -0.402934 -5.18765e-21)
(0.745259 -0.39304 1.44087e-22)
(0.707339 -0.372655 1.53989e-21)
(0.673514 -0.332221 2.96598e-21)
(0.649239 -0.265995 -3.18298e-21)
(0.637899 -0.175737 4.88142e-21)
(0.640184 -0.0700549 -4.3913e-21)
(0.65489 0.0392349 7.06825e-21)
(0.679255 0.141501 -4.71601e-21)
(0.709672 0.229049 2.86583e-21)
(0.742616 0.298447 1.74376e-21)
(0.775186 0.349652 -5.47963e-21)
(0.805517 0.384992 -6.81185e-23)
(0.832532 0.408751 1.08753e-21)
(0.855483 0.427062 5.81361e-21)
(0.873836 0.446581 6.53466e-22)
(0.887528 0.471222 -3.89354e-21)
(0.897089 0.4987 -6.14034e-21)
(0.903373 0.519815 -3.76603e-21)
(0.907168 0.521436 8.22747e-21)
(0.909143 0.49131 9.07284e-21)
(0.149183 -0.250123 -2.65652e-21)
(0.123402 -0.188185 7.58072e-22)
(0.113492 -0.113249 1.00385e-21)
(0.120872 -0.0283733 1.52783e-21)
(0.143075 0.0600369 -4.54139e-21)
(0.176324 0.148252 2.70846e-21)
(0.216674 0.231447 -3.12424e-22)
(0.260743 0.306852 2.08221e-21)
(0.305503 0.373 -1.49925e-21)
(0.348634 0.429678 -8.06481e-21)
(0.388817 0.477495 1.41397e-21)
(0.426109 0.516986 3.41803e-21)
(0.462225 0.547403 1.5459e-21)
(0.500398 0.565683 3.8929e-21)
(0.544504 0.566386 6.44166e-21)
(0.597599 0.543234 -2.99914e-20)
(0.660433 0.491868 2.87239e-20)
(0.730771 0.412281 -5.07864e-21)
(0.804115 0.308917 2.91718e-20)
(0.87575 0.188083 -6.60688e-20)
(0.94256 0.0554136 4.60907e-20)
(1.00267 -0.0830938 2.08936e-20)
(1.05312 -0.217678 -1.92929e-21)
(1.08919 -0.335192 -3.00054e-20)
(1.10719 -0.424282 3.42885e-21)
(1.10708 -0.480796 -9.94195e-21)
(1.0926 -0.508376 2.18101e-21)
(1.0691 -0.514953 1.33283e-21)
(1.04138 -0.508744 -5.56414e-21)
(1.01262 -0.496033 5.07031e-21)
(0.98439 -0.480785 -7.21906e-21)
(0.957145 -0.465174 1.85888e-21)
(0.930679 -0.450244 -1.10826e-21)
(0.904508 -0.436341 2.72258e-21)
(0.878117 -0.423448 -1.68897e-21)
(0.850852 -0.411695 -3.1956e-21)
(0.821565 -0.4016 1.81046e-22)
(0.788855 -0.393027 7.57194e-21)
(0.752361 -0.382975 1.2627e-21)
(0.714251 -0.364324 2.95479e-22)
(0.679355 -0.327842 -5.87622e-21)
(0.653306 -0.267042 2.21828e-21)
(0.639979 -0.182346 -2.23746e-21)
(0.640439 -0.081232 8.4346e-22)
(0.653668 0.0251151 4.63184e-21)
(0.676952 0.126132 -2.15215e-21)
(0.70671 0.213875 -3.11504e-21)
(0.739482 0.284512 5.53829e-21)
(0.772351 0.337507 -4.55046e-22)
(0.803378 0.374763 -1.23756e-21)
(0.83138 0.40027 -5.44642e-21)
(0.855531 0.420005 5.48127e-21)
(0.875286 0.440616 -6.68043e-22)
(0.890613 0.466191 1.98976e-21)
(0.902065 0.494779 -3.76175e-21)
(0.910453 0.517507 4.89275e-21)
(0.916473 0.52135 -1.17342e-20)
(0.920658 0.493849 1.63776e-20)
(0.216237 -0.241584 -4.71657e-21)
(0.177829 -0.189065 6.97036e-22)
(0.154518 -0.124141 -3.43013e-21)
(0.148616 -0.0483908 -2.10051e-21)
(0.159292 0.0339312 9.07629e-21)
(0.183505 0.118475 -4.17652e-21)
(0.21718 0.200237 -1.70076e-21)
(0.256788 0.276102 1.53431e-21)
(0.298987 0.344046 2.26743e-21)
(0.341235 0.403283 -1.71776e-21)
(0.382075 0.453832 -3.74709e-21)
(0.421451 0.495684 7.43415e-21)
(0.460903 0.527717 1.01246e-20)
(0.503337 0.546793 -2.05835e-20)
(0.552156 0.547763 4.589e-21)
(0.609867 0.524905 2.23646e-20)
(0.676746 0.474441 2.56386e-20)
(0.750263 0.396721 -4.32244e-20)
(0.82588 0.296172 1.57072e-20)
(0.899102 0.178723 -2.00476e-20)
(0.967108 0.0494553 2.95215e-21)
(1.02809 -0.0857383 -4.76994e-20)
(1.07874 -0.217175 3.74613e-20)
(1.11398 -0.331656 -1.24021e-20)
(1.13007 -0.418068 4.46853e-21)
(1.1274 -0.472647 8.07454e-22)
(1.11025 -0.499242 1.66098e-20)
(1.08433 -0.505678 3.28357e-21)
(1.05458 -0.499864 -1.7878e-20)
(1.02416 -0.487756 1.41293e-20)
(0.994578 -0.473082 -9.22958e-21)
(0.966229 -0.457885 1.98041e-21)
(0.938874 -0.443161 -3.90213e-22)
(0.912 -0.429273 9.26345e-24)
(0.885074 -0.41621 5.98496e-22)
(0.8575 -0.403997 8.89305e-22)
(0.828265 -0.393045 -4.56386e-21)
(0.795983 -0.383472 6.86452e-21)
(0.75999 -0.373099 -2.60745e-21)
(0.721911 -0.355857 8.08334e-22)
(0.686151 -0.323012 -8.17504e-23)
(0.658399 -0.267516 -6.94177e-22)
(0.64301 -0.188482 4.82169e-21)
(0.641487 -0.0921041 -5.71645e-21)
(0.653077 0.0110718 -1.51535e-23)
(0.675137 0.110638 -1.2692e-21)
(0.704108 0.198433 4.8167e-21)
(0.736593 0.270209 -5.41385e-21)
(0.769659 0.324934 5.75601e-22)
(0.801294 0.364079 1.90368e-21)
(0.83021 0.391322 -1.44747e-21)
(0.855502 0.412458 7.03523e-21)
(0.876608 0.434102 -7.69113e-21)
(0.893524 0.460524 7.11891e-21)
(0.906821 0.490139 5.39126e-21)
(0.917279 0.514449 2.31497e-21)
(0.92551 0.520571 -1.10684e-20)
(0.931918 0.495855 -1.03873e-20)
(0.291471 -0.2277 2.6904e-21)
(0.243137 -0.183177 3.08014e-21)
(0.207625 -0.127807 -6.13293e-21)
(0.188389 -0.0615687 1.09573e-20)
(0.186436 0.0131231 -1.09414e-20)
(0.199906 0.0924007 -3.05467e-21)
(0.225181 0.171284 -5.80208e-21)
(0.258859 0.246414 9.76126e-21)
(0.297363 0.315209 -4.37313e-21)
(0.337911 0.376267 3.42842e-21)
(0.378837 0.428986 -9.23693e-22)
(0.419879 0.47281 -5.83865e-21)
(0.462301 0.506258 7.15852e-21)
(0.508612 0.526136 1.75993e-20)
(0.561693 0.527583 -3.77389e-20)
(0.623518 0.505385 -5.09912e-23)
(0.693927 0.456269 1.30326e-20)
(0.770148 0.380853 2.06241e-20)
(0.847655 0.283484 -3.64128e-20)
(0.92218 0.169664 -1.08228e-21)
(0.991238 0.044071 -3.35421e-20)
(1.05299 -0.0876682 -6.6444e-21)
(1.10371 -0.215761 1.27836e-19)
(1.13796 -0.327026 -1.9505e-20)
(1.15208 -0.410688 -7.5678e-21)
(1.14689 -0.463399 -4.82271e-20)
(1.1272 -0.489174 2.44672e-20)
(1.09905 -0.495668 2.47057e-21)
(1.06745 -0.490433 -9.76283e-21)
(1.03553 -0.47908 1.82146e-21)
(1.00473 -0.465101 -2.66795e-21)
(0.975372 -0.450418 3.24193e-21)
(0.947203 -0.435986 1.37931e-21)
(0.919693 -0.422188 -8.40192e-21)
(0.892289 -0.409037 4.34371e-21)
(0.864437 -0.396485 -5.98762e-22)
(0.83526 -0.384818 1.73486e-21)
(0.803431 -0.374305 2.8413e-21)
(0.76805 -0.363481 -1.09499e-21)
(0.730212 -0.347324 -5.274e-21)
(0.693817 -0.317756 1.48457e-21)
(0.66448 -0.267369 -2.29605e-21)
(0.646984 -0.194036 7.84966e-21)
(0.643332 -0.102602 -4.69865e-21)
(0.653105 -0.00265167 2.55282e-21)
(0.67379 0.0950877 2.36599e-21)
(0.701846 0.18277 -8.7284e-21)
(0.733929 0.255569 4.53017e-21)
(0.76709 0.311953 -1.25036e-21)
(0.799243 0.352955 -3.99297e-21)
(0.828998 0.381922 3.56827e-21)
(0.855369 0.404436 3.86778e-21)
(0.87777 0.42706 -7.57327e-22)
(0.896219 0.454242 3.17141e-21)
(0.911305 0.484795 -9.1508e-21)
(0.923787 0.510641 -3.40961e-21)
(0.934202 0.51908 2.7104e-21)
(0.942833 0.49729 6.49295e-21)
(0.371254 -0.210491 5.23217e-21)
(0.31656 -0.17201 -1.49381e-21)
(0.271393 -0.124892 -7.14646e-21)
(0.240064 -0.0678267 -1.42857e-20)
(0.225369 -0.00131192 2.41543e-20)
(0.227003 0.0710306 1.03815e-20)
(0.242371 0.145528 -9.68551e-21)
(0.2686 0.218561 -9.03857e-21)
(0.302098 0.287075 2.46198e-22)
(0.339907 0.349059 2.89778e-21)
(0.380118 0.403277 4.79232e-22)
(0.422186 0.44862 8.52812e-22)
(0.467014 0.48325 7.78156e-21)
(0.51664 0.503925 -1.10634e-20)
(0.5734 0.506044 2.30592e-20)
(0.638739 0.484848 -5.48985e-20)
(0.7121 0.437487 7.1351e-21)
(0.790512 0.364767 -4.88073e-21)
(0.869499 0.270891 -3.68915e-20)
(0.945076 0.160929 5.96521e-20)
(1.01499 0.0392076 5.67249e-20)
(1.07733 -0.0889399 -6.17874e-20)
(1.12796 -0.213472 -6.43779e-20)
(1.16107 -0.321343 5.01303e-20)
(1.17313 -0.402195 8.08342e-20)
(1.16548 -0.453114 -6.22118e-20)
(1.1434 -0.478236 -1.0962e-20)
(1.11321 -0.48498 -1.22415e-20)
(1.07997 -0.480498 5.99329e-20)
(1.04672 -0.47004 -5.14849e-20)
(1.01482 -0.456869 2.61838e-20)
(0.984551 -0.442794 3.30838e-21)
(0.955642 -0.428738 -1.19727e-20)
(0.927556 -0.415103 4.87243e-21)
(0.899728 -0.401939 -1.36114e-21)
(0.871631 -0.389158 4.73985e-21)
(0.842512 -0.37692 1.66896e-22)
(0.811143 -0.365554 -3.85286e-22)
(0.776454 -0.354185 -2.64316e-21)
(0.739045 -0.338803 -2.08669e-22)
(0.702256 -0.312116 -1.71215e-22)
(0.671497 -0.266573 4.08079e-21)
(0.65189 -0.198923 -2.28816e-21)
(0.646026 -0.112622 4.32547e-21)
(0.653758 -0.01624 -3.06116e-21)
(0.672855 0.0795226 9.08676e-22)
(0.699909 0.166933 -4.03553e-22)
(0.731474 0.240625 -2.33211e-21)
(0.764626 0.298585 -6.92451e-24)
(0.797206 0.341406 1.85149e-21)
(0.827722 0.372083 -3.80862e-22)
(0.855107 0.395956 3.85719e-22)
(0.878743 0.41951 -1.31381e-21)
(0.898662 0.447369 2.5671e-21)
(0.915472 0.478766 -7.80091e-21)
(0.929917 0.506088 6.28751e-21)
(0.942477 0.516862 4.04633e-21)
(0.953319 0.498118 -3.24647e-21)
(0.394504 -0.157475 -9.71697e-21)
(0.343135 -0.116764 2.38743e-20)
(0.302343 -0.0677742 -1.50924e-20)
(0.275909 -0.00967178 3.14251e-20)
(0.265432 0.0549548 -2.63718e-20)
(0.270053 0.12383 -1.43369e-22)
(0.287511 0.193375 -1.17402e-20)
(0.31465 0.260344 6.89454e-21)
(0.348512 0.322215 6.97679e-21)
(0.386988 0.377142 -1.63626e-21)
(0.429214 0.423467 1.75032e-21)
(0.47567 0.459 1.18149e-21)
(0.527869 0.48043 1.18806e-20)
(0.587582 0.483385 -2.36641e-20)
(0.655735 0.463491 -7.38516e-21)
(0.731403 0.418242 4.52281e-20)
(0.811453 0.34856 -5.62572e-20)
(0.891493 0.258433 1.96871e-20)
(0.967829 0.152521 8.37084e-21)
(1.0384 0.0346633 2.34112e-20)
(1.10113 -0.0895989 2.7726e-20)
(1.15145 -0.210336 -6.72845e-20)
(1.18323 -0.314647 -5.82747e-20)
(1.19315 -0.392645 1.08685e-19)
(1.18309 -0.44186 -2.27455e-20)
(1.15879 -0.466496 -3.58987e-20)
(1.12678 -0.473673 -7.26821e-21)
(1.0921 -0.470106 6.03375e-20)
(1.05769 -0.460673 -4.16896e-20)
(1.02482 -0.448411 1.09177e-20)
(0.993742 -0.435032 5.96407e-21)
(0.964164 -0.421431 1.09766e-23)
(0.935562 -0.40803 4.84452e-21)
(0.907361 -0.394925 -1.61579e-20)
(0.879049 -0.382016 1.3029e-20)
(0.849985 -0.369347 -5.38269e-21)
(0.819066 -0.357235 4.00116e-21)
(0.785121 -0.345263 -2.33988e-21)
(0.748301 -0.330373 -3.93198e-22)
(0.711359 -0.306154 2.3989e-21)
(0.679382 -0.265123 -6.84289e-23)
(0.657709 -0.203072 -1.85501e-21)
(0.649503 -0.122069 -1.11261e-21)
(0.655046 -0.0296989 3.22221e-21)
(0.672409 0.0640365 -3.99772e-22)
(0.698294 0.150977 1.07931e-21)
(0.729216 0.225411 -5.63333e-22)
(0.762251 0.284856 -6.11718e-22)
(0.795165 0.32945 -8.69372e-22)
(0.826363 0.361822 1.49371e-21)
(0.854692 0.387038 -3.80977e-21)
(0.8795 0.41148 3.21446e-21)
(0.900821 0.439937 9.09686e-22)
(0.919281 0.47208 2.21498e-21)
(0.93562 0.500803 -7.68312e-21)
(0.95027 0.513908 -1.0722e-21)
(0.9633 0.498309 7.66332e-21)
(0.473161 -0.141609 -3.95361e-21)
(0.419286 -0.105271 -2.76254e-20)
(0.372351 -0.0627815 4.25694e-20)
(0.336602 -0.0126054 -1.54202e-20)
(0.315117 0.0444786 -1.6958e-21)
(0.308813 0.106822 -7.15705e-21)
(0.316642 0.171629 -3.38574e-21)
(0.336231 0.235767 1.33923e-20)
(0.364896 0.296388 -8.47606e-22)
(0.400465 0.351126 -5.73819e-21)
(0.441783 0.397808 3.81443e-21)
(0.488888 0.433893 -6.48465e-24)
(0.542746 0.455982 1.20253e-20)
(0.604548 0.459881 -6.00231e-21)
(0.674718 0.441532 -1.50449e-21)
(0.751982 0.398696 1.48444e-20)
(0.833077 0.332331 -2.32147e-20)
(0.913722 0.246164 -7.8467e-21)
(0.990477 0.144413 3.49546e-20)
(1.06149 0.0306735 -4.64762e-20)
(1.12442 -0.0895996 -7.1099e-21)
(1.17414 -0.206369 -3.04657e-20)
(1.20437 -0.306971 1.86138e-20)
(1.21206 -0.382091 1.42772e-20)
(1.19966 -0.429703 2.32078e-20)
(1.17334 -0.454023 -1.22781e-20)
(1.13974 -0.461809 -2.3838e-21)
(1.10382 -0.459304 2.61254e-20)
(1.06842 -0.451011 -2.42555e-20)
(1.03472 -0.439752 7.00029e-21)
(1.00292 -0.427148 1.92188e-20)
(0.972746 -0.414078 -3.14166e-21)
(0.943682 -0.400982 -1.09436e-20)
(0.915156 -0.388001 2.34446e-21)
(0.886662 -0.375053 6.12066e-21)
(0.857648 -0.362086 -6.05636e-21)
(0.827155 -0.349353 -6.56829e-21)
(0.793977 -0.33676 9.20074e-21)
(0.757877 -0.322115 1.57342e-21)
(0.721013 -0.299947 -9.70664e-21)
(0.688052 -0.263043 -2.41128e-21)
(0.664417 -0.206432 1.04241e-20)
(0.653796 -0.130822 -7.00232e-21)
(0.656992 -0.0426337 2.41864e-21)
(0.672449 0.0487266 -2.62654e-21)
(0.697 0.134964 -1.45374e-21)
(0.727149 0.20997 7.54332e-22)
(0.759954 0.270791 2.67209e-21)
(0.793105 0.317107 4.46158e-22)
(0.824903 0.351154 2.14734e-21)
(0.854107 0.377701 -3.81988e-21)
(0.880018 0.402996 -8.03099e-22)
(0.902667 0.431978 1.45676e-22)
(0.922695 0.464768 -3.5084e-21)
(0.940848 0.494805 7.3153e-21)
(0.957524 0.510216 -1.38512e-20)
(0.972704 0.497837 1.05768e-20)
(0.549115 -0.126218 -6.82942e-21)
(0.496048 -0.0923854 -1.58065e-20)
(0.446626 -0.0544788 3.02766e-20)
(0.404809 -0.010566 -3.0347e-20)
(0.374505 0.0392674 3.30987e-20)
(0.358192 0.094723 -1.83653e-20)
(0.356288 0.153886 2.58932e-20)
(0.367552 0.214036 -3.02011e-20)
(0.389919 0.272266 1.57054e-20)
(0.421377 0.32585 -1.36198e-20)
(0.4606 0.372182 5.04085e-21)
(0.507224 0.408388 3.29865e-22)
(0.56168 0.430967 4.38242e-21)
(0.62459 0.435848 1.05615e-20)
(0.69589 0.419219 -1.94598e-20)
(0.77398 0.379025 3.07664e-20)
(0.855489 0.316191 1.95551e-20)
(0.936265 0.234142 -9.7172e-20)
(1.01314 0.136669 5.88819e-20)
(1.08431 0.0270995 -4.56803e-20)
(1.14711 -0.0890056 5.62233e-20)
(1.19596 -0.201591 -3.49921e-20)
(1.22439 -0.298349 6.09915e-20)
(1.22978 -0.370589 -4.44076e-20)
(1.21514 -0.416715 3.87831e-20)
(1.187 -0.440889 -6.13674e-20)
(1.15204 -0.449447 5.6515e-20)
(1.11511 -0.448137 -3.56475e-20)
(1.07889 -0.441088 -4.95493e-21)
(1.04449 -0.430913 1.86575e-21)
(1.01207 -0.419158 1.00794e-20)
(0.981364 -0.406691 4.00066e-21)
(0.95189 -0.393966 -6.52527e-21)
(0.923084 -0.381173 -4.26844e-21)
(0.894438 -0.368265 6.93089e-21)
(0.865472 -0.355124 -4.60073e-21)
(0.835373 -0.3419 5.397e-21)
(0.80296 -0.328708 -5.45998e-21)
(0.767679 -0.3141 5.49939e-22)
(0.731105 -0.293577 -1.465e-22)
(0.69741 -0.260375 2.53505e-21)
(0.67197 -0.20897 -4.97158e-21)
(0.658921 -0.138791 2.71523e-21)
(0.659626 -0.0549953 -1.83303e-21)
(0.67299 0.0336864 -5.57814e-22)
(0.696039 0.11896 1.91562e-21)
(0.725271 0.194348 -1.53288e-21)
(0.757728 0.256423 2.88584e-21)
(0.791015 0.304397 -3.01867e-21)
(0.823327 0.340098 -1.19531e-21)
(0.853332 0.367967 -4.50418e-22)
(0.880278 0.394087 1.03717e-21)
(0.904178 0.423527 2.46686e-21)
(0.925688 0.456863 -5.16461e-21)
(0.945564 0.488116 2.89126e-21)
(0.964189 0.505788 1.21856e-20)
(0.981471 0.496679 -1.78528e-20)
(0.996909 0.4507 3.18921e-21)
(0.619781 -0.112623 2.49246e-20)
(0.569999 -0.0798785 1.07014e-20)
(0.521459 -0.044703 -9.48061e-21)
(0.477066 -0.00528261 -4.6933e-20)
(0.440907 0.0383034 1.23979e-20)
(0.416589 0.0872343 6.85584e-22)
(0.40578 0.140364 4.14546e-20)
(0.408602 0.195668 -2.54527e-20)
(0.423934 0.250481 -1.85603e-20)
(0.450219 0.301952 2.70013e-20)
(0.486158 0.347173 -9.55953e-21)
(0.531099 0.382999 6.6206e-21)
(0.584997 0.405818 -5.41711e-21)
(0.647945 0.411637 -1.59026e-21)
(0.719419 0.39682 1.26675e-20)
(0.797518 0.359421 -2.53111e-20)
(0.878787 0.300265 1.97491e-20)
(0.959207 0.22243 -3.38124e-20)
(1.03581 0.129295 2.18148e-20)
(1.10685 0.0239916 4.96583e-20)
(1.16924 -0.0877616 2.14401e-20)
(1.21684 -0.195999 -9.64126e-20)
(1.24322 -0.288812 1.64713e-20)
(1.24623 -0.358199 4.6783e-20)
(1.22947 -0.402971 -3.47671e-20)
(1.19974 -0.427166 -2.57945e-20)
(1.16369 -0.436648 -2.17989e-21)
(1.12596 -0.43665 5.31034e-20)
(1.08909 -0.430933 -3.3386e-20)
(1.05411 -0.421917 2.31258e-20)
(1.02116 -0.411077 -2.09066e-21)
(0.989995 -0.399276 -6.49752e-21)
(0.96016 -0.38699 -1.14498e-20)
(0.931114 -0.374446 9.82439e-21)
(0.902349 -0.361646 -1.01728e-20)
(0.873429 -0.348441 3.57894e-21)
(0.843688 -0.334865 7.17672e-21)
(0.812018 -0.321125 -3.44493e-22)
(0.777622 -0.306395 -8.9171e-22)
(0.741523 -0.287135 7.67844e-22)
(0.707348 -0.257184 -6.78035e-21)
(0.680307 -0.210686 2.16441e-22)
(0.664876 -0.145904 -9.0125e-22)
(0.662984 -0.0667113 2.77283e-21)
(0.674071 0.0190126 3.16456e-22)
(0.695431 0.103041 3.44624e-22)
(0.723592 0.178595 -1.01034e-21)
(0.755573 0.241786 4.26148e-21)
(0.788888 0.291344 -3.86802e-21)
(0.821625 0.328672 4.22541e-22)
(0.852356 0.357856 1.26019e-21)
(0.880264 0.384782 -3.48781e-22)
(0.905337 0.414623 -8.8816e-22)
(0.928236 0.448408 -7.67729e-23)
(0.949738 0.480768 -5.67344e-21)
(0.970224 0.500635 5.80968e-21)
(0.989547 0.49482 -1.73041e-22)
(1.00707 0.452855 -1.7224e-20)
(0.638533 -0.0690631 -6.32468e-21)
(0.593399 -0.0352063 3.33793e-20)
(0.549651 0.0010055 3.62859e-21)
(0.510964 0.0401611 -1.05446e-20)
(0.481404 0.0835508 -4.55173e-21)
(0.463426 0.130842 4.53e-21)
(0.458493 0.18088 8.80188e-21)
(0.466629 0.231508 -4.45031e-20)
(0.487014 0.280009 1.61257e-20)
(0.518631 0.323366 -2.15358e-21)
(0.560722 0.358261 1.21524e-20)
(0.612887 0.380995 -6.05928e-21)
(0.674767 0.387623 1.23028e-21)
(0.745424 0.374623 3.84204e-21)
(0.82269 0.340089 3.08096e-21)
(0.903047 0.284682 1.89818e-20)
(0.982611 0.211109 -7.21681e-20)
(1.0586 0.122352 -1.43228e-20)
(1.12915 0.0215272 3.84544e-20)
(1.1907 -0.0858656 5.26562e-20)
(1.2367 -0.1896 3.97064e-21)
(1.26076 -0.278392 -5.52482e-20)
(1.26133 -0.344984 4.31186e-21)
(1.2426 -0.388549 1.34136e-20)
(1.21154 -0.412933 -1.65331e-20)
(1.17465 -0.423477 2.64895e-20)
(1.13634 -0.424891 -5.38597e-21)
(1.099 -0.420583 1.06094e-20)
(1.06356 -0.412787 -1.19738e-20)
(1.03018 -0.402921 9.67974e-21)
(0.998617 -0.391848 -5.592e-21)
(0.968469 -0.380062 6.00741e-21)
(0.93922 -0.367826 -1.57169e-20)
(0.910365 -0.355195 7.14572e-21)
(0.881493 -0.342022 1.15925e-21)
(0.852071 -0.328228 1.08914e-21)
(0.821106 -0.314022 -5.66421e-21)
(0.787633 -0.299058 3.46981e-21)
(0.752164 -0.280711 -6.90536e-22)
(0.717753 -0.253553 -1.20235e-21)
(0.689346 -0.211604 1.93707e-21)
(0.671641 -0.152114 -3.57386e-21)
(0.667101 -0.0776672 3.06055e-21)
(0.67574 0.00486996 1.14686e-21)
(0.695213 0.0872875 -2.00497e-21)
(0.722131 0.162772 1.42778e-21)
(0.753493 0.22692 1.40126e-21)
(0.786722 0.277976 7.81097e-22)
(0.81979 0.316898 -2.21745e-21)
(0.851168 0.347391 -1.28748e-21)
(0.879965 0.375111 -1.67819e-21)
(0.906129 0.405304 1.18528e-21)
(0.930322 0.439442 7.39637e-22)
(0.953347 0.472795 4.81966e-21)
(0.975596 0.494773 2.80366e-21)
(0.996888 0.492249 -1.81333e-20)
(1.01647 0.454406 9.8994e-21)
(0.700054 -0.0606857 -7.85881e-21)
(0.659696 -0.0273149 -9.01037e-22)
(0.619196 0.00700362 -1.59793e-20)
(0.581211 0.0434095 2.59396e-20)
(0.54937 0.0824913 -1.18383e-20)
(0.526642 0.124658 -1.56322e-21)
(0.515444 0.169517 3.21262e-20)
(0.516928 0.215563 9.62125e-21)
(0.531198 0.260454 -4.38681e-20)
(0.557772 0.301278 2.26138e-20)
(0.596017 0.334689 -2.24739e-21)
(0.645354 0.356961 -6.52975e-21)
(0.705087 0.364192 6.12091e-21)
(0.773944 0.352927 -7.8571e-21)
(0.84954 0.321242 7.88751e-22)
(0.928318 0.269581 1.60342e-21)
(1.00652 0.20026 -2.78264e-21)
(1.08149 0.115877 -4.09413e-20)
(1.15117 0.0194441 8.89571e-20)
(1.21146 -0.0833259 -1.01614e-19)
(1.25544 -0.182388 9.13868e-20)
(1.2769 -0.267121 -4.21601e-20)
(1.27503 -0.331007 -1.34565e-20)
(1.2545 -0.373531 1.64786e-20)
(1.22238 -0.398267 6.56197e-21)
(1.18492 -0.409998 1.14465e-20)
(1.14626 -0.41291 6.23474e-21)
(1.1086 -0.41007 -3.51828e-20)
(1.07282 -0.403549 3.19731e-20)
(1.0391 -0.394708 -1.61067e-20)
(1.00721 -0.384418 -7.72794e-21)
(0.976794 -0.373191 1.70589e-20)
(0.947376 -0.361319 -4.16667e-21)
(0.918459 -0.348912 -3.89725e-21)
(0.889642 -0.335851 -6.6329e-22)
(0.860501 -0.321966 4.32436e-21)
(0.830188 -0.307398 -2.68877e-21)
(0.79765 -0.292135 6.80223e-22)
(0.762939 -0.274394 3.31156e-23)
(0.728515 -0.24957 -3.28738e-22)
(0.698989 -0.211771 -7.30438e-22)
(0.67918 -0.157401 2.57182e-22)
(0.672018 -0.0877718 5.6678e-22)
(0.678055 -0.00859242 -7.00342e-22)
(0.695424 0.0717926 -8.05728e-23)
(0.720923 0.146948 2.36158e-21)
(0.751508 0.211872 -1.62776e-21)
(0.78452 0.264322 -1.69525e-21)
(0.817818 0.304798 2.53762e-21)
(0.849761 0.336594 -3.09199e-21)
(0.879372 0.365102 1.21757e-22)
(0.906546 0.395609 9.02187e-21)
(0.931937 0.430013 -1.1187e-20)
(0.956376 0.464236 2.90967e-21)
(0.980283 0.488222 4.42962e-21)
(1.00346 0.488961 -4.783e-21)
(1.02506 0.455321 1.53458e-20)
(0.753971 -0.0549827 -2.8091e-20)
(0.718881 -0.0216864 2.6432e-20)
(0.683142 0.0118839 -6.0657e-21)
(0.648303 0.046599 -1.20144e-20)
(0.617046 0.0826981 1.25326e-20)
(0.59229 0.1208 -2.4335e-20)
(0.57693 0.161034 1.77918e-22)
(0.573008 0.20254 4.38147e-20)
(0.58157 0.243493 -6.69759e-21)
(0.602845 0.281291 -2.09648e-20)
(0.636558 0.312727 6.53801e-21)
(0.682159 0.334147 1.33148e-21)
(0.738777 0.341715 5.9095e-21)
(0.804918 0.332026 -1.34913e-20)
(0.878049 0.303093 1.49901e-20)
(0.954606 0.255107 -2.35368e-20)
(1.03094 0.189965 -3.46286e-21)
(1.10449 0.109932 -4.75961e-21)
(1.17289 0.0178681 -2.0138e-20)
(1.23147 -0.0800629 7.08137e-20)
(1.27295 -0.174339 5.19483e-22)
(1.29156 -0.255014 4.96566e-22)
(1.28724 -0.316323 -3.49335e-20)
(1.26514 -0.357985 -1.84049e-20)
(1.23225 -0.383232 1.44444e-20)
(1.19449 -0.396255 4.848e-21)
(1.15569 -0.400731 1.74506e-20)
(1.11788 -0.399406 -1.21937e-20)
(1.08189 -0.394202 -1.28171e-20)
(1.04791 -0.386431 1.03059e-20)
(1.01576 -0.376972 -6.72361e-21)
(0.985115 -0.366361 9.29826e-21)
(0.955559 -0.354909 -8.67396e-21)
(0.926605 -0.342777 6.00486e-21)
(0.897853 -0.329895 -6.65512e-22)
(0.868958 -0.316037 2.50156e-22)
(0.839238 -0.301226 3.12836e-21)
(0.807622 -0.285647 -1.49746e-21)
(0.773766 -0.268252 7.54308e-22)
(0.739532 -0.24532 -3.98217e-22)
(0.70913 -0.211241 -5.68783e-22)
(0.687421 -0.161762 3.64528e-22)
(0.677749 -0.0969808 9.45495e-22)
(0.681075 -0.0215374 -2.66138e-22)
(0.696123 0.0566292 -2.21798e-22)
(0.720023 0.131199 6.75753e-22)
(0.749649 0.196692 1.60532e-22)
(0.7823 0.250418 -1.71158e-22)
(0.815714 0.292396 9.00742e-22)
(0.848132 0.325487 -2.11659e-21)
(0.878479 0.354785 4.51969e-22)
(0.906583 0.385578 -1.9382e-21)
(0.933075 0.420165 -2.44534e-21)
(0.958818 0.455135 1.15175e-20)
(0.984268 0.48101 -1.10227e-20)
(1.00924 0.484956 -5.55009e-21)
(1.03281 0.455572 -2.8869e-21)
(0.770425 -0.0186257 -1.58048e-20)
(0.739992 0.0146818 -1.36336e-20)
(0.709797 0.0485885 3.05923e-21)
(0.681382 0.0828916 1.85341e-20)
(0.657167 0.118107 2.45614e-20)
(0.64002 0.15459 -6.69746e-21)
(0.632474 0.191995 -2.40759e-20)
(0.636343 0.229046 2.20828e-21)
(0.65261 0.26358 1.33564e-20)
(0.681529 0.292689 -1.90129e-21)
(0.722784 0.312907 -4.19385e-22)
(0.775522 0.320527 -3.60105e-21)
(0.838164 0.312198 5.85281e-21)
(0.908122 0.285851 -4.90267e-23)
(0.981872 0.241406 1.41635e-20)
(1.05588 0.180334 -4.94076e-20)
(1.12759 0.104597 1.33962e-20)
(1.19431 0.0170123 5.60791e-21)
(1.25065 -0.0760212 -4.82314e-20)
(1.28911 -0.165444 9.44693e-20)
(1.3046 -0.242106 -4.41214e-20)
(1.2979 -0.300997 5.15817e-20)
(1.27449 -0.341981 -5.74674e-20)
(1.24115 -0.367873 -8.97388e-21)
(1.20337 -0.382266 1.70391e-20)
(1.16465 -0.388344 1.60109e-20)
(1.12683 -0.388563 -4.68536e-21)
(1.09074 -0.384708 -1.25895e-20)
(1.05658 -0.378048 3.94446e-22)
(1.02423 -0.369466 9.7371e-21)
(0.993413 -0.359525 1.62881e-21)
(0.963747 -0.348553 9.37133e-22)
(0.934779 -0.336747 -5.19822e-21)
(0.906102 -0.324104 -2.56601e-23)
(0.877426 -0.310377 -1.68551e-22)
(0.848231 -0.295455 9.02269e-22)
(0.817505 -0.279586 -4.33738e-22)
(0.784579 -0.262331 -6.56989e-23)
(0.750713 -0.240872 2.13568e-22)
(0.719661 -0.210068 -1.85667e-22)
(0.696265 -0.165202 -1.15704e-23)
(0.684206 -0.105263 -5.4187e-23)
(0.684845 -0.0339158 7.9105e-23)
(0.697449 0.0419073 -1.01778e-22)
(0.719522 0.115614 -2.13344e-22)
(0.747979 0.181447 2.5048e-22)
(0.780098 0.236304 -9.16507e-22)
(0.813496 0.279719 4.65256e-22)
(0.846289 0.314092 -8.65037e-23)
(0.87729 0.344185 -3.03371e-22)
(0.90624 0.375247 -4.7367e-22)
(0.933738 0.409946 -1.41814e-21)
(0.96067 0.445538 -3.83628e-21)
(0.987544 0.473169 7.87254e-21)
(1.01421 0.480243 6.6041e-22)
(1.03969 0.455136 -1.42912e-20)
(0.814597 -0.0180417 3.62037e-21)
(0.789282 0.0150787 9.14409e-21)
(0.764317 0.0486868 -4.39718e-20)
(0.740174 0.0821111 1.64496e-20)
(0.718534 0.115535 2.24936e-20)
(0.70185 0.149258 -2.15658e-20)
(0.692708 0.183269 2.88339e-20)
(0.693364 0.216767 -3.86392e-20)
(0.705438 0.248075 3.61065e-20)
(0.729776 0.274689 -1.4276e-20)
(0.766461 0.29345 2.87544e-21)
(0.814835 0.300854 6.0423e-22)
(0.873399 0.293638 8.2172e-21)
(0.939625 0.269657 7.34047e-21)
(1.01009 0.228555 -1.06345e-20)
(1.08141 0.171389 8.58507e-22)
(1.15091 0.0998635 -4.93451e-21)
(1.21542 0.0170439 -1.50439e-20)
(1.26888 -0.0712472 3.98683e-20)
(1.30376 -0.155805 1.42573e-20)
(1.31591 -0.22855 -8.60301e-20)
(1.30695 -0.285207 4.8191e-20)
(1.28255 -0.325688 -3.72038e-21)
(1.2491 -0.352334 4.21563e-21)
(1.21157 -0.368144 -2.66708e-20)
(1.17312 -0.375842 2.03486e-20)
(1.13545 -0.377618 1.28909e-20)
(1.09936 -0.375135 -2.12173e-20)
(1.06511 -0.369618 2.87499e-21)
(1.03262 -0.361954 6.36965e-21)
(1.00167 -0.352731 3.88102e-21)
(0.971916 -0.342292 -6.60913e-21)
(0.942953 -0.330862 5.77119e-21)
(0.914366 -0.318504 -4.07254e-21)
(0.885887 -0.304993 2.91926e-21)
(0.85715 -0.290088 -1.10923e-21)
(0.827263 -0.273995 4.53458e-22)
(0.795318 -0.256725 6.9631e-22)
(0.761981 -0.236352 -1.94483e-21)
(0.730486 -0.208363 1.57069e-21)
(0.705602 -0.167785 -1.04345e-21)
(0.691316 -0.112598 6.97048e-22)
(0.689376 -0.0453899 1.75215e-22)
(0.6995 0.0277527 1.87764e-22)
(0.719552 0.100319 -1.75873e-22)
(0.746611 0.166237 -5.6536e-22)
(0.777993 0.222052 2.07418e-22)
(0.811212 0.266813 -6.66347e-22)
(0.844257 0.302442 1.26852e-21)
(0.875816 0.333334 -2.83132e-21)
(0.905525 0.364655 5.19257e-21)
(0.933931 0.399401 -2.5159e-21)
(0.961938 0.435492 1.54487e-21)
(0.990113 0.464735 2.54474e-21)
(1.01836 0.474831 1.44355e-20)
(1.04568 0.453993 -1.1748e-20)
(0.852166 -0.0194406 9.92346e-21)
(0.831385 0.0133238 -3.50107e-22)
(0.811558 0.0467882 -2.1217e-20)
(0.792316 0.0797964 3.31167e-22)
(0.774569 0.112263 3.44448e-20)
(0.760157 0.144217 -1.12822e-20)
(0.751373 0.175697 -4.68358e-20)
(0.750535 0.206231 6.15214e-20)
(0.759648 0.234595 -7.45037e-21)
(0.780075 0.258739 -2.36404e-20)
(0.812379 0.275891 3.63389e-21)
(0.856251 0.282837 -8.88428e-22)
(0.910431 0.276455 7.03416e-21)
(0.972576 0.254556 -1.99233e-20)
(1.03945 0.216534 -1.41563e-20)
(1.10779 0.163073 5.08648e-22)
(1.17475 0.0956707 -1.00544e-20)
(1.2363 0.0176744 1.68563e-20)
(1.28594 -0.0657374 5.45943e-20)
(1.31669 -0.145401 -6.65988e-20)
(1.32534 -0.214436 -1.26149e-20)
(1.31435 -0.269151 3.06823e-20)
(1.28933 -0.309387 8.43629e-21)
(1.25612 -0.336953 -1.84501e-20)
(1.21912 -0.354261 6.6449e-21)
(1.18112 -0.363613 -3.03293e-21)
(1.14373 -0.366963 1.16503e-20)
(1.10775 -0.365865 -1.11641e-20)
(1.07348 -0.361507 3.01989e-20)
(1.04091 -0.354778 -1.8215e-20)
(1.00986 -0.346292 5.87743e-21)
(0.980052 -0.336414 4.0002e-21)
(0.951111 -0.325384 -3.57753e-21)
(0.922626 -0.313331 4.89318e-22)
(0.89433 -0.300083 -5.74126e-22)
(0.865985 -0.285305 6.91697e-22)
(0.836869 -0.269071 2.90907e-22)
(0.805932 -0.251682 -1.35608e-21)
(0.773272 -0.232037 2.13952e-21)
(0.74153 -0.206395 -1.32645e-21)
(0.715333 -0.16975 -7.21572e-22)
(0.698991 -0.119175 1.00329e-21)
(0.694632 -0.0560613 -8.22041e-23)
(0.702346 0.0142771 -1.07176e-21)
(0.720288 0.085364 8.223e-22)
(0.745738 0.151124 -4.89505e-22)
(0.77615 0.207735 3.24326e-22)
(0.808985 0.253748 4.94017e-22)
(0.842121 0.290596 -5.30443e-22)
(0.874113 0.322287 -1.87407e-21)
(0.904476 0.353862 5.8268e-21)
(0.933682 0.3886 -7.62308e-21)
(0.962642 0.425067 2.95343e-21)
(0.991986 0.455759 -1.28903e-20)
(1.0217 0.468738 -1.9538e-21)
(1.05079 0.452125 2.5785e-20)
(0.884146 -0.0224764 2.03164e-20)
(0.867221 0.010218 -2.86455e-20)
(0.852036 0.0426217 -2.4019e-21)
(0.837753 0.0749736 1.28123e-21)
(0.824654 0.106903 1.2649e-20)
(0.813849 0.138058 -2.55363e-20)
(0.807134 0.168136 5.04575e-20)
(0.806586 0.1967 3.94099e-22)
(0.814276 0.222852 -1.74942e-20)
(0.831897 0.244971 6.99338e-21)
(0.860456 0.260713 -5.96289e-21)
(0.900082 0.267207 -1.16769e-20)
(0.949888 0.261542 -3.1767e-21)
(1.00783 0.24155 5.0962e-21)
(1.07091 0.206418 -1.77982e-20)
(1.13592 0.156567 1.79462e-20)
(1.19966 0.0933453 -3.98289e-20)
(1.25712 0.0191841 2.31141e-21)
(1.30173 -0.0580985 2.17976e-20)
(1.32759 -0.133039 8.17007e-21)
(1.33267 -0.198932 -4.43774e-20)
(1.32 -0.25233 4.03222e-20)
(1.29483 -0.292812 2.20454e-22)
(1.26223 -0.321606 3.16596e-20)
(1.22601 -0.34058 -1.10245e-20)
(1.18866 -0.351672 -1.39086e-21)
(1.15168 -0.356638 -1.8459e-20)
(1.1159 -0.356949 -1.01961e-20)
(1.08169 -0.353768 2.79603e-20)
(1.0491 -0.347987 -2.12197e-20)
(1.018 -0.340253 1.71265e-20)
(0.988156 -0.330956 -9.20853e-21)
(0.959249 -0.320347 2.44463e-21)
(0.930879 -0.308607 1.60251e-21)
(0.902757 -0.295649 -1.79803e-21)
(0.874741 -0.281087 4.10577e-22)
(0.846312 -0.264821 -4.51566e-22)
(0.816386 -0.24726 1.84516e-21)
(0.78454 -0.228021 -2.54336e-21)
(0.752741 -0.204257 1.4881e-21)
(0.72538 -0.171198 -2.73175e-22)
(0.707116 -0.125172 -1.43258e-21)
(0.700557 -0.0663236 1.54253e-21)
(0.70604 0.00174335 -1.20401e-21)
(0.721928 0.0704096 3.00101e-22)
(0.745697 0.135812 -8.87149e-22)
(0.774938 0.193137 1.838e-21)
(0.807148 0.240395 -7.61945e-22)
(0.840153 0.278505 4.32792e-22)
(0.872394 0.311047 -7.66367e-22)
(0.903256 0.342903 -6.09731e-23)
(0.933114 0.377613 -1.18845e-21)
(0.962868 0.414387 -5.54897e-21)
(0.993218 0.446423 9.55133e-21)
(1.02428 0.462168 -2.85541e-21)
(1.05504 0.449727 1.76889e-20)
(0.897955 0.00231804 1.85834e-20)
(0.886566 0.0341146 5.41693e-21)
(0.87735 0.0664922 1.89024e-20)
(0.869559 0.0983178 -8.15587e-21)
(0.863631 0.129106 -3.06979e-20)
(0.86075 0.15841 -7.11832e-21)
(0.862575 0.185793 1.74229e-21)
(0.870961 0.21052 4.27552e-21)
(0.887624 0.2313 1.47166e-20)
(0.913813 0.246192 -1.50509e-20)
(0.950017 0.252696 2.42985e-21)
(0.995739 0.248141 -1.23045e-22)
(1.04927 0.230377 -7.42762e-21)
(1.10787 0.19838 1.24861e-20)
(1.16834 0.152249 -2.01511e-20)
(1.2267 0.0931708 8.99207e-21)
(1.2781 0.0250615 -2.38423e-20)
(1.31613 -0.047422 4.94217e-20)
(1.336 -0.118416 -1.76262e-20)
(1.33759 -0.181509 -2.3652e-20)
(1.32375 -0.233792 1.02916e-20)
(1.29895 -0.274551 -2.87712e-20)
(1.26737 -0.304496 4.90418e-20)
(1.23219 -0.325048 -1.53071e-20)
(1.19567 -0.337839 -1.47693e-20)
(1.15924 -0.344447 1.18014e-20)
(1.12378 -0.34625 1.35031e-20)
(1.08971 -0.344367 -5.31361e-21)
(1.05717 -0.339677 3.32577e-22)
(1.02606 -0.33284 1.95396e-21)
(0.99621 -0.324271 5.8651e-23)
(0.967349 -0.314224 -1.00604e-21)
(0.939103 -0.302908 -1.08667e-21)
(0.911154 -0.290335 1.54139e-21)
(0.883411 -0.276124 -1.43177e-22)
(0.855576 -0.259991 1.18793e-22)
(0.826639 -0.242299 2.19252e-21)
(0.795733 -0.223212 3.06703e-22)
(0.764071 -0.200835 -2.68923e-21)
(0.735666 -0.170921 9.06142e-22)
(0.715522 -0.129334 -1.13336e-21)
(0.707071 -0.0750707 1.6956e-21)
(0.710529 -0.0115053 7.628e-22)
(0.724557 0.0555079 -1.72039e-21)
(0.747034 0.120395 6.56714e-22)
(0.775143 0.178101 -2.29707e-21)
(0.806584 0.226402 2.60836e-21)
(0.839224 0.265717 -1.06478e-21)
(0.871466 0.29913 -8.99403e-22)
(0.902604 0.331265 -3.07057e-22)
(0.932918 0.365854 6.58052e-22)
(0.963268 0.402784 1.5076e-22)
(0.994431 0.436126 4.11055e-22)
(1.02671 0.454895 -1.56793e-20)
(1.05912 0.447185 1.77794e-20)
(0.925599 0.00473497 0)
(0.917745 0.0354701 0)
(0.912831 0.0663197 0)
(0.910129 0.0963156 0)
(0.909668 0.124903 0)
(0.912058 0.151647 0)
(0.918404 0.176036 0)
(0.930126 0.197342 0)
(0.948678 0.214465 0)
(0.97519 0.22582 0)
(1.01012 0.229379 0)
(1.05298 0.222986 0)
(1.10211 0.20492 0)
(1.15486 0.17437 0)
(1.20816 0.131497 0)
(1.25837 0.077908 0)
(1.29981 0.017112 0)
(1.32824 -0.0477288 0)
(1.34191 -0.110621 0)
(1.34042 -0.16742 0)
(1.32612 -0.215659 0)
(1.30234 -0.254401 0)
(1.27224 -0.283873 0)
(1.23846 -0.304985 0)
(1.20301 -0.31895 0)
(1.16732 -0.327036 0)
(1.13231 -0.330411 0)
(1.0985 -0.330053 0)
(1.06608 -0.326758 0)
(1.03502 -0.321151 0)
(1.0052 -0.313645 0)
(0.976405 -0.304475 0)
(0.948316 -0.293855 0)
(0.920571 -0.281892 0)
(0.893086 -0.268257 0)
(0.865801 -0.252483 0)
(0.837913 -0.234778 0)
(0.80818 -0.215717 0)
(0.776895 -0.194353 0)
(0.74742 -0.167106 0)
(0.725041 -0.129519 0)
(0.713958 -0.0796938 0)
(0.71585 -0.0201136 0)
(0.729034 0.0452719 0)
(0.750587 0.108857 0)
(0.778182 0.166118 0)
(0.809288 0.214503 0)
(0.841738 0.254159 0)
(0.87398 0.287904 0)
(0.905371 0.320133 0)
(0.936234 0.354511 0)
(0.967436 0.391079 0)
(0.999802 0.424213 0)
(1.03366 0.443359 0)
(1.06774 0.437179 0)
(1.09864 0.397906 0)
(0.95229 0.0111996 0)
(0.947245 0.0396786 0)
(0.945885 0.0684231 0)
(0.947646 0.0965691 0)
(0.95237 0.123354 0)
(0.960221 0.148065 0)
(0.971716 0.169957 0)
(0.98768 0.188193 0)
(1.00906 0.201738 0)
(1.03664 0.209258 0)
(1.07068 0.209148 0)
(1.11058 0.199769 0)
(1.15478 0.179859 0)
(1.2009 0.148903 0)
(1.24589 0.107392 0)
(1.28609 0.0566879 0)
(1.31819 -0.000763459 0)
(1.33857 -0.058733 0)
(1.34536 -0.114903 0)
(1.33963 -0.165835 0)
(1.32328 -0.209293 0)
(1.29886 -0.244453 0)
(1.26898 -0.27148 0)
(1.23591 -0.291123 0)
(1.20143 -0.304391 0)
(1.1668 -0.312339 0)
(1.13282 -0.315941 0)
(1.09996 -0.316022 0)
(1.06839 -0.313252 0)
(1.03808 -0.308174 0)
(1.00893 -0.301158 0)
(0.980758 -0.292397 0)
(0.953322 -0.282066 0)
(0.92627 -0.270296 0)
(0.899475 -0.256836 0)
(0.873016 -0.241135 0)
(0.846444 -0.223162 0)
(0.818563 -0.203554 0)
(0.788971 -0.182083 0)
(0.760014 -0.156139 0)
(0.736596 -0.121636 0)
(0.72358 -0.07591 0)
(0.723017 -0.0198312 0)
(0.734223 0.0406077 0)
(0.754801 0.101022 0)
(0.781732 0.156359 0)
(0.812377 0.203757 0)
(0.844549 0.243125 0)
(0.876733 0.276967 0)
(0.908349 0.309333 0)
(0.939761 0.343627 0)
(0.971868 0.379819 0)
(1.00561 0.412428 0)
(1.0413 0.431362 0)
(1.07725 0.42595 0)
(1.10996 0.388665 0)
(0.974979 0.0146309 0)
(0.972072 0.0409966 0)
(0.973121 0.0677728 0)
(0.977882 0.0941389 0)
(0.986206 0.119251 0)
(0.998054 0.142229 0)
(1.01356 0.162169 0)
(1.03304 0.178122 0)
(1.05691 0.189039 0)
(1.08551 0.193731 0)
(1.11876 0.190899 0)
(1.15595 0.179323 0)
(1.19561 0.158174 0)
(1.23554 0.1273 0)
(1.27301 0.0874098 0)
(1.30508 0.0403267 0)
(1.32903 -0.0110352 0)
(1.34229 -0.0640985 0)
(1.34392 -0.114752 0)
(1.33495 -0.160499 0)
(1.31706 -0.199771 0)
(1.2924 -0.231951 0)
(1.26314 -0.257146 0)
(1.2312 -0.275904 0)
(1.19807 -0.288985 0)
(1.16481 -0.297207 0)
(1.13212 -0.301349 0)
(1.1004 -0.302094 0)
(1.0698 -0.30001 0)
(1.04034 -0.295574 0)
(1.01192 -0.289128 0)
(0.984412 -0.280848 0)
(0.957638 -0.27087 0)
(0.931294 -0.259342 0)
(0.905202 -0.246106 0)
(0.879496 -0.230594 0)
(0.854063 -0.21253 0)
(0.827968 -0.192472 0)
(0.8004 -0.170754 0)
(0.772693 -0.145756 0)
(0.748968 -0.113969 0)
(0.734164 -0.0724456 0)
(0.731235 -0.0214751 0)
(0.740366 0.0356041 0)
(0.75946 0.0932732 0)
(0.785414 0.146754 0)
(0.815448 0.193194 0)
(0.847277 0.232312 0)
(0.879367 0.266318 0)
(0.911156 0.298916 0)
(0.943015 0.333226 0)
(0.975904 0.36907 0)
(1.01091 0.401061 0)
(1.04825 0.419594 0)
(1.08591 0.414623 0)
(1.12037 0.37881 0)
(0.994268 0.0169134 0)
(0.992972 0.0409075 0)
(0.995628 0.0653789 0)
(1.00222 0.0895473 0)
(1.01269 0.112568 0)
(1.02696 0.133527 0)
(1.04496 0.15146 0)
(1.06669 0.165362 0)
(1.09213 0.174183 0)
(1.12117 0.176843 0)
(1.15344 0.172277 0)
(1.18806 0.159593 0)
(1.22359 0.138296 0)
(1.25807 0.108511 0)
(1.28918 0.0711575 0)
(1.31451 0.0279892 0)
(1.33192 -0.0186912 0)
(1.3398 -0.066395 0)
(1.33776 -0.111912 0)
(1.32671 -0.153237 0)
(1.30816 -0.1891 0)
(1.28392 -0.218925 0)
(1.25579 -0.242707 0)
(1.22535 -0.260808 0)
(1.19384 -0.273785 0)
(1.16215 -0.282271 0)
(1.13088 -0.286899 0)
(1.10039 -0.288241 0)
(1.07086 -0.286785 0)
(1.04233 -0.282949 0)
(1.0147 -0.27705 0)
(0.987913 -0.269253 0)
(0.961837 -0.259659 0)
(0.936233 -0.248408 0)
(0.910894 -0.235431 0)
(0.885942 -0.220208 0)
(0.861515 -0.20228 0)
(0.837037 -0.182016 0)
(0.811548 -0.160081 0)
(0.785503 -0.135762 0)
(0.762032 -0.106334 0)
(0.745852 -0.0687859 0)
(0.740654 -0.02234 0)
(0.747452 0.0306381 0)
(0.764643 0.0851655 0)
(0.789311 0.13664 0)
(0.818541 0.182079 0)
(0.84992 0.220934 0)
(0.881848 0.255078 0)
(0.913729 0.287854 0)
(0.94592 0.322089 0)
(0.979476 0.357453 0)
(1.01561 0.388705 0)
(1.05435 0.406811 0)
(1.09355 0.402321 0)
(1.12965 0.36815 0)
(1.01082 0.0184534 0)
(1.01068 0.0400598 0)
(1.01434 0.0620985 0)
(1.0219 0.0838532 0)
(1.03337 0.104534 0)
(1.04871 0.123264 0)
(1.06778 0.139097 0)
(1.09036 0.151043 0)
(1.1162 0.158094 0)
(1.14487 0.159274 0)
(1.17572 0.153701 0)
(1.20774 0.140718 0)
(1.23953 0.120058 0)
(1.26934 0.0920138 0)
(1.29521 0.0575176 0)
(1.31522 0.0181275 0)
(1.32781 -0.0240864 0)
(1.33197 -0.0668936 0)
(1.32764 -0.107905 0)
(1.31563 -0.145418 0)
(1.29727 -0.178325 0)
(1.27404 -0.206076 0)
(1.24744 -0.228575 0)
(1.21875 -0.246041 0)
(1.189 -0.25887 0)
(1.15899 -0.267548 0)
(1.12922 -0.272579 0)
)
;

boundaryField
{
    inlet
    {
        type            uniformFixedValue;
        uniformValue    constant (1 0 0);
        value           nonuniform 0();
    }
    outlet
    {
        type            pressureInletOutletVelocity;
        value           nonuniform 0();
    }
    cylinder
    {
        type            fixedValue;
        value           nonuniform 0();
    }
    top
    {
        type            symmetryPlane;
    }
    bottom
    {
        type            symmetryPlane;
    }
    defaultFaces
    {
        type            empty;
    }
    procBoundary10to6
    {
        type            processor;
        value           nonuniform List<vector> 
61
(
(0.148516 -0.122041 -5.72361e-21)
(0.203911 -0.0137349 4.62704e-21)
(0.257814 0.0991381 -4.37676e-22)
(0.31016 0.213104 -2.93139e-21)
(0.31016 0.213104 -2.93139e-21)
(0.410857 0.348686 -5.14629e-21)
(0.457309 0.448225 3.81947e-21)
(0.500093 0.53207 -4.27838e-22)
(0.537626 0.595832 -1.13359e-21)
(0.568479 0.638023 1.69995e-21)
(0.591802 0.660187 -2.48649e-21)
(0.607445 0.666082 5.27747e-22)
(0.615852 0.660446 3.17031e-22)
(0.617798 0.647999 7.38913e-22)
(0.613905 0.633195 4.26486e-22)
(0.604136 0.620359 -2.22682e-21)
(0.588068 0.612784 -4.28281e-22)
(0.56631 0.610143 1.28232e-21)
(0.542037 0.606008 -6.57695e-22)
(0.521075 0.588375 7.48955e-22)
(0.509921 0.544231 6.49047e-22)
(0.51278 0.465753 -1.55664e-22)
(0.529982 0.353727 -2.6282e-21)
(0.558873 0.216178 -3.21059e-22)
(0.595815 0.0647402 2.2355e-21)
(0.637398 -0.0879383 1.42676e-21)
(0.680562 -0.22945 5.11971e-22)
(0.722304 -0.348929 -1.63409e-21)
(0.759716 -0.439437 4.72338e-22)
(0.790556 -0.499567 4.73564e-22)
(0.81377 -0.533012 -1.39991e-21)
(0.829518 -0.546487 -5.65397e-22)
(0.838732 -0.547339 1.31205e-21)
(0.842616 -0.541773 -2.92824e-22)
(0.842342 -0.534026 -9.07362e-22)
(0.838808 -0.526784 4.29224e-22)
(0.832217 -0.522471 -2.07042e-22)
(0.821863 -0.52374 4.83786e-22)
(0.806734 -0.531487 -2.16681e-22)
(0.78685 -0.541372 4.70848e-22)
(0.764223 -0.542367 -5.18806e-22)
(0.742427 -0.519979 9.76346e-23)
(0.725039 -0.462687 -1.20318e-22)
(0.714465 -0.367041 5.68759e-22)
(0.711928 -0.238657 -2.45397e-22)
(0.717882 -0.0901468 4.19434e-22)
(0.731944 0.0619095 2.43054e-22)
(0.752623 0.200666 -7.30285e-22)
(0.777277 0.313035 7.2668e-22)
(0.802525 0.393019 -1.91453e-22)
(0.82518 0.442192 -8.61438e-24)
(0.843072 0.467187 -1.76383e-22)
(0.855415 0.476016 4.11373e-23)
(0.862486 0.475726 -2.04072e-22)
(0.864687 0.472335 -8.51816e-23)
(0.861712 0.471223 2.44152e-22)
(0.852734 0.475522 2.14174e-22)
(0.837503 0.482979 -1.10527e-22)
(0.817248 0.484748 9.68972e-23)
(0.794419 0.468459 -2.53703e-22)
(0.77175 0.423783 4.05445e-22)
)
;
    }
    procBoundary10to9
    {
        type            processor;
        value           nonuniform List<vector> 
38
(
(0.043678 -0.254284 -4.80839e-21)
(0.00107152 -0.285542 -1.03807e-21)
(0.0150424 -0.217012 8.38974e-21)
(0.0150424 -0.217012 8.38974e-21)
(-0.0170473 -0.248322 2.17153e-20)
(-0.0417421 -0.278481 -1.00846e-20)
(-0.0577045 -0.306831 -1.69004e-20)
(-0.0636715 -0.332144 8.70325e-21)
(-0.0583722 -0.35305 -1.89848e-20)
(-0.0404927 -0.368193 -1.04454e-20)
(-0.00903373 -0.37649 4.55632e-20)
(0.0363611 -0.377413 -1.86973e-20)
(0.0950451 -0.371054 2.16517e-20)
(0.121416 -0.311853 9.51016e-21)
(0.121416 -0.311853 9.51016e-21)
(0.190227 -0.300441 -1.82875e-20)
(0.267199 -0.283895 1.36279e-21)
(0.348744 -0.264184 5.60043e-21)
(0.431135 -0.243319 2.17562e-21)
(0.451806 -0.192003 4.82284e-21)
(0.451806 -0.192003 4.82284e-21)
(0.529762 -0.174032 -8.22132e-21)
(0.602581 -0.157879 -9.72157e-21)
(0.668685 -0.144258 -2.64753e-21)
(0.683571 -0.101552 -2.93198e-21)
(0.683571 -0.101552 -2.93198e-21)
(0.739834 -0.0932219 -4.37991e-21)
(0.788659 -0.0874938 -9.56685e-21)
(0.800459 -0.0518474 -3.68502e-21)
(0.800459 -0.0518474 -3.68502e-21)
(0.840184 -0.0508859 1.14186e-20)
(0.874039 -0.0514163 -6.3178e-21)
(0.903006 -0.0537995 -2.04392e-22)
(0.912123 -0.0290727 6.14414e-21)
(0.912123 -0.0290727 6.14414e-21)
(0.936944 -0.0241298 0)
(0.961201 -0.0158113 0)
(0.981741 -0.0102526 0)
)
;
    }
    procBoundary10to11
    {
        type            processor;
        value           nonuniform List<vector> 
36
(
(0.758799 0.351113 -1.5973e-22)
(0.76667 0.35589 1.61805e-22)
(0.775381 0.36088 -2.32593e-21)
(0.784897 0.366067 -3.5168e-22)
(0.795174 0.37143 -3.49737e-21)
(0.806158 0.376946 -6.02831e-21)
(0.817782 0.382584 5.4333e-21)
(0.829973 0.388313 -9.4096e-21)
(0.842647 0.394095 -5.02507e-21)
(0.855715 0.399889 -1.35853e-21)
(0.869081 0.405652 2.37849e-20)
(0.882645 0.411338 6.29207e-21)
(0.896303 0.416898 1.58321e-20)
(0.909951 0.42228 1.66453e-20)
(0.923486 0.427434 2.06474e-20)
(0.936805 0.432308 3.80523e-21)
(0.94981 0.436849 -7.53953e-21)
(0.962407 0.441008 -5.13072e-21)
(0.974508 0.444733 2.94874e-21)
(0.986033 0.447979 1.71252e-20)
(0.986033 0.447979 1.71252e-20)
(1.00943 0.364647 -2.69987e-20)
(1.02151 0.370946 -2.04109e-20)
(1.03283 0.376864 -5.98857e-21)
(1.04335 0.382345 7.62377e-21)
(1.05301 0.387335 -1.3484e-20)
(1.06178 0.391786 -2.57993e-20)
(1.06964 0.395646 3.21861e-20)
(1.07656 0.398858 1.26823e-20)
(1.0826 0.401654 1.23838e-20)
(1.08857 0.404885 -1.66678e-20)
(1.08857 0.404885 -1.66678e-20)
(1.12326 0.322712 0)
(1.13618 0.316363 0)
(1.14797 0.308797 0)
(1.15852 0.300934 0)
)
;
    }
    procBoundary10to13
    {
        type            processor;
        value           nonuniform List<vector> 2((0.999267 -0.00576759 0) (1.01445 -0.00203712 0));
    }
    procBoundary10to14
    {
        type            processor;
        value           nonuniform List<vector> 
57
(
(1.10005 -0.274441 0)
(1.07165 -0.27355 0)
(1.0441 -0.270268 0)
(1.01735 -0.264882 0)
(0.991337 -0.257553 0)
(0.966007 -0.248355 0)
(0.941187 -0.237401 0)
(0.916667 -0.224688 0)
(0.892517 -0.209797 0)
(0.869028 -0.192169 0)
(0.845989 -0.171923 0)
(0.822519 -0.149824 0)
(0.798409 -0.125891 0)
(0.775744 -0.0982808 0)
(0.758692 -0.064189 0)
(0.751331 -0.0221679 0)
(0.755542 0.0263306 0)
(0.770459 0.0773241 0)
(0.793485 0.126468 0)
(0.821657 0.170676 0)
(0.852428 0.209109 0)
(0.884086 0.243262 0)
(0.915949 0.276092 0)
(0.948357 0.310101 0)
(0.982478 0.344799 0)
(1.01957 0.375173 0)
(1.0595 0.39282 0)
(1.10009 0.388906 0)
(1.13765 0.356712 0)
(1.02523 0.0193579 0)
(1.02589 0.038653 0)
(1.0301 0.0582904 0)
(1.03801 0.0776231 0)
(1.04968 0.0959282 0)
(1.06509 0.112397 0)
(1.08408 0.126146 0)
(1.10636 0.136249 0)
(1.13151 0.141778 0)
(1.15895 0.141863 0)
(1.18786 0.135769 0)
(1.21717 0.123 0)
(1.24552 0.103433 0)
(1.27135 0.0774289 0)
(1.29302 0.0458888 0)
(1.30906 0.0102438 0)
(1.31831 -0.0277664 0)
(1.32015 -0.0662314 0)
(1.31466 -0.103257 0)
(1.3026 -0.13739 0)
(1.28505 -0.167657 0)
(1.26325 -0.193525 0)
(1.23841 -0.214827 0)
(1.2116 -0.231662 0)
(1.18371 -0.244297 0)
(1.15542 -0.253092 0)
(1.10005 -0.274441 0)
(1.1272 -0.258444 0)
)
;
    }
}


// ************************************************************************* //
