/*--------------------------------*- C++ -*----------------------------------*\
  =========                 |
  \\      /  F ield         | OpenFOAM: The Open Source CFD Toolbox
   \\    /   O peration     | Website:  https://openfoam.org
    \\  /    A nd           | Version:  7
     \\/     M anipulation  |
\*---------------------------------------------------------------------------*/
FoamFile
{
    version     2.0;
    format      ascii;
    class       volVectorField;
    location    "115";
    object      U;
}
// * * * * * * * * * * * * * * * * * * * * * * * * * * * * * * * * * * * * * //

dimensions      [0 1 -1 0 0 0 0];

internalField   nonuniform List<vector> 
1987
(
(-0.000823964 0.018407 -1.27774e-20)
(-0.00431891 0.0539166 8.8084e-21)
(-0.0109438 0.0878184 -2.86745e-21)
(-0.0195902 0.11876 1.27047e-20)
(-0.0298884 0.145924 1.41714e-20)
(-0.0414872 0.169123 -4.63986e-21)
(-0.0539985 0.188736 -3.35851e-21)
(-0.0670323 0.205555 2.37051e-20)
(-0.0802029 0.220569 -2.70381e-21)
(-0.0931469 0.234738 3.88764e-21)
(-0.105539 0.248821 1.33671e-20)
(-0.117098 0.263273 1.31353e-20)
(-0.127576 0.278229 -8.35591e-21)
(-0.136738 0.293526 -1.04576e-20)
(-0.144341 0.30874 -3.68191e-22)
(-0.15011 0.323216 -1.35957e-20)
(-0.153719 0.336077 1.06905e-20)
(-0.154787 0.346219 1.83127e-20)
(-0.152877 0.352306 -7.08939e-21)
(-0.147517 0.352791 3.2561e-20)
(-0.138232 0.345974 2.07819e-21)
(-0.124604 0.330124 -2.82375e-21)
(-0.106349 0.303723 6.23806e-21)
(-0.0832866 0.265741 1.33398e-20)
(-0.0551257 0.215721 8.6055e-21)
(-0.00122179 0.0194382 1.31544e-20)
(-0.00511208 0.0565587 7.15202e-21)
(-0.0115402 0.0917806 -7.69488e-21)
(-0.0196392 0.123825 -2.92556e-20)
(-0.0291258 0.151891 2.15049e-20)
(-0.0397183 0.175783 -1.05027e-20)
(-0.051088 0.195864 5.75689e-22)
(-0.0628842 0.212915 -1.81721e-20)
(-0.0747417 0.227925 3.74465e-21)
(-0.0862979 0.241871 2.52077e-21)
(-0.0972122 0.255537 -5.59603e-20)
(-0.107174 0.269406 -1.03366e-21)
(-0.1159 0.283632 6.32097e-20)
(-0.123116 0.298057 -3.18988e-20)
(-0.128538 0.312251 -6.08818e-21)
(-0.131852 0.325541 1.34721e-20)
(-0.132696 0.337024 -2.88048e-20)
(-0.130662 0.345569 -1.18887e-21)
(-0.125297 0.349823 3.01331e-20)
(-0.116136 0.348239 -1.11397e-19)
(-0.102746 0.339147 -3.58513e-20)
(-0.0847753 0.320868 5.62268e-20)
(-0.0620364 0.291967 2.89172e-20)
(-0.0345828 0.251559 5.32184e-21)
(-0.00170569 0.199291 -1.15732e-20)
(-0.00165732 0.0202191 -2.7177e-20)
(-0.00599629 0.0586119 -7.66183e-22)
(-0.0122533 0.0949398 -3.67266e-20)
(-0.0198019 0.127963 5.47336e-20)
(-0.0284424 0.156875 -6.19174e-20)
(-0.0379623 0.181452 -5.65653e-21)
(-0.0480932 0.20202 -5.57615e-21)
(-0.0585269 0.219329 1.01253e-20)
(-0.0689211 0.234358 3.38218e-20)
(-0.0789181 0.24809 -5.78965e-21)
(-0.0881631 0.261327 -1.00247e-20)
(-0.0963183 0.27458 3.67957e-20)
(-0.103063 0.288024 -6.76688e-21)
(-0.108084 0.301513 3.66038e-20)
(-0.111055 0.314616 -7.4594e-20)
(-0.111626 0.326648 -3.095e-20)
(-0.109404 0.336689 5.20906e-21)
(-0.10396 0.343594 -1.05701e-19)
(-0.0948426 0.346006 2.94765e-20)
(-0.0816056 0.342393 6.84691e-20)
(-0.0638776 0.33114 -4.53782e-20)
(-0.0413984 0.310634 -1.12045e-19)
(-0.0140712 0.279506 -5.70983e-20)
(0.0177199 0.237035 -1.1298e-19)
(0.0553602 0.182764 -6.44227e-20)
(-0.00211432 0.0207479 1.26778e-20)
(-0.00694106 0.0600661 -2.09886e-20)
(-0.0130563 0.0972728 6.67176e-20)
(-0.0200645 0.131137 -5.32587e-20)
(-0.0278431 0.160825 -1.36928e-20)
(-0.0362448 0.186066 -3.5322e-21)
(-0.0450608 0.20713 4.32714e-20)
(-0.0540271 0.224723 3.04882e-20)
(-0.0628279 0.239793 -5.42751e-20)
(-0.0711129 0.25332 2.26917e-20)
(-0.0785175 0.266122 1.66752e-21)
(-0.0846785 0.278731 -1.03294e-19)
(-0.08924 0.291348 -3.40707e-20)
(-0.0918486 0.303843 2.99106e-21)
(-0.0921408 0.315791 2.33001e-20)
(-0.0897302 0.326504 1.08138e-19)
(-0.084201 0.335054 1.23656e-20)
(-0.0751135 0.340295 1.06423e-19)
(-0.0620256 0.340882 1.09686e-19)
(-0.0445239 0.33532 -1.42715e-20)
(-0.0223085 0.322043 5.28052e-20)
(0.00476152 0.299552 -2.17254e-20)
(0.0367361 0.266513 7.23392e-20)
(0.0727545 0.222411 2.53213e-19)
(0.115272 0.166435 4.11861e-20)
(-0.00257699 0.0210286 2.14341e-20)
(-0.00791621 0.0609227 -7.77386e-20)
(-0.0139222 0.0987706 9.9924e-20)
(-0.0204128 0.133321 3.67176e-20)
(-0.0273322 0.1637 2.88372e-20)
(-0.0345919 0.18957 3.06182e-20)
(-0.0420395 0.21113 -1.62029e-19)
(-0.0494554 0.229023 5.99478e-20)
(-0.0565532 0.244157 6.26357e-20)
(-0.0629948 0.257494 -9.27417e-20)
(-0.0684097 0.269856 9.64774e-20)
(-0.0724133 0.281801 5.32675e-20)
(-0.074618 0.293552 6.55682e-20)
(-0.0746337 0.305003 -4.5325e-20)
(-0.0720613 0.315742 -1.03326e-20)
(-0.0664846 0.325085 2.25975e-19)
(-0.0574699 0.332111 -9.91015e-20)
(-0.0445758 0.335684 7.91293e-20)
(-0.0273799 0.334485 -1.9772e-19)
(-0.0055183 0.32707 -8.27804e-20)
(0.0212459 0.311935 8.26604e-20)
(0.0529121 0.287716 1.50414e-19)
(0.0895564 0.253097 2.75331e-20)
(0.129614 0.207831 -2.10123e-19)
(0.177179 0.150531 -1.53111e-19)
(-0.00303038 0.0210709 -8.42697e-20)
(-0.00889265 0.0611964 -2.69517e-20)
(-0.0148243 0.0994409 -5.94074e-20)
(-0.0208322 0.134511 -5.7245e-20)
(-0.0269138 0.165476 4.09181e-20)
(-0.0330297 0.191922 -7.25694e-20)
(-0.0390789 0.213964 -4.66073e-20)
(-0.0448849 0.232167 -2.3386e-19)
(-0.0501934 0.247382 1.00911e-20)
(-0.0546827 0.260543 -2.08888e-21)
(-0.0579819 0.272469 -1.80197e-19)
(-0.0596911 0.283734 -6.16218e-20)
(-0.059396 0.294591 -7.7988e-20)
(-0.0566744 0.304957 1.51059e-19)
(-0.0510966 0.314442 4.44229e-20)
(-0.0422226 0.322379 -1.23092e-19)
(-0.0296078 0.327862 -1.39682e-19)
(-0.0128181 0.329778 3.95837e-20)
(0.00854115 0.326849 1.64334e-19)
(0.0347748 0.317691 -3.51938e-20)
(0.0660622 0.300884 -2.32636e-20)
(0.102228 0.275199 -1.14942e-19)
(0.143515 0.239316 -1.51094e-19)
(0.187324 0.193331 1.27844e-19)
(0.240126 0.13516 8.93646e-20)
(-0.00346099 0.0208899 4.38685e-20)
(-0.0098436 0.0609137 5.11573e-20)
(-0.0157378 0.0993063 -4.0175e-20)
(-0.0213089 0.134714 -8.25743e-20)
(-0.0265915 0.166144 1.2828e-20)
(-0.0315839 0.193096 9.65262e-20)
(-0.0362287 0.215588 1.38636e-19)
(-0.0403904 0.234098 1.88486e-19)
(-0.0438477 0.249406 3.24103e-20)
(-0.0463003 0.262403 4.36355e-20)
(-0.0473833 0.2739 5.31928e-20)
(-0.0466882 0.284481 2.03279e-19)
(-0.0437813 0.294423 -1.18019e-20)
(-0.0382148 0.303676 -2.65771e-19)
(-0.0295349 0.311876 1.93228e-19)
(-0.0172854 0.318383 7.78878e-20)
(-0.00101872 0.322318 2.55879e-19)
(0.0196847 0.322605 -1.07764e-19)
(0.0451838 0.318014 -1.28572e-19)
(0.0757158 0.307237 3.77433e-19)
(0.111418 0.288938 -1.32982e-19)
(0.151878 0.262043 -2.12046e-19)
(0.197723 0.225191 -6.09485e-20)
(0.244889 0.178873 -1.97663e-19)
(0.303096 0.120285 3.35032e-20)
(-0.00385745 0.0205054 1.09628e-20)
(-0.0107458 0.060112 -2.07747e-20)
(-0.0166407 0.0984048 4.22116e-21)
(-0.0218307 0.133959 -1.49298e-19)
(-0.0263697 0.165713 -1.15717e-19)
(-0.0302797 0.193077 -2.18455e-20)
(-0.0335385 0.21597 -5.56905e-20)
(-0.0360468 0.234768 -1.02431e-19)
(-0.0376172 0.250171 -2.36822e-20)
(-0.0379746 0.263017 -1.10975e-20)
(-0.0367672 0.274095 -1.08119e-19)
(-0.0335862 0.283993 4.62934e-20)
(-0.0279866 0.293012 3.5867e-20)
(-0.0195041 0.301134 1.9412e-19)
(-0.00766858 0.308032 -5.1532e-21)
(0.00798416 0.3131 -1.21455e-19)
(0.0278968 0.315497 -1.47305e-20)
(0.0524654 0.314194 5.37217e-20)
(0.0820086 0.308021 2.34228e-19)
(0.116684 0.295757 -1.82657e-19)
(0.156618 0.276142 4.99037e-19)
(0.201068 0.248273 2.19722e-19)
(0.251331 0.210721 -1.7438e-19)
(0.301366 0.164382 3.48206e-19)
(0.365093 0.105729 2.14637e-19)
(-0.00421089 0.0199411 1.31204e-20)
(-0.0115804 0.0588392 6.69434e-20)
(-0.0175149 0.0967886 1.87513e-19)
(-0.0223877 0.132288 2.33183e-19)
(-0.0262528 0.164208 1.37865e-19)
(-0.0291417 0.191872 -9.62011e-20)
(-0.0310562 0.215092 2.34219e-19)
(-0.0319279 0.234142 2.62264e-20)
(-0.0316025 0.249631 -1.39731e-19)
(-0.0298336 0.262331 1.57716e-20)
(-0.0262893 0.273 2.58645e-19)
(-0.0205693 0.282223 -2.77873e-19)
(-0.0122273 0.290322 -1.59285e-19)
(-0.000792217 0.297311 -3.29161e-20)
(0.0142124 0.302904 -2.68725e-19)
(0.0332501 0.306538 -1.78818e-19)
(0.05675 0.307421 3.18631e-20)
(0.085077 0.30458 -3.90063e-19)
(0.118506 0.296915 3.90886e-20)
(0.157101 0.283294 -2.04081e-19)
(0.201027 0.262537 -2.63467e-19)
(0.249086 0.233903 2.55895e-19)
(0.303605 0.195891 3.05266e-19)
(0.355983 0.149774 -2.42994e-19)
(0.425346 0.0912503 3.5137e-19)
(-0.00451518 0.019224 -1.58204e-19)
(-0.0123337 0.0571514 1.15089e-19)
(-0.0183469 0.0945224 -8.94489e-21)
(-0.022973 0.12976 4.51967e-20)
(-0.0262465 0.161673 4.25726e-20)
(-0.0281931 0.1895 1.92136e-19)
(-0.0288271 0.212954 -1.39227e-19)
(-0.0281043 0.232198 -2.58007e-19)
(-0.0259013 0.247746 1.28983e-19)
(-0.0220029 0.260299 1.20565e-19)
(-0.0161035 0.270568 -4.07895e-19)
(-0.00782043 0.279129 2.88559e-19)
(0.0032833 0.28632 4.40811e-19)
(0.0176747 0.292187 3.00381e-20)
(0.0358259 0.296487 -7.8663e-20)
(0.05819 0.298708 2.32927e-19)
(0.0851746 0.298115 -1.09015e-19)
(0.117106 0.293799 5.0767e-19)
(0.154217 0.284738 -4.63703e-19)
(0.196459 0.269892 9.01343e-20)
(0.244109 0.248161 -4.67926e-20)
(0.295365 0.218936 -1.62413e-19)
(0.35401 0.180675 -1.63829e-19)
(0.408254 0.134955 1.44735e-19)
(0.483497 0.0765678 3.59599e-20)
(-0.00476723 0.0183837 1.02768e-19)
(-0.012998 0.0551121 -7.36407e-20)
(-0.0191291 0.0916825 5.98968e-20)
(-0.0235833 0.126448 -2.02609e-19)
(-0.026357 0.158167 -4.48039e-20)
(-0.0274551 0.186002 2.24396e-20)
(-0.0268923 0.209569 -5.03376e-20)
(-0.0246409 0.228929 -8.2907e-20)
(-0.0206049 0.244493 2.54649e-20)
(-0.014602 0.256881 -1.39666e-19)
(-0.00635797 0.266755 2.61892e-19)
(0.0044833 0.274671 -6.05354e-20)
(0.018339 0.280974 -1.5575e-19)
(0.0356604 0.285742 -1.60323e-19)
(0.0569045 0.288777 2.16535e-19)
(0.0825042 0.289622 1.18156e-19)
(0.112838 0.287604 4.92089e-20)
(0.148186 0.281888 -4.20002e-19)
(0.18875 0.271532 4.53589e-19)
(0.234352 0.255586 -1.50152e-19)
(0.285468 0.233046 -7.50385e-20)
(0.339549 0.20336 -6.48217e-20)
(0.402302 0.16503 -7.47963e-20)
(0.458073 0.119833 2.35357e-19)
(0.539706 0.0614419 -4.10954e-19)
(-0.00496714 0.0174514 -3.82902e-20)
(-0.0135717 0.0527898 1.62561e-19)
(-0.0198598 0.0883538 -2.32317e-19)
(-0.0242195 0.12244 9.30199e-20)
(-0.0265917 0.153766 5.02564e-20)
(-0.0269465 0.181434 -7.67699e-20)
(-0.0252873 0.204973 2.22701e-19)
(-0.0215942 0.224344 5.46782e-20)
(-0.0157948 0.23986 2.39681e-20)
(-0.00773935 0.252054 2.17034e-19)
(0.00281069 0.261528 -8.84956e-20)
(0.0161774 0.268813 9.40607e-20)
(0.0327478 0.274254 -1.00895e-19)
(0.0529469 0.277957 -5.82817e-21)
(0.0772054 0.279767 -1.12354e-19)
(0.105927 0.279287 -3.98924e-19)
(0.139456 0.275911 8.38907e-20)
(0.178026 0.268879 3.36129e-19)
(0.221816 0.257334 -1.23225e-19)
(0.270518 0.240406 6.04662e-19)
(0.32491 0.217216 -3.4724e-19)
(0.38158 0.187147 -1.06283e-19)
(0.448637 0.14891 -1.83186e-19)
(0.505875 0.104258 6.31622e-21)
(0.595113 0.04579 -1.75816e-19)
(-0.00511823 0.0164589 -1.1302e-19)
(-0.0140595 0.0502566 -1.67831e-19)
(-0.0205436 0.0846286 -8.8504e-20)
(-0.0248864 0.117832 8.39253e-20)
(-0.0269586 0.148561 2.56882e-20)
(-0.0266826 0.17587 1.47633e-20)
(-0.0240396 0.199218 5.66746e-20)
(-0.0190094 0.218474 -2.7465e-19)
(-0.0115379 0.233854 8.95673e-20)
(-0.0015064 0.245804 -1.88138e-19)
(0.0112851 0.254864 -6.71103e-20)
(0.0271187 0.261527 -9.23192e-20)
(0.0463428 0.266134 -1.96321e-19)
(0.0693461 0.268814 4.07045e-19)
(0.0965246 0.269454 2.34362e-19)
(0.128246 0.267713 6.37201e-20)
(0.164819 0.263056 2.02974e-19)
(0.206431 0.254801 -3.07932e-19)
(0.253268 0.242179 -8.33543e-20)
(0.3049 0.224374 -3.89162e-19)
(0.362514 0.200684 1.55256e-19)
(0.421797 0.170245 3.58638e-19)
(0.49364 0.132266 1.76319e-19)
(0.552707 0.0880236 -3.36553e-19)
(0.651348 0.0295248 4.44742e-19)
(-0.00522693 0.0154382 -3.92619e-20)
(-0.0144727 0.0475858 9.57787e-21)
(-0.0211913 0.0806031 1.13051e-19)
(-0.0255929 0.112729 1.99659e-19)
(-0.0274653 0.142654 -1.3297e-19)
(-0.0266734 0.169403 1.269e-19)
(-0.0231664 0.192377 -9.93569e-20)
(-0.016916 0.211368 3.75274e-19)
(-0.00788046 0.226503 -2.62235e-19)
(0.00403007 0.238142 5.62459e-20)
(0.0189767 0.246756 2.42745e-19)
(0.0371975 0.252799 -3.23943e-20)
(0.0589963 0.256599 2.72883e-20)
(0.0847183 0.258301 -3.28594e-19)
(0.114719 0.257832 -2.82204e-19)
(0.149328 0.254906 -1.06114e-20)
(0.188823 0.249059 -3.20751e-19)
(0.233361 0.239682 1.25086e-19)
(0.283164 0.226099 -1.73476e-19)
(0.337725 0.207514 2.44927e-19)
(0.398721 0.183462 -3.29818e-19)
(0.461021 0.152645 2.08026e-19)
(0.538458 0.115085 -1.82159e-19)
(0.600213 0.0709808 2.65856e-19)
(0.710148 0.0127044 -1.8348e-20)
(-0.00530266 0.0144205 2.18874e-19)
(-0.014828 0.0448502 5.43266e-20)
(-0.0218191 0.0763754 -1.2376e-19)
(-0.0263505 0.107243 -1.47826e-19)
(-0.0281182 0.136158 9.95216e-20)
(-0.0269222 0.162136 -3.61943e-19)
(-0.0226718 0.184542 5.1305e-19)
(-0.0153234 0.2031 9.76119e-20)
(-0.00484219 0.217859 1.63403e-19)
(0.00883714 0.229098 1.98973e-19)
(0.0258381 0.23722 1.24749e-19)
(0.0463537 0.242633 -9.33851e-20)
(0.0706402 0.245648 -1.59047e-21)
(0.0989973 0.246421 -4.51305e-20)
(0.131739 0.244911 -1.39742e-19)
(0.169162 0.240886 3.20508e-19)
(0.211528 0.233948 6.7519e-19)
(0.258989 0.223559 4.34176e-20)
(0.311851 0.209137 2.46677e-19)
(0.369601 0.189866 -1.31181e-19)
(0.434453 0.165592 1.75561e-19)
(0.500638 0.134367 -1.03332e-18)
(0.584701 0.0974218 5.1551e-19)
(0.650529 0.0531304 3.29393e-19)
(0.773165 -0.00427097 -2.31503e-19)
(-0.0053574 0.0134353 -1.30268e-19)
(-0.0151474 0.04212 -2.22276e-19)
(-0.0224474 0.0720424 2.12056e-19)
(-0.0271721 0.101487 1.3846e-19)
(-0.0289204 0.129193 7.2926e-20)
(-0.0274226 0.15419 2.60296e-19)
(-0.0225426 0.175821 -2.69489e-19)
(-0.0142157 0.193765 -2.46952e-19)
(-0.00240774 0.208001 -1.61917e-19)
(0.012927 0.218733 -3.76332e-19)
(0.0318782 0.2263 7.15109e-20)
(0.0545966 0.231061 -2.92921e-20)
(0.0812931 0.233307 5.36414e-19)
(0.112225 0.233197 2.22372e-19)
(0.147673 0.230719 1.63385e-19)
(0.187915 0.22569 -5.30677e-20)
(0.233223 0.217774 -3.03337e-19)
(0.283788 0.206496 -2.54209e-19)
(0.340051 0.191366 -3.10386e-19)
(0.401593 0.171517 2.27898e-19)
(0.471125 0.147151 4.48135e-19)
(0.542548 0.11551 5.31403e-19)
(0.634303 0.079454 -5.18065e-19)
(0.705901 0.0347344 2.24595e-19)
(0.841285 -0.0207404 3.26184e-19)
(-0.00540532 0.0125098 -3.39551e-19)
(-0.0154565 0.0394607 1.8858e-19)
(-0.0230992 0.0676973 -3.19345e-19)
(-0.02807 0.0955731 3.90244e-19)
(-0.0298691 0.121885 -3.71677e-19)
(-0.0281554 0.145694 -1.10543e-19)
(-0.0227442 0.166344 -2.04374e-19)
(-0.0135449 0.183483 1.14249e-19)
(-0.000517777 0.197035 -1.94097e-19)
(0.0163697 0.20714 2.12092e-19)
(0.0371805 0.214075 -2.77069e-19)
(0.06203 0.218151 -2.0468e-19)
(0.0910923 0.219638 3.00813e-21)
(0.124594 0.218691 -3.1896e-19)
(0.162799 0.215325 6.39173e-21)
(0.205995 0.209398 -3.32141e-19)
(0.254503 0.200632 -1.86381e-20)
(0.308607 0.188606 -3.80017e-19)
(0.368932 0.172921 1.35267e-19)
(0.435247 0.152632 6.20497e-19)
(0.510613 0.128322 -6.18942e-19)
(0.588918 0.0963809 3.19358e-19)
(0.689118 0.0615237 3.63452e-19)
(0.76804 0.0163809 -1.89867e-19)
(0.914089 -0.03586 7.27437e-20)
(-0.00546209 0.011668 1.76007e-19)
(-0.0157832 0.0369316 -4.98068e-20)
(-0.0237979 0.0634272 1.08336e-19)
(-0.0290531 0.089611 -3.13549e-19)
(-0.0309524 0.11436 4.98075e-19)
(-0.0290848 0.136785 3.24506e-20)
(-0.0232155 0.156253 3.55191e-19)
(-0.0132239 0.172395 -1.84377e-19)
(0.00094114 0.185098 1.2378e-19)
(0.019308 0.194448 1.61522e-19)
(0.0419231 0.200665 1.4913e-19)
(0.0688793 0.204019 4.66943e-19)
(0.10033 0.204752 -1.21581e-19)
(0.136492 0.203019 -1.18065e-19)
(0.177643 0.198853 -9.57102e-20)
(0.224116 0.192151 -5.70402e-21)
(0.276329 0.182686 -2.0828e-19)
(0.334715 0.170083 1.89246e-19)
(0.400104 0.154027 -2.62447e-19)
(0.472494 0.133498 1.05688e-19)
(0.555019 0.109429 -1.59625e-19)
(0.641768 0.0774733 1.70837e-20)
(0.750437 0.0441499 -8.43611e-19)
(0.83742 -0.00105406 8.13535e-20)
(0.989651 -0.0487608 -5.43138e-21)
(-0.00554414 0.0109301 2.31684e-19)
(-0.0161557 0.0345837 -1.55823e-19)
(-0.0245645 0.0593102 -1.08938e-19)
(-0.0301235 0.0837035 -6.61364e-20)
(-0.0321456 0.106741 -2.14606e-19)
(-0.0301536 0.127606 -3.58223e-19)
(-0.0238629 0.145702 -1.16119e-19)
(-0.0131193 0.160666 3.95335e-19)
(0.00214694 0.172357 -1.23628e-19)
(0.0219711 0.180823 -2.63241e-19)
(0.0463982 0.186238 -1.56512e-19)
(0.0755178 0.188831 -4.769e-19)
(0.109487 0.188823 -5.16549e-19)
(0.148544 0.186364 3.90936e-19)
(0.193018 0.181504 8.28279e-20)
(0.243333 0.174174 6.71038e-20)
(0.300044 0.164194 7.04251e-19)
(0.363762 0.151227 1.11879e-19)
(0.435492 0.135035 7.17908e-19)
(0.515393 0.11454 -8.96559e-19)
(0.606264 0.0909574 4.35111e-19)
(0.7024 0.0594527 -4.12416e-19)
(0.818465 0.027997 6.73096e-19)
(0.912786 -0.0165684 -1.0298e-18)
(1.06484 -0.0587351 2.2188e-19)
(-0.00566771 0.0103118 -5.9344e-20)
(-0.0166003 0.0324582 -1.23298e-19)
(-0.0254145 0.0554135 -1.12476e-19)
(-0.0312733 0.0779441 3.81012e-20)
(-0.0334073 0.0991488 -5.94595e-20)
(-0.0312791 0.1183 2.27195e-19)
(-0.0245551 0.134857 -7.95951e-20)
(-0.0130443 0.148476 -1.67938e-19)
(0.0033513 0.159009 -6.93566e-20)
(0.0246879 0.166474 3.68286e-21)
(0.0510291 0.171011 4.3407e-19)
(0.0824874 0.172817 -3.78345e-19)
(0.119256 0.172093 5.5338e-19)
(0.161632 0.168988 -1.62212e-19)
(0.210037 0.163568 -2.82215e-19)
(0.265023 0.155793 2.35327e-19)
(0.3273 0.145523 -2.67279e-19)
(0.397631 0.132458 -4.59211e-19)
(0.477066 0.116421 -1.81883e-19)
(0.565725 0.0963178 1.78947e-19)
(0.665571 0.0735266 2.87257e-19)
(0.770877 0.0430704 5.82547e-19)
(0.891995 0.0137759 3.92351e-20)
(0.991173 -0.0292689 4.25824e-19)
(1.136 -0.0653924 -1.4404e-19)
(-0.00584781 0.00982318 -2.87742e-20)
(-0.0171388 0.030585 2.69187e-19)
(-0.0263552 0.0517914 2.77818e-19)
(-0.0324809 0.0724148 -1.24305e-19)
(-0.0346758 0.0916946 8.70611e-20)
(-0.032349 0.109009 -3.19091e-19)
(-0.0251191 0.123888 6.28705e-20)
(-0.0127532 0.136024 5.06944e-20)
(0.00488592 0.145275 -1.45799e-19)
(0.0278938 0.151644 -3.96113e-20)
(0.0563777 0.155248 -5.38153e-19)
(0.0905046 0.156263 1.72613e-19)
(0.13054 0.154876 -2.70371e-20)
(0.17688 0.151236 -5.12376e-21)
(0.230067 0.145426 -2.44193e-20)
(0.290795 0.137432 -8.67634e-21)
(0.359888 0.127148 -2.47183e-20)
(0.438154 0.114304 3.18075e-19)
(0.526451 0.0987657 -2.96656e-19)
(0.624519 0.0794687 2.7402e-19)
(0.732989 0.0578127 -4.23614e-19)
(0.845753 0.0290293 -2.10493e-19)
(0.968432 0.00209849 6.43528e-20)
(1.06851 -0.0385802 -3.54543e-19)
(1.19978 -0.0687417 -1.19262e-19)
(-0.00609706 0.0094689 -2.68109e-19)
(-0.0177865 0.0289815 -3.42842e-20)
(-0.0273821 0.0484833 -3.40035e-19)
(-0.0337077 0.0671831 -2.72419e-19)
(-0.0358656 0.0844785 3.59099e-19)
(-0.0332183 0.0998685 2.44526e-19)
(-0.025337 0.112967 -1.0747e-19)
(-0.01194 0.123516 -9.42545e-20)
(0.00716326 0.131395 -6.97006e-20)
(0.0321295 0.136608 6.01818e-19)
(0.0631383 0.139258 2.32485e-19)
(0.100445 0.139512 3.24026e-19)
(0.144422 0.13755 -1.86075e-20)
(0.195588 0.133527 6.52874e-20)
(0.254617 0.127539 1.77709e-19)
(0.322299 0.119597 -4.23402e-19)
(0.399466 0.109619 6.8099e-19)
(0.486757 0.0973567 7.63175e-20)
(0.584501 0.0826866 -2.33636e-19)
(0.691663 0.0646234 -3.64226e-19)
(0.807149 0.0444292 -2.01473e-19)
(0.92421 0.017849 4.74007e-19)
(1.04423 -0.00666155 -1.54116e-20)
(1.14056 -0.0443448 2.60533e-19)
(1.25373 -0.0691351 3.14321e-19)
(-0.00642455 0.00924718 2.03979e-19)
(-0.0185498 0.0276523 2.13042e-20)
(-0.0284772 0.0455127 -4.45353e-20)
(-0.0348965 0.0623006 4.8799e-20)
(-0.0368664 0.0775866 -3.40451e-19)
(-0.0337093 0.0910025 4.49128e-19)
(-0.0249476 0.102259 -1.81985e-21)
(-0.0102416 0.111161 3.60974e-19)
(0.0106694 0.117621 1.60222e-20)
(0.0380272 0.121658 -1.23168e-19)
(0.0721127 0.123378 1.9092e-19)
(0.113298 0.122944 -6.37386e-19)
(0.162086 0.12054 -3.92698e-19)
(0.21912 0.116329 -1.96148e-19)
(0.285159 0.11042 -8.7251e-20)
(0.360987 0.102837 8.95554e-21)
(0.447242 0.0935104 -4.37988e-19)
(0.5441 0.0822017 1.70281e-19)
(0.650988 0.0687535 6.74765e-19)
(0.765738 0.0522994 1.92558e-19)
(0.885383 0.0338077 4.82785e-19)
(1.00257 0.00977255 -4.92504e-19)
(1.11564 -0.0124423 -1.2054e-19)
(1.20388 -0.04679 -1.96662e-19)
(1.29672 -0.0671413 -1.08981e-18)
(-0.00683477 0.0091498 -1.89667e-19)
(-0.0194238 0.0265876 9.6365e-20)
(-0.0296071 0.0428866 1.71424e-19)
(-0.0359701 0.057801 5.91678e-19)
(-0.0375431 0.0710876 2.21754e-19)
(-0.0336133 0.0825211 -4.89351e-19)
(-0.0236509 0.0919194 -1.22399e-19)
(-0.00724719 0.099161 -6.51206e-20)
(0.0159472 0.104205 -2.08591e-19)
(0.0462822 0.107096 -6.87905e-20)
(0.0841638 0.107956 -1.39196e-19)
(0.130099 0.106957 5.06634e-19)
(0.184715 0.104291 6.05201e-19)
(0.248739 0.100128 3.06586e-19)
(0.322917 0.0945853 -1.56687e-19)
(0.407842 0.0876897 -1.11799e-19)
(0.503687 0.0793562 2.51101e-19)
(0.609838 0.0693407 -6.12319e-20)
(0.724488 0.0574003 -7.73526e-21)
(0.844161 0.0428135 1.52242e-19)
(0.964189 0.0261228 -2.19921e-19)
(1.07703 0.00474557 -3.93415e-19)
(1.17942 -0.0154758 -2.68423e-19)
(1.25635 -0.0464042 3.43323e-19)
(1.32881 -0.063414 1.10279e-18)
(-0.00732696 0.00916232 1.51e-19)
(-0.020392 0.0257655 5.12073e-19)
(-0.0307213 0.0405947 2.04389e-19)
(-0.0368317 0.0536984 -1.81428e-19)
(-0.0377381 0.06503 2.50939e-19)
(-0.0326958 0.0745142 2.747e-19)
(-0.0211179 0.0820843 3.05205e-19)
(-0.00251442 0.0877018 -1.81073e-20)
(0.0235698 0.0913831 2.35962e-19)
(0.0576109 0.0932117 -7.22186e-19)
(0.100152 0.0933339 4.06372e-19)
(0.151827 0.0919392 -2.15529e-19)
(0.213349 0.0892298 -5.44931e-19)
(0.285436 0.0853828 -3.98006e-19)
(0.368653 0.0805096 6.54956e-19)
(0.463161 0.0746183 -2.27499e-19)
(0.568368 0.0675807 -1.14607e-19)
(0.682567 0.0591202 9.02053e-20)
(0.802556 0.0488617 -4.69438e-19)
(0.923618 0.0362375 3.92071e-19)
(1.0399 0.0212848 -6.42369e-20)
(1.14436 0.00246558 4.82028e-19)
(1.23345 -0.0161982 5.67455e-19)
(1.29734 -0.0437882 -1.97871e-19)
(1.35103 -0.0585936 -4.05224e-19)
(-0.00789411 0.00926472 -7.83593e-20)
(-0.0214254 0.0251511 -2.90916e-19)
(-0.0317538 0.0386095 7.43874e-21)
(-0.0373671 0.0499877 -1.45947e-19)
(-0.0372754 0.0594405 -4.27054e-19)
(-0.0307045 0.0670482 -2.19054e-19)
(-0.0170041 0.0728652 1.2015e-19)
(0.00440827 0.0769439 -3.70935e-19)
(0.0341062 0.079367 2.95649e-20)
(0.0726991 0.0802658 1.80262e-19)
(0.120858 0.0798196 -5.14554e-19)
(0.179308 0.0782397 -1.68723e-19)
(0.248761 0.075738 4.36068e-19)
(0.329777 0.0724875 2.96885e-19)
(0.42252 0.068576 -3.87348e-19)
(0.52645 0.0639659 4.22352e-19)
(0.639934 0.0584511 1.78144e-19)
(0.759997 0.0516913 -4.76669e-20)
(0.8821 0.0431522 -3.87896e-20)
(1.00064 0.0324092 -4.14329e-19)
(1.10932 0.0189972 4.60596e-20)
(1.20235 0.00247598 -8.25429e-20)
(1.27681 -0.0151321 -4.36175e-19)
(1.3274 -0.0395298 -3.1729e-19)
(1.36495 -0.0532553 -2.95793e-19)
(-0.0085231 0.00943199 -4.9047e-20)
(-0.0224821 0.0246987 -6.4235e-19)
(-0.0326246 0.0368886 -3.96446e-19)
(-0.0374477 0.0466441 -5.04037e-19)
(-0.0359673 0.0543228 4.44267e-19)
(-0.0273798 0.0601625 3.61775e-20)
(-0.0109662 0.0643432 3.17118e-19)
(0.0139563 0.0670134 -2.88764e-19)
(0.0480832 0.0683291 4.75496e-19)
(0.0921477 0.0684758 1.77105e-19)
(0.146914 0.0676706 1.44281e-20)
(0.213121 0.0661463 -2.76806e-20)
(0.291348 0.0641179 -9.74227e-20)
(0.3818 0.0617381 -8.44969e-20)
(0.484 0.0590456 9.29982e-20)
(0.596443 0.0559243 1.33103e-19)
(0.716288 0.0520565 -8.53728e-19)
(0.839289 0.0470074 5.486e-20)
(0.95989 0.0400882 -1.44829e-19)
(1.07215 0.0309912 -1.38564e-19)
(1.17019 0.0188483 6.97567e-20)
(1.24996 0.00426535 -4.63206e-19)
(1.30969 -0.0127742 2.1833e-19)
(1.34786 -0.0341088 2.71167e-19)
(1.37228 -0.0478887 -6.00362e-19)
(-0.00919488 0.00963563 1.14272e-19)
(-0.0235091 0.0243539 4.64372e-19)
(-0.0332413 0.0353765 4.04323e-20)
(-0.0369353 0.0436248 7.31279e-19)
(-0.0336213 0.0496571 -4.62369e-19)
(-0.0224661 0.0538685 4.5051e-19)
(-0.00267912 0.0565659 -4.01551e-19)
(0.0265236 0.0579973 1.5752e-19)
(0.0659496 0.058396 -2.00787e-19)
(0.116425 0.058005 2.63648e-19)
(0.17874 0.0570798 4.34897e-19)
(0.253531 0.0558695 2.24764e-19)
(0.341075 0.0545788 8.98107e-20)
(0.440998 0.0533179 9.80007e-20)
(0.551941 0.0520449 -7.60139e-20)
(0.671258 0.0505302 -6.04985e-20)
(0.794866 0.0483169 6.97375e-19)
(0.917472 0.0448553 2.32853e-19)
(1.03302 0.0393405 6.57347e-19)
(1.13588 0.0315511 1.68847e-20)
(1.2213 0.0203973 -4.26195e-19)
(1.28718 0.0073409 5.34902e-19)
(1.33308 -0.00950206 6.77549e-19)
(1.36033 -0.027822 8.3782e-20)
(1.37459 -0.0429004 5.89036e-19)
(-0.00988519 0.00984523 -3.23954e-19)
(-0.0244436 0.0240569 1.79706e-19)
(-0.0335016 0.0340058 3.94724e-19)
(-0.0356878 0.0408728 -1.55224e-19)
(-0.0300475 0.0454035 -4.58878e-19)
(-0.0157226 0.0481508 -3.3334e-20)
(0.00814807 0.0495477 2.44808e-20)
(0.0424403 0.049942 4.36235e-20)
(0.0880471 0.0496457 -2.78536e-19)
(0.14583 0.0489594 -1.16756e-19)
(0.216509 0.0481723 -4.06859e-19)
(0.300466 0.0475392 -1.00094e-20)
(0.397473 0.047235 -1.14009e-19)
(0.506359 0.0472983 -3.52069e-20)
(0.624694 0.0475726 3.07353e-19)
(0.748623 0.0476814 -4.54062e-19)
(0.872977 0.0470144 1.92661e-19)
(0.991826 0.0449061 -3.10891e-19)
(1.09923 0.0404996 -4.72368e-19)
(1.1905 0.0336393 8.48209e-20)
(1.26246 0.0232305 8.95379e-19)
(1.31481 0.0112695 -4.58477e-19)
(1.34842 -0.00550504 1.48641e-20)
(1.36637 -0.020796 3.84877e-19)
(1.37308 -0.0386824 2.13133e-19)
(-0.0105657 0.0100302 1.52557e-19)
(-0.0252169 0.0237453 -2.16751e-19)
(-0.033299 0.0327058 -4.58907e-19)
(-0.0335599 0.0383179 -2.43479e-19)
(-0.0250654 0.0415032 2.65223e-19)
(-0.0069323 0.0429705 9.02371e-20)
(0.0217602 0.0432727 5.22073e-19)
(0.061958 0.0428569 2.10212e-19)
(0.114594 0.0421121 1.3169e-19)
(0.180482 0.041392 6.17349e-20)
(0.26014 0.0410109 4.21821e-19)
(0.353523 0.0412122 1.90587e-19)
(0.45969 0.0421151 -1.57666e-19)
(0.576479 0.0436528 2.25847e-19)
(0.700289 0.0455194 -1.31223e-19)
(0.826142 0.0471676 1.6878e-19)
(0.948113 0.0478367 -1.66095e-19)
(1.06017 0.0467714 -3.63055e-19)
(1.15711 0.0431373 5.34688e-19)
(1.2356 0.0368461 -5.67437e-19)
(1.29422 0.026982 1.57485e-19)
(1.33416 0.0157083 -1.87427e-19)
(1.35737 -0.000784187 -1.41712e-19)
(1.36745 -0.0132734 -1.14518e-18)
(1.36846 -0.0357232 1.6995e-19)
(-0.011205 0.0101616 3.11729e-20)
(-0.0257537 0.0233589 1.55248e-19)
(-0.032527 0.0314027 5.14699e-19)
(-0.0304119 0.0358821 -1.21364e-19)
(-0.0185072 0.0378876 -5.26673e-20)
(0.00409221 0.0382715 9.79903e-20)
(0.038349 0.0377027 8.69516e-20)
(0.0852427 0.0367231 -3.37724e-19)
(0.145678 0.0357939 -1.56141e-19)
(0.220315 0.0353144 -4.79402e-19)
(0.309315 0.0356092 -3.60213e-19)
(0.412014 0.036887 -2.56017e-19)
(0.526568 0.0391792 2.29361e-19)
(0.649693 0.0422766 -3.3573e-19)
(0.776637 0.0456938 -1.62644e-19)
(0.901541 0.0487038 -7.13976e-20)
(1.01819 0.0504217 -5.30273e-20)
(1.12102 0.0500523 1.08526e-18)
(1.20604 0.0468544 6.62428e-20)
(1.2715 0.0408304 -9.5915e-20)
(1.31762 0.0313391 -5.47294e-19)
(1.34673 0.020443 1.76044e-19)
(1.36154 0.00468472 2.0005e-20)
(1.36526 -0.00610875 6.42792e-19)
(1.36132 -0.0342367 6.24051e-20)
(-0.01177 0.0102134 2.46019e-19)
(-0.0259744 0.0228394 -2.36821e-19)
(-0.0310779 0.0300251 -3.59492e-19)
(-0.0261124 0.03349 3.60527e-19)
(-0.0102227 0.0344831 -7.97987e-20)
(0.0175061 0.0339895 -6.8768e-20)
(0.0580522 0.0327864 6.05021e-20)
(0.112376 0.0315042 -8.55827e-20)
(0.181266 0.0306688 2.13044e-19)
(0.265098 0.030712 1.37042e-19)
(0.363507 0.031948 3.55555e-19)
(0.475021 0.0345211 -9.49214e-21)
(0.596739 0.0383365 2.91328e-19)
(0.724217 0.0430066 -1.98595e-20)
(0.851709 0.0478471 3.12843e-19)
(0.972854 0.0519642 9.20702e-20)
(1.08166 0.0543967 -5.94783e-19)
(1.17357 0.0543754 -2.93603e-19)
(1.24607 0.0513106 -7.48059e-20)
(1.299 0.0453247 1.94579e-19)
(1.33395 0.0360561 -8.93746e-20)
(1.35398 0.0253911 -3.25748e-19)
(1.36216 0.0106142 4.56294e-20)
(1.3612 -0.000259032 -3.00494e-19)
(1.35553 -0.0227194 -1.44784e-19)
(-0.0122294 0.0101638 1.50706e-19)
(-0.0258036 0.0221418 1.61079e-19)
(-0.0288426 0.0285083 2.94974e-19)
(-0.0205376 0.0310693 -2.14668e-19)
(-7.95485e-05 0.0312191 1.5996e-20)
(0.0334332 0.0300607 4.2748e-19)
(0.080956 0.028471 -1.22043e-19)
(0.143362 0.0271605 -4.05381e-19)
(0.221216 0.0267079 -2.38803e-19)
(0.31446 0.0275593 3.18077e-19)
(0.422025 0.0299911 -6.60585e-19)
(0.541462 0.034045 2.55086e-21)
(0.668725 0.0394593 -5.58631e-20)
(0.798282 0.0456376 4.1906e-19)
(0.923687 0.0516956 -2.29203e-19)
(1.03855 0.0566099 3.15228e-19)
(1.13761 0.0594085 3.20849e-19)
(1.21765 0.0594163 -5.67669e-19)
(1.27776 0.0562368 -2.40098e-19)
(1.3192 0.0501282 -1.97651e-19)
(1.34452 0.0409726 3.02444e-19)
(1.35721 0.0305232 4.74659e-19)
(1.36026 0.0164976 2.18074e-19)
(1.35624 0.00636259 -1.93402e-19)
(1.34889 -0.0148019 -3.36883e-19)
(-0.0125513 0.00999836 -3.56364e-20)
(-0.0251699 0.0212288 1.51088e-19)
(-0.0257192 0.0267967 -2.99955e-19)
(-0.0135695 0.0285612 -4.59979e-19)
(0.012039 0.0280366 -6.79702e-19)
(0.0519688 0.0264324 1.16147e-19)
(0.107101 0.0247145 -1.35472e-19)
(0.178137 0.0236618 1.97732e-19)
(0.265292 0.0238895 7.28331e-20)
(0.36791 0.0258331 1.41832e-19)
(0.484047 0.0296952 1.54984e-19)
(0.610149 0.0353709 -8.65321e-20)
(0.741023 0.0423916 -1.2378e-19)
(0.870248 0.0499351 -2.79272e-19)
(0.991073 0.0569399 8.51989e-20)
(1.09757 0.0623127 -3.35403e-19)
(1.18564 0.0651441 1.23253e-19)
(1.2536 0.0649119 8.25234e-20)
(1.30202 0.061434 -3.33816e-19)
(1.33329 0.0551018 -3.57107e-19)
(1.35059 0.0460019 -1.91988e-19)
(1.35749 0.0357284 1.05146e-20)
(1.35674 0.0224582 5.76183e-20)
(1.35058 0.012618 -1.85849e-19)
(1.34226 -0.00666173 1.42353e-19)
(-0.0127054 0.00970648 2.316e-21)
(-0.0239999 0.0200726 -4.15233e-19)
(-0.0216137 0.0248552 5.29756e-19)
(-0.00510084 0.0259244 5.66144e-19)
(0.0262349 0.0248954 3.37387e-19)
(0.0731838 0.0230716 -1.1581e-20)
(0.136489 0.0214949 -1.22104e-19)
(0.216578 0.0209974 -1.67447e-19)
(0.313176 0.0222083 3.04311e-19)
(0.424861 0.0255194 -7.35952e-19)
(0.54866 0.0310145 7.41555e-20)
(0.679848 0.0383952 6.79458e-19)
(0.812188 0.0469534 9.5707e-20)
(0.938685 0.055646 -1.92489e-19)
(1.05275 0.063282 3.48321e-19)
(1.14935 0.0687729 3.87566e-19)
(1.22585 0.071342 9.82445e-20)
(1.28206 0.070662 7.17089e-19)
(1.31988 0.0667653 5.46788e-19)
(1.34245 0.0601602 3.15284e-19)
(1.35324 0.0510864 3.68625e-19)
(1.35568 0.0409884 -9.3449e-20)
(1.35218 0.0283582 -1.28067e-19)
(1.34461 0.0188778 3.53579e-19)
(1.33566 0.000924136 1.7958e-22)
(-0.0126642 0.00928437 9.31076e-20)
(-0.0222251 0.0186612 4.57269e-20)
(-0.0164346 0.0226653 -2.3533e-19)
(0.00496846 0.0231384 -6.28377e-20)
(0.0425972 0.0217797 -8.45874e-20)
(0.0971272 0.0199722 -2.23072e-19)
(0.169087 0.0188183 -2.78245e-19)
(0.258511 0.0191831 3.30221e-19)
(0.364481 0.0216799 -2.75243e-19)
(0.484646 0.0266137 4.98969e-19)
(0.614887 0.0338982 1.58912e-19)
(0.749327 0.042996 -9.52772e-20)
(0.880902 0.0529445 -3.89081e-19)
(1.00245 0.0625096 5.59159e-20)
(1.10798 0.0704401 -5.23211e-19)
(1.19376 0.0757319 -1.64179e-19)
(1.25866 0.0777977 -4.6457e-19)
(1.30392 0.0765255 1.76366e-20)
(1.3324 0.0721458 1.2162e-20)
(1.34773 0.065256 -4.81447e-20)
(1.35338 0.0562033 -5.64967e-19)
(1.35246 0.0462732 2.68018e-19)
(1.34699 0.0342272 4.63223e-21)
(1.33851 0.0250102 -2.97984e-19)
(1.32919 0.00823409 5.14612e-19)
(-0.0124033 0.00873374 -2.38695e-19)
(-0.0197818 0.0169957 1.0546e-19)
(-0.0100948 0.0202272 -3.35487e-19)
(0.0167318 0.0202072 -5.07729e-19)
(0.0612038 0.018702 2.02364e-19)
(0.123828 0.0171588 2.10613e-19)
(0.204827 0.0167218 1.32341e-19)
(0.303709 0.0182622 -2.28593e-19)
(0.418752 0.0223382 2.02134e-19)
(0.546529 0.0291157 2.27427e-19)
(0.681719 0.038284 -2.04832e-19)
(0.817409 0.0490316 4.93626e-20)
(0.946031 0.0601494 -1.79429e-19)
(1.06069 0.0702691 -1.41701e-20)
(1.15644 0.0781614 4.5826e-19)
(1.231 0.0829788 -2.98723e-19)
(1.28475 0.0843612 1.92382e-19)
(1.32011 0.0824121 -4.85956e-19)
(1.34062 0.0775299 -2.65403e-20)
(1.35005 0.0703701 3.07047e-20)
(1.35172 0.0613443 7.89996e-20)
(1.34831 0.0515807 -3.30457e-19)
(1.34147 0.0400518 3.04401e-19)
(1.33243 0.0310653 -2.4431e-19)
(1.32288 0.0153098 -5.72798e-19)
(-0.0119002 0.00806083 6.0227e-20)
(-0.0166101 0.0150899 -2.64641e-20)
(-0.00251214 0.0175614 1.63823e-20)
(0.030276 0.0171604 1.28284e-19)
(0.0821205 0.0157045 -1.09445e-19)
(0.153294 0.014688 2.55432e-19)
(0.243605 0.0152729 7.11553e-20)
(0.351892 0.0183019 3.11143e-21)
(0.475468 0.0242285 1.98657e-19)
(0.609721 0.0330205 2.95236e-19)
(0.748147 0.0440913 3.78635e-19)
(0.883022 0.0563394 6.40238e-20)
(1.00667 0.0683455 3.85829e-19)
(1.1129 0.078684 -7.27355e-20)
(1.19809 0.0862307 1.03292e-19)
(1.26153 0.0903525 3.13093e-19)
(1.30492 0.090932 -1.60522e-19)
(1.33159 0.0882716 3.10258e-19)
(1.34544 0.0829006 -6.17019e-19)
(1.35018 0.0755004 1.88511e-19)
(1.34881 0.0665122 1.09627e-19)
(1.34359 0.0569099 5.13155e-19)
(1.33581 0.0458429 -3.74354e-19)
(1.32643 0.037045 -4.3801e-20)
(1.31676 0.0221851 5.87373e-19)
(-0.011134 0.00727594 7.62638e-20)
(-0.0126535 0.0129696 -1.01275e-19)
(0.00639074 0.0147068 3.35893e-19)
(0.0456796 0.0140521 2.24802e-19)
(0.105399 0.012858 -1.61891e-19)
(0.185507 0.0126457 -6.46777e-19)
(0.285276 0.0145651 -7.1996e-20)
(0.402721 0.0193857 -1.35487e-19)
(0.534046 0.0273975 -1.22013e-19)
(0.673397 0.0383083 -3.19957e-19)
(0.813202 0.0512163 -5.38966e-20)
(0.94524 0.0647403 -3.92074e-19)
(1.06215 0.077313 9.66524e-20)
(1.15885 0.0875395 5.35405e-19)
(1.2332 0.0944755 -3.33791e-19)
(1.28598 0.0977385 -1.57641e-19)
(1.32003 0.0974507 -2.14636e-19)
(1.33924 0.0940841 -1.33473e-19)
(1.34764 0.0882588 3.0996e-19)
(1.3487 0.0806541 -1.5514e-19)
(1.34505 0.0717134 -8.42602e-20)
(1.33853 0.0622646 -8.6731e-20)
(1.33013 0.0516056 1.84566e-19)
(1.32056 0.0429621 3.36675e-19)
(-0.0100848 0.00639258 -1.44985e-19)
(-0.0078587 0.0106707 7.41927e-20)
(0.0166858 0.0117199 3.24108e-19)
(0.0630118 0.0109592 -3.4554e-19)
(0.131071 0.0102589 8.12615e-20)
(0.220415 0.0111425 2.16598e-19)
(0.329645 0.0147098 4.30816e-19)
(0.455795 0.0216026 -2.34791e-19)
(0.593849 0.0318813 -1.38452e-19)
(0.736721 0.0449362 1.3544e-19)
(0.875988 0.0595319 8.07791e-20)
(1.00332 0.0740457 2.29711e-19)
(1.11209 0.0868453 9.34578e-22)
(1.19857 0.0966541 -2.13043e-19)
(1.26221 0.102766 -2.57125e-19)
(1.30509 0.105064 -1.01354e-19)
(1.33089 0.10389 1.6253e-19)
(1.34384 0.0998499 -2.99158e-19)
(1.34785 0.093616 1.56085e-19)
(1.34608 0.0858424 -3.23192e-20)
(1.34075 0.0769552 2.16847e-19)
(1.3333 0.0676476 -7.74499e-20)
(1.32448 0.0573462 3.55426e-20)
(1.31481 0.0488241 8.94723e-20)
(-0.00873348 0.00542668 -3.60232e-20)
(-0.00217524 0.00823738 -1.25766e-19)
(0.0284387 0.00867147 -2.1059e-19)
(0.0823287 0.00797752 -9.83516e-20)
(0.159148 0.00802417 2.95715e-19)
(0.257931 0.0103065 -4.2154e-19)
(0.376461 0.015827 -2.00969e-19)
(0.510652 0.0250361 1.29031e-19)
(0.654196 0.0376962 -5.20034e-20)
(0.798879 0.052835 -1.47159e-19)
(0.935726 0.0688914 8.41863e-20)
(1.05671 0.0840674 -8.55505e-20)
(1.1563 0.0967581 -4.51099e-19)
(1.23232 0.105883 -3.77464e-19)
(1.28568 0.111012 2.24725e-20)
(1.31958 0.112289 -6.04502e-20)
(1.33826 0.110246 4.92059e-19)
(1.34604 0.105582 2.88208e-19)
(1.3466 0.0989884 -2.7232e-19)
(1.34267 0.0910769 2.73806e-19)
(1.33609 0.0822435 -2.79281e-19)
(1.328 0.073061 -7.08607e-20)
(1.3189 0.0630683 -3.05009e-19)
(-0.00706098 0.00439603 2.77401e-19)
(0.00444413 0.00572126 9.39851e-20)
(0.0417065 0.0056446 -4.17258e-20)
(0.10367 0.0052183 4.13363e-19)
(0.189608 0.00628541 3.7019e-19)
(0.297918 0.0102748 3.54996e-19)
(0.425415 0.0180348 1.57558e-20)
(0.566772 0.0297537 -9.47865e-20)
(0.714387 0.0448315 -4.62709e-20)
(0.859108 0.0619086 2.729e-20)
(0.991773 0.0791363 -3.18744e-19)
(1.10506 0.0946267 2.77315e-19)
(1.19484 0.106895 6.86523e-19)
(1.26047 0.115118 -1.43307e-19)
(1.30425 0.119158 7.81784e-21)
(1.33018 0.119402 1.13643e-19)
(1.34283 0.11653 -4.2333e-19)
(1.34642 0.1113 -1.78608e-19)
(1.34426 0.104393 8.26982e-21)
(1.33871 0.0963671 -3.03588e-19)
(1.33123 0.0875822 -2.27477e-19)
(1.32267 0.0785052 2.65046e-19)
(1.31341 0.0687744 1.53207e-19)
(-0.0050484 0.0033199 -5.09765e-19)
(0.0120429 0.00317946 -6.00021e-20)
(0.0565361 0.0027317 1.12287e-19)
(0.127053 0.00280344 -3.90131e-19)
(0.222398 0.00518263 3.74992e-20)
(0.34019 0.0111854 -5.30881e-20)
(0.476139 0.0214402 -8.06425e-20)
(0.623591 0.0357991 -3.81864e-19)
(0.773728 0.053247 8.72322e-20)
(0.916728 0.0720395 -2.37235e-19)
(1.04365 0.0901048 4.14514e-19)
(1.14824 0.105562 -7.78053e-19)
(1.2279 0.11713 -7.40516e-20)
(1.28354 0.124285 1.45992e-20)
(1.31855 0.127178 -7.33688e-20)
(1.33754 0.126407 -1.73565e-19)
(1.34517 0.122762 1.06566e-19)
(1.3454 0.117024 3.09511e-20)
(1.34115 0.109844 1.93757e-19)
(1.33438 0.10172 1.67736e-19)
(1.32624 0.0929728 9.25574e-20)
(1.31736 0.083979 -2.15099e-21)
(1.30799 0.0744652 1.46126e-19)
(-0.00267696 0.00221887 4.02628e-19)
(0.0206596 0.000673725 7.61568e-20)
(0.0729616 3.1991e-05 9.67505e-20)
(0.152474 0.000861294 -1.50542e-19)
(0.25742 0.00485782 -1.4602e-19)
(0.384509 0.0131693 1.81784e-19)
(0.528211 0.0261308 2.81644e-19)
(0.680521 0.0431872 3.16789e-19)
(0.831556 0.0628746 1.64979e-19)
(0.97117 0.0830951 7.13042e-20)
(1.09104 0.101641 -2.96189e-19)
(1.18625 0.116736 2.02413e-19)
(1.25583 0.12737 -1.37679e-19)
(1.30205 0.133339 5.65683e-20)
(1.32922 0.135066 1.70309e-19)
(1.34227 0.133321 1.04446e-19)
(1.34577 0.128967 1.8686e-19)
(1.34332 0.122775 4.17237e-20)
(1.33747 0.115354 -2.52227e-20)
(1.3298 0.10714 -2.22698e-19)
(1.32118 0.0984146 2.55777e-19)
(1.31208 0.0894801 -2.34986e-19)
(1.30265 0.0801402 -1.35959e-19)
(7.1554e-05 0.0011148 1.07726e-19)
(0.030327 -0.00173043 2.7201e-20)
(0.0910014 -0.00235077 1.2613e-19)
(0.179896 -0.000477329 3.99309e-19)
(0.294539 0.00544929 -6.66176e-19)
(0.430583 0.0163435 2.11372e-19)
(0.581166 0.0321695 -2.09345e-19)
(0.736966 0.051903 4.34356e-19)
(0.887269 0.0736226 -1.03549e-19)
(1.02199 0.0949367 -2.48091e-19)
(1.13377 0.113601 -2.03019e-20)
(1.21925 0.128035 -1.44162e-19)
(1.27902 0.137548 -7.99257e-20)
(1.31657 0.14226 4.65158e-19)
(1.33683 0.142832 -3.14198e-19)
(1.34486 0.14017 2.06106e-19)
(1.345 0.135168 -4.85085e-20)
(1.34046 0.128571 1.10562e-21)
(1.33339 0.12093 -3.22483e-20)
(1.32504 0.112627 -1.09074e-19)
(1.31608 0.103905 3.06985e-20)
(1.30682 0.0950048 -9.99342e-20)
(0.00321428 3.09057e-05 -4.00211e-19)
(0.04107 -0.0039644 3.61455e-19)
(0.110656 -0.00431031 -2.28822e-19)
(0.209255 -0.0010828 1.73579e-19)
(0.333572 0.00708662 1.77826e-19)
(0.478075 0.0208061 -8.28166e-22)
(0.63451 0.0395915 -8.94377e-20)
(0.792348 0.0619032 -4.50198e-19)
(0.940346 0.0853821 -1.84325e-19)
(1.06886 0.107426 3.49527e-19)
(1.17182 0.125858 -2.23949e-19)
(1.24749 0.139372 8.66999e-20)
(1.29793 0.147625 1.26696e-19)
(1.32762 0.151044 -7.63224e-22)
(1.34189 0.150498 1.33786e-19)
(1.34574 0.146979 2.01779e-20)
(1.34317 0.141388 1.13413e-19)
(1.33701 0.134423 -3.56599e-19)
(1.32902 0.126579 3.84828e-20)
(1.32016 0.11818 1.11809e-19)
(1.31095 0.10944 -4.10232e-19)
(1.30158 0.100549 3.15396e-19)
(0.00676655 -0.00100815 1.23141e-19)
(0.0529042 -0.00595704 -3.83083e-19)
(0.131907 -0.00573958 -1.28386e-19)
(0.240452 -0.000829783 -1.76317e-19)
(0.374296 0.00988661 7.20773e-20)
(0.526607 0.0266325 -2.98076e-19)
(0.687737 0.0484035 1.9751e-19)
(0.846128 0.0731202 -1.33452e-19)
(0.990359 0.0980343 -4.86975e-20)
(1.1116 0.120433 -8.62976e-20)
(1.20527 0.138308 3.0793e-19)
(1.2713 0.150685 2.50336e-19)
(1.31305 0.15758 1.95439e-19)
(1.33572 0.159704 -9.00512e-20)
(1.34485 0.158087 2.64322e-19)
(1.34525 0.153775 -2.31453e-19)
(1.34053 0.147645 -1.4586e-19)
(1.33311 0.140342 -3.18381e-20)
(1.32441 0.1323 2.40378e-19)
(1.31519 0.123796 -1.42436e-19)
(1.30579 0.115015 1.19358e-19)
(1.29635 0.106107 -1.4006e-19)
(0.0107411 -0.00197619 -8.18469e-20)
(0.0658346 -0.00763517 3.25432e-20)
(0.154711 -0.00653234 1.38029e-19)
(0.273357 0.000400054 -1.28036e-19)
(0.416448 0.0139501 1.75008e-19)
(0.575775 0.0338735 6.03564e-20)
(0.740346 0.058585 -2.16015e-20)
(0.897824 0.0854674 3.13187e-19)
(1.03698 0.111457 3.10026e-19)
(1.15012 0.13384 3.64905e-20)
(1.23432 0.150863 -2.34512e-19)
(1.29105 0.16193 1.45512e-19)
(1.32481 0.16741 -3.55528e-19)
(1.34131 0.168258 -1.02617e-19)
(1.3461 0.165626 -2.75213e-19)
(1.34367 0.16058 9.26255e-20)
(1.33726 0.153955 1.76576e-19)
(1.32886 0.146334 1.81543e-19)
(1.31963 0.138093 -1.2787e-19)
(1.31012 0.12947 1.90533e-19)
(1.30059 0.120623 1.11986e-19)
(1.29111 0.111674 1.23484e-19)
(0.0151475 -0.00284553 7.80748e-21)
(0.0798538 -0.00892417 5.53139e-20)
(0.179007 -0.00658472 3.59213e-19)
(0.307804 0.00271567 2.02265e-19)
(0.459733 0.0193596 -3.612e-20)
(0.625156 0.0425549 -1.20449e-21)
(0.791857 0.070092 -2.3324e-19)
(0.947023 0.098845 2.1855e-19)
(1.07999 0.12553 6.83766e-21)
(1.18445 0.147541 4.50658e-20)
(1.25919 0.16346 1.63592e-19)
(1.30714 0.173085 -6.30088e-20)
(1.33367 0.17712 -5.38813e-20)
(1.3448 0.176729 1.31931e-20)
(1.34594 0.173143 1.89102e-19)
(1.34123 0.167416 -8.54138e-20)
(1.33348 0.160328 5.53961e-20)
(1.32433 0.152399 -2.21954e-19)
(1.3147 0.143954 -5.77267e-20)
(1.30498 0.135195 -6.38807e-21)
(1.29535 0.126258 -1.18165e-20)
(0.0199909 -0.0035871 1.96308e-19)
(0.094941 -0.00974875 1.1738e-20)
(0.204704 -0.00579667 -2.85441e-19)
(0.343602 0.00621461 -2.68636e-19)
(0.503829 0.0261777 -1.46408e-19)
(0.674324 0.0526782 1.87178e-19)
(0.841828 0.08286 3.17278e-19)
(0.993388 0.113146 -2.61438e-19)
(1.11924 0.14014 -4.73014e-19)
(1.21469 0.161451 -4.03436e-20)
(1.28019 0.176049 -1.66513e-20)
(1.31994 0.184139 -1.0819e-19)
(1.34001 0.186728 -8.56684e-20)
(1.34652 0.185143 -2.72173e-20)
(1.34463 0.180659 -1.75178e-19)
(1.33809 0.174295 6.36423e-20)
(1.32928 0.166769 1.9518e-19)
(1.31957 0.158537 -2.55792e-20)
(1.30962 0.149878 6.38544e-22)
(1.29975 0.140963 -1.10279e-19)
(1.29006 0.131912 -2.6603e-20)
(0.0252722 -0.00417064 1.76143e-19)
(0.111061 -0.0100338 -6.60095e-20)
(0.231694 -0.00407365 2.51026e-19)
(0.380528 0.0109811 1.92925e-19)
(0.548396 0.0344466 8.01472e-20)
(0.722863 0.0642222 -3.83663e-19)
(0.889864 0.096809 -3.07165e-20)
(1.03666 0.128259 3.82668e-20)
(1.1547 0.155183 2.97342e-19)
(1.24101 0.175495 -7.58726e-20)
(1.29762 0.188598 6.95322e-20)
(1.32984 0.195092 -3.4168e-20)
(1.34419 0.196252 -1.40437e-19)
(1.34676 0.193525 1.0007e-19)
(1.34238 0.188195 1.91136e-19)
(1.33438 0.18123 9.96338e-20)
(1.32475 0.17328 -8.21836e-20)
(1.31459 0.164743 6.91678e-20)
(1.30442 0.155857 5.89678e-20)
(1.29443 0.146767 2.41956e-20)
(1.2847 0.137578 -5.65978e-20)
(0.0309867 -0.00456509 -1.96619e-19)
(0.128163 -0.00970555 -1.86624e-19)
(0.259842 -0.00132816 -1.17297e-19)
(0.418339 0.0170847 -3.03495e-19)
(0.593082 0.0441873 3.63037e-20)
(0.770372 0.0771454 2.20862e-19)
(0.935623 0.111847 -9.66657e-20)
(1.07666 0.144077 9.82393e-20)
(1.18639 0.170566 1.63593e-19)
(1.26359 0.189616 9.41753e-21)
(1.31179 0.201087 -2.49111e-19)
(1.33717 0.205952 3.27349e-19)
(1.34652 0.205712 1.71459e-19)
(1.34577 0.201894 4.66285e-20)
(1.33935 0.195764 -1.59763e-19)
(1.33018 0.188227 -6.9402e-20)
(1.31991 0.179861 5.74259e-20)
(1.30942 0.171013 1.01949e-19)
(1.29907 0.161882 2.75155e-20)
(1.28901 0.152597 -2.66873e-20)
(1.27926 0.143248 -2.03018e-20)
(0.0371243 -0.00473895 1.7312e-19)
(0.146183 -0.00869268 -1.28499e-20)
(0.288994 0.00251856 6.14277e-20)
(0.456771 0.0245787 1.38804e-19)
(0.637536 0.0554006 -1.08493e-19)
(0.816483 0.0913889 3.95832e-20)
(0.978821 0.127876 -1.14358e-19)
(1.11327 0.160493 1.67621e-19)
(1.21439 0.186207 -2.46086e-19)
(1.28269 0.20377 5.23282e-20)
(1.32302 0.213504 -2.18638e-21)
(1.34225 0.21673 1.59976e-20)
(1.34726 0.215128 1.95453e-19)
(1.34373 0.210269 -1.55999e-19)
(1.33566 0.203378 1.71569e-19)
(1.32556 0.195287 9.39949e-20)
(1.31481 0.186508 -9.32103e-20)
(1.30406 0.177336 3.87339e-20)
(1.29359 0.167945 -1.30454e-19)
(1.28348 0.158443 2.20251e-19)
(1.27373 0.148912 1.09136e-19)
(0.0436689 -0.00466085 -1.59253e-19)
(0.165039 -0.00692772 2.86761e-20)
(0.318976 0.00753495 -4.70231e-20)
(0.495548 0.0334994 -6.75134e-20)
(0.68141 0.0680677 1.25396e-19)
(0.860861 0.106879 1.32349e-20)
(1.01924 0.144792 -1.32915e-19)
(1.14645 0.177408 -2.6667e-19)
(1.23882 0.202035 6.66163e-20)
(1.29854 0.21792 6.84099e-20)
(1.3316 0.225846 -8.87479e-20)
(1.34536 0.227439 -2.2863e-19)
(1.34665 0.224518 -1.10341e-19)
(1.3408 0.218664 4.61794e-20)
(1.3314 0.211042 -1.14667e-19)
(1.32058 0.202408 -3.35735e-20)
(1.30945 0.193212 -1.26492e-19)
(1.29851 0.183705 -1.08685e-19)
(1.28795 0.174034 6.9874e-20)
(1.27782 0.164296 -9.05846e-20)
(1.2681 0.154563 -3.92835e-20)
(0.0505987 -0.00430008 1.91932e-19)
(0.184638 -0.00434839 5.90647e-21)
(0.3496 0.0137777 1.90143e-19)
(0.534386 0.0438659 5.31305e-20)
(0.724372 0.0821516 -1.49781e-20)
(0.903211 0.123531 1.28039e-19)
(1.0567 0.162491 5.04016e-20)
(1.1762 0.194731 1.18993e-19)
(1.25984 0.21799 -1.53531e-19)
(1.3114 0.232042 -1.15005e-19)
(1.33781 0.238112 4.82662e-20)
(1.34674 0.238092 1.13163e-19)
(1.34486 0.233896 -4.29302e-20)
(1.3371 0.227086 1.08131e-19)
(1.32663 0.218756 -5.70668e-20)
(1.31525 0.209586 -5.59892e-20)
(1.30384 0.199965 1.11427e-19)
(1.29277 0.190107 5.77115e-20)
(1.28216 0.180139 -5.36739e-21)
(1.27203 0.170145 -9.68785e-20)
(1.26235 0.16019 3.78446e-20)
(0.0578855 -0.00362719 -4.89176e-20)
(0.204872 -0.00089891 9.86915e-20)
(0.38066 0.0212902 -1.3985e-19)
(0.572999 0.055679 -1.79821e-19)
(0.766108 0.097599 -1.68079e-19)
(0.943282 0.141251 -7.77551e-20)
(1.0911 0.180869 -4.38661e-20)
(1.20256 0.212376 -3.72994e-20)
(1.27763 0.234019 1.17201e-19)
(1.32151 0.246116 9.37627e-20)
(1.3419 0.250305 -7.32541e-20)
(1.3466 0.248699 -4.27792e-20)
(1.34204 0.243272 1.51351e-20)
(1.33272 0.235541 -7.61902e-20)
(1.32141 0.226519 2.4473e-20)
(1.30961 0.216812 5.3258e-21)
(1.29799 0.206755 6.49823e-20)
(1.28683 0.196531 -9.98853e-20)
(1.2762 0.186247 1.35439e-20)
(1.2661 0.175978 1.82764e-20)
(1.25647 0.165784 -2.68891e-20)
(0.0654956 -0.00261457 9.87349e-21)
(0.225621 0.0034687 5.69813e-20)
(0.411946 0.0301022 -5.93879e-20)
(0.611103 0.0689226 1.65666e-19)
(0.806331 0.114342 2.50866e-20)
(0.980864 0.159938 5.33128e-22)
(1.12236 0.199824 6.38804e-20)
(1.22561 0.230266 1.14223e-21)
(1.29237 0.250078 -4.8441e-20)
(1.3291 0.260127 -3.91692e-20)
(1.34409 0.262426 -4.59908e-22)
(1.34513 0.25927 9.68353e-20)
(1.33832 0.252651 2.02185e-20)
(1.32773 0.244026 -2.48773e-20)
(1.31577 0.234323 4.49254e-20)
(1.30364 0.224076 -4.64598e-20)
(1.29189 0.213571 -4.28424e-20)
(1.28068 0.202963 -1.09874e-20)
(1.27006 0.192345 -9.89443e-21)
(1.26 0.181785 1.96964e-20)
(1.25046 0.171334 2.35707e-20)
(0.0733898 -0.00123708 -6.98094e-20)
(0.246755 0.0087935 5.22641e-21)
(0.443236 0.0402281 6.85836e-20)
(0.648422 0.0835633 2.50898e-21)
(0.844778 0.132299 5.16025e-20)
(1.01579 0.179488 3.9761e-20)
(1.15047 0.219258 3.29253e-20)
(1.24547 0.248329 1.41106e-20)
(1.30426 0.26613 8.07751e-20)
(1.3344 0.274062 8.6468e-21)
(1.34457 0.274479 7.97501e-22)
(1.34246 0.269809 -1.82945e-20)
(1.33379 0.262035 -1.49472e-20)
(1.3222 0.252537 4.61804e-20)
(1.30973 0.242158 -3.15857e-20)
(1.29737 0.231363 5.42135e-20)
(1.28553 0.220397 -5.84442e-21)
(1.27431 0.209389 1.93623e-20)
(1.26373 0.198422 -6.17383e-21)
(1.25374 0.187553 -2.20842e-20)
(0.0815237 0.000527445 -1.46099e-20)
(0.268134 0.0151046 3.36989e-20)
(0.474309 0.0516673 -4.82099e-20)
(0.684694 0.0995519 -2.31671e-20)
(0.88122 0.15138 -5.34254e-20)
(1.04794 0.199792 1.47599e-20)
(1.17542 0.239077 -7.55121e-22)
(1.26225 0.266501 1.68047e-20)
(1.31348 0.282139 -1.0478e-20)
(1.33759 0.28791 -1.5085e-20)
(1.34351 0.286462 6.05316e-20)
(1.33873 0.280316 2.87601e-20)
(1.32852 0.27142 -2.44219e-20)
(1.31614 0.261066 -7.46953e-21)
(1.3033 0.250012 -4.0815e-20)
(1.2908 0.238661 1.41981e-20)
(1.27891 0.227218 1.44764e-20)
(1.26772 0.215795 3.84564e-20)
(1.2572 0.204462 4.16094e-20)
(1.24731 0.19327 2.91432e-20)
(0.0898483 0.00269764 1.12779e-20)
(0.289615 0.0224206 -9.13962e-21)
(0.504942 0.064404 4.44194e-21)
(0.71967 0.116824 -1.73795e-20)
(0.915457 0.171483 1.28807e-20)
(1.07722 0.220744 6.83165e-21)
(1.19726 0.259189 -5.7234e-21)
(1.27609 0.284721 -1.53607e-20)
(1.32022 0.298075 -3.30895e-21)
(1.33887 0.30166 1.27755e-21)
(1.34107 0.298372 -1.09841e-20)
(1.33402 0.290788 1.27899e-20)
(1.32258 0.280798 1.13573e-21)
(1.30959 0.2696 -1.07525e-20)
(1.29649 0.257869 -4.81407e-22)
(1.2839 0.245951 -2.47658e-21)
(1.27203 0.234018 -9.48276e-21)
(1.26089 0.222165 -7.11484e-21)
(1.25046 0.210451 -1.2315e-20)
(1.24069 0.198922 -1.48396e-20)
(0.0983108 0.0052882 2.58613e-20)
(0.311047 0.0307485 -1.36868e-20)
(0.534917 0.078407 -7.94312e-22)
(0.753121 0.135303 -1.85254e-20)
(0.947321 0.192501 1.79713e-20)
(1.10357 0.242233 2.31996e-21)
(1.21605 0.279508 3.98013e-21)
(1.28713 0.302933 -2.16811e-20)
(1.32464 0.31391 2.66092e-21)
(1.33839 0.315298 -8.2172e-21)
(1.33737 0.310203 -1.17619e-20)
(1.32843 0.301217 1.45663e-20)
(1.316 0.290157 6.06746e-21)
(1.30256 0.278124 -1.1472e-20)
(1.2893 0.265711 3.92169e-21)
(1.27669 0.253215 -9.28022e-21)
(1.26486 0.24078 -5.33919e-21)
(1.25382 0.228482 -1.0655e-20)
(1.24351 0.216375 -1.32877e-20)
(1.23388 0.204498 -9.82926e-21)
(0.106855 0.00830944 -2.09265e-20)
(0.332278 0.0400841 1.10405e-20)
(0.564024 0.0936307 -8.84663e-21)
(0.784839 0.154898 -5.04878e-20)
(0.976676 0.214322 -4.68054e-20)
(1.12697 0.264151 1.41966e-20)
(1.23186 0.299951 1.25086e-20)
(1.29552 0.321084 9.11644e-21)
(1.32692 0.329614 -1.38891e-20)
(1.33629 0.328812 5.68154e-21)
(1.3325 0.321944 3.41403e-20)
(1.32202 0.311592 3.73157e-20)
(1.30883 0.299483 -4.54821e-20)
(1.29508 0.286619 3.92393e-21)
(1.28173 0.27352 -1.90834e-20)
(1.26916 0.260435 -7.22584e-21)
(1.25742 0.247484 1.96426e-20)
(1.2465 0.23473 1.94696e-20)
(1.23634 0.222218 3.62372e-20)
(1.22688 0.209982 3.86663e-20)
(0.115422 0.0117671 -2.51182e-20)
(0.353156 0.0504111 -4.33334e-20)
(0.592062 0.110015 1.1774e-19)
(0.814639 0.17551 -2.48728e-20)
(1.00341 0.236828 8.67147e-20)
(1.14741 0.286393 7.14676e-21)
(1.24478 0.320438 7.50754e-21)
(1.30139 0.339125 7.88062e-20)
(1.3272 0.34516 4.1687e-20)
(1.3327 0.342184 5.6374e-21)
(1.32657 0.333581 7.97557e-21)
(1.31483 0.321897 -5.34473e-20)
(1.30107 0.308755 2.64595e-20)
(1.28713 0.295064 1.16985e-20)
(1.27379 0.281272 1.44683e-20)
(1.26129 0.26759 1.53091e-20)
(1.24969 0.254112 -2.32496e-21)
(1.23892 0.240892 1.59774e-20)
(1.22893 0.227965 -4.27666e-21)
(1.21967 0.21536 -2.27301e-20)
(0.123951 0.015662 1.16762e-19)
(0.373531 0.061702 -5.67538e-20)
(0.618841 0.127489 -6.06076e-20)
(0.842359 0.19703 2.2916e-19)
(1.02745 0.259898 5.20128e-20)
(1.16491 0.308852 -5.51464e-20)
(1.25491 0.340892 5.14331e-20)
(1.30489 0.357006 -1.16543e-20)
(1.32562 0.360519 -2.0712e-20)
(1.32774 0.355395 -2.1236e-20)
(1.31964 0.345098 2.45292e-20)
(1.30691 0.332111 7.8201e-21)
(1.29276 0.317953 2.57575e-20)
(1.27873 0.303436 -1.1541e-21)
(1.26545 0.288947 3.09001e-20)
(1.2531 0.274657 -1.81757e-20)
(1.24166 0.260644 -2.57866e-20)
(1.23108 0.246948 6.52705e-21)
(1.2213 0.233599 -3.90045e-20)
(1.21225 0.22062 1.64738e-20)
(1.20385 0.208032 2.1387e-21)
(0.132381 0.0199899 -8.0664e-20)
(0.393256 0.0739175 1.23533e-19)
(0.644187 0.145966 -1.54451e-19)
(0.86786 0.21934 -1.67854e-19)
(1.04874 0.283412 -2.08931e-19)
(1.17952 0.331425 -1.57012e-19)
(1.26237 0.361238 9.43217e-20)
(1.30614 0.37468 -2.61395e-20)
(1.32229 0.37566 8.37382e-20)
(1.32148 0.368422 5.23012e-20)
(1.31177 0.356472 -8.0465e-20)
(1.2983 0.342212 -4.02328e-20)
(1.2839 0.327052 -4.66343e-21)
(1.26988 0.311711 -4.89485e-21)
(1.25673 0.296519 4.2131e-21)
(1.24456 0.281616 6.40057e-21)
(1.23333 0.267059 2.33322e-20)
(1.22297 0.252882 -7.73305e-20)
(1.21342 0.239105 2.4203e-20)
(1.20462 0.225745 3.32991e-20)
(1.19647 0.212823 -6.64598e-20)
(0.140651 0.0247418 1.37662e-19)
(0.412192 0.0870079 4.36262e-20)
(0.667941 0.165353 9.33775e-20)
(0.891026 0.242318 1.61897e-19)
(1.06724 0.307246 7.66002e-20)
(1.19129 0.35401 -2.05347e-20)
(1.26724 0.381403 1.08264e-19)
(1.30527 0.392098 1.27269e-19)
(1.31734 0.390552 -1.22132e-19)
(1.31403 0.38124 -1.22516e-19)
(1.30301 0.367679 1.44067e-19)
(1.28901 0.352175 4.03989e-20)
(1.2745 0.336024 -2.55883e-20)
(1.26058 0.319862 3.68978e-20)
(1.24762 0.303965 2.64646e-21)
(1.23568 0.288442 -3.28793e-20)
(1.22469 0.273337 3.53367e-20)
(1.2146 0.258673 4.84836e-20)
(1.20531 0.244464 -4.99066e-20)
(1.19678 0.230722 -3.19014e-20)
(1.1889 0.217463 4.16231e-20)
(0.148698 0.0299033 -2.55767e-19)
(0.430205 0.100913 -8.03024e-20)
(0.689959 0.185544 6.23688e-20)
(0.911765 0.265836 4.50509e-20)
(1.08295 0.331277 -1.79475e-20)
(1.20027 0.376509 -6.77904e-21)
(1.26966 0.401319 -1.1448e-19)
(1.30241 0.409214 -2.03704e-19)
(1.31087 0.40516 4.04392e-20)
(1.30545 0.393821 1.43704e-19)
(1.29341 0.378692 -1.96023e-19)
(1.27906 0.36197 -1.42132e-19)
(1.26457 0.344842 -9.62294e-20)
(1.25083 0.327862 5.77301e-20)
(1.23812 0.311257 -9.3418e-20)
(1.22645 0.295112 -3.06137e-20)
(1.21575 0.279456 -8.03864e-20)
(1.20595 0.264304 -2.0234e-20)
(1.19695 0.249661 3.56205e-20)
(1.18872 0.235535 -7.12337e-20)
(1.18114 0.221939 -3.53792e-21)
(0.156465 0.0354555 1.66552e-19)
(0.44717 0.115563 1.22621e-19)
(0.710118 0.206427 -5.90072e-21)
(0.930007 0.289764 2.19551e-19)
(1.09587 0.355383 -1.01273e-19)
(1.20655 0.398825 -2.81032e-20)
(1.26972 0.420914 -3.20143e-20)
(1.29766 0.425981 -1.19711e-20)
(1.30296 0.419451 -4.47352e-20)
(1.29579 0.406135 7.19465e-21)
(1.283 0.38948 8.25315e-20)
(1.26848 0.371568 8.00086e-21)
(1.25412 0.353476 8.23612e-20)
(1.24063 0.335682 -1.05829e-19)
(1.22823 0.31837 9.95982e-20)
(1.21688 0.301602 5.26819e-20)
(1.20651 0.285395 5.8058e-21)
(1.19702 0.269755 -1.58805e-20)
(0.163893 0.0413745 -3.86188e-19)
(0.462975 0.130881 -1.77227e-20)
(0.72831 0.227884 -2.06847e-19)
(0.9457 0.313967 -3.44037e-19)
(1.10603 0.379443 5.83881e-21)
(1.21021 0.420862 1.222e-19)
(1.26754 0.440122 -7.33929e-20)
(1.29112 0.442349 2.14344e-19)
(1.2937 0.433386 6.2088e-20)
(1.28513 0.418146 -1.38166e-20)
(1.27182 0.40001 -9.46937e-20)
(1.25729 0.380935 1.80078e-19)
(1.24315 0.361893 9.10797e-20)
(1.22999 0.343291 1.89841e-20)
(1.21794 0.325276 -1.43607e-20)
(0.170927 0.0476322 2.53054e-19)
(0.477514 0.14678 -1.79701e-19)
(0.744446 0.249789 4.15883e-19)
(0.958815 0.338313 7.88554e-20)
(1.11346 0.403337 1.12991e-20)
(1.21133 0.442527 -1.30194e-19)
(1.26321 0.458875 -3.2734e-20)
(1.28291 0.458271 -5.84368e-20)
(1.28316 0.446926 2.10868e-19)
(1.2735 0.429821 -1.49106e-19)
(1.25989 0.410248 2.06794e-19)
(1.24548 0.390038 -7.66078e-20)
(0.177516 0.0541962 1.03324e-19)
(0.490696 0.163168 1.14239e-19)
(0.758455 0.272015 -4.87537e-19)
(0.96934 0.362666 -2.08512e-19)
(1.11821 0.42695 5.62995e-20)
(1.21001 0.463732 -3.07849e-20)
(1.25686 0.477109 3.27098e-19)
(1.2731 0.473698 -2.98377e-19)
(1.27142 0.46003 -2.78017e-19)
(1.26096 0.441121 -9.84943e-20)
(0.183613 0.0610305 5.49935e-20)
(0.502442 0.179948 1.78144e-19)
(0.770284 0.294429 1.11796e-19)
(0.977279 0.386891 1.57686e-19)
(1.12035 0.450164 6.62722e-20)
(1.20635 0.484388 1.95084e-19)
(1.24857 0.494759 -2.43777e-19)
(1.2618 0.48858 1.67353e-19)
(0.189175 0.0680955 -9.02811e-20)
(0.512685 0.197018 8.17019e-20)
(0.779896 0.316899 1.27511e-19)
(0.982652 0.410857 1.98785e-20)
(1.11996 0.472871 -2.89122e-20)
(1.20044 0.50441 8.779e-20)
(0.194161 0.0753489 -3.02837e-20)
(0.521371 0.214271 -3.42452e-19)
(0.787271 0.339291 -3.11114e-19)
(0.985494 0.434434 -7.0372e-22)
(1.1171 0.49496 4.34527e-20)
(0.19854 0.0827453 -2.41284e-19)
(0.528458 0.231599 2.42328e-19)
(0.792404 0.361473 -1.18235e-19)
(0.202282 0.0902379 2.74402e-20)
(-0.000479893 0.0171336 1.28081e-20)
(-0.00364632 0.0507094 -8.84345e-21)
(-0.0104892 0.0830924 2.87791e-21)
(-0.0196664 0.112823 -1.27809e-20)
(-0.0307238 0.139041 -1.42643e-20)
(-0.0432428 0.161548 4.6702e-21)
(-0.0567792 0.180716 3.36981e-21)
(-0.0709069 0.197333 -2.38767e-20)
(-0.0247808 0.156769 -6.99729e-22)
(0.00756376 0.0833093 2.52252e-21)
(0.0410957 0.00119139 -3.23502e-22)
(0.0761364 -0.0877852 5.82424e-21)
(0.111988 -0.180877 -1.77466e-21)
(0.148585 -0.274823 -9.72449e-21)
(0.185554 -0.36571 3.6669e-21)
(0.0327684 0.139549 -1.11121e-20)
(0.0659611 0.0657131 4.07059e-21)
(0.100173 -0.0169404 -2.95238e-21)
(0.135239 -0.106224 -5.44543e-22)
(0.170631 -0.19956 3.4147e-21)
(0.206309 -0.293692 -4.40246e-21)
(0.241935 -0.384517 -5.29974e-21)
(0.0931178 0.122527 1.09935e-20)
(0.127078 0.0488075 -2.48701e-20)
(0.161785 -0.0339173 1.45073e-20)
(0.196854 -0.123177 -1.70919e-20)
(0.231783 -0.216528 2.2058e-20)
(0.266556 -0.310674 -1.96317e-20)
(0.300821 -0.401321 -4.61685e-22)
(0.155396 0.105906 1.1508e-20)
(0.190062 0.0326132 9.75562e-21)
(0.225136 -0.0497455 -8.38433e-20)
(0.260235 -0.138672 3.0848e-20)
(0.294772 -0.231799 4.48567e-20)
(0.328726 -0.325773 -1.16617e-20)
(0.361677 -0.416101 -3.84588e-20)
(0.392665 -0.497671 1.36441e-20)
(0.218783 0.0898531 -9.57495e-21)
(0.254109 0.0170647 -7.86438e-20)
(0.289489 -0.0644602 3.0643e-20)
(0.324667 -0.152759 -9.45067e-21)
(0.358942 -0.245436 1.34311e-20)
(0.392221 -0.339039 -2.7885e-20)
(0.423958 -0.428872 6.1834e-21)
(0.453028 -0.509572 3.24877e-20)
(0.282411 0.0745101 3.16157e-20)
(0.318447 0.00247539 -1.33946e-20)
(0.354206 -0.0780585 2.58868e-20)
(0.389504 -0.165521 -4.35363e-20)
(0.42369 -0.257537 2.39669e-21)
(0.456487 -0.35056 2.4155e-20)
(0.487143 -0.439679 2.20291e-23)
(0.514325 -0.519307 -1.75927e-20)
(0.345624 0.0599175 -1.70158e-20)
(0.382361 -0.0111538 9.23169e-20)
(0.418538 -0.0906478 -9.21981e-20)
(0.454173 -0.177089 4.19684e-21)
(0.488508 -0.268242 2.91293e-20)
(0.521041 -0.360449 -1.42742e-19)
(0.550753 -0.448592 1.38079e-19)
(0.576073 -0.526892 -3.39549e-20)
(0.407647 0.0459189 -1.12435e-19)
(0.445234 -0.0241868 -1.26376e-19)
(0.482064 -0.102403 1.05772e-19)
(0.518281 -0.187637 1.49979e-20)
(0.55302 -0.277715 -7.51034e-20)
(0.585497 -0.368835 6.42933e-21)
(0.614365 -0.455681 3.16713e-20)
(0.63781 -0.532348 2.14382e-20)
(0.467968 0.0322395 2.32801e-20)
(0.50668 -0.036702 -6.70915e-20)
(0.544524 -0.113502 -5.83885e-20)
(0.581615 -0.197371 8.73311e-20)
(0.617 -0.286137 -5.15691e-20)
(0.64957 -0.375843 1.19129e-19)
(0.677615 -0.461014 -3.55934e-20)
(0.6991 -0.535692 -4.9852e-20)
(0.526454 0.0184256 1.58865e-20)
(0.566672 -0.0489177 -2.59661e-21)
(0.605917 -0.124166 -2.96171e-20)
(0.644169 -0.206501 -5.78028e-20)
(0.680371 -0.293673 -1.5714e-20)
(0.713061 -0.381575 1.95131e-19)
(0.740177 -0.464631 -1.1022e-19)
(0.759521 -0.536928 -3.03338e-20)
(0.583481 0.00465724 1.19026e-19)
(0.625654 -0.060945 1.36122e-21)
(0.666538 -0.134606 -6.10538e-20)
(0.706132 -0.215197 9.182e-20)
(0.743161 -0.300429 -1.70405e-19)
(0.775814 -0.386074 1.26992e-19)
(0.801732 -0.466535 -1.56667e-19)
(0.818647 -0.53605 1.58586e-19)
(0.639987 -0.00894704 -2.10203e-19)
(0.684162 -0.0730596 6.85215e-20)
(0.726868 -0.145004 -1.03443e-19)
(0.767809 -0.223555 7.69349e-20)
(0.805432 -0.306429 -7.12972e-21)
(0.83766 -0.38931 2.26851e-20)
(0.861936 -0.466678 1.09231e-19)
(0.876037 -0.533028 -7.68737e-20)
(0.697239 -0.0231129 -5.65111e-20)
(0.743118 -0.0855412 -4.13123e-20)
(0.787564 -0.155423 5.28377e-20)
(0.829512 -0.231546 -1.29801e-19)
(0.867184 -0.311578 1.68609e-19)
(0.898351 -0.391165 -1.9677e-19)
(0.920384 -0.464965 3.07247e-20)
(0.93122 -0.527825 1.10249e-19)
(0.756655 -0.0379475 5.41186e-20)
(0.803621 -0.0983004 1.93893e-19)
(0.849184 -0.165731 -1.87622e-19)
(0.891387 -0.238972 1.55897e-19)
(0.928245 -0.315654 -9.53057e-20)
(0.957501 -0.391442 -7.3516e-20)
(0.976584 -0.461268 -1.93251e-21)
(0.983698 -0.520403 -1.29394e-20)
(0.978516 -0.565366 7.07023e-20)
(0.819354 -0.0529396 -1.9891e-19)
(0.866326 -0.111021 4.60521e-20)
(0.911925 -0.175583 2.40034e-19)
(0.953254 -0.245475 -1.69424e-19)
(0.988179 -0.318331 5.76438e-20)
(1.01455 -0.389893 -1.14126e-19)
(1.02996 -0.455456 1.9078e-19)
(1.03296 -0.510751 -1.80476e-20)
(1.02357 -0.552682 -1.79571e-19)
(0.885703 -0.06752 -7.06037e-20)
(0.931209 -0.123155 -7.32839e-21)
(0.975419 -0.184438 8.42308e-20)
(1.01449 -0.250572 -1.57009e-19)
(1.04625 -0.319223 1.46016e-19)
(1.06876 -0.386268 -2.32456e-19)
(1.07989 -0.447426 2.27886e-19)
(1.0785 -0.498901 -1.30514e-19)
(1.06495 -0.53795 -5.27964e-20)
(0.954979 -0.0809714 -3.16891e-19)
(0.997377 -0.133977 3.09749e-19)
(1.03863 -0.191651 5.54986e-20)
(1.07402 -0.253746 -2.10744e-19)
(1.10146 -0.317962 -1.79611e-19)
(1.11932 -0.380368 7.8512e-20)
(1.12573 -0.437144 1.25342e-19)
(1.11988 -0.484951 -1.25957e-19)
(1.10238 -0.521352 -1.73355e-20)
(1.02532 -0.0924963 8.93231e-20)
(1.0631 -0.142714 1.45406e-20)
(1.09997 -0.1966 1.23576e-19)
(1.13044 -0.254543 -2.63607e-21)
(1.15269 -0.314272 -9.58397e-20)
(1.16537 -0.372097 -1.95622e-19)
(1.16692 -0.424671 -1.65056e-20)
(1.15676 -0.469071 1.34949e-19)
(1.13567 -0.503117 -6.44422e-21)
(1.09402 -0.101345 -2.85775e-20)
(1.12608 -0.14872 -1.57736e-19)
(1.15749 -0.198815 1.78941e-19)
(1.18225 -0.252668 -4.74393e-20)
(1.19883 -0.308033 3.01857e-21)
(1.2062 -0.361494 -1.29996e-19)
(1.20303 -0.41017 9.78093e-20)
(1.18894 -0.451502 -1.21116e-20)
(1.16474 -0.483518 5.40487e-20)
(1.13198 -0.505213 -3.57017e-20)
(1.15808 -0.107073 3.24892e-19)
(1.18387 -0.151643 -8.8335e-20)
(1.20932 -0.198075 1.51498e-19)
(1.22809 -0.248051 -1.43295e-19)
(1.239 -0.299312 9.60183e-20)
(1.2413 -0.348745 -5.40646e-20)
(1.23383 -0.393907 -3.86732e-20)
(1.21636 -0.432543 -1.3255e-19)
(1.18965 -0.462854 3.17419e-20)
(1.15513 -0.483861 9.50541e-20)
(1.21483 -0.109636 -1.57967e-20)
(1.23443 -0.151449 1.12854e-19)
(1.25399 -0.194443 -2.07918e-19)
(1.26699 -0.240849 -2.98439e-20)
(1.27266 -0.288351 3.7809e-19)
(1.27045 -0.334157 -7.76317e-20)
(1.25933 -0.376217 -2.74074e-20)
(1.23913 -0.412528 -1.40838e-19)
(1.21056 -0.441435 -7.92505e-20)
(1.17487 -0.461981 1.79569e-19)
(1.26245 -0.109284 -3.05155e-20)
(1.27647 -0.148387 1.07421e-19)
(1.29064 -0.188224 -3.84406e-20)
(1.29851 -0.231411 2.66722e-20)
(1.29969 -0.275529 1.91447e-20)
(1.29374 -0.318121 -1.57076e-19)
(1.27973 -0.357476 -3.48122e-22)
(1.25751 -0.3918 7.01099e-20)
(1.2277 -0.41956 1.30644e-20)
(1.19143 -0.439832 3.96307e-20)
(1.3002 -0.10647 -9.29595e-20)
(1.30954 -0.14291 2.08446e-19)
(1.31913 -0.179897 -5.63358e-20)
(1.32276 -0.220205 3.32356e-20)
(1.32034 -0.261297 -9.33739e-20)
(1.31151 -0.30106 2.7179e-19)
(1.29538 -0.338064 -8.82976e-20)
(1.27183 -0.370685 -1.32827e-19)
(1.2414 -0.397513 -5.98534e-20)
(1.20507 -0.417655 4.31162e-20)
(1.16426 -0.430771 4.85491e-20)
(1.32833 -0.101747 -1.60457e-19)
(1.33403 -0.135568 1.67868e-19)
(1.33993 -0.170006 -2.12535e-19)
(1.34027 -0.207738 2.00119e-19)
(1.33519 -0.246119 1.03662e-20)
(1.3243 -0.283385 -1.41411e-21)
(1.30677 -0.318334 -1.18908e-19)
(1.28252 -0.349485 1.43334e-19)
(1.252 -0.375548 7.77835e-20)
(1.21611 -0.395671 -1.85033e-19)
(1.17614 -0.409469 5.88912e-20)
(1.34786 -0.0956674 4.34312e-20)
(1.3509 -0.126913 1.3497e-19)
(1.35395 -0.159084 -1.80545e-19)
(1.35187 -0.194485 -3.95964e-20)
(1.34496 -0.230414 -8.57266e-20)
(1.33273 -0.265457 9.97514e-20)
(1.31444 -0.298588 -6.56999e-20)
(1.29002 -0.328456 -1.37183e-20)
(1.2599 -0.353887 1.16647e-19)
(1.22489 -0.374072 -6.80333e-20)
(1.18614 -0.388585 8.3107e-20)
(1.36023 -0.0887151 -7.30231e-20)
(1.36142 -0.117424 1.83217e-19)
(1.36228 -0.147577 8.75525e-21)
(1.3585 -0.180826 8.52578e-20)
(1.35042 -0.214506 -7.08665e-20)
(1.33744 -0.247544 -1.67384e-19)
(1.3189 -0.27904 1.93742e-19)
(1.29479 -0.30777 -7.35096e-20)
(1.26549 -0.332668 -3.62536e-20)
(1.23174 -0.352961 1.54594e-19)
(1.19457 -0.368189 -1.19602e-19)
(1.15516 -0.3782 1.70353e-20)
(1.36698 -0.0812579 -1.11073e-20)
(1.36689 -0.107477 2.85903e-19)
(1.36603 -0.135836 -2.25918e-19)
(1.36107 -0.167069 1.75649e-19)
(1.35231 -0.198674 -1.37987e-20)
(1.33904 -0.229885 -1.2955e-19)
(1.32069 -0.259892 1.77908e-19)
(1.29729 -0.28759 -6.65315e-20)
(1.26918 -0.312014 -5.65416e-20)
(1.23702 -0.332421 3.73031e-20)
(1.20171 -0.348319 9.51193e-20)
(1.16427 -0.359466 -1.0638e-19)
(1.3695 -0.0735588 -5.69421e-20)
(1.36843 -0.097424 -1.56899e-19)
(1.36612 -0.12424 -1.56325e-20)
(1.36035 -0.153612 -9.80366e-21)
(1.35127 -0.183349 6.36573e-20)
(1.33811 -0.212931 1.17121e-19)
(1.32034 -0.241609 -1.62232e-19)
(1.298 -0.268401 8.30864e-20)
(1.2714 -0.292429 8.52848e-20)
(1.24111 -0.312978 -4.96426e-20)
(1.20786 -0.329523 -1.16066e-19)
(1.17253 -0.341745 9.90659e-20)
(1.36875 -0.0658722 3.94352e-20)
(1.36681 -0.0874326 2.94157e-20)
(1.36322 -0.11283 4.4901e-20)
(1.35693 -0.140441 -3.49247e-20)
(1.34787 -0.168514 -4.21916e-20)
(1.33517 -0.196697 1.48672e-19)
(1.31834 -0.224294 -7.04994e-20)
(1.29738 -0.250426 7.06112e-20)
(1.27255 -0.274274 -5.06579e-20)
(1.24431 -0.29513 -1.39137e-19)
(1.21327 -0.312433 6.27723e-20)
(1.18013 -0.325787 1.95071e-20)
(1.36515 -0.0575406 -1.87803e-19)
(1.36264 -0.0764202 1.71122e-19)
(1.35798 -0.100011 1.48668e-19)
(1.35144 -0.125644 -1.2741e-19)
(1.3427 -0.152051 -4.6408e-20)
(1.33075 -0.178858 2.679e-20)
(1.31512 -0.205381 3.44353e-20)
(1.29576 -0.230827 -1.36233e-19)
(1.27286 -0.254426 4.19737e-20)
(1.24679 -0.275479 5.55253e-20)
(1.21801 -0.293397 6.46788e-21)
(1.18707 -0.307727 -7.90211e-21)
(1.15455 -0.318159 -3.23618e-20)
(1.35865 -0.0465813 0)
(1.35683 -0.0666764 0)
(1.35122 -0.0885954 0)
(1.34455 -0.112161 0)
(1.33628 -0.136462 0)
(1.32531 -0.160847 0)
(1.31109 -0.184853 0)
(1.29354 -0.207998 0)
(1.27279 -0.229703 0)
(1.24907 -0.249369 0)
(1.22272 -0.266451 0)
(1.19414 -0.280505 0)
(1.16378 -0.29119 0)
(1.34643 -0.0459367 0)
(1.34629 -0.0666206 0)
(1.3404 -0.0874575 0)
(1.3333 -0.109499 0)
(1.32507 -0.132267 0)
(1.3145 -0.155078 0)
(1.30093 -0.177451 0)
(1.28429 -0.198944 0)
(1.26472 -0.219041 0)
(1.24242 -0.237194 0)
(1.21765 -0.252902 0)
(1.19076 -0.265752 0)
(1.16217 -0.275432 0)
(1.33361 -0.0446103 0)
(1.334 -0.0648741 0)
(1.32808 -0.0849274 0)
(1.32068 -0.105562 0)
(1.31242 -0.126728 0)
(1.30215 -0.147895 0)
(1.28915 -0.168574 0)
(1.27332 -0.188349 0)
(1.25483 -0.206786 0)
(1.23384 -0.223424 0)
(1.2106 -0.23783 0)
(1.18539 -0.24964 0)
(1.15858 -0.258568 0)
(1.32447 0.0030161 1.14882e-19)
(1.33097 -0.00402139 3.77121e-20)
(1.3189 -0.00605615 2.27669e-19)
(1.33757 -0.0117784 5.08766e-20)
(1.32498 -0.0136672 -3.47872e-19)
(1.34433 -0.0191 1.91606e-20)
(1.33104 -0.0208895 -1.78996e-19)
(1.31813 -0.022091 1.42662e-19)
(1.35135 -0.028615 -2.23281e-19)
(1.33831 -0.0295865 1.35644e-19)
(1.32564 -0.030264 -1.29091e-19)
)
;

boundaryField
{
    inlet
    {
        type            uniformFixedValue;
        uniformValue    constant (1 0 0);
        value           nonuniform 0();
    }
    outlet
    {
        type            pressureInletOutletVelocity;
        value           nonuniform 0();
    }
    cylinder
    {
        type            fixedValue;
        value           uniform (0 0 0);
    }
    top
    {
        type            symmetryPlane;
    }
    bottom
    {
        type            symmetryPlane;
    }
    defaultFaces
    {
        type            empty;
    }
    procBoundary9to5
    {
        type            processor;
        value           nonuniform List<vector> 
33
(
(-0.0852235 0.212371 -3.85184e-21)
(-0.0993667 0.226767 3.26286e-21)
(-0.113028 0.241249 1.2012e-20)
(-0.125954 0.256248 1.59003e-20)
(-0.137929 0.271881 -1.32182e-21)
(-0.148758 0.287981 -1.18369e-20)
(-0.158236 0.304138 1.18825e-21)
(-0.166126 0.31972 -1.96554e-20)
(-0.172142 0.333882 1.8038e-20)
(-0.175939 0.345556 2.00796e-20)
(-0.177107 0.353436 -1.19156e-20)
(-0.175184 0.355991 3.26411e-20)
(-0.169681 0.351513 6.43179e-22)
(-0.160142 0.33823 -1.29283e-22)
(-0.146208 0.314547 -7.55277e-21)
(-0.127518 0.279282 1.15262e-20)
(-0.104033 0.231723 2.06765e-20)
(-0.000204775 0.0156316 9.3945e-21)
(-0.00312173 0.0469719 2.03364e-20)
(-0.0101988 0.0776545 -7.54266e-21)
(-0.0198769 0.106079 -3.46712e-20)
(-0.0316238 0.13132 1.51614e-20)
(-0.0449585 0.15314 -2.2788e-20)
(-0.0593857 0.17189 9.08295e-22)
(-0.0744474 0.188332 -4.23775e-21)
(-0.0852235 0.212371 -3.85184e-21)
(-0.0785179 0.17397 6.5387e-22)
(-0.0471942 0.101502 -2.41715e-21)
(-0.014608 0.0203526 3.13771e-22)
(0.0203045 -0.0678521 -5.55612e-21)
(0.0565205 -0.160483 1.69354e-21)
(0.0939567 -0.254109 9.24339e-21)
(0.132175 -0.344984 -3.49446e-21)
)
;
    }
    procBoundary9to6
    {
        type            processor;
        value           uniform (0.222171 -0.449114 -5.57964e-21);
    }
    procBoundary9to8
    {
        type            processor;
        value           nonuniform List<vector> 
29
(
(1.18836 0.254679 -5.25826e-21)
(1.18044 0.240169 -3.22149e-20)
(1.20696 0.307888 1.15833e-20)
(1.19695 0.291131 -5.73786e-20)
(1.18836 0.254679 -5.25826e-21)
(1.18783 0.275005 -8.10235e-20)
(1.23166 0.370062 1.39709e-19)
(1.2189 0.350661 1.88434e-20)
(1.20696 0.307888 1.15833e-20)
(1.20727 0.331948 4.00126e-20)
(1.24724 0.420156 -8.69556e-20)
(1.23166 0.370062 1.39709e-19)
(1.23309 0.398842 6.55309e-20)
(1.25854 0.472657 -2.58308e-19)
(1.24724 0.420156 -8.69556e-20)
(1.24754 0.452007 -1.90144e-19)
(1.23846 0.511761 -5.98556e-20)
(1.25854 0.472657 -2.58308e-19)
(1.24908 0.502867 2.22943e-19)
(1.23846 0.511761 -5.98556e-20)
(1.19239 0.523715 -8.40583e-20)
(0.985852 0.457495 -2.78202e-19)
(1.19239 0.523715 -8.40583e-20)
(1.11187 0.516328 2.59313e-19)
(0.533916 0.248894 3.17914e-19)
(0.985852 0.457495 -2.78202e-19)
(0.795306 0.383312 -1.87128e-19)
(0.533916 0.248894 3.17914e-19)
(0.205363 0.097778 2.39585e-19)
)
;
    }
    procBoundary9to10
    {
        type            processor;
        value           nonuniform List<vector> 
38
(
(0.276748 -0.4674 -1.14684e-20)
(0.333738 -0.483605 -6.55645e-21)
(0.333738 -0.483605 -6.55645e-21)
(0.420352 -0.565774 1.90936e-21)
(0.477994 -0.576255 1.29546e-20)
(0.536502 -0.584423 1.22418e-20)
(0.59539 -0.590255 -6.45004e-21)
(0.654178 -0.593739 4.92386e-20)
(0.712393 -0.594864 2.63171e-20)
(0.769565 -0.593629 -6.4858e-20)
(0.825226 -0.590041 1.37271e-19)
(0.878911 -0.584113 4.59856e-20)
(0.930157 -0.575871 9.46902e-20)
(0.930157 -0.575871 9.46902e-20)
(0.96211 -0.59458 4.32419e-20)
(1.00316 -0.579873 -3.82103e-20)
(1.0408 -0.563351 -8.96624e-20)
(1.07486 -0.545231 -2.06551e-19)
(1.10526 -0.525762 -9.95493e-20)
(1.10526 -0.525762 -9.95493e-20)
(1.09267 -0.516556 3.63255e-20)
(1.11465 -0.495433 4.47552e-20)
(1.13376 -0.47395 4.6375e-20)
(1.15022 -0.452329 -1.70997e-19)
(1.15022 -0.452329 -1.70997e-19)
(1.12057 -0.437031 1.35888e-20)
(1.13355 -0.416995 2.55937e-20)
(1.145 -0.397374 1.24017e-19)
(1.145 -0.397374 1.24017e-19)
(1.11466 -0.383091 4.85484e-20)
(1.12567 -0.365836 -1.46684e-20)
(1.13593 -0.349507 -3.38402e-20)
(1.14557 -0.334956 -8.51053e-20)
(1.14557 -0.334956 -8.51053e-20)
(1.121 -0.324525 -7.24825e-20)
(1.13215 -0.298284 0)
(1.13233 -0.281738 0)
(1.13058 -0.264419 0)
)
;
    }
    procBoundary9to12
    {
        type            processor;
        value           nonuniform List<vector> 2((1.1741 0.208869 6.98013e-20) (1.17319 0.226237 -7.02555e-21));
    }
    procBoundary9to13
    {
        type            processor;
        value           nonuniform List<vector> 
58
(
(1.31817 0.00994402 -1.02322e-19)
(1.31205 0.0166048 -3.87517e-20)
(1.31082 0.0288948 5.51202e-19)
(1.30614 0.0231024 1.56777e-19)
(1.31082 0.0288948 5.51202e-19)
(1.30506 0.0354565 -6.03038e-21)
(1.3092 0.0546368 6.91869e-20)
(1.3092 0.0546368 6.91869e-20)
(1.30371 0.0604037 -2.27644e-20)
(1.29831 0.0661272 2.24837e-20)
(1.293 0.071808 1.17272e-19)
(1.29736 0.0857982 1.32047e-19)
(1.29736 0.0857982 1.32047e-19)
(1.29212 0.0914366 -7.67279e-21)
(1.28689 0.0970525 5.59557e-20)
(1.28167 0.102642 -2.54982e-19)
(1.28585 0.117244 1.67582e-20)
(1.28585 0.117244 1.67582e-20)
(1.28055 0.12281 -1.30704e-20)
(1.2752 0.128365 5.05544e-20)
(1.26979 0.133902 -3.00459e-20)
(1.2643 0.139415 -8.14891e-20)
(1.25872 0.144894 -6.67343e-20)
(1.25305 0.150331 8.45277e-20)
(1.24726 0.155719 6.49385e-20)
(1.24134 0.161047 -4.82701e-20)
(1.2443 0.176831 1.76784e-20)
(1.2443 0.176831 1.76784e-20)
(1.23799 0.182262 -7.44873e-21)
(1.23151 0.187617 -1.43862e-21)
(1.22486 0.192884 4.78308e-22)
(1.21804 0.19805 -1.66926e-20)
(1.21103 0.203104 9.00076e-21)
(1.21103 0.203104 9.00076e-21)
(1.19596 0.195865 -3.88863e-20)
(1.18884 0.200358 4.31711e-21)
(1.18156 0.204698 4.36957e-20)
(1.3206 -0.042909 0)
(1.321 -0.0622426 0)
(1.31521 -0.0813853 0)
(1.3077 -0.100705 0)
(1.29944 -0.120346 0)
(1.28948 -0.139952 0)
(1.27705 -0.159066 0)
(1.26203 -0.177294 0)
(1.24457 -0.194262 0)
(1.22487 -0.209581 0)
(1.2031 -0.222868 0)
(1.17953 -0.233792 0)
(1.15447 -0.242085 0)
(1.31817 0.00994402 -1.02322e-19)
(1.313 0.000889919 -1.50006e-20)
(1.313 0.000889919 -1.50006e-20)
(1.30665 -0.00781835 8.46032e-20)
(1.31243 -0.015147 1.15956e-20)
(1.31243 -0.015147 1.15956e-20)
(1.30653 -0.0216938 1.45265e-19)
(1.3136 -0.029751 -2.35168e-19)
)
;
    }
}


// ************************************************************************* //
