/*--------------------------------*- C++ -*----------------------------------*\
  =========                 |
  \\      /  F ield         | OpenFOAM: The Open Source CFD Toolbox
   \\    /   O peration     | Website:  https://openfoam.org
    \\  /    A nd           | Version:  7
     \\/     M anipulation  |
\*---------------------------------------------------------------------------*/
FoamFile
{
    version     2.0;
    format      ascii;
    class       volVectorField;
    location    "25";
    object      U;
}
// * * * * * * * * * * * * * * * * * * * * * * * * * * * * * * * * * * * * * //

dimensions      [0 1 -1 0 0 0 0];

internalField   nonuniform List<vector> 
1987
(
(-0.00052938 0.000523247 -9.80215e-21)
(-0.00327897 0.00131333 6.76714e-21)
(-0.0087756 0.00190201 -2.20375e-21)
(-0.0158825 0.00233018 9.78446e-21)
(-0.0241591 0.00262629 1.09257e-20)
(-0.0332424 0.0028154 -3.57857e-21)
(-0.042814 0.0029195 -2.58548e-21)
(-0.0526262 0.00295738 1.8278e-20)
(-0.0624877 0.00294486 -2.081e-21)
(-0.0722535 0.00289486 2.98785e-21)
(-0.0818161 0.00281757 1.02426e-20)
(-0.0910972 0.0027206 1.00243e-20)
(-0.10004 0.00260929 -6.32576e-21)
(-0.1086 0.00248699 -7.85646e-21)
(-0.116744 0.00235554 -2.68042e-22)
(-0.124441 0.00221577 -1.00128e-20)
(-0.13166 0.00206812 7.77162e-21)
(-0.138373 0.00191345 1.30882e-20)
(-0.144557 0.00175401 -4.88907e-21)
(-0.150198 0.0015946 2.21319e-20)
(-0.155303 0.00144372 1.39998e-21)
(-0.159918 0.00131464 -1.78242e-21)
(-0.164144 0.00122412 3.88791e-21)
(-0.168112 0.00118702 7.90337e-21)
(-0.172069 0.00123008 4.90763e-21)
(-0.000579626 0.00156409 1.00921e-20)
(-0.00339114 0.00392689 5.52167e-21)
(-0.00891023 0.00568836 -5.94435e-21)
(-0.016013 0.00697021 -2.25803e-20)
(-0.0242642 0.00785719 1.66669e-20)
(-0.0333052 0.00842404 -8.15339e-21)
(-0.0428205 0.00873645 4.49188e-22)
(-0.0525647 0.00885057 -1.40179e-20)
(-0.062348 0.00881366 2.92157e-21)
(-0.0720262 0.00866444 1.98397e-21)
(-0.0814925 0.00843342 -4.30073e-20)
(-0.0906688 0.00814344 -7.25856e-22)
(-0.0994978 0.00781048 4.80746e-20)
(-0.107936 0.00744465 -2.41551e-20)
(-0.115948 0.00705147 -4.5723e-21)
(-0.123503 0.00663337 9.93785e-21)
(-0.13057 0.00619161 -2.08588e-20)
(-0.13712 0.00572857 -1.0422e-21)
(-0.143125 0.00525068 2.05569e-20)
(-0.14857 0.00477189 -7.52984e-20)
(-0.153456 0.0043173 -2.3318e-20)
(-0.157822 0.00392652 3.52275e-20)
(-0.161766 0.00365047 1.73518e-20)
(-0.165405 0.00353539 3.08181e-21)
(-0.168973 0.0036629 -6.97759e-21)
(-0.00067923 0.00258888 -2.09171e-20)
(-0.00361371 0.00650322 -5.72376e-22)
(-0.00917756 0.00942448 -2.84148e-20)
(-0.0162721 0.0115523 4.2381e-20)
(-0.0244732 0.0130262 -4.79795e-20)
(-0.0334298 0.0139694 -4.48225e-21)
(-0.042833 0.0144902 -4.35247e-21)
(-0.0524417 0.0146816 7.95479e-21)
(-0.0620689 0.0146219 2.63249e-20)
(-0.0715724 0.0143755 -4.46938e-21)
(-0.0808463 0.0139928 -7.88389e-21)
(-0.0898128 0.0135121 2.83926e-20)
(-0.0984145 0.0129599 -4.99743e-21)
(-0.106608 0.0123532 2.75729e-20)
(-0.114356 0.0117012 -5.57783e-20)
(-0.121627 0.0110077 -2.27873e-20)
(-0.128389 0.0102747 3.67041e-21)
(-0.134609 0.00950536 -7.46212e-20)
(-0.140257 0.00870944 2.03668e-20)
(-0.145309 0.00790875 4.58667e-20)
(-0.149757 0.00714367 -2.89483e-20)
(-0.153627 0.00647942 -6.96016e-20)
(-0.157009 0.00600278 -3.46987e-20)
(-0.159993 0.00579651 -6.47086e-20)
(-0.162779 0.00600094 -3.5376e-20)
(-0.000826455 0.00358731 9.74043e-21)
(-0.00394318 0.00901832 -1.62248e-20)
(-0.00957384 0.0130778 5.1615e-20)
(-0.0166568 0.0160389 -4.12891e-20)
(-0.0247835 0.018093 -1.07497e-20)
(-0.033615 0.0194097 -2.85555e-21)
(-0.0428512 0.0201389 3.37822e-20)
(-0.0522576 0.0204093 2.39474e-20)
(-0.0616515 0.0203294 -4.22928e-20)
(-0.0708934 0.0199888 1.77278e-20)
(-0.0798788 0.019458 1.0833e-21)
(-0.0885306 0.0187902 -7.98565e-20)
(-0.096791 0.0180228 -2.62054e-20)
(-0.104615 0.0171795 2.12419e-21)
(-0.111967 0.0162733 1.74612e-20)
(-0.11881 0.0153095 7.95424e-20)
(-0.125112 0.01429 8.81888e-21)
(-0.130836 0.0132182 7.53035e-20)
(-0.135946 0.0121056 7.51733e-20)
(-0.140408 0.0109797 -9.2698e-21)
(-0.144199 0.00989396 3.37663e-20)
(-0.147328 0.0089375 -1.29124e-20)
(-0.14987 0.00823521 4.28259e-20)
(-0.151879 0.00791492 1.42715e-19)
(-0.153484 0.00818157 2.22752e-20)
(-0.00101877 0.00454963 1.65702e-20)
(-0.00437443 0.0114493 -6.02642e-20)
(-0.0100936 0.0166172 7.77505e-20)
(-0.017162 0.0203935 2.86524e-20)
(-0.0251916 0.0230181 2.24554e-20)
(-0.0338583 0.0247044 2.38799e-20)
(-0.0428741 0.0256417 -1.27011e-19)
(-0.0520126 0.0259928 4.72221e-20)
(-0.0610968 0.0258961 4.91201e-20)
(-0.0699909 0.0254654 -7.2572e-20)
(-0.0785922 0.0247909 7.51392e-20)
(-0.0868241 0.023941 4.10862e-20)
(-0.0946285 0.0229636 5.08116e-20)
(-0.10196 0.0218896 -3.44143e-20)
(-0.108779 0.0207357 -7.63593e-21)
(-0.115049 0.0195085 1.67137e-19)
(-0.120733 0.0182096 -7.21565e-20)
(-0.12579 0.0168414 5.58968e-20)
(-0.130178 0.0154152 -1.35234e-19)
(-0.13385 0.0139615 -5.45306e-20)
(-0.136767 0.0125431 5.16954e-20)
(-0.13891 0.0112702 9.02904e-20)
(-0.140338 0.0103076 1.52996e-20)
(-0.141061 0.00983994 -1.1742e-19)
(-0.141073 0.0101431 -8.23439e-20)
(-0.00125291 0.00546689 -6.51847e-20)
(-0.0049009 0.013775 -2.10371e-20)
(-0.0107296 0.0200133 -4.61194e-20)
(-0.0177815 0.0245816 -4.46281e-20)
(-0.0256925 0.0277639 3.20125e-20)
(-0.0341568 0.029814 -5.7183e-20)
(-0.0429004 0.0309582 -3.7088e-20)
(-0.0517069 0.0313921 -1.84328e-19)
(-0.0604063 0.0312822 8.08431e-21)
(-0.0688671 0.0307661 -1.87425e-21)
(-0.0769888 0.0299534 -1.41292e-19)
(-0.0846954 0.0289272 -4.81829e-20)
(-0.0919283 0.0277464 -5.98534e-20)
(-0.09864 0.0264488 1.15778e-19)
(-0.104789 0.0250552 3.33885e-20)
(-0.110337 0.0235734 -9.11439e-20)
(-0.115242 0.0220045 -1.0167e-19)
(-0.119457 0.0203486 2.81928e-20)
(-0.122932 0.0186148 1.11589e-19)
(-0.12561 0.016833 -2.41386e-20)
(-0.12743 0.0150707 -1.4585e-20)
(-0.128345 0.0134543 -6.87532e-20)
(-0.128387 0.0121882 -8.66632e-20)
(-0.127525 0.0115286 7.08343e-20)
(-0.12551 0.0118259 4.79739e-20)
(-0.00152504 0.00633111 3.38452e-20)
(-0.00551473 0.0159762 3.97842e-20)
(-0.0114734 0.0232391 -3.13697e-20)
(-0.0185076 0.028571 -6.48593e-20)
(-0.0262805 0.0322946 1.00945e-20)
(-0.0345066 0.0347007 7.60723e-20)
(-0.0429281 0.0360497 1.0933e-19)
(-0.0513403 0.0365678 1.49275e-19)
(-0.0595812 0.0364484 2.60327e-20)
(-0.067524 0.035852 3.43825e-20)
(-0.0750709 0.034907 4.17183e-20)
(-0.0821465 0.0337111 1.59678e-19)
(-0.0886911 0.0323341 -9.20659e-21)
(-0.0946551 0.0308212 -2.04788e-19)
(-0.0999945 0.0291972 1.47584e-19)
(-0.104666 0.0274716 5.86672e-20)
(-0.108623 0.0256443 1.85848e-19)
(-0.111815 0.0237125 -7.60285e-20)
(-0.114181 0.0216809 -8.75702e-20)
(-0.115652 0.0195752 2.49767e-19)
(-0.116146 0.0174619 -8.39093e-20)
(-0.115582 0.0154759 -1.28074e-19)
(-0.113962 0.013857 -3.42202e-20)
(-0.111236 0.0129501 -1.07583e-19)
(-0.106724 0.0131725 1.79221e-20)
(-0.0018308 0.00713543 8.4193e-21)
(-0.00620706 0.0180359 -1.6529e-20)
(-0.0123152 0.0262705 3.37164e-21)
(-0.0193316 0.0323322 -1.18118e-19)
(-0.0269486 0.0365771 -9.1646e-20)
(-0.034903 0.0393288 -1.72997e-20)
(-0.0429549 0.0408786 -4.46839e-20)
(-0.0509124 0.0414814 -8.12918e-20)
(-0.0586222 0.0413558 -1.83147e-20)
(-0.0659631 0.0406842 -9.07362e-21)
(-0.0728403 0.039613 -8.60974e-20)
(-0.0791784 0.0382545 3.72237e-20)
(-0.0849164 0.0366892 2.80145e-20)
(-0.0900019 0.0349699 1.50391e-19)
(-0.0943866 0.033126 -3.06843e-21)
(-0.0980225 0.0311686 -9.09723e-20)
(-0.100858 0.0290967 -9.89387e-21)
(-0.102834 0.0269042 3.9319e-20)
(-0.103881 0.0245896 1.61208e-19)
(-0.103919 0.0221706 -1.19711e-19)
(-0.102845 0.0197065 3.15211e-19)
(-0.100543 0.0173313 1.31434e-19)
(-0.0969734 0.0153102 -9.92206e-20)
(-0.0921245 0.0140934 1.91762e-19)
(-0.0845906 0.0141304 1.11248e-19)
(-0.00216552 0.00787426 1.03062e-20)
(-0.00696821 0.0199399 5.22288e-20)
(-0.0132443 0.0290863 1.48078e-19)
(-0.0202436 0.0358386 1.84457e-19)
(-0.0276889 0.0405808 1.09639e-19)
(-0.0353404 0.0436646 -7.69318e-20)
(-0.0429773 0.0454094 1.87287e-19)
(-0.0504214 0.0460959 2.12214e-20)
(-0.0575291 0.0459665 -1.11779e-19)
(-0.0641851 0.0452242 1.22782e-20)
(-0.0702973 0.0440328 2.07198e-19)
(-0.0757905 0.0425186 -2.21344e-19)
(-0.0806015 0.0407731 -1.26327e-19)
(-0.0846741 0.0388568 -2.5655e-20)
(-0.0879548 0.0368039 -2.07051e-19)
(-0.0903889 0.034628 -1.34909e-19)
(-0.0919176 0.0323274 2.39127e-20)
(-0.0924739 0.0298924 -2.80868e-19)
(-0.0919788 0.0273148 2.80904e-20)
(-0.0903377 0.0246014 -1.34347e-19)
(-0.0874333 0.0217978 -1.6634e-19)
(-0.0831118 0.0190272 1.54866e-19)
(-0.0772757 0.0165624 1.74044e-19)
(-0.0700794 0.0149745 -1.35398e-19)
(-0.0589285 0.0146791 1.8621e-19)
(-0.00252432 0.00854333 -1.23937e-19)
(-0.00778803 0.0216766 9.08514e-20)
(-0.0142493 0.0316689 -6.64294e-21)
(-0.0212329 0.0390674 3.63008e-20)
(-0.0284924 0.0442783 3.43459e-20)
(-0.0358119 0.0476774 1.541e-19)
(-0.0429905 0.0496085 -1.11803e-19)
(-0.0498645 0.0503759 -2.08334e-19)
(-0.0563001 0.0502437 1.0434e-19)
(-0.0621885 0.0494342 9.73612e-20)
(-0.06744 0.048128 -3.28611e-19)
(-0.0719793 0.0464649 2.31021e-19)
(-0.0757401 0.044547 3.50651e-19)
(-0.0786611 0.042443 2.38873e-20)
(-0.0806819 0.0401925 -6.18071e-20)
(-0.0817395 0.0378119 1.77372e-19)
(-0.0817655 0.0352997 -8.17841e-20)
(-0.0806828 0.0326434 3.66265e-19)
(-0.0784007 0.0298278 -3.22858e-19)
(-0.0748113 0.0268475 5.86869e-20)
(-0.0697818 0.0237298 -3.04528e-20)
(-0.06313 0.0205774 -9.90294e-20)
(-0.0546549 0.0176391 -9.60306e-20)
(-0.0449047 0.0156 7.90775e-20)
(-0.0295261 0.0149413 2.03344e-20)
(-0.0029023 0.0091398 8.09294e-20)
(-0.00865614 0.0232376 -5.82378e-20)
(-0.0153184 0.034004 4.80805e-20)
(-0.0222882 0.0419991 -1.61989e-19)
(-0.0293493 0.0476456 -3.58063e-20)
(-0.0363097 0.0513392 1.81934e-20)
(-0.0429885 0.0534448 -4.11682e-20)
(-0.0492368 0.0542877 -6.81214e-20)
(-0.0549313 0.0541518 2.14204e-20)
(-0.0599691 0.0532775 -1.13794e-19)
(-0.0642631 0.0518609 2.12137e-19)
(-0.067737 0.0500548 -4.87455e-20)
(-0.0703205 0.0479721 -1.24525e-19)
(-0.0719455 0.0456895 -1.27437e-19)
(-0.0725426 0.0432526 1.68708e-19)
(-0.0720382 0.0406813 9.14069e-20)
(-0.0703515 0.0379755 3.63845e-20)
(-0.0673919 0.035121 -3.05389e-19)
(-0.0630545 0.0320969 3.18234e-19)
(-0.0572161 0.0288858 -1.03956e-19)
(-0.0497273 0.025494 -4.83781e-20)
(-0.0403958 0.0219969 -3.74668e-20)
(-0.0288447 0.0185721 -4.152e-20)
(-0.0162102 0.0158767 1.33823e-19)
(0.00384816 0.0152102 -2.18868e-19)
(-0.00329467 0.00966224 -3.00727e-20)
(-0.00956222 0.0246174 1.29891e-19)
(-0.0164396 0.0360813 -1.857e-19)
(-0.0233976 0.0446182 7.44639e-20)
(-0.0302487 0.0506623 4.10661e-20)
(-0.0368242 0.0546253 -6.22283e-20)
(-0.042963 0.0568899 1.81309e-19)
(-0.048531 0.0578 4.40475e-20)
(-0.0534151 0.0576573 2.06272e-20)
(-0.0575186 0.0567187 1.7796e-19)
(-0.0607563 0.0551947 -7.29223e-20)
(-0.0630498 0.0532509 7.71119e-20)
(-0.0643234 0.0510102 -8.19815e-20)
(-0.0645005 0.0485576 -5.19793e-21)
(-0.0635002 0.0459452 -8.93579e-20)
(-0.061235 0.0431973 -3.09136e-19)
(-0.0576084 0.0403164 6.36677e-20)
(-0.0525119 0.0372882 2.46769e-19)
(-0.0458227 0.0340883 -8.51402e-20)
(-0.0373985 0.0306897 4.11817e-19)
(-0.0270679 0.0270773 -2.28418e-19)
(-0.0146616 0.0232926 -6.52834e-20)
(0.000395309 0.0194393 -1.09677e-19)
(0.0164855 0.0160549 3.39948e-21)
(0.0418495 0.0153007 -9.81262e-20)
(-0.0036969 0.0101106 -9.00016e-20)
(-0.0104962 0.0258134 -1.33901e-19)
(-0.0176007 0.037894 -7.18984e-20)
(-0.0245484 0.046913 6.76001e-20)
(-0.0311784 0.0533119 2.11087e-20)
(-0.0373439 0.0575145 1.21928e-20)
(-0.0429029 0.0599186 4.66076e-20)
(-0.0477359 0.0608841 -2.27048e-19)
(-0.0517397 0.0607288 7.50595e-20)
(-0.0548231 0.0597243 -1.55464e-19)
(-0.0569019 0.0580948 -5.63453e-20)
(-0.0578947 0.0560172 -7.6069e-20)
(-0.0577187 0.0536246 -1.61068e-19)
(-0.0562861 0.0510104 3.31054e-19)
(-0.0535017 0.0482333 1.87775e-19)
(-0.0492605 0.0453229 5.05033e-20)
(-0.0434457 0.0422857 1.57591e-19)
(-0.0359263 0.0391093 -2.28089e-19)
(-0.0265558 0.0357688 -5.62092e-20)
(-0.0151695 0.0322314 -2.67649e-19)
(-0.00156353 0.028465 1.0316e-19)
(0.0143902 0.0244873 2.26851e-19)
(0.0335277 0.0203146 1.03727e-19)
(0.053389 0.0164316 -1.95852e-19)
(0.0852388 0.0150806 2.44755e-19)
(-0.00410489 0.0104862 -3.2051e-20)
(-0.0114487 0.0268261 8.35949e-21)
(-0.0187898 0.0394389 9.10684e-20)
(-0.0257278 0.0488758 1.62555e-19)
(-0.032125 0.0555816 -1.08798e-19)
(-0.037855 0.0599894 1.04895e-19)
(-0.042794 0.0625091 -8.22952e-20)
(-0.046836 0.0635147 3.10923e-19)
(-0.0498872 0.0633379 -2.17936e-19)
(-0.051861 0.0622638 4.68827e-20)
(-0.0526732 0.0605287 2.0229e-19)
(-0.0522376 0.0583205 -2.79025e-20)
(-0.050462 0.0557819 2.17209e-20)
(-0.0472449 0.0530143 -2.69119e-19)
(-0.042473 0.0500835 -2.28073e-19)
(-0.0360196 0.0470255 -8.70441e-21)
(-0.0277426 0.0438518 -2.51219e-19)
(-0.017483 0.0405543 9.19236e-20)
(-0.00506383 0.0371106 -1.28023e-19)
(0.00970605 0.0334876 1.67543e-19)
(0.0270818 0.0296444 -2.26219e-19)
(0.0470916 0.0255887 1.35892e-19)
(0.0710575 0.0212175 -1.13567e-19)
(0.0949569 0.0170167 1.53851e-19)
(0.13463 0.014975 -8.9317e-21)
(-0.00451502 0.0107915 1.75676e-19)
(-0.0124109 0.0276583 4.45426e-20)
(-0.0199953 0.0407165 -1.00843e-19)
(-0.026922 0.0505028 -1.21017e-19)
(-0.0330734 0.0574628 8.16629e-20)
(-0.038341 0.0620362 -2.99369e-19)
(-0.0426175 0.0646433 4.26709e-19)
(-0.0458097 0.0656698 8.29863e-20)
(-0.0478319 0.0654598 1.37552e-19)
(-0.0486011 0.0643101 1.68061e-19)
(-0.0480312 0.062468 1.05911e-19)
(-0.0460291 0.0601317 -7.9355e-20)
(-0.0424904 0.0574526 -2.67174e-21)
(-0.0372965 0.0545405 -3.88028e-20)
(-0.0303122 0.0514687 -1.15847e-19)
(-0.0213839 0.0482799 2.59598e-19)
(-0.010339 0.0449922 5.29292e-19)
(0.00301575 0.0416038 3.15517e-20)
(0.0188944 0.0380982 1.82648e-19)
(0.0375164 0.0344469 -9.50034e-20)
(0.0592179 0.0306096 1.15139e-19)
(0.0838281 0.0265902 -6.7588e-19)
(0.113491 0.0222151 3.21013e-19)
(0.141681 0.0178438 1.98228e-19)
(0.190681 0.0153249 -1.32056e-19)
(-0.00492427 0.01103 -1.05331e-19)
(-0.0133749 0.0283155 -1.81051e-19)
(-0.0212058 0.0417303 1.7367e-19)
(-0.0281168 0.0517938 1.13759e-19)
(-0.0340064 0.0589505 6.11464e-20)
(-0.0387813 0.0636455 2.16486e-19)
(-0.0423493 0.0663073 -2.24651e-19)
(-0.0446281 0.0673318 -2.07145e-19)
(-0.0455389 0.0670737 -1.35972e-19)
(-0.0449999 0.0658404 -3.19222e-19)
(-0.0429214 0.063889 6.1717e-20)
(-0.0392005 0.0614267 -2.51735e-20)
(-0.0337173 0.0586139 4.54932e-19)
(-0.0263319 0.0555681 1.87332e-19)
(-0.0168824 0.0523707 1.34654e-19)
(-0.00518341 0.049072 -4.23153e-20)
(0.00897422 0.0456981 -2.42592e-19)
(0.0258233 0.0422556 -1.96471e-19)
(0.0456217 0.0387368 -2.29895e-19)
(0.0686131 0.0351213 1.64637e-19)
(0.0952559 0.0313827 3.10411e-19)
(0.125029 0.0275078 3.47221e-19)
(0.161354 0.0233846 -3.27339e-19)
(0.194012 0.0189749 1.41025e-19)
(0.253973 0.0164168 1.89346e-19)
(-0.00533028 0.0112063 -2.77281e-19)
(-0.0143336 0.0288052 1.54334e-19)
(-0.0224101 0.0424868 -2.63183e-19)
(-0.0292969 0.0527519 3.23392e-19)
(-0.0349041 0.060044 -3.09048e-19)
(-0.0391514 0.064812 -9.25046e-20)
(-0.041959 0.0674917 -1.72344e-19)
(-0.0432536 0.0684878 9.69107e-20)
(-0.0429611 0.0681643 -1.65916e-19)
(-0.0409989 0.0668377 1.81462e-19)
(-0.0372706 0.0647741 -2.37999e-19)
(-0.0316598 0.0621891 -1.76533e-19)
(-0.0240273 0.0592511 6.13504e-21)
(-0.0142069 0.0560863 -2.70996e-19)
(-0.00200485 0.0527839 5.74038e-21)
(0.0128017 0.0494035 -2.74289e-19)
(0.0304636 0.0459803 -1.68199e-20)
(0.0512576 0.0425312 -2.99204e-19)
(0.0754904 0.0390607 1.0459e-19)
(0.103416 0.0355576 4.55343e-19)
(0.135667 0.0320308 -4.38068e-19)
(0.171159 0.0283923 2.15194e-19)
(0.215155 0.0248393 2.36438e-19)
(0.252339 0.0204711 -1.13466e-19)
(0.324851 0.0185159 4.55799e-20)
(-0.00573131 0.0113253 1.43697e-19)
(-0.0152807 0.0291364 -4.05439e-20)
(-0.0235972 0.0429947 8.92387e-20)
(-0.0304455 0.0533837 -2.60146e-19)
(-0.0357437 0.060746 4.16802e-19)
(-0.0394211 0.0655346 2.71815e-20)
(-0.0414079 0.0681918 3.01259e-19)
(-0.0416374 0.0691303 -1.57154e-19)
(-0.0400374 0.0687221 1.06499e-19)
(-0.0365215 0.0672919 1.401e-19)
(-0.0309826 0.0651137 1.28442e-19)
(-0.0232869 0.0624111 4.06357e-19)
(-0.0132705 0.0593608 -1.02846e-19)
(-0.000735859 0.0560973 -1.03557e-19)
(0.0145485 0.0527192 -8.11101e-20)
(0.0328481 0.0492958 -7.19181e-21)
(0.0544596 0.0458739 -1.70754e-19)
(0.0797051 0.0424825 1.50817e-19)
(0.108942 0.039142 -2.02397e-19)
(0.142408 0.0358462 8.30911e-20)
(0.180963 0.0326782 -1.18061e-19)
(0.222701 0.0293463 1.52165e-20)
(0.275308 0.0267486 -5.53724e-19)
(0.316956 0.0224217 5.90242e-20)
(0.403246 0.0218462 -1.84002e-21)
(-0.00612629 0.0113928 1.91519e-19)
(-0.0162108 0.0293195 -1.29237e-19)
(-0.0247555 0.0432648 -9.10826e-20)
(-0.0315441 0.0536981 -5.50629e-20)
(-0.0364983 0.0610628 -1.80217e-19)
(-0.039554 0.0658165 -3.04082e-19)
(-0.0406483 0.0684082 -9.92611e-20)
(-0.0397184 0.0692577 3.39529e-19)
(-0.0366903 0.0687446 -1.0604e-19)
(-0.0314699 0.0672007 -2.29207e-19)
(-0.0239349 0.0649076 -1.3844e-19)
(-0.013929 0.0620968 -4.15543e-19)
(-0.00125766 0.0589531 -4.527e-19)
(0.0143137 0.0556203 3.40059e-19)
(0.0330597 0.0522073 6.99544e-20)
(0.0552929 0.0487954 5.59098e-20)
(0.0813575 0.0454444 5.84631e-19)
(0.111617 0.0421977 8.89882e-20)
(0.146473 0.0390957 5.61026e-19)
(0.18611 0.036126 -6.72145e-19)
(0.231648 0.0335088 3.14348e-19)
(0.280105 0.03054 -2.84318e-19)
(0.342019 0.0293307 4.45923e-19)
(0.387996 0.0249881 -6.6959e-19)
(0.4885 0.0265712 1.39375e-19)
(-0.00651467 0.0114144 -4.85774e-20)
(-0.0171187 0.0293653 -1.03201e-19)
(-0.025873 0.0433094 -9.50893e-20)
(-0.0325717 0.0537066 3.23824e-20)
(-0.0371363 0.0610039 -5.10203e-20)
(-0.039506 0.0656653 1.92507e-19)
(-0.0396217 0.0681467 -6.89371e-20)
(-0.0374205 0.0688751 -1.45527e-19)
(-0.0328229 0.0682371 -5.96029e-20)
(-0.0257221 0.0665716 3.00285e-21)
(-0.015975 0.0641673 3.82165e-19)
(-0.00339674 0.0612636 -3.35325e-19)
(0.0122438 0.0580546 4.87721e-19)
(0.0312243 0.0546942 -1.4116e-19)
(0.0538669 0.0513036 -2.45754e-19)
(0.0805326 0.0479775 2.03552e-19)
(0.11161 0.0447914 -2.2329e-19)
(0.147492 0.0418047 -3.77343e-19)
(0.188609 0.0390829 -1.40601e-19)
(0.235034 0.036586 1.32217e-19)
(0.288138 0.0347558 2.11151e-19)
(0.343697 0.0322182 4.09688e-19)
(0.415136 0.0328146 2.37855e-20)
(0.465299 0.028421 2.83431e-19)
(0.579208 0.0327775 -9.19875e-20)
(-0.00689632 0.0113957 -2.37923e-20)
(-0.0179997 0.0292849 2.25749e-19)
(-0.0269366 0.0431416 2.33154e-19)
(-0.0335042 0.0534224 -1.04567e-19)
(-0.0376205 0.060582 7.34415e-20)
(-0.0392246 0.0650927 -2.73105e-19)
(-0.0382573 0.0674188 5.43628e-20)
(-0.0346515 0.0679946 4.38953e-20)
(-0.0283173 0.0672139 -1.27985e-19)
(-0.0191292 0.0654227 -3.52502e-20)
(-0.00691745 0.0629171 -4.79024e-19)
(0.00853844 0.0599453 1.52443e-19)
(0.0275121 0.0567114 -2.30081e-20)
(0.0503292 0.0533816 -5.41935e-21)
(0.0773612 0.0500909 -2.21369e-20)
(0.109014 0.0469501 -4.38083e-21)
(0.14571 0.0440523 -1.95554e-20)
(0.187848 0.0414731 2.61846e-19)
(0.235845 0.0393081 -2.32714e-19)
(0.289612 0.0374604 2.11994e-19)
(0.350659 0.0366759 -3.12626e-19)
(0.413553 0.0346904 -1.50644e-19)
(0.49401 0.0373894 4.34613e-20)
(0.548238 0.033023 -2.42886e-19)
(0.673156 0.0404553 -7.93914e-20)
(-0.00727138 0.0113422 -2.25842e-19)
(-0.0188484 0.029089 -2.84475e-20)
(-0.0279313 0.0427746 -2.88006e-19)
(-0.0343139 0.05286 -2.31551e-19)
(-0.0379073 0.0598122 3.06879e-19)
(-0.0386472 0.0641148 2.10304e-19)
(-0.0364705 0.0662419 -9.28636e-20)
(-0.0313009 0.0666363 -8.32095e-20)
(-0.0230322 0.0656993 -6.20147e-20)
(-0.0115138 0.0637846 5.35907e-19)
(0.00345796 0.0611968 2.06222e-19)
(0.0221454 0.0581938 2.91313e-19)
(0.0448702 0.0549918 -1.61214e-20)
(0.072008 0.051771 5.6618e-20)
(0.103977 0.0486827 1.56923e-19)
(0.141217 0.0458557 -3.68119e-19)
(0.184159 0.0434017 5.81641e-19)
(0.233166 0.041411 6.14704e-20)
(0.288584 0.040011 -1.8954e-19)
(0.350093 0.0390188 -2.86133e-19)
(0.419122 0.039517 -1.54707e-19)
(0.489329 0.0382935 3.44878e-19)
(0.577405 0.0431647 -1.13841e-20)
(0.635531 0.0390602 1.80684e-19)
(0.767414 0.0494704 2.17604e-19)
(-0.00764002 0.0112585 1.72258e-19)
(-0.0196592 0.0287876 1.80374e-20)
(-0.0288399 0.0422215 -3.8849e-20)
(-0.0349681 0.0520349 4.08995e-20)
(-0.0379453 0.058712 -2.91806e-19)
(-0.0377005 0.0627516 3.88821e-19)
(-0.0341621 0.0646393 -9.24078e-22)
(-0.027239 0.064828 3.17162e-19)
(-0.0168019 0.0637279 1.35357e-20)
(-0.00266846 0.0617011 -1.08732e-19)
(0.015406 0.0590624 1.71319e-19)
(0.0377315 0.0560813 -5.7569e-19)
(0.0646806 0.0529879 -3.5518e-19)
(0.0966768 0.049979 -1.77112e-19)
(0.134173 0.0472242 -7.64341e-20)
(0.17762 0.044871 6.91824e-21)
(0.227417 0.0430489 -3.77227e-19)
(0.283832 0.0418577 1.43391e-19)
(0.347037 0.0414503 5.51458e-19)
(0.416429 0.0415436 1.51692e-19)
(0.493027 0.0434881 3.67232e-19)
(0.57011 0.0433232 -3.63188e-19)
(0.663513 0.0501539 -8.47155e-20)
(0.725133 0.0466571 -1.43771e-19)
(0.858631 0.0595381 -7.61284e-19)
(-0.0080022 0.0111486 -1.61391e-19)
(-0.0204248 0.0283892 8.18733e-20)
(-0.029642 0.0414948 1.45646e-19)
(-0.035429 0.0509628 5.06641e-19)
(-0.0376752 0.057301 1.90866e-19)
(-0.0362997 0.0610267 -4.24032e-19)
(-0.0312171 0.0626404 -1.07027e-19)
(-0.0223158 0.0626066 -5.62101e-20)
(-0.00943634 0.0613457 -1.85245e-19)
(0.007643 0.0592308 -6.0713e-20)
(0.0292138 0.0565881 -1.25698e-19)
(0.0556376 0.0537014 4.59351e-19)
(0.087336 0.0508173 5.48863e-19)
(0.12477 0.0481509 2.76412e-19)
(0.168406 0.045891 -1.41228e-19)
(0.218664 0.0442029 -9.90668e-20)
(0.275849 0.0432291 2.18038e-19)
(0.340049 0.0430694 -4.92957e-20)
(0.411139 0.0438815 -3.6171e-21)
(0.488166 0.0452952 1.19876e-19)
(0.571384 0.0487383 -1.71824e-19)
(0.654311 0.0499507 -2.98209e-19)
(0.750048 0.058268 -1.9937e-19)
(0.814305 0.0557233 2.51934e-19)
(0.94347 0.0702234 8.00231e-19)
(-0.00835741 0.0110154 1.28791e-19)
(-0.0211363 0.0279007 4.38064e-19)
(-0.0303135 0.0406056 1.75275e-19)
(-0.0356524 0.0496596 -1.55365e-19)
(-0.0370285 0.0556001 2.16824e-19)
(-0.0343473 0.0589678 2.38968e-19)
(-0.0275047 0.0602806 2.68116e-19)
(-0.0163615 0.0600171 -1.50828e-20)
(-0.000721284 0.0586106 2.11174e-19)
(0.0196836 0.0564467 -6.50655e-19)
(0.0451961 0.0538663 3.6842e-19)
(0.0762284 0.0511698 -1.96073e-19)
(0.113243 0.0486222 -4.95994e-19)
(0.156717 0.0464585 -3.60475e-19)
(0.207091 0.0448854 5.8839e-19)
(0.264693 0.044081 -2.01932e-19)
(0.329648 0.0441906 -9.96117e-20)
(0.401754 0.045299 7.6839e-20)
(0.480449 0.0475308 -3.88681e-19)
(0.564357 0.0504652 3.16044e-19)
(0.652695 0.0553386 -5.10059e-20)
(0.739721 0.0581597 3.70644e-19)
(0.834445 0.0673095 4.29705e-19)
(0.899907 0.065944 -1.47212e-19)
(1.01908 0.0809837 -2.93074e-19)
(-0.00870439 0.0108609 -6.7138e-20)
(-0.0217821 0.027327 -2.48537e-19)
(-0.030826 0.0395637 6.52862e-21)
(-0.0355874 0.0481407 -1.25584e-19)
(-0.0359273 0.0536319 -3.70196e-19)
(-0.0317335 0.0566059 -1.91627e-19)
(-0.022878 0.0576013 1.05471e-19)
(-0.00918732 0.0571139 -3.29233e-19)
(0.00957868 0.0555921 2.59941e-20)
(0.0337383 0.0534375 1.62336e-19)
(0.0636863 0.0510082 -4.67023e-19)
(0.0998788 0.0486234 -1.53791e-19)
(0.142799 0.0465684 3.97296e-19)
(0.192906 0.0450967 2.68929e-19)
(0.250553 0.0444286 -3.48323e-19)
(0.315895 0.0447447 3.74553e-19)
(0.388764 0.0461752 1.56153e-19)
(0.468544 0.0487686 -3.93638e-20)
(0.554097 0.0525652 -3.39804e-20)
(0.643547 0.0571335 -3.35783e-19)
(0.735 0.0632613 3.70755e-20)
(0.82369 0.0677299 -6.32652e-20)
(0.914119 0.0769709 -3.36441e-19)
(0.978866 0.0768402 -2.47551e-19)
(1.08346 0.0912499 -2.30576e-19)
(-0.00904091 0.0106854 -4.22207e-20)
(-0.0223479 0.0266713 -5.52261e-19)
(-0.0311456 0.0383771 -3.4138e-19)
(-0.0351759 0.0464207 -4.35548e-19)
(-0.0342838 0.0514199 3.85229e-19)
(-0.0283361 0.0539752 3.10613e-20)
(-0.0171752 0.0546497 2.79653e-19)
(-0.000587438 0.0539595 -2.55912e-19)
(0.0217163 0.0523716 4.2623e-19)
(0.0501066 0.0503065 1.59897e-19)
(0.0850251 0.048142 1.30738e-20)
(0.126955 0.0462184 -2.51411e-20)
(0.176368 0.0448405 -8.88691e-20)
(0.233647 0.0442761 -7.73131e-20)
(0.298982 0.0447492 8.29217e-20)
(0.372242 0.0464261 1.17436e-19)
(0.452841 0.0493957 -7.4703e-19)
(0.539618 0.0536404 4.67972e-20)
(0.630765 0.0590639 -1.23535e-19)
(0.723844 0.065241 -1.14337e-19)
(0.816013 0.072361 5.75184e-20)
(0.90345 0.0782692 -3.7219e-19)
(0.986761 0.0868596 1.68998e-19)
(1.04866 0.0878809 2.14301e-19)
(1.13562 0.100518 -4.87359e-19)
(-0.00936334 0.0104887 9.86267e-20)
(-0.022816 0.0259344 3.99703e-19)
(-0.0312331 0.0370517 3.45018e-20)
(-0.0343521 0.0445141 6.32834e-19)
(-0.0320005 0.0489888 -4.01853e-19)
(-0.0240211 0.0511131 3.94004e-19)
(-0.0102214 0.0514786 -3.53507e-19)
(0.00965736 0.0506251 1.39353e-19)
(0.0359557 0.0490417 -1.80103e-19)
(0.0690932 0.0471705 2.37837e-19)
(0.109544 0.0454119 3.9477e-19)
(0.157791 0.0441269 2.04693e-19)
(0.214242 0.0436363 8.20476e-20)
(0.279129 0.0442134 8.96838e-20)
(0.352372 0.0460691 -6.83262e-20)
(0.433431 0.0493301 -5.49352e-20)
(0.521169 0.0540099 6.09553e-19)
(0.613775 0.0599888 2.00634e-19)
(0.708737 0.0669934 5.55807e-19)
(0.803068 0.074588 1.44701e-20)
(0.89334 0.0823716 -3.5044e-19)
(0.976495 0.0892757 4.36535e-19)
(1.05063 0.0965647 5.50148e-19)
(1.10764 0.0986157 7.12137e-20)
(1.17549 0.108404 4.79474e-19)
(-0.00966654 0.0102687 -2.79825e-19)
(-0.0231643 0.0251149 1.55098e-19)
(-0.0310433 0.0355919 3.41e-19)
(-0.0330422 0.0424343 -1.34244e-19)
(-0.0289706 0.0463641 -3.99657e-19)
(-0.0186439 0.0480603 -2.95331e-20)
(-0.0018309 0.0481464 2.16479e-20)
(0.0217753 0.0471899 3.8817e-20)
(0.0525647 0.0457051 -2.49105e-19)
(0.0909952 0.044159 -1.05638e-19)
(0.13755 0.0429747 -3.68682e-19)
(0.192662 0.0425316 -9.14343e-21)
(0.256609 0.0431586 -1.03803e-19)
(0.329373 0.0451188 -3.14792e-20)
(0.410479 0.0485854 2.75457e-19)
(0.498848 0.0536118 -4.03754e-19)
(0.59268 0.0600967 1.70086e-19)
(0.689456 0.0677808 -2.69021e-19)
(0.786021 0.0761955 -4.01782e-19)
(0.878973 0.0848582 7.42959e-20)
(0.964759 0.09293 7.47717e-19)
(1.04092 0.100213 -3.7888e-19)
(1.10477 0.105763 1.64868e-20)
(1.15507 0.108752 3.28523e-19)
(1.20381 0.114558 1.84393e-19)
(-0.00994325 0.0100223 1.31789e-19)
(-0.023367 0.0242099 -1.87157e-19)
(-0.0305252 0.0340011 -3.96742e-19)
(-0.0311653 0.0401946 -2.1094e-19)
(-0.0250787 0.0435728 2.30668e-19)
(-0.0120513 0.0448602 7.85349e-20)
(0.00818946 0.0447165 4.59303e-19)
(0.0359979 0.0437402 1.86412e-19)
(0.0718055 0.0424742 1.1792e-19)
(0.116088 0.0414112 5.49721e-20)
(0.169298 0.0409959 3.81144e-19)
(0.231757 0.0416195 1.72456e-19)
(0.303519 0.0436048 -1.42861e-19)
(0.384195 0.0471815 2.04454e-19)
(0.472789 0.052452 -1.17904e-19)
(0.56756 0.0593563 1.4978e-19)
(0.665979 0.0676387 -1.45412e-19)
(0.76485 0.0768698 -3.16777e-19)
(0.860541 0.086395 4.60738e-19)
(0.949495 0.0956611 -4.81835e-19)
(1.02849 0.10362 1.36303e-19)
(1.09564 0.110592 -1.57465e-19)
(1.14899 0.114316 -1.18978e-19)
(1.19104 0.118023 -9.80778e-19)
(1.22205 0.118455 1.5659e-19)
(-0.0101845 0.00974635 2.69474e-20)
(-0.0233932 0.0232152 1.34088e-19)
(-0.0296214 0.0322811 4.4511e-19)
(-0.0286329 0.0378081 -1.0501e-19)
(-0.020202 0.0406429 -4.57695e-20)
(-0.00408357 0.0415598 8.51372e-20)
(0.020036 0.0412578 7.59215e-20)
(0.0525527 0.0403697 -2.99355e-19)
(0.0939237 0.0394688 -1.39104e-19)
(0.14461 0.0390736 -4.29544e-19)
(0.204975 0.039645 -3.24484e-19)
(0.275149 0.0415738 -2.31522e-19)
(0.354847 0.0451554 2.06933e-19)
(0.443182 0.0505545 -3.02205e-19)
(0.538508 0.0577619 -1.4557e-19)
(0.638343 0.0665624 -6.37369e-20)
(0.739438 0.0765139 -4.60324e-20)
(0.838054 0.087005 9.48367e-19)
(0.93035 0.0972316 6.04043e-20)
(1.01297 0.106586 -8.3472e-20)
(1.08338 0.114025 -4.71076e-19)
(1.14044 0.120069 1.53135e-19)
(1.18373 0.122247 1.59551e-20)
(1.21638 0.125794 5.63891e-19)
(1.23284 0.119736 6.32697e-20)
(-0.0103799 0.0094365 2.1278e-19)
(-0.0232077 0.0221254 -2.04627e-19)
(-0.0282684 0.0304336 -3.10792e-19)
(-0.0253503 0.0352887 3.1218e-19)
(-0.0142117 0.0376049 -6.97736e-20)
(0.00542268 0.0382094 -6.05101e-20)
(0.0339034 0.0378439 5.27077e-20)
(0.071656 0.0371779 -7.5515e-20)
(0.119136 0.0368154 1.89545e-19)
(0.176743 0.0372969 1.22979e-19)
(0.244677 0.0390897 3.18689e-19)
(0.322771 0.0425653 -8.56798e-21)
(0.410275 0.047962 2.61572e-19)
(0.505676 0.0553393 -1.75255e-20)
(0.60658 0.0645332 2.79527e-19)
(0.709748 0.0751355 8.14206e-20)
(0.811319 0.0865027 -5.25779e-19)
(0.907253 0.0978576 -2.56403e-19)
(0.993841 0.108308 -6.23801e-20)
(1.06829 0.11725 1.69439e-19)
(1.12902 0.123788 -8.05009e-20)
(1.17582 0.128511 -2.86073e-19)
(1.20974 0.129472 3.75339e-20)
(1.23269 0.131233 -2.64416e-19)
(1.24539 0.124789 -1.27972e-19)
(-0.0105166 0.00908793 1.30282e-19)
(-0.0227711 0.020935 1.39119e-19)
(-0.0263973 0.028461 2.55008e-19)
(-0.021217 0.0326517 -1.8582e-19)
(-0.00697487 0.0344916 1.35213e-20)
(0.0166312 0.0348637 3.7238e-19)
(0.0499795 0.0345543 -1.06776e-19)
(0.093504 0.0342702 -3.56547e-19)
(0.14762 0.0346444 -2.11425e-19)
(0.212598 0.0362316 2.82852e-19)
(0.288385 0.0394894 -5.89716e-19)
(0.374392 0.0447426 2.3026e-21)
(0.469277 0.0521344 -5.07013e-20)
(0.570786 0.0615742 3.7516e-19)
(0.675737 0.0727012 -2.04248e-19)
(0.780207 0.0848911 2.80744e-19)
(0.879933 0.0973092 2.84144e-19)
(0.970897 0.109059 -5.02016e-19)
(1.04989 0.119242 -2.09555e-19)
(1.11498 0.127339 -1.74218e-19)
(1.16565 0.132673 2.66071e-19)
(1.20272 0.135946 4.21879e-19)
(1.22804 0.13564 1.96594e-19)
(1.24373 0.135925 -1.74834e-19)
(1.25226 0.129154 -3.1593e-19)
(-0.0105799 0.00869597 -3.07543e-20)
(-0.0220397 0.0196393 1.3015e-19)
(-0.0239343 0.0263667 -2.58745e-19)
(-0.0161282 0.0299148 -3.97451e-19)
(0.00164339 0.0313396 -5.89374e-19)
(0.0297024 0.0315819 1.00374e-19)
(0.0684388 0.0314733 -1.18584e-19)
(0.118264 0.0317569 1.73892e-19)
(0.179498 0.0330887 6.46954e-20)
(0.2522 0.0360244 1.24799e-19)
(0.335951 0.040988 1.38869e-19)
(0.429612 0.0482223 -7.66922e-20)
(0.531124 0.0577304 -1.11037e-19)
(0.637426 0.0692257 -2.49625e-19)
(0.744584 0.0821194 7.61668e-20)
(0.84816 0.0955706 -2.98525e-19)
(0.943791 0.108594 1.10124e-19)
(1.02784 0.120247 7.10495e-20)
(1.09791 0.129713 -2.96256e-19)
(1.15313 0.13663 -3.19743e-19)
(1.19403 0.140583 -1.71315e-19)
(1.22229 0.14239 9.72526e-21)
(1.24033 0.140906 5.36414e-20)
(1.25031 0.139965 -1.72817e-19)
(1.2552 0.132869 1.30296e-19)
(-0.0105533 0.00825641 1.96917e-21)
(-0.0209661 0.0182347 -3.57897e-19)
(-0.0208012 0.0241565 4.56769e-19)
(-0.00997594 0.0270991 4.88799e-19)
(0.0117776 0.0281904 2.91783e-19)
(0.0447894 0.0284291 -1.04249e-20)
(0.0894367 0.0286912 -1.06513e-19)
(0.146064 0.0297522 -1.46604e-19)
(0.214826 0.0322804 2.67197e-19)
(0.29547 0.0368125 -6.48726e-19)
(0.387085 0.0437067 6.63521e-20)
(0.487853 0.0530802 6.02973e-19)
(0.594907 0.0647474 8.49646e-20)
(0.704375 0.0781871 -1.71516e-19)
(0.811696 0.0925703 3.103e-19)
(0.912187 0.106868 3.45448e-19)
(1.00173 0.120011 8.8723e-20)
(1.07741 0.1311 6.39524e-19)
(1.13786 0.139484 4.90075e-19)
(1.1833 0.145008 2.81252e-19)
(1.2152 0.14752 3.35312e-19)
(1.23587 0.147941 -8.5341e-20)
(1.24798 0.145422 -1.18521e-19)
(1.25361 0.143475 3.32758e-19)
(1.256 0.136129 -4.93468e-22)
(-0.0104187 0.00776573 7.99583e-20)
(-0.0194992 0.0167199 3.93915e-20)
(-0.0169164 0.0218397 -2.02631e-19)
(-0.00265101 0.0242306 -5.45998e-20)
(0.023559 0.0250908 -7.33049e-20)
(0.0620335 0.0254763 -1.93026e-19)
(0.113103 0.0263039 -2.415e-19)
(0.176986 0.028373 2.88035e-19)
(0.253584 0.0323482 -2.40652e-19)
(0.342218 0.0387187 4.38851e-19)
(0.441352 0.0477363 1.40177e-19)
(0.54838 0.0593434 -8.515e-20)
(0.659582 0.0731197 -3.44954e-19)
(0.770354 0.0882851 4.96415e-20)
(0.875733 0.103785 -4.66007e-19)
(0.97112 0.11846 -1.46448e-19)
(1.053 0.131246 -4.14907e-19)
(1.11942 0.141375 1.68875e-20)
(1.17014 0.148419 1.36832e-20)
(1.20638 0.15245 -4.36418e-20)
(1.23035 0.153561 -5.15653e-19)
(1.24472 0.152737 2.48297e-19)
(1.25218 0.149345 4.28561e-21)
(1.25465 0.146601 -2.84015e-19)
(1.25513 0.13906 5.0347e-19)
(-0.0101565 0.00722145 -2.05061e-19)
(-0.0175854 0.0150964 9.06145e-20)
(-0.0121963 0.01943 -2.88035e-19)
(0.00595556 0.0213408 -4.36818e-19)
(0.0371129 0.0220948 1.7426e-19)
(0.0815599 0.0228016 1.82365e-19)
(0.139534 0.0244124 1.15048e-19)
(0.211055 0.0277373 -1.98547e-19)
(0.295666 0.0334132 1.76553e-19)
(0.392135 0.0418452 1.98733e-19)
(0.498178 0.0531304 -1.79675e-19)
(0.610321 0.0669855 4.2964e-20)
(0.724023 0.0827199 -1.58143e-19)
(0.834118 0.0992932 -1.25961e-20)
(0.935538 0.11547 4.08463e-19)
(1.02412 0.130042 -2.67159e-19)
(1.09724 0.142043 1.72973e-19)
(1.15406 0.150907 -4.3846e-19)
(1.19543 0.156466 -2.20929e-20)
(1.2234 0.159007 2.79303e-20)
(1.24064 0.158825 7.26525e-20)
(1.24996 0.156925 -3.08175e-19)
(1.25389 0.152825 2.89765e-19)
(1.2541 0.149451 -2.37172e-19)
(1.25328 0.141772 -5.65043e-19)
(-0.00974597 0.00662247 5.14717e-20)
(-0.0151689 0.0133692 -2.26688e-20)
(-0.00655595 0.0169466 1.45319e-20)
(0.0159502 0.0184685 1.10647e-19)
(0.052555 0.0192639 -9.43475e-20)
(0.103472 0.0204903 2.19805e-19)
(0.168787 0.0231224 6.14201e-20)
(0.248231 0.0279615 2.72815e-21)
(0.340873 0.0355847 1.72038e-19)
(0.444794 0.0462678 2.55976e-19)
(0.556862 0.0598999 3.31085e-19)
(0.672714 0.0759263 5.5894e-20)
(0.787098 0.0933681 3.40778e-19)
(0.894541 0.110952 -6.43852e-20)
(0.990215 0.127334 9.24623e-20)
(1.07072 0.141351 2.80738e-19)
(1.1345 0.152218 -1.44594e-19)
(1.18188 0.15962 2.80843e-19)
(1.21464 0.163648 -5.62603e-19)
(1.23542 0.164779 1.73463e-19)
(1.24714 0.16345 1.01744e-19)
(1.25254 0.160648 4.82169e-19)
(1.25385 0.15599 -3.58501e-19)
(1.2525 0.152117 -4.46082e-20)
(1.25079 0.144354 5.88257e-19)
(-0.00916533 0.00596927 6.50965e-20)
(-0.0121924 0.011548 -8.65875e-20)
(8.91031e-05 0.0144152 2.87825e-19)
(0.0274348 0.01566 1.92755e-19)
(0.0699881 0.0166678 -1.3881e-19)
(0.127848 0.0186349 -5.55663e-19)
(0.200873 0.022543 -6.19143e-20)
(0.288404 0.0291576 -1.1683e-19)
(0.388906 0.0389552 -1.06319e-19)
(0.499657 0.0520299 -2.79162e-19)
(0.616607 0.0680099 -4.73758e-20)
(0.734557 0.0860349 -3.43722e-19)
(0.847741 0.104845 8.52791e-20)
(0.950694 0.122992 4.75308e-19)
(1.03917 0.139113 -2.97e-19)
(1.11077 0.152184 -1.40997e-19)
(1.16513 0.161663 -1.94414e-19)
(1.2036 0.167506 -1.22388e-19)
(1.2287 0.170041 2.84374e-19)
(1.24345 0.169887 -1.43093e-19)
(1.25077 0.167575 -7.78336e-20)
(1.25318 0.164031 -8.03954e-20)
(1.25262 0.158942 1.76903e-19)
(1.25021 0.154669 3.31601e-19)
(-0.00839207 0.00526419 -1.23532e-19)
(-0.00859817 0.009647 6.32454e-20)
(0.00782153 0.0118684 2.76706e-19)
(0.0405038 0.0129704 -2.95303e-19)
(0.0894983 0.0143851 7.00016e-20)
(0.154732 0.0173341 1.8593e-19)
(0.235751 0.0227839 3.69793e-19)
(0.331387 0.0314287 -2.0167e-19)
(0.439374 0.0435953 -1.19874e-19)
(0.556088 0.0591391 1.16868e-19)
(0.676554 0.0773801 7.02317e-20)
(0.794866 0.0971392 2.01142e-19)
(0.905014 0.116913 7.51743e-22)
(1.00189 0.135156 -1.8893e-19)
(1.08211 0.150588 -2.29819e-19)
(1.14446 0.162403 -9.13761e-20)
(1.18969 0.170337 1.46777e-19)
(1.22005 0.174611 -2.7466e-19)
(1.23856 0.175749 1.44314e-19)
(1.24837 0.174461 -3.07183e-20)
(1.25226 0.171325 2.0562e-19)
(1.25247 0.16718 -7.26636e-20)
(1.25057 0.16176 3.50805e-20)
(1.24746 0.157158 8.89409e-20)
(-0.00740322 0.00451158 -3.04639e-20)
(-0.00432874 0.007686 -1.07177e-19)
(0.0167204 0.00934655 -1.79797e-19)
(0.0552418 0.0104635 -8.34399e-20)
(0.111151 0.0125023 2.52858e-19)
(0.184133 0.016692 -3.60074e-19)
(0.273323 0.0239533 -1.72349e-19)
(0.376915 0.0348654 1.10761e-19)
(0.491797 0.0495487 -4.47599e-20)
(0.613382 0.0675637 -1.27635e-19)
(0.735826 0.0878887 7.29833e-20)
(0.85273 0.109038 -7.47518e-20)
(0.958164 0.129329 -3.96773e-19)
(1.04769 0.147219 -3.34686e-19)
(1.11904 0.161598 1.91269e-20)
(1.17217 0.171935 -5.52862e-20)
(1.20888 0.178257 4.48003e-19)
(1.23208 0.181018 2.64528e-19)
(1.24506 0.180889 -2.51914e-19)
(1.25092 0.178625 2.57429e-19)
(1.2522 0.174808 -2.65003e-19)
(1.25081 0.170178 -6.72717e-20)
(1.24799 0.1645 -2.99625e-19)
(-0.00617559 0.00371794 2.35494e-19)
(0.000672031 0.00569028 7.99302e-20)
(0.0268595 0.00689798 -3.55317e-20)
(0.0717203 0.00821155 3.52196e-19)
(0.134986 0.0111136 3.15267e-19)
(0.216019 0.0168152 3.03158e-19)
(0.313428 0.0261538 1.33731e-20)
(0.424648 0.0395404 -8.08404e-20)
(0.54562 0.0568287 -3.90649e-20)
(0.670786 0.0772343 2.35317e-20)
(0.793576 0.0993807 -2.76431e-19)
(0.907368 0.121517 2.41718e-19)
(1.00665 0.141869 6.04224e-19)
(1.08794 0.158996 -1.27315e-19)
(1.15017 0.172037 6.30019e-21)
(1.19446 0.180764 1.02362e-19)
(1.22345 0.18548 -3.86244e-19)
(1.24048 0.186828 -1.65184e-19)
(1.24893 0.185578 7.08945e-21)
(1.25171 0.182487 -2.86213e-19)
(1.25104 0.178112 -2.1904e-19)
(1.24849 0.173086 2.57903e-19)
(1.24504 0.167204 1.53097e-19)
(-0.00468608 0.00289203 -4.32021e-19)
(0.00645788 0.00369099 -5.08686e-20)
(0.0383051 0.00457874 9.5374e-20)
(0.0899951 0.00629538 -3.31465e-19)
(0.161015 0.0103188 3.12964e-20)
(0.250311 0.0178107 -4.51189e-20)
(0.355845 0.0294784 -6.85203e-20)
(0.474174 0.0455046 -3.25585e-19)
(0.600231 0.0654159 7.48124e-20)
(0.727545 0.0880465 -2.04585e-19)
(0.849026 0.111678 3.59207e-19)
(0.958153 0.134363 -6.79035e-19)
(1.05014 0.154337 -6.51502e-20)
(1.12267 0.170354 1.32184e-20)
(1.1759 0.181853 -6.60029e-20)
(1.21196 0.188914 -1.57872e-19)
(1.23412 0.192085 9.72085e-20)
(1.24597 0.19215 2.89851e-20)
(1.25078 0.189926 1.82448e-19)
(1.25119 0.18614 1.59957e-19)
(1.24908 0.181306 8.72522e-20)
(1.24572 0.175951 -1.5726e-21)
(1.24184 0.169898 1.46077e-19)
(-0.00291206 0.00204491 3.40756e-19)
(0.013079 0.00172507 6.47138e-20)
(0.0511139 0.00245254 8.18625e-20)
(0.110103 0.00480287 -1.27332e-19)
(0.189216 0.0102219 -1.24337e-19)
(0.286881 0.0197825 1.54245e-19)
(0.400289 0.0340063 2.39474e-19)
(0.525021 0.0527836 2.70307e-19)
(0.654985 0.0752586 1.41506e-19)
(0.782926 0.0998676 6.1373e-20)
(0.901508 0.124592 -2.56531e-19)
(1.00464 0.14738 1.76614e-19)
(1.08853 0.166576 -1.21662e-19)
(1.15211 0.181206 4.99488e-20)
(1.19672 0.191038 1.53059e-19)
(1.22532 0.196444 9.40081e-20)
(1.24159 0.198168 1.71653e-19)
(1.24917 0.197088 3.86646e-20)
(1.25111 0.194025 -2.3959e-20)
(1.24972 0.189657 -2.11121e-19)
(1.24657 0.184439 2.47807e-19)
(1.24263 0.178802 -2.31462e-19)
(1.23846 0.1726 -1.36397e-19)
(-0.000831696 0.00119001 9.08308e-20)
(0.0205808 -0.000164845 2.3066e-20)
(0.065331 0.000590102 1.06369e-19)
(0.132057 0.00382779 3.37969e-19)
(0.219533 0.0109283 -5.63805e-19)
(0.325553 0.0228278 1.78747e-19)
(0.446421 0.0397994 -1.77569e-19)
(0.57667 0.0613753 3.69266e-19)
(0.70923 0.0862749 -8.83762e-20)
(0.836261 0.112545 -2.12978e-19)
(0.950488 0.137936 -1.74375e-20)
(1.04656 0.160393 -1.26237e-19)
(1.12187 0.178468 -7.09941e-20)
(1.17663 0.191511 4.13839e-19)
(1.2132 0.19962 -2.82943e-19)
(1.23518 0.203427 1.87869e-19)
(1.24647 0.203825 -4.3851e-20)
(1.25058 0.201737 1.52149e-21)
(1.25028 0.197957 -3.07916e-20)
(1.24755 0.193095 -1.04996e-19)
(1.24365 0.187549 2.97869e-20)
(1.23931 0.181662 -9.9784e-20)
(0.00157569 0.000343056 -3.37286e-19)
(0.0290025 -0.0019307 3.04813e-19)
(0.0809876 -0.000931716 -1.93371e-19)
(0.155849 0.00346804 1.46376e-19)
(0.251871 0.0125419 1.50585e-19)
(0.3661 0.0270331 -1.05969e-21)
(0.493849 0.0468982 -7.55756e-20)
(0.628575 0.0712497 -3.82357e-19)
(0.762339 0.0983579 -1.57498e-19)
(0.886969 0.125917 2.99844e-19)
(0.995576 0.151536 -1.94183e-19)
(1.08381 0.173264 7.54164e-20)
(1.15037 0.189938 1.11936e-19)
(1.19666 0.201262 -3.4022e-22)
(1.2259 0.20765 1.2056e-19)
(1.24213 0.209949 1.86654e-20)
(1.24927 0.209149 1.04704e-19)
(1.25061 0.206179 -3.33507e-19)
(1.24861 0.201782 3.60809e-20)
(1.24488 0.196496 1.07307e-19)
(1.24043 0.19066 -4.00857e-19)
(1.23581 0.184543 3.13296e-19)
(0.00432904 -0.000477873 1.03862e-19)
(0.0383761 -0.00351935 -3.22727e-19)
(0.0980989 -0.00203097 -1.08101e-19)
(0.181439 0.00382356 -1.4872e-19)
(0.286095 0.0151621 6.08291e-20)
(0.408249 0.0324714 -2.51632e-19)
(0.542144 0.0553203 1.67093e-19)
(0.680182 0.0823504 -1.12926e-19)
(0.813727 0.111382 -4.14769e-20)
(0.934575 0.13982 -7.39216e-20)
(1.03653 0.165237 2.66884e-19)
(1.11645 0.185885 2.1894e-19)
(1.17433 0.200945 1.72522e-19)
(1.21268 0.210483 -8.03108e-20)
(1.23538 0.215195 2.38825e-19)
(1.2467 0.216094 -2.11435e-19)
(1.25043 0.214223 -1.34268e-19)
(1.2496 0.210482 -3.00112e-20)
(1.24628 0.205551 2.28496e-19)
(1.24182 0.199891 -1.36921e-19)
(1.23698 0.193789 1.16934e-19)
(1.23216 0.187453 -1.40694e-19)
(0.00744503 -0.00125249 -6.85462e-20)
(0.0487243 -0.00487326 2.75008e-20)
(0.116662 -0.00262201 1.16236e-19)
(0.208762 0.00499407 -1.07724e-19)
(0.322032 0.0188809 1.4721e-19)
(0.451685 0.0391984 5.09799e-20)
(0.590849 0.0650594 -1.83049e-20)
(0.730948 0.0945979 2.65575e-19)
(0.862881 0.12521 2.64536e-19)
(0.978723 0.154098 3.11151e-20)
(1.07325 0.178909 -2.03872e-19)
(1.14462 0.198182 1.27622e-19)
(1.19413 0.21148 -3.14402e-19)
(1.22518 0.219215 -9.18524e-20)
(1.24215 0.222328 -2.48597e-19)
(1.24932 0.221944 8.4161e-20)
(1.2503 0.219119 1.63021e-19)
(1.24776 0.214702 1.7024e-19)
(1.24346 0.209299 -1.2179e-19)
(1.23846 0.203301 1.84308e-19)
(1.23334 0.196946 1.10279e-19)
(1.22837 0.190394 1.23687e-19)
(0.0109377 -0.00195847 6.77672e-21)
(0.0600602 -0.00593114 4.64706e-20)
(0.136655 -0.00261698 3.01572e-19)
(0.237721 0.00707655 1.69818e-19)
(0.359471 0.0237796 -3.04484e-20)
(0.496062 0.047251 -1.00079e-21)
(0.639497 0.0760852 -1.96772e-19)
(0.780363 0.107894 1.85033e-19)
(0.909367 0.139702 5.81509e-21)
(1.01917 0.168611 3.87842e-20)
(1.10573 0.192449 1.41693e-19)
(1.16858 0.210111 -5.50957e-20)
(1.21017 0.221556 -4.7927e-20)
(1.23464 0.227515 1.09873e-20)
(1.24664 0.229122 1.71027e-19)
(1.25037 0.227571 -7.85696e-20)
(1.24916 0.223897 5.14083e-20)
(1.2453 0.21888 -2.08683e-19)
(1.24026 0.213051 -5.55971e-20)
(1.23486 0.206737 -6.44039e-21)
(1.22953 0.200136 -1.11157e-20)
(0.0148179 -0.00257158 1.64687e-19)
(0.0723851 -0.00662876 9.78692e-21)
(0.158034 -0.00192753 -2.39405e-19)
(0.268189 0.0101628 -2.25329e-19)
(0.398168 0.0299261 -1.23008e-19)
(0.541005 0.0566452 1.5716e-19)
(0.687623 0.0883461 2.67388e-19)
(0.827965 0.122127 -2.21391e-19)
(0.952844 0.154718 -4.03406e-19)
(1.05579 0.183236 -3.4651e-20)
(1.1341 0.205781 -1.42783e-20)
(1.18863 0.221655 -9.4725e-20)
(1.22287 0.231204 -7.56438e-20)
(1.2415 0.235443 -2.41908e-20)
(1.24926 0.235648 -1.58722e-19)
(1.25017 0.23304 5.86143e-20)
(1.24721 0.228604 1.82282e-19)
(1.24234 0.223047 -2.42638e-20)
(1.23675 0.216824 1.77921e-22)
(1.23106 0.210207 -1.07608e-19)
(1.22558 0.203358 -2.69846e-20)
(0.0190925 -0.00306596 1.47502e-19)
(0.0856882 -0.00689999 -5.53257e-20)
(0.180735 -0.000466647 2.10256e-19)
(0.30001 0.0143371 1.61607e-19)
(0.437848 0.0373731 6.71337e-20)
(0.586126 0.0673765 -3.2214e-19)
(0.734782 0.101771 -2.61424e-20)
(0.873352 0.137177 3.20727e-20)
(0.993063 0.170129 2.53498e-19)
(1.08856 0.197869 -6.49931e-20)
(1.15852 0.218853 6.06831e-20)
(1.20511 0.232815 -3.04033e-20)
(1.23263 0.240467 -1.24949e-19)
(1.24614 0.243062 8.96565e-20)
(1.25033 0.24197 1.73496e-19)
(1.24895 0.238402 9.12807e-20)
(1.24462 0.233279 -7.66064e-20)
(1.23898 0.227225 6.57851e-20)
(1.23297 0.220628 5.64859e-20)
(1.22706 0.213713 2.35999e-20)
(1.22147 0.206613 -5.62914e-20)
(0.0237644 -0.00341441 -1.64548e-19)
(0.0999453 -0.00667789 -1.56113e-19)
(0.204671 0.00184952 -9.81932e-20)
(0.333002 0.0196737 -2.53839e-19)
(0.478214 0.046156 3.02973e-20)
(0.631034 0.0794198 1.85404e-19)
(0.780557 0.116275 -8.12854e-20)
(0.916191 0.152924 8.31777e-20)
(1.02986 0.185816 1.3963e-19)
(1.11751 0.212428 8.13804e-21)
(1.17925 0.231635 -2.16755e-19)
(1.21836 0.243607 2.87579e-19)
(1.23984 0.249393 1.52357e-19)
(1.24892 0.250431 4.21016e-20)
(1.25013 0.248143 -1.45523e-19)
(1.2469 0.2437 -6.44447e-20)
(1.2415 0.237946 5.32717e-20)
(1.23528 0.231427 9.68112e-20)
(1.22896 0.224469 2.66114e-20)
(1.22289 0.217255 -2.67074e-20)
(1.21722 0.209896 -2.06553e-20)
(0.0288315 -0.00358881 1.44809e-19)
(0.115118 -0.00589588 -1.06881e-20)
(0.229733 0.0050997 5.13368e-20)
(0.366956 0.026235 1.16137e-19)
(0.518951 0.0562925 -9.08293e-20)
(0.675341 0.0927315 3.32359e-20)
(0.824575 0.131759 -9.63587e-20)
(0.956219 0.169246 1.42392e-19)
(1.06317 0.201675 -2.10154e-19)
(1.14277 0.226851 4.49807e-20)
(1.19653 0.244114 -2.09743e-21)
(1.22873 0.254059 1.37154e-20)
(1.24484 0.258031 1.73803e-19)
(1.25012 0.257604 -1.40521e-19)
(1.24888 0.254212 1.56401e-19)
(1.24417 0.248966 8.69097e-20)
(1.23794 0.242626 -8.73434e-20)
(1.23127 0.235662 3.66514e-20)
(1.22472 0.228345 -1.25992e-19)
(1.21854 0.220828 2.16497e-19)
(1.21282 0.213201 1.09587e-19)
(0.0342867 -0.00356052 -1.33146e-19)
(0.131155 -0.00448911 2.39872e-20)
(0.255792 0.00935565 -3.92961e-20)
(0.401643 0.0340696 -5.63862e-20)
(0.559735 0.0677816 1.04873e-19)
(0.718679 0.107251 1.12025e-20)
(0.866509 0.14812 -1.11972e-19)
(0.993243 0.18603 -2.2628e-19)
(1.09297 0.217615 5.70494e-20)
(1.16451 0.241093 5.89963e-20)
(1.21066 0.256289 -7.74379e-20)
(1.23654 0.264205 -2.01305e-19)
(1.24792 0.266429 -9.80324e-20)
(1.24999 0.264629 4.17043e-20)
(1.24674 0.260215 -1.04401e-19)
(1.24087 0.254223 -3.06724e-20)
(1.234 0.247328 -1.183e-19)
(1.227 0.23993 -1.03323e-19)
(1.22028 0.232255 6.74001e-20)
(1.21402 0.224428 -8.90329e-20)
(1.20826 0.216524 -3.9188e-20)
(0.0401178 -0.00330087 1.60437e-19)
(0.147988 -0.0023957 4.94417e-21)
(0.2827 0.0146804 1.58735e-19)
(0.436818 0.0432112 4.43891e-20)
(0.600241 0.0806044 -1.25475e-20)
(0.760703 0.122904 1.07526e-19)
(0.906085 0.165248 4.25789e-20)
(1.02714 0.203168 1.01103e-19)
(1.11931 0.233561 -1.31614e-19)
(1.18291 0.255123 -9.94281e-20)
(1.22192 0.268172 4.19407e-20)
(1.24209 0.274079 9.94774e-20)
(1.24937 0.274632 -3.85016e-20)
(1.24874 0.271544 9.7494e-20)
(1.24386 0.26618 -5.22391e-20)
(1.23708 0.259487 -5.21138e-20)
(1.22972 0.252058 1.04374e-19)
(1.22247 0.244231 5.50799e-20)
(1.21563 0.236193 -4.97898e-21)
(1.20932 0.228047 -9.54455e-20)
(1.20355 0.219856 3.82673e-20)
(0.0463067 -0.0027817 -4.08852e-20)
(0.165539 0.000441804 8.24361e-20)
(0.31029 0.0211267 -1.16743e-19)
(0.472224 0.0536775 -1.50156e-19)
(0.640147 0.0947247 -1.40598e-19)
(0.801099 0.139603 -6.51796e-20)
(0.943084 0.183035 -3.71085e-20)
(1.05784 0.220563 -3.19797e-20)
(1.14229 0.249452 1.00275e-19)
(1.1982 0.268923 8.11048e-20)
(1.23057 0.279778 -6.40724e-20)
(1.24565 0.283717 -3.77781e-20)
(1.24939 0.282678 1.36458e-20)
(1.24653 0.278382 -6.88181e-20)
(1.24034 0.272125 2.22341e-20)
(1.23285 0.264766 4.83489e-21)
(1.22512 0.256816 6.11331e-20)
(1.21769 0.24856 -9.5259e-20)
(1.21077 0.240152 1.32548e-20)
(1.20443 0.231677 1.78853e-20)
(1.19867 0.22319 -2.70749e-20)
(0.05283 -0.00197588 8.27964e-21)
(0.183713 0.00407522 4.76038e-20)
(0.338383 0.0287355 -4.95742e-20)
(0.507595 0.0654699 1.38328e-19)
(0.679146 0.11009 2.0922e-20)
(0.839591 0.157255 3.46987e-22)
(0.977337 0.201373 5.39692e-20)
(1.08533 0.238126 1.01385e-21)
(1.16204 0.265237 -4.15999e-20)
(1.21061 0.282482 -3.39698e-20)
(1.23689 0.291126 -5.69721e-22)
(1.24746 0.293151 8.56458e-20)
(1.24819 0.290599 1.82921e-20)
(1.24349 0.285166 -2.23955e-20)
(1.23626 0.278065 4.12357e-20)
(1.22822 0.270062 -4.31195e-20)
(1.22022 0.261599 -4.04322e-20)
(1.21267 0.25291 -1.08209e-20)
(1.2057 0.244123 -9.90407e-21)
(1.19936 0.23531 1.95029e-20)
(1.19362 0.226517 2.40268e-20)
(0.0596586 -0.000857902 -5.83746e-20)
(0.202406 0.00854941 4.36938e-21)
(0.366785 0.0375349 5.72476e-20)
(0.542664 0.0785734 2.1137e-21)
(0.716947 0.126635 4.31935e-20)
(0.875939 0.175757 3.33875e-20)
(1.00873 0.220157 2.79159e-20)
(1.10964 0.255778 1.1997e-20)
(1.17872 0.280877 6.94155e-20)
(1.22034 0.295798 7.52073e-21)
(1.2411 0.302237 6.49908e-22)
(1.24773 0.302411 -1.61719e-20)
(1.24592 0.298421 -1.33025e-20)
(1.23971 0.291912 4.18406e-20)
(1.23167 0.284004 -2.89387e-20)
(1.22322 0.275375 5.03235e-20)
(1.21503 0.266399 -5.46324e-21)
(1.2074 0.257271 1.85588e-20)
(1.20042 0.248095 -6.06861e-21)
(1.19409 0.238934 -2.20151e-20)
(0.0667582 0.000595589 -1.22321e-20)
(0.2215 0.0139012 2.81571e-20)
(0.395297 0.0475394 -4.02631e-20)
(0.57717 0.0929568 -1.93547e-20)
(0.75328 0.144281 -4.47721e-20)
(0.909946 0.195005 1.23962e-20)
(1.03718 0.239288 -6.77006e-22)
(1.13083 0.273449 1.43468e-20)
(1.19248 0.296341 -9.02904e-21)
(1.22763 0.308871 -1.31515e-20)
(1.24342 0.31313 5.30933e-20)
(1.24664 0.31152 2.54647e-20)
(1.24269 0.306161 -2.18444e-20)
(1.23528 0.298628 -6.69778e-21)
(1.22661 0.289943 -3.74742e-20)
(1.21786 0.280697 1.32054e-20)
(1.20955 0.271206 1.37155e-20)
(1.20189 0.261631 3.70276e-20)
(1.19491 0.252059 4.08862e-20)
(1.18862 0.24254 2.92055e-20)
(0.0740895 0.00240524 9.44317e-21)
(0.240871 0.0201583 -7.63389e-21)
(0.42371 0.0587492 3.71182e-21)
(0.610854 0.108574 -1.45317e-20)
(0.787904 0.162937 1.07948e-20)
(0.941451 0.214892 5.75298e-21)
(1.06267 0.25867 -4.87473e-21)
(1.149 0.291078 -1.31539e-20)
(1.2035 0.311602 -2.87607e-21)
(1.23268 0.321704 1.10101e-21)
(1.24404 0.323822 -9.63927e-21)
(1.24432 0.320496 1.13514e-20)
(1.23862 0.313832 1.00545e-21)
(1.23025 0.305319 -9.77274e-21)
(1.22112 0.295877 -4.76064e-22)
(1.21216 0.286019 -2.32833e-21)
(1.20378 0.27601 -8.9823e-21)
(1.19612 0.26598 -6.85278e-21)
(1.18918 0.256001 -1.20536e-20)
(1.18295 0.246116 -1.48535e-20)
(0.0816086 0.00458852 2.16805e-20)
(0.260386 0.0273386 -1.14603e-20)
(0.451817 0.0711499 -6.63933e-22)
(0.643474 0.125363 -1.55193e-20)
(0.820604 0.182506 1.51118e-20)
(0.970333 0.235309 1.96837e-21)
(1.08518 0.278215 3.39988e-21)
(1.16424 0.308609 -1.85743e-20)
(1.21196 0.326641 2.3195e-21)
(1.23567 0.334299 -7.15296e-21)
(1.24313 0.334325 -1.03621e-20)
(1.24092 0.32935 1.29404e-20)
(1.23379 0.321439 5.4601e-21)
(1.22468 0.31198 -1.04019e-20)
(1.2152 0.301797 3.64059e-21)
(1.20612 0.29133 -8.63818e-21)
(1.19772 0.280796 -5.05341e-21)
(1.19009 0.270302 -1.0278e-20)
(1.18322 0.259908 -1.31094e-20)
(1.17707 0.24965 -9.91439e-21)
(0.0892675 0.00715922 -1.75499e-20)
(0.279906 0.0354494 9.24727e-21)
(0.479411 0.0847129 -7.40928e-21)
(0.674801 0.143251 -4.2368e-20)
(0.851194 0.202883 -3.94137e-20)
(0.996505 0.256149 1.20093e-20)
(1.10476 0.297838 1.06495e-20)
(1.17669 0.325993 7.83696e-21)
(1.21803 0.341438 -1.20215e-20)
(1.23678 0.346658 4.98986e-21)
(1.24083 0.344647 3.01085e-20)
(1.23653 0.338089 3.32101e-20)
(1.22825 0.328981 -4.09039e-20)
(1.21858 0.318606 3.49955e-21)
(1.20888 0.307692 -1.75598e-20)
(1.19974 0.296613 -6.74251e-21)
(1.19136 0.285549 1.86139e-20)
(1.1838 0.274584 1.87552e-20)
(1.17702 0.263767 3.56131e-20)
(1.17098 0.253129 3.89577e-20)
(0.0970147 0.0101271 -2.11342e-20)
(0.29929 0.0444873 -3.63316e-20)
(0.506289 0.0993956 9.869e-20)
(0.704622 0.162152 -2.09296e-20)
(0.879518 0.223958 7.30801e-20)
(1.01991 0.277306 6.14006e-21)
(1.12144 0.317459 6.36509e-21)
(1.18647 0.343183 6.77886e-20)
(1.22187 0.355976 3.62121e-20)
(1.23617 0.35878 4.91724e-21)
(1.23728 0.354793 7.06732e-21)
(1.23124 0.346713 -4.75998e-20)
(1.22205 0.336452 2.37319e-20)
(1.21199 0.325183 1.06197e-20)
(1.20216 0.313546 1.33238e-20)
(1.19302 0.301854 1.43775e-20)
(1.18471 0.290253 -2.25964e-21)
(1.17724 0.27881 1.54928e-20)
(1.17058 0.267564 -4.19131e-21)
(1.16467 0.25654 -2.30195e-20)
(0.104796 0.0134977 9.81384e-20)
(0.318395 0.0544377 -4.76696e-20)
(0.532255 0.115142 -5.08178e-20)
(0.732747 0.18197 1.92676e-19)
(0.905449 0.245616 4.4036e-20)
(1.04052 0.298676 -4.67324e-20)
(1.13531 0.337005 4.39266e-20)
(1.19372 0.360138 -1.00669e-20)
(1.22363 0.370239 -1.79967e-20)
(1.23398 0.370661 -1.8576e-20)
(1.23256 0.364761 2.17688e-20)
(1.22512 0.355217 6.9736e-21)
(1.21524 0.343841 2.30029e-20)
(1.20491 0.331698 -1.14667e-21)
(1.19504 0.319342 2.84296e-20)
(1.18596 0.307034 -1.70293e-20)
(1.17775 0.29489 -2.44924e-20)
(1.17041 0.282963 6.62035e-21)
(1.16389 0.271284 -3.86095e-20)
(1.15814 0.25987 1.6661e-20)
(1.1531 0.248738 2.17792e-21)
(0.112555 0.0172717 -6.79075e-20)
(0.337078 0.0652747 1.03853e-19)
(0.557126 0.131883 -1.29824e-19)
(0.759006 0.202599 -1.41194e-19)
(0.928889 0.267741 -1.76623e-19)
(1.05834 0.320157 -1.33636e-19)
(1.14644 0.356402 8.08122e-20)
(1.19856 0.376818 -2.23157e-20)
(1.22346 0.384208 7.29809e-20)
(1.23032 0.382294 4.58769e-20)
(1.22678 0.374544 -7.10602e-20)
(1.21821 0.36359 -3.58929e-20)
(1.20784 0.351133 -4.30489e-21)
(1.19737 0.338131 -4.47063e-21)
(1.18752 0.32506 4.01956e-21)
(1.17855 0.312134 6.09252e-21)
(1.17049 0.299443 2.22493e-20)
(1.16331 0.287028 -7.54405e-20)
(1.15696 0.274911 2.40189e-20)
(1.15139 0.263105 3.42438e-20)
(1.14653 0.251623 -7.00442e-20)
(0.120235 0.0214453 1.16175e-19)
(0.355201 0.0769618 3.68454e-20)
(0.580726 0.149539 7.8397e-20)
(0.783251 0.223927 1.36412e-19)
(0.949764 0.290215 6.473e-20)
(1.07339 0.341651 -1.76197e-20)
(1.15493 0.375584 9.28007e-20)
(1.20114 0.393183 1.09892e-19)
(1.22149 0.397866 -1.06183e-19)
(1.22532 0.393669 -1.074e-19)
(1.22001 0.384133 1.27463e-19)
(1.21057 0.371818 3.63088e-20)
(1.19988 0.35831 -2.28968e-20)
(1.18936 0.344462 3.37223e-20)
(1.17961 0.330679 2.53589e-21)
(1.1708 0.317133 -3.06181e-20)
(1.16293 0.303893 3.39996e-20)
(1.15594 0.290987 4.72751e-20)
(1.14979 0.27843 -5.0063e-20)
(1.14442 0.266232 -3.30464e-20)
(1.13977 0.254399 4.39564e-20)
(0.127777 0.0260097 -2.15896e-19)
(0.372627 0.0894519 -6.75145e-20)
(0.602898 0.168019 5.25491e-20)
(0.805358 0.245837 3.82824e-20)
(0.968025 0.312919 -1.52788e-20)
(1.08569 0.363061 -5.9678e-21)
(1.16087 0.394485 -9.83198e-20)
(1.20157 0.409197 -1.76148e-19)
(1.21784 0.41119 3.51778e-20)
(1.21906 0.40477 1.26106e-19)
(1.21232 0.393511 -1.73321e-19)
(1.20223 0.379883 -1.27002e-19)
(1.19136 0.365351 -8.695e-20)
(1.1809 0.350669 5.25891e-20)
(1.17131 0.336176 -8.65941e-20)
(1.16271 0.322009 -2.90726e-20)
(1.15505 0.308219 -7.72461e-20)
(1.14829 0.294821 -1.99244e-20)
(1.14237 0.281826 3.59517e-20)
(1.13723 0.269234 -7.38482e-20)
(1.1328 0.257054 -3.82503e-21)
(0.135124 0.0309515 1.40928e-19)
(0.389227 0.102688 1.03622e-19)
(0.623497 0.187223 -5.02985e-21)
(0.825223 0.268204 1.85908e-19)
(0.983647 0.335734 -8.6128e-20)
(1.0953 0.384292 -2.40737e-20)
(1.16438 0.413041 -2.75406e-20)
(1.19997 0.42482 -1.05586e-20)
(1.21263 0.424157 -3.9139e-20)
(1.21162 0.415579 6.40676e-21)
(1.20375 0.402659 7.31618e-20)
(1.19323 0.387762 7.44546e-21)
(1.18231 0.372231 7.44609e-20)
(1.17199 0.356725 -9.65916e-20)
(1.16262 0.341528 9.22122e-20)
(1.15427 0.326742 4.94892e-20)
(1.14687 0.312402 5.68e-21)
(1.14037 0.298514 -1.54701e-20)
(0.142219 0.0362524 -3.26931e-19)
(0.404882 0.116604 -1.48307e-20)
(0.642396 0.207043 -1.74811e-19)
(0.842766 0.290903 -2.91176e-19)
(0.996622 0.358543 4.86162e-21)
(1.10229 0.405255 1.04555e-19)
(1.16555 0.431192 -6.34294e-20)
(1.19648 0.440015 1.85723e-19)
(1.20594 0.436741 5.42001e-20)
(1.20309 0.426074 -1.21682e-20)
(1.19435 0.411555 -8.37516e-20)
(1.18358 0.39543 1.60948e-19)
(1.17273 0.378923 8.21902e-20)
(1.16263 0.362606 1.72326e-20)
(1.15355 0.346709 -1.31835e-20)
(0.149006 0.0418896 2.14463e-19)
(0.419477 0.131125 -1.5204e-19)
(0.659484 0.227366 3.51892e-19)
(0.857926 0.313804 6.69103e-20)
(1.00696 0.381229 9.30622e-21)
(1.10673 0.425859 -1.11503e-19)
(1.16449 0.448876 -2.80097e-20)
(1.19118 0.454742 -5.05019e-20)
(1.19788 0.448915 1.8389e-19)
(1.19352 0.43623 -1.31141e-19)
(1.18417 0.420172 1.82956e-19)
(1.17331 0.40286 -6.82834e-20)
(0.155435 0.047836 8.78828e-20)
(0.432912 0.146169 9.66752e-20)
(0.674668 0.24807 -4.13086e-19)
(0.870663 0.336779 -1.77195e-19)
(1.0147 0.403679 4.81925e-20)
(1.1087 0.446018 -2.62114e-20)
(1.16131 0.466036 2.82177e-19)
(1.18419 0.468961 -2.58844e-19)
(1.18852 0.460648 -2.42599e-19)
(1.18298 0.44602 -8.64835e-20)
(0.161453 0.0540605 4.69858e-20)
(0.445095 0.161647 1.51053e-19)
(0.687873 0.269032 9.46377e-20)
(0.880958 0.359697 1.33743e-19)
(1.01987 0.42578 5.61624e-20)
(1.10828 0.46565 1.67491e-19)
(1.15612 0.482614 -2.10238e-19)
(1.17561 0.482632 1.45311e-19)
(0.167017 0.0605282 -7.65775e-20)
(0.455946 0.177466 6.94671e-20)
(0.699041 0.290125 1.08359e-19)
(0.888804 0.38243 1.70049e-20)
(1.02253 0.447424 -2.48658e-20)
(1.10558 0.484673 7.52081e-20)
(0.172084 0.0672009 -2.5621e-20)
(0.465398 0.193526 -2.9091e-19)
(0.70813 0.311222 -2.64461e-19)
(0.894216 0.40485 -6.17465e-22)
(1.02274 0.468505 3.73876e-20)
(0.176615 0.0740377 -2.05692e-19)
(0.473397 0.209726 2.05841e-19)
(0.715115 0.332192 -1.00571e-19)
(0.180579 0.0809948 2.32893e-20)
(-0.000529378 -0.00052299 9.80215e-21)
(-0.00327896 -0.00131272 -6.76714e-21)
(-0.00877559 -0.00190118 2.20375e-21)
(-0.0158825 -0.00232923 -9.78446e-21)
(-0.0241591 -0.0026253 -1.09257e-20)
(-0.0332424 -0.00281442 3.57857e-21)
(-0.042814 -0.00291858 2.58548e-21)
(-0.0526262 -0.00295655 -1.8278e-20)
(-0.17653 0.00137094 -3.73554e-22)
(-0.181304 0.00127054 1.44114e-21)
(-0.185619 0.00118964 -1.84078e-22)
(-0.189763 0.00110817 3.33364e-21)
(-0.193655 0.00103221 -9.48646e-22)
(-0.197332 0.00096241 -5.88076e-21)
(-0.200807 0.000898362 2.19419e-21)
(-0.173173 0.00408966 -6.24877e-21)
(-0.177916 0.00379095 2.21591e-21)
(-0.182127 0.00355057 -1.6067e-21)
(-0.186185 0.00330815 -2.97207e-22)
(-0.189993 0.00308145 1.91975e-21)
(-0.193586 0.00287291 -2.5525e-21)
(-0.196978 0.00268134 -3.46122e-21)
(-0.166464 0.0067253 5.86784e-21)
(-0.171146 0.00623328 -1.31538e-20)
(-0.175152 0.00583849 7.61696e-21)
(-0.179042 0.00543917 -9.05264e-21)
(-0.182684 0.0050635 1.18129e-20)
(-0.186114 0.00471717 -1.10605e-20)
(-0.189342 0.00439845 -7.47096e-22)
(-0.156412 0.00922609 5.87093e-21)
(-0.161005 0.00854791 4.84281e-21)
(-0.164713 0.00800735 -4.28416e-20)
(-0.168355 0.00745808 1.55778e-20)
(-0.171756 0.00693666 2.34323e-20)
(-0.174948 0.00645433 -6.05933e-21)
(-0.177941 0.0060092 -2.27218e-20)
(-0.180746 0.00559978 7.04187e-21)
(-0.143019 0.0115459 -5.74238e-21)
(-0.147499 0.0106889 -3.99212e-20)
(-0.150827 0.0100151 1.53954e-20)
(-0.154148 0.00932588 -4.76461e-21)
(-0.157242 0.00866371 6.89355e-21)
(-0.160131 0.00804822 -1.50697e-20)
(-0.162825 0.00747811 2.78732e-21)
(-0.165331 0.00695191 1.9947e-20)
(-0.126272 0.0136469 1.60653e-20)
(-0.130622 0.0126155 -6.85483e-21)
(-0.133501 0.0118249 1.27585e-20)
(-0.13644 0.0110091 -2.15457e-20)
(-0.139171 0.0102134 1.08968e-21)
(-0.141704 0.00946895 1.28356e-20)
(-0.144046 0.00877623 6.60106e-22)
(-0.146203 0.00813415 -1.02218e-20)
(-0.106125 0.0155031 -8.92433e-21)
(-0.110345 0.0142944 4.54078e-20)
(-0.112723 0.013407 -4.54362e-20)
(-0.115228 0.0124811 2.11778e-21)
(-0.117555 0.0115616 1.49841e-20)
(-0.119692 0.0106942 -7.50504e-20)
(-0.121647 0.00988252 7.5069e-20)
(-0.123419 0.00912634 -1.90856e-20)
(-0.0824844 0.0171001 -5.81435e-20)
(-0.0866024 0.0157013 -6.21139e-20)
(-0.0884426 0.0147402 5.20799e-20)
(-0.0904798 0.0137233 7.30022e-21)
(-0.0923794 0.0126929 -3.81546e-20)
(-0.0940981 0.0117104 1.35541e-21)
(-0.0956445 0.0107849 1.50351e-20)
(-0.0970144 0.00991756 1.07429e-20)
(-0.0551907 0.0184081 1.11125e-20)
(-0.0592725 0.016829 -3.37609e-20)
(-0.0605625 0.015816 -2.8586e-20)
(-0.0621181 0.0147273 4.28788e-20)
(-0.0635853 0.0136017 -2.58046e-20)
(-0.0648834 0.0125139 6.27546e-20)
(-0.0660209 0.0114812 -1.6608e-20)
(-0.0669896 0.0105069 -2.77051e-20)
(-0.0240089 0.0192977 7.86573e-21)
(-0.0281497 0.0177215 -1.62009e-21)
(-0.0289221 0.0166459 -1.47006e-20)
(-0.0300078 0.0154965 -2.87578e-20)
(-0.0310623 0.0142939 -8.87723e-21)
(-0.031962 0.0131124 1.02356e-19)
(-0.0327124 0.0119803 -5.88114e-20)
(-0.0333035 0.0109045 -1.89069e-20)
(0.0113333 0.0196708 6.16183e-20)
(0.00712218 0.0184564 -4.19707e-22)
(0.00669986 0.0172517 -3.08054e-20)
(0.00605038 0.0160487 4.62486e-20)
(0.0053622 0.0147892 -8.6226e-20)
(0.00480913 0.0135264 6.75016e-20)
(0.0043966 0.0123035 -8.7495e-20)
(0.00413446 0.0111322 9.63917e-20)
(0.0511239 0.0198308 -1.11723e-19)
(0.0469969 0.0190079 3.62165e-20)
(0.046609 0.0176605 -5.22325e-20)
(0.0463281 0.016423 3.87406e-20)
(0.0459251 0.0151239 -4.35091e-21)
(0.0456308 0.0137919 1.10807e-20)
(0.0454747 0.0124862 6.29249e-20)
(0.0454636 0.0112249 -4.49531e-20)
(0.0959593 0.020065 -3.17553e-20)
(0.0918496 0.0193838 -2.22413e-20)
(0.0912435 0.0179471 2.71952e-20)
(0.0911684 0.0166842 -6.71808e-20)
(0.09092 0.0153551 8.89382e-20)
(0.0907554 0.0139628 -1.07315e-19)
(0.0907364 0.01258 1.45371e-20)
(0.0908647 0.0112324 6.8267e-20)
(0.146422 0.0203719 3.05174e-20)
(0.142162 0.0197593 1.0346e-19)
(0.141064 0.0182262 -9.97557e-20)
(0.140957 0.0169244 8.27373e-20)
(0.140678 0.0155648 -4.99422e-20)
(0.140468 0.0141143 -4.07251e-20)
(0.140424 0.0126549 -2.1161e-21)
(0.140543 0.0112206 -9.94824e-21)
(0.140835 0.00981842 4.98656e-20)
(0.203047 0.0209043 -1.12614e-19)
(0.198434 0.0203075 2.60302e-20)
(0.196523 0.0186394 1.29759e-19)
(0.196078 0.0172679 -9.13398e-20)
(0.19553 0.0158624 3.29202e-20)
(0.19505 0.0143444 -6.39648e-20)
(0.194776 0.0128006 1.18818e-19)
(0.194696 0.0112726 -2.0653e-21)
(0.194814 0.00976895 -1.24086e-19)
(0.266257 0.0219013 -4.11067e-20)
(0.261067 0.0212157 -4.04316e-21)
(0.257994 0.0193553 4.6885e-20)
(0.256853 0.0178684 -8.76867e-20)
(0.255744 0.0163833 8.25263e-20)
(0.254729 0.0147736 -1.38466e-19)
(0.253977 0.0131265 1.39011e-19)
(0.253475 0.0114888 -8.85009e-20)
(0.253211 0.00986944 -4.74555e-20)
(0.336256 0.0236261 -1.88263e-19)
(0.330243 0.0226943 1.81543e-19)
(0.325674 0.0205647 3.10379e-20)
(0.323445 0.0189018 -1.20837e-19)
(0.321447 0.0172842 -1.06852e-19)
(0.319601 0.0155414 4.34245e-20)
(0.318097 0.0137587 7.80437e-20)
(0.316919 0.0119841 -8.99403e-20)
(0.316042 0.0102255 -2.27044e-20)
(0.412886 0.026335 5.46819e-20)
(0.405799 0.0249626 8.70316e-21)
(0.399452 0.0224665 7.31628e-20)
(0.395753 0.0205531 -8.38013e-22)
(0.392529 0.0187322 -5.67784e-20)
(0.389549 0.0167979 -1.2434e-19)
(0.38701 0.0148332 -1.75675e-20)
(0.384894 0.0128827 8.98908e-20)
(0.383159 0.0109508 -7.97908e-21)
(0.495493 0.0302399 -1.79921e-20)
(0.487092 0.0282222 -9.78806e-20)
(0.478787 0.0252475 1.10949e-19)
(0.473299 0.0229981 -2.92971e-20)
(0.468543 0.0208892 1.34751e-21)
(0.464153 0.0186907 -8.70463e-20)
(0.460317 0.016485 6.24681e-20)
(0.457016 0.0143083 -1.25359e-20)
(0.454191 0.0121595 3.96749e-20)
(0.451823 0.010043 -3.534e-20)
(0.582817 0.0354687 2.11609e-19)
(0.572912 0.0326231 -5.84807e-20)
(0.562608 0.029059 9.63646e-20)
(0.555133 0.0263806 -9.10711e-20)
(0.548618 0.0238903 6.43523e-20)
(0.542612 0.0213468 -3.30469e-20)
(0.537276 0.0188328 -2.43017e-20)
(0.532589 0.0163716 -1.00495e-19)
(0.528483 0.0139544 2.19008e-20)
(0.524926 0.0115831 8.73369e-20)
(0.672942 0.0420299 -1.13965e-20)
(0.661455 0.0382276 7.63974e-20)
(0.649278 0.0339882 -1.38247e-19)
(0.63979 0.0307878 -2.09666e-20)
(0.631422 0.0278219 2.56048e-19)
(0.623704 0.0248531 -5.04685e-20)
(0.616762 0.0219618 -1.66246e-20)
(0.610574 0.0191547 -1.09697e-19)
(0.605066 0.0164147 -7.48746e-20)
(0.600198 0.0137401 1.61176e-19)
(0.763359 0.0497915 -2.18915e-20)
(0.750391 0.0449842 7.53889e-20)
(0.736649 0.0400308 -2.6885e-20)
(0.725323 0.0362269 1.85546e-20)
(0.715184 0.0327014 1.40775e-20)
(0.705805 0.0292377 -1.14733e-19)
(0.697282 0.0259066 -4.47515e-21)
(0.689591 0.0226959 5.24486e-20)
(0.682661 0.0195811 9.1887e-21)
(0.676451 0.0165564 3.7324e-20)
(0.851168 0.0584844 -6.94446e-20)
(0.837049 0.0527183 1.52321e-19)
(0.822217 0.0470722 -4.05844e-20)
(0.809431 0.0426096 2.3893e-20)
(0.797794 0.0384643 -6.90913e-20)
(0.786973 0.0344569 2.05328e-19)
(0.777044 0.0306383 -6.4431e-20)
(0.767984 0.0269778 -1.09422e-19)
(0.759736 0.0234456 -5.91495e-20)
(0.75226 0.0200311 3.34124e-20)
(0.745521 0.0167253 4.66925e-20)
(0.933414 0.0677314 -1.21454e-19)
(0.918687 0.0611442 1.27065e-19)
(0.903374 0.054887 -1.5869e-19)
(0.889673 0.0497508 1.49417e-19)
(0.876991 0.0449622 8.06931e-21)
(0.865112 0.040391 -6.34454e-22)
(0.8541 0.0360591 -9.77122e-20)
(0.843946 0.0319209 1.20961e-19)
(0.834611 0.0279441 7.64908e-20)
(0.826063 0.0241132 -1.80881e-19)
(0.818275 0.0204149 6.01961e-20)
(1.00747 0.0770916 3.43136e-20)
(0.992822 0.0699028 1.04802e-19)
(0.977705 0.0631621 -1.40579e-19)
(0.963744 0.0573854 -3.07939e-20)
(0.950604 0.0519759 -6.85031e-20)
(0.938182 0.0468538 7.88517e-20)
(0.926539 0.0420089 -5.6511e-20)
(0.915688 0.0373883 -1.60754e-20)
(0.905614 0.0329594 1.07116e-19)
(0.896302 0.0287024 -6.88995e-20)
(0.887731 0.0246004 9.25107e-20)
(1.07138 0.0861259 -6.03793e-20)
(1.05753 0.0786131 1.47822e-19)
(1.04328 0.0715369 6.91801e-21)
(1.02975 0.0652017 6.9033e-20)
(1.01681 0.0592411 -5.646e-20)
(1.00444 0.0536141 -1.40037e-19)
(0.992708 0.0482848 1.65935e-19)
(0.981646 0.0432026 -6.43777e-20)
(0.971272 0.0383364 -3.56857e-20)
(0.961585 0.033663 1.62274e-19)
(0.952582 0.0291633 -1.28035e-19)
(0.944256 0.0248216 2.18667e-20)
(1.12406 0.0944768 -1.19811e-20)
(1.11166 0.0869179 2.36947e-19)
(1.09888 0.07964 -1.86855e-19)
(1.08646 0.072865 1.45545e-19)
(1.07439 0.0664585 -1.09879e-20)
(1.06269 0.0604002 -1.11603e-19)
(1.05144 0.0546432 1.57275e-19)
(1.04069 0.0491466 -5.9036e-20)
(1.03049 0.0438814 -5.5675e-20)
(1.02086 0.0388231 3.75859e-20)
(1.01182 0.0339516 1.12916e-19)
(1.00337 0.0292505 -1.27384e-19)
(1.16537 0.101883 -4.66881e-20)
(1.15501 0.09447 -1.33246e-19)
(1.14425 0.0870841 -1.34103e-20)
(1.13355 0.0800026 -9.15047e-21)
(1.12295 0.0732701 5.38922e-20)
(1.11248 0.0668722 1.03225e-19)
(1.10223 0.060767 -1.47601e-19)
(1.09229 0.0549254 7.59186e-20)
(1.08273 0.0493213 8.62422e-20)
(1.07358 0.0439302 -4.93416e-20)
(1.06489 0.0387329 -1.36726e-19)
(1.05668 0.0337129 1.18477e-19)
(1.19629 0.107998 3.33243e-20)
(1.18862 0.100936 2.54764e-20)
(1.18035 0.0936239 3.91579e-20)
(1.17181 0.086445 -3.04813e-20)
(1.16309 0.0795458 -3.76773e-20)
(1.15426 0.0729225 1.34837e-19)
(1.1454 0.0665582 -6.33126e-20)
(1.13664 0.0604426 7.07369e-20)
(1.12806 0.0545584 -4.68467e-20)
(1.11975 0.0488859 -1.50162e-19)
(1.11173 0.0434077 6.74822e-20)
(1.10406 0.0381081 2.31314e-20)
(1.22022 0.112719 -1.65137e-19)
(1.21573 0.106644 1.50539e-19)
(1.20983 0.0998769 1.32542e-19)
(1.20332 0.0929408 -1.13325e-19)
(1.19646 0.0860781 -4.20673e-20)
(1.18932 0.0793566 2.45144e-20)
(1.18199 0.0728163 3.31818e-20)
(1.17459 0.0664795 -1.34684e-19)
(1.1672 0.0603495 3.90415e-20)
(1.15992 0.0544187 5.84059e-20)
(1.15278 0.048676 7.87784e-21)
(1.14584 0.043109 -9.61111e-21)
(1.13914 0.0377078 -4.74968e-20)
(1.24605 0.118114 0)
(1.24043 0.111301 0)
(1.2347 0.104585 0)
(1.22923 0.0977294 0)
(1.2238 0.0909278 0)
(1.21821 0.0842803 0)
(1.21241 0.0777954 0)
(1.20645 0.0714663 0)
(1.2004 0.0652961 0)
(1.19432 0.0592888 0)
(1.18827 0.0534443 0)
(1.18227 0.0477567 0)
(1.17638 0.04222 0)
(1.25594 0.120187 0)
(1.25457 0.113685 0)
(1.25142 0.107187 0)
(1.24803 0.100473 0)
(1.24459 0.0937663 0)
(1.24091 0.0872095 0)
(1.23693 0.0808108 0)
(1.23269 0.074548 0)
(1.22826 0.0684152 0)
(1.22369 0.0624159 0)
(1.21902 0.056552 0)
(1.2143 0.0508201 0)
(1.20955 0.0452162 0)
(1.25901 0.120504 0)
(1.25996 0.114269 0)
(1.25886 0.108052 0)
(1.25742 0.101664 0)
(1.25593 0.095231 0)
(1.25414 0.0888878 0)
(1.25194 0.0826635 0)
(1.2494 0.0765453 0)
(1.24657 0.0705276 0)
(1.24352 0.0646145 0)
(1.24029 0.05881 0)
(1.23691 0.0531134 0)
(1.2334 0.0475227 0)
(1.25548 0.137523 1.12718e-19)
(1.25697 0.134871 3.2612e-20)
(1.25506 0.133982 2.26637e-19)
(1.25683 0.131967 5.30854e-20)
(1.25602 0.131526 -3.43307e-19)
(1.25644 0.128747 2.17883e-20)
(1.25824 0.129066 -1.72191e-19)
(1.25666 0.128134 1.45093e-19)
(1.24892 0.124545 -2.10663e-19)
(1.25414 0.125481 1.26251e-19)
(1.25562 0.125257 -1.32416e-19)
)
;

boundaryField
{
    inlet
    {
        type            uniformFixedValue;
        uniformValue    constant (1 0 0);
        value           nonuniform 0();
    }
    outlet
    {
        type            pressureInletOutletVelocity;
        value           nonuniform 0();
    }
    cylinder
    {
        type            fixedValue;
        value           uniform (0 0 0);
    }
    top
    {
        type            symmetryPlane;
    }
    bottom
    {
        type            symmetryPlane;
    }
    defaultFaces
    {
        type            empty;
    }
    procBoundary9to5
    {
        type            processor;
        value           nonuniform List<vector> 
33
(
(-0.0624877 -0.00294413 -2.95092e-21)
(-0.0722535 -0.00289425 2.48758e-21)
(-0.0818161 -0.00281709 9.12909e-21)
(-0.0910972 -0.00272027 1.20395e-20)
(-0.10004 -0.00260911 -9.98712e-22)
(-0.1086 -0.00248699 -8.87916e-21)
(-0.116744 -0.00235574 8.558e-22)
(-0.124441 -0.0022162 -1.45036e-20)
(-0.13166 -0.00206882 1.31306e-20)
(-0.138373 -0.00191445 1.44128e-20)
(-0.144557 -0.00175536 -8.47842e-21)
(-0.150198 -0.00159632 2.27386e-20)
(-0.155303 -0.00144587 4.23769e-22)
(-0.159918 -0.00131726 -1.23489e-22)
(-0.164144 -0.00122725 -4.85623e-21)
(-0.168112 -0.0011907 7.46404e-21)
(-0.172069 -0.00123436 1.29226e-20)
(-0.000579617 -0.00156384 7.19077e-21)
(-0.00339112 -0.00392629 1.55169e-20)
(-0.0089102 -0.00568753 -5.75309e-21)
(-0.0160129 -0.00696926 -2.64914e-20)
(-0.0242642 -0.0078562 1.1531e-20)
(-0.0333051 -0.00842307 -1.73841e-20)
(-0.0428204 -0.00873554 6.93623e-22)
(-0.0525646 -0.00884974 -3.26915e-21)
(-0.0624877 -0.00294413 -2.95092e-21)
(-0.17653 -0.00137584 3.73554e-22)
(-0.181304 -0.00127612 -1.44114e-21)
(-0.185619 -0.00119589 1.84078e-22)
(-0.189763 -0.00111507 -3.33364e-21)
(-0.193655 -0.00103973 9.48645e-22)
(-0.197332 -0.000970487 5.88076e-21)
(-0.200806 -0.000906923 -2.19419e-21)
)
;
    }
    procBoundary9to6
    {
        type            processor;
        value           uniform (-0.204094 0.000839785 -3.89546e-21);
    }
    procBoundary9to8
    {
        type            processor;
        value           nonuniform List<vector> 
29
(
(1.1347 0.285081 -5.42843e-21)
(1.12981 0.272099 -3.2938e-20)
(1.14548 0.331308 1.08647e-20)
(1.13838 0.316421 -5.48021e-20)
(1.1347 0.285081 -5.42843e-21)
(1.13217 0.302046 -7.98516e-20)
(1.16264 0.3854 1.26168e-19)
(1.15284 0.368285 1.73514e-20)
(1.14548 0.331308 1.08647e-20)
(1.14408 0.351696 3.72692e-20)
(1.17323 0.428481 -7.69463e-20)
(1.16264 0.3854 1.26168e-19)
(1.16243 0.410022 5.83779e-20)
(1.17795 0.471906 -2.2547e-19)
(1.17323 0.428481 -7.69463e-20)
(1.17151 0.455411 -1.66991e-19)
(1.14901 0.498552 -5.15442e-20)
(1.17795 0.471906 -2.2547e-19)
(1.16552 0.495714 1.93499e-19)
(1.14901 0.498552 -5.15442e-20)
(1.10068 0.503008 -7.23932e-20)
(0.89722 0.426831 -2.37612e-19)
(1.10068 0.503008 -7.23932e-20)
(1.02058 0.48892 2.21971e-19)
(0.479898 0.225962 2.70536e-19)
(0.89722 0.426831 -2.37612e-19)
(0.719988 0.352908 -1.59342e-19)
(0.479898 0.225962 2.70536e-19)
(0.183947 0.0880268 2.04274e-19)
)
;
    }
    procBoundary9to10
    {
        type            processor;
        value           nonuniform List<vector> 
38
(
(-0.200182 0.00250593 -7.44007e-21)
(-0.192384 0.00410606 -3.71558e-21)
(-0.192384 0.00410606 -3.71558e-21)
(-0.183374 0.00522371 2.81498e-21)
(-0.167658 0.00646697 7.91455e-21)
(-0.14818 0.00753997 8.74501e-21)
(-0.125012 0.00842319 -4.89354e-21)
(-0.0982061 0.00910658 3.62748e-20)
(-0.0677838 0.00959028 1.7309e-20)
(-0.0337249 0.00988527 -4.33293e-20)
(0.00403695 0.010014 9.11738e-20)
(0.0456138 0.0100112 3.27957e-20)
(0.091156 0.0099251 6.59705e-20)
(0.091156 0.0099251 6.59705e-20)
(0.14132 0.00845307 3.29223e-20)
(0.195147 0.00829574 -3.051e-20)
(0.253198 0.0082755 -6.50843e-20)
(0.315467 0.00849 -1.72073e-19)
(0.381796 0.00904406 -8.70269e-20)
(0.381796 0.00904406 -8.70269e-20)
(0.449902 0.00796418 4.6062e-20)
(0.521899 0.00926067 4.0805e-20)
(0.595943 0.0111304 4.72218e-20)
(0.670926 0.013617 -1.77472e-19)
(0.670926 0.013617 -1.77472e-19)
(0.739492 0.0135196 2.08616e-20)
(0.811221 0.0168376 3.3901e-20)
(0.879885 0.0206393 1.55282e-19)
(0.879885 0.0206393 1.55282e-19)
(0.9366 0.0206254 6.99289e-20)
(0.995524 0.024707 -2.01885e-20)
(1.04896 0.0288578 -5.04019e-20)
(1.09675 0.0329758 -1.24396e-19)
(1.09675 0.0329758 -1.24396e-19)
(1.13271 0.0324613 -1.13756e-19)
(1.17064 0.0368258 0)
(1.20481 0.0397345 0)
(1.22981 0.0420342 0)
)
;
    }
    procBoundary9to12
    {
        type            processor;
        value           nonuniform List<vector> 2((1.12896 0.245286 7.73738e-20) (1.12563 0.259574 -7.66367e-21));
    }
    procBoundary9to13
    {
        type            processor;
        value           nonuniform List<vector> 
58
(
(1.2533 0.139972 -1.04039e-19)
(1.2506 0.142315 -3.9899e-20)
(1.24788 0.14686 5.55263e-19)
(1.24758 0.144587 1.60478e-19)
(1.24788 0.14686 5.55263e-19)
(1.24472 0.149332 -4.13001e-21)
(1.24442 0.159618 6.98038e-20)
(1.24442 0.159618 6.98038e-20)
(1.24117 0.162072 -2.44917e-20)
(1.23778 0.164535 2.25694e-20)
(1.23427 0.167015 1.22088e-19)
(1.23494 0.175319 1.32732e-19)
(1.23494 0.175319 1.32732e-19)
(1.23129 0.178062 -7.62317e-21)
(1.22755 0.180829 5.78184e-20)
(1.22369 0.183621 -2.61522e-19)
(1.22446 0.193366 1.69386e-20)
(1.22446 0.193366 1.69386e-20)
(1.22043 0.196369 -1.28528e-20)
(1.21628 0.199397 5.13387e-20)
(1.21199 0.202446 -2.98794e-20)
(1.20757 0.205511 -8.39543e-20)
(1.20301 0.208584 -6.88246e-20)
(1.19831 0.211658 8.73042e-20)
(1.19345 0.214726 6.71852e-20)
(1.18844 0.217778 -5.03919e-20)
(1.18839 0.229827 1.79919e-20)
(1.18839 0.229827 1.79919e-20)
(1.18299 0.23311 -7.5186e-21)
(1.1774 0.236356 -1.47256e-21)
(1.17162 0.239553 4.88356e-22)
(1.16564 0.242691 -1.73842e-20)
(1.15947 0.245757 9.37815e-21)
(1.15947 0.245757 9.37815e-21)
(1.14866 0.237906 -4.18059e-20)
(1.14227 0.240478 4.81926e-21)
(1.1357 0.242941 4.80152e-20)
(1.25878 0.12013 0)
(1.26081 0.113976 0)
(1.26088 0.107955 0)
(1.26069 0.101878 0)
(1.26057 0.0957555 0)
(1.26023 0.0896747 0)
(1.2595 0.0836757 0)
(1.25838 0.0777554 0)
(1.25695 0.0719088 0)
(1.25527 0.0661389 0)
(1.25335 0.0604515 0)
(1.25122 0.0548485 0)
(1.24891 0.0493303 0)
(1.2533 0.139972 -1.04039e-19)
(1.25251 0.136244 -1.60157e-20)
(1.25251 0.136244 -1.60157e-20)
(1.25174 0.132256 8.65211e-20)
(1.2534 0.130085 1.07286e-20)
(1.2534 0.130085 1.07286e-20)
(1.25379 0.126982 1.49984e-19)
(1.25479 0.124692 -2.40018e-19)
)
;
    }
}


// ************************************************************************* //
