/*--------------------------------*- C++ -*----------------------------------*\
  =========                 |
  \\      /  F ield         | OpenFOAM: The Open Source CFD Toolbox
   \\    /   O peration     | Website:  https://openfoam.org
    \\  /    A nd           | Version:  7
     \\/     M anipulation  |
\*---------------------------------------------------------------------------*/
FoamFile
{
    version     2.0;
    format      ascii;
    class       volVectorField;
    location    "19.5";
    object      U;
}
// * * * * * * * * * * * * * * * * * * * * * * * * * * * * * * * * * * * * * //

dimensions      [0 1 -1 0 0 0 0];

internalField   nonuniform List<vector> 
4032
(
(3 -5.17669e-17 0)
(3 -4.81474e-17 0)
(3 1.47541e-16 0)
(3 4.80363e-17 0)
(3 2.76201e-16 0)
(3 5.90625e-16 0)
(3 5.04477e-16 0)
(3 2.18723e-16 0)
(3 7.85026e-17 0)
(3 3.6024e-17 0)
(3 -4.20786e-16 0)
(2.08418 0.0118748 0)
(0.810428 0.0151334 0)
(0.68982 0.0234364 0)
(0.637402 0.0250058 0)
(0.580399 0.0256734 0)
(0.525007 0.0262086 0)
(0.468693 0.0270194 0)
(0.410504 0.0282953 0)
(0.348936 0.0301909 0)
(0.282558 0.0329194 0)
(0.209378 0.0367658 0)
(0.12934 0.0391427 0)
(0.0471905 0.0426015 0)
(3 2.60669e-17 0)
(3 3.26791e-16 0)
(3 5.16866e-16 0)
(3 4.44377e-16 0)
(3 4.94995e-16 0)
(3 7.13441e-16 0)
(3 6.38648e-16 0)
(3 6.30995e-17 0)
(3 2.10244e-16 0)
(3 9.33994e-17 0)
(3 -6.64245e-16 0)
(2.11675 0.0589501 0)
(0.802876 0.0696659 0)
(0.670492 0.0701847 0)
(0.616696 0.0700754 0)
(0.55993 0.0715603 0)
(0.505259 0.0738019 0)
(0.450206 0.0773208 0)
(0.394082 0.0824661 0)
(0.335501 0.0897884 0)
(0.272785 0.0995109 0)
(0.203701 0.112586 0)
(0.126468 0.121307 0)
(0.0466878 0.132498 0)
(3 1.38426e-16 0)
(3 3.46865e-16 0)
(3 4.46236e-16 0)
(3 4.31601e-16 0)
(3 2.67042e-16 0)
(3 3.2086e-16 0)
(3 4.91937e-16 0)
(3 4.83716e-17 0)
(3 -2.41245e-17 0)
(3 -6.37493e-16 0)
(3 -6.1433e-16 0)
(2.23059 0.108372 0)
(0.823576 0.130018 0)
(0.673914 0.122727 0)
(0.616538 0.122205 0)
(0.556199 0.123574 0)
(0.49869 0.126015 0)
(0.441497 0.130215 0)
(0.384214 0.136801 0)
(0.325672 0.147282 0)
(0.264165 0.162058 0)
(0.198266 0.183799 0)
(0.123006 0.199552 0)
(0.0462746 0.219007 0)
(3 2.31014e-16 0)
(3 2.81127e-17 0)
(3 -3.59624e-16 0)
(3 -7.64789e-16 0)
(3 -1.03213e-15 0)
(3 -3.61642e-16 0)
(3 7.83759e-16 0)
(3 9.5627e-16 0)
(3 6.04652e-16 0)
(3 2.89342e-16 0)
(3 9.05343e-17 0)
(2.41342 0.144197 0)
(0.865957 0.190197 0)
(0.692728 0.175761 0)
(0.635018 0.17532 0)
(0.572159 0.177895 0)
(0.51179 0.181586 0)
(0.451198 0.18703 0)
(0.39028 0.195096 0)
(0.328309 0.208455 0)
(0.263909 0.226794 0)
(0.198176 0.256043 0)
(0.122776 0.279449 0)
(0.0456912 0.305998 0)
(3 -1.02196e-17 0)
(3 -3.14339e-17 0)
(3 -7.06331e-17 0)
(3 -4.13962e-16 0)
(3 -1.06901e-15 0)
(3 -8.83287e-16 0)
(3 -1.03502e-17 0)
(3 6.4487e-16 0)
(3 1.06353e-15 0)
(3 1.375e-15 0)
(3 7.50946e-16 0)
(2.64268 0.16274 0)
(0.925809 0.24856 0)
(0.72125 0.227038 0)
(0.670007 0.230219 0)
(0.607696 0.234554 0)
(0.546025 0.240161 0)
(0.482265 0.247687 0)
(0.417775 0.25762 0)
(0.353231 0.273736 0)
(0.286577 0.293824 0)
(0.220346 0.329092 0)
(0.140102 0.36257 0)
(0.0551619 0.400029 0)
(3 -1.29557e-16 0)
(3 -2.17358e-16 0)
(3 2.79521e-16 0)
(3 5.39534e-16 0)
(3 2.94692e-16 0)
(3 -3.49708e-16 0)
(3 -8.10988e-16 0)
(3 -4.58132e-16 0)
(3 1.92398e-16 0)
(3 2.42273e-16 0)
(3 4.44565e-16 0)
(2.89362 0.118247 0)
(1.01979 0.296786 0)
(0.769892 0.253239 0)
(0.728979 0.272336 0)
(0.666163 0.286017 0)
(0.60351 0.298516 0)
(0.537268 0.310462 0)
(0.469169 0.32283 0)
(0.400031 0.342498 0)
(0.325121 0.367307 0)
(0.248476 0.413828 0)
(0.157541 0.465921 0)
(0.055086 0.514833 0)
(3 2.04055e-16 0)
(3 -8.86157e-17 0)
(3 -1.79049e-16 0)
(3 -1.27593e-16 0)
(3 -9.70306e-17 0)
(3 -4.59375e-16 0)
(3 -1.13889e-15 0)
(3 -1.34916e-15 0)
(3 -6.48496e-16 0)
(3 -3.47416e-18 0)
(3 -4.84522e-16 0)
(3.02407 0.0145827 0)
(1.13624 0.313707 0)
(0.796472 0.282799 0)
(0.769849 0.317449 0)
(0.718927 0.336661 0)
(0.665006 0.354549 0)
(0.603088 0.373265 0)
(0.536022 0.39119 0)
(0.466219 0.418215 0)
(0.390301 0.450325 0)
(0.316947 0.504031 0)
(0.230306 0.571933 0)
(0.104439 0.651845 0)
(3 3.14064e-16 0)
(3 1.73136e-16 0)
(3 -2.67627e-16 0)
(3 -7.86773e-16 0)
(3 -7.88889e-16 0)
(3 -6.53454e-16 0)
(3 -2.95985e-16 0)
(3 -1.78812e-16 0)
(3 -1.08492e-15 0)
(3 -5.5723e-16 0)
(3 -6.80315e-16 0)
(3.00187 0.000137604 0)
(1.29332 0.333845 0)
(0.794335 0.315892 0)
(0.760908 0.355915 0)
(0.722415 0.382551 0)
(0.687973 0.407168 0)
(0.647669 0.433035 0)
(0.59703 0.457998 0)
(0.540998 0.493243 0)
(0.474569 0.529356 0)
(0.402898 0.601355 0)
(0.287175 0.732196 0)
(0.163116 0.92031 0)
(3 1.94713e-17 0)
(3 -2.34452e-16 0)
(3 -1.80717e-16 0)
(3 -2.11765e-17 0)
(3 2.05834e-16 0)
(3 6.34029e-17 0)
(3 1.31802e-16 0)
(3 3.85306e-16 0)
(3 3.25159e-16 0)
(3 -1.73059e-16 0)
(3 -5.79545e-16 0)
(3.00001 -3.29321e-07 0)
(1.57275 0.380126 0)
(0.811471 0.366895 0)
(0.73931 0.382278 0)
(0.712696 0.408366 0)
(0.687186 0.43626 0)
(0.669277 0.472401 0)
(0.639891 0.509956 0)
(0.608939 0.556392 0)
(0.563262 0.608707 0)
(0.518079 0.712857 0)
(0.492736 0.88908 0)
(0.612056 1.20286 0)
(3 8.48096e-17 0)
(3 4.93989e-16 0)
(3 9.77271e-16 0)
(3 2.06357e-15 0)
(3 1.88253e-15 0)
(3 1.78995e-15 0)
(3 1.42396e-15 0)
(3 1.13942e-15 0)
(3 1.86863e-15 0)
(3 1.88131e-15 0)
(3 1.73975e-15 0)
(3 -3.40591e-07 0)
(2.02529 0.416608 0)
(0.870505 0.454019 0)
(0.754708 0.424719 0)
(0.72569 0.438689 0)
(0.704481 0.461858 0)
(0.691022 0.497611 0)
(0.680418 0.542859 0)
(0.670839 0.598955 0)
(0.661226 0.670028 0)
(0.655929 0.782056 0)
(0.722372 0.923864 0)
(1.00205 1.11038 0)
(3 2.65749e-16 0)
(3 4.6676e-16 0)
(3 6.40598e-16 0)
(3 1.07779e-15 0)
(3 1.06923e-15 0)
(3 1.27413e-15 0)
(3 1.74173e-15 0)
(3 1.60682e-15 0)
(3 1.96258e-15 0)
(3 2.24859e-15 0)
(3 2.66489e-15 0)
(3 -7.22296e-08 0)
(2.69142 0.311707 0)
(1.02045 0.52576 0)
(0.840632 0.456238 0)
(0.792541 0.461534 0)
(0.755782 0.482443 0)
(0.732798 0.51603 0)
(0.729031 0.561453 0)
(0.730578 0.620714 0)
(0.753728 0.697555 0)
(0.786932 0.801325 0)
(0.906926 0.907559 0)
(1.17803 1.00052 0)
(3 5.13224e-17 0)
(3 1.78373e-16 0)
(3 9.09936e-17 0)
(3 -4.93247e-16 0)
(3 -8.14367e-17 0)
(3 7.73719e-16 0)
(3 1.1264e-15 0)
(3 8.07266e-16 0)
(3 1.06533e-15 0)
(3 1.30328e-15 0)
(3 1.79363e-15 0)
(3 -7.35057e-09 0)
(3.07532 0.0351033 0)
(1.2842 0.504848 0)
(0.916276 0.506289 0)
(0.875322 0.512656 0)
(0.830991 0.522483 0)
(0.794803 0.541739 0)
(0.78479 0.579336 0)
(0.790927 0.631103 0)
(0.828879 0.697784 0)
(0.892751 0.788766 0)
(1.04025 0.879191 0)
(1.2828 0.927468 0)
(3 -4.54954e-16 0)
(3 -4.55792e-16 0)
(3 -1.88542e-16 0)
(3 1.041e-16 0)
(3 3.99959e-17 0)
(3 2.29516e-16 0)
(3 3.79419e-16 0)
(3 3.11028e-16 0)
(3 -1.72229e-16 0)
(3 -3.39617e-16 0)
(3 9.02263e-17 0)
(3 -2.94787e-10 0)
(3.00664 4.00657e-05 0)
(1.53606 0.493646 0)
(0.913839 0.566036 0)
(0.87583 0.55994 0)
(0.859674 0.574618 0)
(0.844041 0.581286 0)
(0.839295 0.602958 0)
(0.852148 0.638109 0)
(0.892586 0.684029 0)
(0.964899 0.751516 0)
(1.11023 0.822492 0)
(1.32119 0.848338 0)
(3 -5.09838e-16 0)
(3 -6.3795e-16 0)
(3 -7.15166e-16 0)
(3 -4.71218e-16 0)
(3 4.2799e-16 0)
(3 7.57207e-16 0)
(3 9.90913e-16 0)
(3 8.7722e-16 0)
(3 8.89421e-16 0)
(3 7.32086e-16 0)
(3 1.06938e-15 0)
(3 -4.72792e-12 0)
(3.00004 -1.52793e-06 0)
(2.15638 0.495808 0)
(0.97745 0.609609 0)
(0.903329 0.568993 0)
(0.903671 0.581062 0)
(0.898254 0.594792 0)
(0.898241 0.613881 0)
(0.914971 0.643834 0)
(0.956424 0.678181 0)
(1.02857 0.720545 0)
(1.15332 0.766064 0)
(1.32584 0.77661 0)
(3 5.58549e-16 0)
(3 7.7122e-16 0)
(3 4.8949e-16 0)
(3 2.55936e-16 0)
(3 9.82693e-16 0)
(3 1.02434e-15 0)
(3 1.48044e-15 0)
(3 1.83779e-15 0)
(3 1.89418e-15 0)
(3 1.96812e-15 0)
(3 2.31661e-15 0)
(3 -4.77116e-15 0)
(3 -1.98554e-06 0)
(2.96833 0.186106 0)
(1.19604 0.608162 0)
(0.969374 0.576332 0)
(0.962651 0.595981 0)
(0.955747 0.611638 0)
(0.957129 0.624687 0)
(0.975322 0.641791 0)
(1.01416 0.662383 0)
(1.07995 0.68972 0)
(1.17623 0.707094 0)
(1.30553 0.704501 0)
(3 5.72818e-17 0)
(3 3.35056e-16 0)
(3 6.60323e-16 0)
(3 8.33497e-16 0)
(3 7.09548e-16 0)
(3 4.73266e-16 0)
(3 6.39246e-16 0)
(3 6.60407e-17 0)
(3 -2.26145e-16 0)
(3 -1.34275e-16 0)
(3 3.00006e-17 0)
(3 9.55362e-16 0)
(3 -4.22919e-07 0)
(3.04279 0.0061888 0)
(1.43199 0.572074 0)
(0.990332 0.628426 0)
(0.970436 0.621871 0)
(0.977 0.628442 0)
(0.993618 0.637525 0)
(1.0208 0.64926 0)
(1.06179 0.660312 0)
(1.12381 0.669909 0)
(1.19789 0.664964 0)
(1.28984 0.648452 0)
(3 -1.14659e-16 0)
(3 -4.62927e-16 0)
(3 -5.19079e-16 0)
(3 1.81473e-16 0)
(3 7.40259e-16 0)
(3 1.07806e-15 0)
(3 9.94056e-16 0)
(3 4.9913e-16 0)
(3 6.88405e-16 0)
(3 4.34017e-16 0)
(3 2.25811e-16 0)
(3 7.9483e-16 0)
(3 -3.8086e-08 0)
(3.00096 -8.96929e-06 0)
(1.96691 0.562774 0)
(1.01176 0.654886 0)
(0.976333 0.619329 0)
(0.993647 0.618324 0)
(1.01673 0.621492 0)
(1.05037 0.630973 0)
(1.09135 0.635369 0)
(1.14935 0.637738 0)
(1.21097 0.626675 0)
(1.27994 0.606013 0)
(3 -1.4146e-16 0)
(3 -5.09972e-16 0)
(3 -6.60978e-16 0)
(3 5.602e-16 0)
(3 8.90484e-16 0)
(3 6.09887e-16 0)
(3 8.96031e-17 0)
(3 -1.04185e-16 0)
(3 7.27538e-17 0)
(3 -9.9808e-17 0)
(3 -7.33785e-16 0)
(3 -9.642e-16 0)
(3 -4.12785e-10 0)
(3.00003 -1.10893e-05 0)
(2.84198 0.276794 0)
(1.17526 0.654992 0)
(1.00869 0.610074 0)
(1.02662 0.612843 0)
(1.04387 0.615902 0)
(1.07436 0.619354 0)
(1.11194 0.616082 0)
(1.16379 0.61035 0)
(1.21791 0.594448 0)
(1.27358 0.570451 0)
(3 -1.38363e-16 0)
(3 1.18781e-16 0)
(3 2.23209e-16 0)
(3 -1.15525e-16 0)
(3 -6.95162e-16 0)
(3 -6.83303e-16 0)
(3 -7.03137e-16 0)
(3 -1.17685e-15 0)
(3 -1.20277e-15 0)
(3 -9.69195e-16 0)
(3 -1.19117e-15 0)
(3 -9.00949e-16 0)
(3 -7.7476e-13 0)
(3 -2.75451e-06 0)
(3.05907 0.0148722 0)
(1.42534 0.602111 0)
(1.02037 0.624605 0)
(1.0271 0.617281 0)
(1.04958 0.607749 0)
(1.08143 0.600059 0)
(1.12182 0.590862 0)
(1.1716 0.5815 0)
(1.22157 0.565256 0)
(1.27074 0.543923 0)
(3 3.47429e-17 0)
(3 -2.77695e-17 0)
(3 -2.76843e-16 0)
(3 -1.12284e-15 0)
(3 -2.33778e-15 0)
(3 -2.06612e-15 0)
(3 -1.50094e-15 0)
(3 -1.03611e-15 0)
(3 -1.74599e-16 0)
(3 5.39158e-16 0)
(3 7.35644e-16 0)
(3 3.32636e-16 0)
(3 1.3121e-15 0)
(3 -2.60578e-07 0)
(3.00208 1.08342e-05 0)
(1.8485 0.568677 0)
(1.01457 0.640868 0)
(1.00089 0.597856 0)
(1.03604 0.576487 0)
(1.07219 0.566133 0)
(1.11255 0.556392 0)
(1.15892 0.546522 0)
(1.2062 0.530888 0)
(1.25464 0.511971 0)
(3 1.79845e-16 0)
(3 -1.01076e-16 0)
(3 -4.26514e-16 0)
(3 -6.50034e-16 0)
(3 -1.28804e-15 0)
(3 -1.43512e-15 0)
(3 -7.04609e-16 0)
(3 1.37991e-16 0)
(3 9.82789e-16 0)
(3 6.74735e-16 0)
(3 4.33095e-16 0)
(3 1.41294e-15 0)
(3 2.00574e-15 0)
(3 -8.20158e-09 0)
(3 -1.98076e-07 0)
(2.6677 0.365872 0)
(1.10045 0.626433 0)
(1.00398 0.563116 0)
(1.04791 0.554622 0)
(1.0819 0.546001 0)
(1.11752 0.534534 0)
(1.15739 0.52038 0)
(1.19812 0.502019 0)
(1.2419 0.482798 0)
(3 2.00852e-16 0)
(3 5.08903e-16 0)
(3 6.72367e-16 0)
(3 5.67956e-16 0)
(3 7.48495e-16 0)
(3 4.59575e-16 0)
(3 1.00681e-15 0)
(3 4.63523e-16 0)
(3 -9.26386e-17 0)
(3 -2.94889e-16 0)
(3 -2.516e-16 0)
(3 -2.51248e-17 0)
(3 8.8971e-16 0)
(3 -2.01819e-11 0)
(3 -2.66396e-07 0)
(3.06997 0.0340919 0)
(1.31649 0.543026 0)
(1.0162 0.532245 0)
(1.05491 0.53061 0)
(1.08339 0.521196 0)
(1.11758 0.509185 0)
(1.15646 0.494838 0)
(1.19583 0.477632 0)
(1.23782 0.460335 0)
(3 4.45008e-17 0)
(3 2.05246e-16 0)
(3 1.42309e-16 0)
(3 3.39563e-16 0)
(3 6.55961e-16 0)
(3 8.22723e-16 0)
(3 1.31948e-16 0)
(3 -2.52553e-16 0)
(3 -5.50327e-16 0)
(3 8.70466e-17 0)
(3 8.1552e-16 0)
(3 8.12784e-16 0)
(3 1.66976e-15 0)
(3 -2.12471e-14 0)
(3 -5.71634e-08 0)
(3.00513 0.000107227 0)
(1.48472 0.457987 0)
(0.976234 0.519555 0)
(1.01214 0.509431 0)
(1.05322 0.492031 0)
(1.09832 0.47685 0)
(1.14296 0.462944 0)
(1.18503 0.448148 0)
(1.22802 0.433379 0)
(3 -6.05048e-17 0)
(3 -1.93126e-16 0)
(3 -2.69803e-16 0)
(3 -6.3582e-16 0)
(3 -1.04516e-15 0)
(3 -6.43061e-16 0)
(3 -3.79052e-16 0)
(3 -1.83342e-16 0)
(3 7.95118e-16 0)
(3 1.7929e-15 0)
(3 2.59393e-15 0)
(3 2.43294e-15 0)
(3 1.96913e-15 0)
(3 8.83725e-16 0)
(3 -4.88777e-09 0)
(3.00002 -8.67175e-07 0)
(1.84251 0.412517 0)
(0.931701 0.481303 0)
(0.934136 0.459182 0)
(0.99619 0.453462 0)
(1.05362 0.444231 0)
(1.10596 0.432447 0)
(1.15385 0.419261 0)
(1.201 0.405413 0)
(3 3.73205e-17 0)
(3 5.22648e-17 0)
(3 1.92013e-16 0)
(3 2.79991e-16 0)
(3 -1.6238e-17 0)
(3 1.93264e-16 0)
(3 7.94289e-16 0)
(3 1.53058e-15 0)
(3 1.21807e-15 0)
(3 1.10302e-15 0)
(3 1.1371e-15 0)
(3 9.84763e-16 0)
(3 5.69215e-16 0)
(3 6.68976e-16 0)
(3 -2.41777e-11 0)
(3 -1.1628e-06 0)
(2.3517 0.36465 0)
(0.964917 0.455339 0)
(0.904956 0.404089 0)
(0.96233 0.40154 0)
(1.01106 0.401598 0)
(1.06065 0.396943 0)
(1.10968 0.388894 0)
(1.1594 0.378018 0)
(3 1.18284e-16 0)
(3 3.23277e-16 0)
(3 5.24223e-16 0)
(3 1.903e-15 0)
(3 2.54095e-15 0)
(3 1.87273e-15 0)
(3 1.89479e-15 0)
(3 2.01245e-15 0)
(3 2.16767e-15 0)
(3 1.80483e-15 0)
(3 1.2445e-15 0)
(3 6.87479e-16 0)
(3 6.73589e-16 0)
(3 9.44957e-16 0)
(3 -3.65988e-14 0)
(3 -2.47134e-07 0)
(2.87269 0.170568 0)
(1.0789 0.431584 0)
(0.924081 0.376241 0)
(0.97597 0.372256 0)
(1.01364 0.368926 0)
(1.05351 0.3624 0)
(1.09487 0.354209 0)
(1.13845 0.344002 0)
(3 -1.09245e-16 0)
(3 2.08523e-16 0)
(3 9.00143e-16 0)
(3 1.32844e-15 0)
(3 1.49418e-15 0)
(3 1.34662e-15 0)
(3 1.45506e-15 0)
(3 8.08615e-16 0)
(3 5.99256e-16 0)
(3 7.54651e-16 0)
(3 4.41964e-16 0)
(3 4.79782e-16 0)
(3 6.31362e-16 0)
(3 1.2032e-15 0)
(3 1.2206e-15 0)
(3 -2.49616e-08 0)
(3.00997 0.016265 0)
(1.1827 0.339218 0)
(0.918803 0.339327 0)
(0.973523 0.339111 0)
(1.00939 0.337856 0)
(1.04563 0.333564 0)
(1.08263 0.3264 0)
(1.12116 0.316784 0)
(3 5.43394e-17 0)
(3 -2.79884e-16 0)
(3 -1.69981e-18 0)
(3 -2.70548e-16 0)
(3 3.61854e-16 0)
(3 1.10031e-15 0)
(3 1.11238e-15 0)
(3 8.00515e-16 0)
(3 4.55315e-16 0)
(3 2.86866e-16 0)
(3 -3.22196e-16 0)
(3 -1.94401e-16 0)
(3 -1.07848e-16 0)
(3 1.92582e-16 0)
(3 4.51695e-16 0)
(3 -9.90441e-10 0)
(3.0015 0.000692216 0)
(1.25054 0.275142 0)
(0.872151 0.313373 0)
(0.927699 0.312885 0)
(0.971671 0.314113 0)
(1.0139 0.308588 0)
(1.05469 0.3013 0)
(1.09452 0.291911 0)
(3 1.51249e-17 0)
(3 -2.99471e-16 0)
(3 -5.01179e-16 0)
(3 -7.94046e-16 0)
(3 -4.17456e-16 0)
(3 -7.38892e-17 0)
(3 -4.52269e-16 0)
(3 2.84521e-16 0)
(3 2.96942e-16 0)
(3 1.27715e-16 0)
(3 -1.78334e-16 0)
(3 -4.03502e-16 0)
(3 -4.88504e-16 0)
(3 -9.77462e-16 0)
(3 -6.81208e-16 0)
(3 -2.0546e-11 0)
(3.00001 6.74839e-07 0)
(1.37587 0.260544 0)
(0.841341 0.272656 0)
(0.873122 0.273389 0)
(0.920871 0.276656 0)
(0.967264 0.27507 0)
(1.01245 0.270725 0)
(1.05549 0.263484 0)
(3 -1.47136e-16 0)
(3 -3.27724e-16 0)
(3 -8.20403e-16 0)
(3 -1.11781e-15 0)
(3 -1.35326e-15 0)
(3 -1.49764e-15 0)
(3 -1.20326e-15 0)
(3 -1.16008e-15 0)
(3 -8.61499e-16 0)
(3 -8.31148e-16 0)
(3 -7.80587e-16 0)
(3 -1.89477e-15 0)
(3 -2.54172e-15 0)
(3 -2.14222e-15 0)
(3 -1.50756e-15 0)
(3 -1.83576e-13 0)
(3 -1.00306e-10 0)
(1.55249 0.265371 0)
(0.843901 0.246269 0)
(0.842446 0.241376 0)
(0.882866 0.243913 0)
(0.922445 0.243716 0)
(0.965628 0.24098 0)
(1.00873 0.235776 0)
(3 -5.68626e-17 0)
(3 -1.12419e-16 0)
(3 -2.71884e-16 0)
(3 -7.52137e-16 0)
(3 -6.00638e-16 0)
(3 -5.97005e-16 0)
(3 -2.32566e-16 0)
(3 -2.37105e-16 0)
(3 -5.45544e-16 0)
(3 -6.82994e-16 0)
(3 -4.6299e-16 0)
(3 -5.10188e-16 0)
(3 -1.31014e-15 0)
(3 -1.39348e-15 0)
(3 -1.69266e-15 0)
(3 -1.48695e-15 0)
(3 -1.1142e-10 0)
(1.77827 0.256267 0)
(0.854242 0.233881 0)
(0.833393 0.218505 0)
(0.869554 0.214843 0)
(0.900206 0.212003 0)
(0.936623 0.209432 0)
(0.974653 0.206021 0)
(3 7.6081e-17 0)
(3 5.92926e-16 0)
(3 7.86458e-16 0)
(3 6.47154e-16 0)
(3 8.71566e-16 0)
(3 8.97607e-16 0)
(3 7.0251e-16 0)
(3 3.62934e-16 0)
(3 -8.30643e-16 0)
(3 -8.68194e-16 0)
(3 -3.97714e-16 0)
(3 6.94701e-16 0)
(3 4.67654e-16 0)
(3 -1.25645e-16 0)
(3 -1.05106e-15 0)
(3 -4.03187e-16 0)
(3 -2.40016e-11 0)
(2.02945 0.230239 0)
(0.874763 0.219779 0)
(0.835866 0.198432 0)
(0.874417 0.192961 0)
(0.901931 0.186558 0)
(0.934158 0.181968 0)
(0.96716 0.177676 0)
(3 2.15269e-17 0)
(3 2.74526e-16 0)
(3 1.12206e-16 0)
(3 4.10954e-16 0)
(3 6.50703e-16 0)
(3 2.25403e-16 0)
(3 -5.29275e-16 0)
(3 -1.54965e-15 0)
(3 -1.36547e-15 0)
(3 -1.2486e-15 0)
(3 -4.82795e-16 0)
(3 7.08647e-16 0)
(3 1.23932e-15 0)
(3 1.29046e-15 0)
(3 6.89099e-16 0)
(3 3.56336e-16 0)
(3 -2.41254e-12 0)
(2.26388 0.18688 0)
(0.899012 0.197657 0)
(0.83789 0.17621 0)
(0.879649 0.172105 0)
(0.907696 0.166524 0)
(0.938558 0.161802 0)
(0.969387 0.156951 0)
(3 -1.1996e-16 0)
(3 -2.39215e-16 0)
(3 -1.90119e-16 0)
(3 -2.99969e-16 0)
(3 -5.01437e-16 0)
(3 -8.98294e-16 0)
(3 -2.3765e-15 0)
(3 -2.65217e-15 0)
(3 -2.34864e-15 0)
(3 -9.92905e-16 0)
(3 8.54296e-17 0)
(3 8.41224e-16 0)
(3 2.12769e-15 0)
(3 2.05326e-15 0)
(3 1.80038e-15 0)
(3 1.73877e-15 0)
(3 -9.48945e-14 0)
(2.45107 0.144294 0)
(0.920655 0.170247 0)
(0.834653 0.151267 0)
(0.877904 0.149102 0)
(0.907544 0.145214 0)
(0.939079 0.141155 0)
(0.970116 0.136861 0)
(3 -5.67451e-17 0)
(3 6.17826e-17 0)
(3 -6.23913e-16 0)
(3 -1.4184e-15 0)
(3 -1.52997e-15 0)
(3 -1.68782e-15 0)
(3 -1.10654e-15 0)
(3 -1.35631e-15 0)
(3 -1.55064e-15 0)
(3 -1.21567e-15 0)
(3 -6.95306e-16 0)
(3 -4.65374e-16 0)
(3 3.49577e-16 0)
(3 7.66495e-16 0)
(3 9.63397e-16 0)
(3 1.41186e-15 0)
(3 -1.31971e-15 0)
(2.60418 0.109637 0)
(0.946404 0.139641 0)
(0.831138 0.127103 0)
(0.873733 0.125705 0)
(0.903914 0.123052 0)
(0.936203 0.119948 0)
(0.967905 0.116425 0)
(3 9.98725e-17 0)
(3 -2.98108e-16 0)
(3 -4.33063e-16 0)
(3 -7.43866e-16 0)
(3 -1.19063e-15 0)
(3 -1.51674e-15 0)
(3 -1.08181e-15 0)
(3 -1.00991e-15 0)
(3 -4.25358e-16 0)
(3 -7.20796e-16 0)
(3 -1.28968e-15 0)
(3 -1.45116e-15 0)
(3 -1.18324e-15 0)
(3 -6.66345e-16 0)
(3 -5.16586e-16 0)
(3 -4.41751e-16 0)
(3 -4.73505e-16 0)
(2.72785 0.0711124 0)
(0.977756 0.107259 0)
(0.828076 0.101869 0)
(0.870674 0.100979 0)
(0.900776 0.0992552 0)
(0.932932 0.0971437 0)
(0.964511 0.0946687 0)
(3 -2.40905e-16 0)
(3 -9.6798e-18 0)
(3 1.17208e-15 0)
(3 1.60037e-15 0)
(3 1.43334e-15 0)
(3 1.79481e-16 0)
(3 -6.1613e-16 0)
(3 9.1067e-17 0)
(3 1.57983e-17 0)
(3 -6.52898e-16 0)
(3 -1.04777e-15 0)
(3 -1.03316e-15 0)
(3 -1.18245e-15 0)
(3 -9.33805e-16 0)
(3 -6.6683e-16 0)
(3 -8.98865e-16 0)
(3 -8.0895e-16 0)
(2.7918 0.0393843 0)
(0.990395 0.0746473 0)
(0.818786 0.0779346 0)
(0.860438 0.077823 0)
(0.890221 0.0771664 0)
(0.922274 0.0757563 0)
(0.953927 0.0738463 0)
(3 7.99999e-17 0)
(3 1.0284e-15 0)
(3 1.03143e-15 0)
(3 5.68395e-16 0)
(3 3.10371e-16 0)
(3 3.55067e-16 0)
(3 2.9952e-16 0)
(3 7.05588e-16 0)
(3 3.21244e-16 0)
(3 -2.55332e-16 0)
(3 -7.51049e-16 0)
(3 -1.19125e-15 0)
(3 -1.87074e-15 0)
(3 -2.23028e-15 0)
(3 -2.18766e-15 0)
(3 -1.52456e-15 0)
(3 -1.14895e-15 0)
(2.82524 0.0241023 0)
(0.996064 0.0507544 0)
(0.808842 0.0550739 0)
(0.848644 0.0552601 0)
(0.877943 0.0552926 0)
(0.909854 0.0545732 0)
(0.941448 0.0533631 0)
(3 2.18736e-16 0)
(3 1.25555e-16 0)
(3 -2.89903e-16 0)
(3 -1.30174e-15 0)
(3 -1.98424e-15 0)
(3 -1.34017e-15 0)
(3 -1.42993e-17 0)
(3 3.94369e-16 0)
(3 6.77957e-16 0)
(3 5.69624e-16 0)
(3 3.25149e-16 0)
(3 -8.39335e-16 0)
(3 -1.16354e-15 0)
(3 -2.37245e-15 0)
(3 -2.22075e-15 0)
(3 -1.3187e-15 0)
(3 -1.27064e-15 0)
(2.85025 0.0126446 0)
(1.00496 0.0288912 0)
(0.808559 0.0319137 0)
(0.846352 0.0320714 0)
(0.874749 0.0322397 0)
(0.906002 0.0318821 0)
(0.937091 0.031208 0)
(3 -9.2801e-17 0)
(3 -1.24613e-16 0)
(3 -2.95941e-16 0)
(3 -7.59466e-16 0)
(3 -7.03273e-16 0)
(3 -2.4299e-16 0)
(3 1.02737e-16 0)
(3 2.68298e-16 0)
(3 6.30054e-16 0)
(3 5.40706e-16 0)
(3 3.04447e-16 0)
(3 7.71632e-17 0)
(3 1.62838e-16 0)
(3 -6.15055e-16 0)
(3 -3.45926e-16 0)
(3 -3.85833e-16 0)
(3 -7.78064e-16 0)
(2.85823 0.00221986 0)
(1.00529 0.00662874 0)
(0.803674 0.00980546 0)
(0.83947 0.0105165 0)
(0.866878 0.0113299 0)
(0.897815 0.0115179 0)
(0.928846 0.0114357 0)
(1.29442 1.37382 0)
(0.356294 0.700458 0)
(0.01194 0.142653 0)
(0.021008 0.00864178 0)
(0.0428688 0.00989556 0)
(0.0398106 0.025078 0)
(0.014653 0.0336974 0)
(-0.0133836 0.0269322 0)
(-0.038266 0.0129972 0)
(-0.0513107 -0.000848486 0)
(-0.0578959 -0.00685171 0)
(-0.0584938 -0.00919777 0)
(-0.0516426 -0.00934908 0)
(-0.0422879 -0.00843056 0)
(-0.0347637 -0.00584661 0)
(-0.0279427 -0.00391745 0)
(-0.0203184 -0.0023223 0)
(-0.00883927 -0.00243822 0)
(0.00816048 -0.00500046 0)
(0.029876 -0.0098302 0)
(0.0539089 -0.0159166 0)
(0.0789598 -0.0214415 0)
(0.104519 -0.0254248 0)
(0.130826 -0.0288753 0)
(0.158699 -0.0317692 0)
(0.188293 -0.0335025 0)
(0.220112 -0.034765 0)
(0.254405 -0.0353925 0)
(0.291132 -0.0355596 0)
(0.330152 -0.0356738 0)
(0.371095 -0.0361502 0)
(0.413147 -0.0370451 0)
(0.45534 -0.0382518 0)
(0.496577 -0.039893 0)
(0.536769 -0.0414407 0)
(0.575042 -0.0422013 0)
(0.61136 -0.0416527 0)
(0.646809 -0.0404665 0)
(0.682382 -0.0389269 0)
(0.718276 -0.0370703 0)
(0.754213 -0.0350113 0)
(0.789885 -0.0329679 0)
(0.825227 -0.0308302 0)
(0.860153 -0.0286785 0)
(0.894417 -0.0269833 0)
(0.927865 -0.02603 0)
(0.961126 -0.0255909 0)
(0.993408 -0.0251943 0)
(1.0236 -0.0245464 0)
(1.05128 -0.0235929 0)
(1.07715 -0.0225618 0)
(1.10228 -0.0216488 0)
(1.12747 -0.0208528 0)
(1.15283 -0.0200033 0)
(1.1779 -0.0188334 0)
(1.20203 -0.0171531 0)
(1.22513 -0.0152227 0)
(1.24778 -0.0135547 0)
(1.27095 -0.0122779 0)
(1.29489 -0.011239 0)
(1.31875 -0.0103602 0)
(1.34118 -0.0096118 0)
(1.3615 -0.00901374 0)
(1.38027 -0.00860429 0)
(1.39839 -0.0082377 0)
(1.41626 -0.00794297 0)
(1.43357 -0.00759207 0)
(1.44916 -0.00661491 0)
(1.46267 -0.00533829 0)
(1.47532 -0.00439787 0)
(1.48789 -0.00378909 0)
(1.50105 -0.00320142 0)
(1.51505 -0.00251219 0)
(1.52928 -0.00186816 0)
(1.54189 -0.00151542 0)
(1.55251 -0.00147667 0)
(1.5619 -0.00168903 0)
(1.57094 -0.00227284 0)
(1.57866 -0.00287195 0)
(1.58246 -0.00318369 0)
(1.58245 -0.00336308 0)
(1.58018 -0.00383242 0)
(1.57601 -0.0045223 0)
(1.56973 -0.0048892 0)
(1.56062 -0.00525663 0)
(1.54826 -0.00555453 0)
(1.53373 -0.00573148 0)
(1.51894 -0.00547604 0)
(1.50592 -0.00497354 0)
(1.49651 -0.00480562 0)
(1.4913 -0.00515787 0)
(1.49067 -0.00608381 0)
(1.49293 -0.00695882 0)
(1.49431 -0.00694519 0)
(1.49369 -0.00680505 0)
(1.49461 -0.00663171 0)
(1.74748 1.20797 0)
(1.26661 0.73458 0)
(0.870053 0.221305 0)
(0.550846 0.0255642 0)
(0.345723 0.0216672 0)
(0.23325 0.0591957 0)
(0.157399 0.0598089 0)
(0.104579 0.024995 0)
(0.0709605 -0.0051949 0)
(0.0571273 -0.021081 0)
(0.0544751 -0.0222274 0)
(0.0530015 -0.013786 0)
(0.0519589 -0.003029 0)
(0.055448 0.000812548 0)
(0.0617439 0.000595141 0)
(0.0704292 0.00182526 0)
(0.0815097 0.00143012 0)
(0.0958458 -0.00100197 0)
(0.11386 -0.00369407 0)
(0.1374 -0.0102538 0)
(0.166113 -0.0204941 0)
(0.198305 -0.0308375 0)
(0.231127 -0.0382399 0)
(0.262351 -0.0425426 0)
(0.292711 -0.0469279 0)
(0.324331 -0.0535181 0)
(0.359032 -0.0575262 0)
(0.396362 -0.058035 0)
(0.435159 -0.0551734 0)
(0.474043 -0.049966 0)
(0.512679 -0.044405 0)
(0.550905 -0.0407763 0)
(0.58911 -0.0400319 0)
(0.627576 -0.0413149 0)
(0.665948 -0.0442477 0)
(0.703064 -0.0480024 0)
(0.73768 -0.0509053 0)
(0.769511 -0.0514574 0)
(0.799889 -0.0508634 0)
(0.830478 -0.0498039 0)
(0.861989 -0.047971 0)
(0.894301 -0.0453614 0)
(0.926541 -0.0414452 0)
(0.9578 -0.035367 0)
(0.987273 -0.0286026 0)
(1.01561 -0.0235634 0)
(1.04359 -0.0215378 0)
(1.07174 -0.0220804 0)
(1.09974 -0.0232849 0)
(1.12604 -0.0231307 0)
(1.14939 -0.0215299 0)
(1.17075 -0.0199871 0)
(1.19171 -0.0195274 0)
(1.21344 -0.0202589 0)
(1.23602 -0.0211873 0)
(1.25872 -0.0205294 0)
(1.2806 -0.017464 0)
(1.30146 -0.0130088 0)
(1.32183 -0.00887841 0)
(1.34234 -0.00600069 0)
(1.36319 -0.00457186 0)
(1.38392 -0.0040791 0)
(1.40344 -0.00319021 0)
(1.42088 -0.00203265 0)
(1.43686 -0.00148356 0)
(1.4522 -0.00188294 0)
(1.46728 -0.00317421 0)
(1.48196 -0.00384866 0)
(1.49515 -0.00285708 0)
(1.50725 -0.000841617 0)
(1.51901 0.00164433 0)
(1.53079 0.00385194 0)
(1.54284 0.00565372 0)
(1.5553 0.00663395 0)
(1.56721 0.00697592 0)
(1.57773 0.00714714 0)
(1.58681 0.00715393 0)
(1.59482 0.00634528 0)
(1.60141 0.0041258 0)
(1.60507 0.00215149 0)
(1.60474 0.000773283 0)
(1.60207 -0.00101509 0)
(1.59756 -0.00343281 0)
(1.59109 -0.0060922 0)
(1.58202 -0.00876557 0)
(1.57012 -0.0110973 0)
(1.55649 -0.0126074 0)
(1.54266 -0.0122142 0)
(1.53018 -0.00989495 0)
(1.52085 -0.00681728 0)
(1.51517 -0.00472057 0)
(1.51309 -0.00463988 0)
(1.5143 -0.00787616 0)
(1.51755 -0.011148 0)
(1.51851 -0.0117908 0)
(1.51975 -0.0101406 0)
(1.68993 1.03221 0)
(1.5798 0.917388 0)
(1.49811 0.696387 0)
(1.24923 0.527469 0)
(0.943398 0.359958 0)
(0.740556 0.214682 0)
(0.61084 0.113544 0)
(0.523253 0.0518465 0)
(0.457788 0.0273775 0)
(0.414213 0.0194706 0)
(0.391755 0.0172774 0)
(0.383829 0.021451 0)
(0.374968 0.0195227 0)
(0.366987 0.0146308 0)
(0.366967 0.0021512 0)
(0.37714 -0.0229479 0)
(0.398478 -0.0451033 0)
(0.424682 -0.0554723 0)
(0.449521 -0.0622679 0)
(0.475792 -0.0686637 0)
(0.506483 -0.0756024 0)
(0.542254 -0.0866919 0)
(0.581539 -0.100194 0)
(0.619649 -0.110459 0)
(0.654107 -0.114948 0)
(0.685405 -0.114162 0)
(0.716 -0.113737 0)
(0.748802 -0.115406 0)
(0.784258 -0.118529 0)
(0.820862 -0.121269 0)
(0.856887 -0.121822 0)
(0.890571 -0.119684 0)
(0.921556 -0.115765 0)
(0.951002 -0.111868 0)
(0.979638 -0.108991 0)
(1.00742 -0.107565 0)
(1.03356 -0.106441 0)
(1.05737 -0.104137 0)
(1.0783 -0.100237 0)
(1.09796 -0.0960168 0)
(1.11835 -0.0926558 0)
(1.14035 -0.0904639 0)
(1.16385 -0.0890718 0)
(1.18806 -0.0869501 0)
(1.21128 -0.0824891 0)
(1.23223 -0.076621 0)
(1.25154 -0.0711397 0)
(1.27044 -0.0674562 0)
(1.29 -0.0660422 0)
(1.31028 -0.0651776 0)
(1.32897 -0.0623508 0)
(1.34493 -0.0577544 0)
(1.35967 -0.0521931 0)
(1.37416 -0.046604 0)
(1.38891 -0.0432058 0)
(1.40455 -0.0425827 0)
(1.42181 -0.0429264 0)
(1.43929 -0.0415802 0)
(1.4554 -0.0383476 0)
(1.47098 -0.0347243 0)
(1.48668 -0.0316473 0)
(1.50241 -0.0294197 0)
(1.51796 -0.0276035 0)
(1.53183 -0.0255535 0)
(1.54384 -0.023581 0)
(1.55531 -0.0210211 0)
(1.56643 -0.0186577 0)
(1.57713 -0.0175893 0)
(1.58745 -0.0174339 0)
(1.59742 -0.0169188 0)
(1.60694 -0.015394 0)
(1.61609 -0.0128148 0)
(1.62542 -0.0098172 0)
(1.63489 -0.00743456 0)
(1.64405 -0.00607647 0)
(1.65277 -0.00533763 0)
(1.66061 -0.00462915 0)
(1.66691 -0.00422352 0)
(1.67142 -0.00436586 0)
(1.67388 -0.00445834 0)
(1.67356 -0.00426356 0)
(1.67029 -0.00321639 0)
(1.66353 -0.00211704 0)
(1.65583 -0.00242904 0)
(1.64576 -0.00343191 0)
(1.63348 -0.00548077 0)
(1.62031 -0.00815224 0)
(1.60774 -0.0107433 0)
(1.59739 -0.0122591 0)
(1.59028 -0.0123503 0)
(1.58545 -0.0102108 0)
(1.58222 -0.00744366 0)
(1.58042 -0.00628487 0)
(1.5807 -0.00794806 0)
(1.5827 -0.0118166 0)
(1.5861 -0.0133777 0)
(1.59177 0.941512 0)
(1.62136 0.85608 0)
(1.7047 0.739583 0)
(1.73346 0.608533 0)
(1.5755 0.473126 0)
(1.4143 0.346262 0)
(1.28588 0.24542 0)
(1.17447 0.171078 0)
(1.08077 0.115937 0)
(1.00489 0.0873528 0)
(0.949721 0.0571457 0)
(0.926754 0.0163949 0)
(0.916078 -0.0143637 0)
(0.903642 -0.0303363 0)
(0.893522 -0.0412275 0)
(0.896486 -0.0501011 0)
(0.911734 -0.0602729 0)
(0.938405 -0.0740681 0)
(0.968773 -0.0850216 0)
(0.996075 -0.0894018 0)
(1.02071 -0.0925889 0)
(1.04754 -0.0956637 0)
(1.07843 -0.0994354 0)
(1.11127 -0.1056 0)
(1.14201 -0.111958 0)
(1.16833 -0.115582 0)
(1.19071 -0.114948 0)
(1.21163 -0.111643 0)
(1.23354 -0.108617 0)
(1.25718 -0.107455 0)
(1.28148 -0.107528 0)
(1.30435 -0.10778 0)
(1.32395 -0.107433 0)
(1.33977 -0.106087 0)
(1.35315 -0.104083 0)
(1.36594 -0.102202 0)
(1.37917 -0.100169 0)
(1.39258 -0.0964469 0)
(1.40501 -0.0900146 0)
(1.41587 -0.081289 0)
(1.42634 -0.0717992 0)
(1.43801 -0.0637323 0)
(1.45104 -0.0585347 0)
(1.46524 -0.0554198 0)
(1.48046 -0.0528976 0)
(1.4938 -0.0499271 0)
(1.5048 -0.0471471 0)
(1.51491 -0.0438857 0)
(1.52546 -0.0401581 0)
(1.53747 -0.0375584 0)
(1.54978 -0.037141 0)
(1.55984 -0.0377459 0)
(1.56965 -0.0381529 0)
(1.57908 -0.0364375 0)
(1.58779 -0.0314751 0)
(1.5975 -0.0253813 0)
(1.60902 -0.020447 0)
(1.62134 -0.0171587 0)
(1.63248 -0.0157793 0)
(1.64348 -0.0152329 0)
(1.65476 -0.014023 0)
(1.66595 -0.0117799 0)
(1.67634 -0.00989338 0)
(1.68562 -0.00877138 0)
(1.69347 -0.00797123 0)
(1.70043 -0.00680055 0)
(1.70751 -0.00518306 0)
(1.71483 -0.00418466 0)
(1.72215 -0.00405431 0)
(1.72911 -0.00386703 0)
(1.73546 -0.0032126 0)
(1.74153 -0.00212385 0)
(1.74812 -0.000639419 0)
(1.75492 0.000651151 0)
(1.76141 0.00139889 0)
(1.7674 0.00151847 0)
(1.77243 0.000999408 0)
(1.77594 -0.000479739 0)
(1.77809 -0.00305451 0)
(1.7789 -0.00594551 0)
(1.77783 -0.00944961 0)
(1.77415 -0.0123367 0)
(1.7676 -0.0136759 0)
(1.7598 -0.0145006 0)
(1.74991 -0.014617 0)
(1.73791 -0.0150175 0)
(1.72504 -0.0156376 0)
(1.71311 -0.0157697 0)
(1.70393 -0.0161345 0)
(1.69833 -0.0175146 0)
(1.69557 -0.0177025 0)
(1.69189 -0.0150869 0)
(1.68847 -0.0117414 0)
(1.68636 -0.00998808 0)
(1.68546 -0.0102401 0)
(1.6879 -0.0132861 0)
(1.50103 0.815156 0)
(1.56049 0.756757 0)
(1.66496 0.677745 0)
(1.77901 0.595948 0)
(1.7897 0.510349 0)
(1.75174 0.449657 0)
(1.71747 0.379457 0)
(1.66654 0.306167 0)
(1.60368 0.233333 0)
(1.55089 0.168007 0)
(1.50018 0.116449 0)
(1.46573 0.0633444 0)
(1.45734 0.00962591 0)
(1.45205 -0.0338852 0)
(1.43744 -0.056372 0)
(1.42827 -0.0692612 0)
(1.42886 -0.0745441 0)
(1.43885 -0.0863888 0)
(1.45782 -0.101947 0)
(1.47527 -0.113996 0)
(1.48731 -0.121501 0)
(1.49781 -0.128513 0)
(1.50956 -0.136457 0)
(1.5242 -0.145948 0)
(1.53988 -0.154349 0)
(1.55331 -0.157711 0)
(1.56353 -0.157156 0)
(1.57119 -0.154311 0)
(1.57819 -0.150364 0)
(1.5863 -0.147137 0)
(1.59576 -0.14546 0)
(1.60537 -0.144329 0)
(1.61325 -0.141682 0)
(1.61779 -0.136091 0)
(1.6202 -0.127843 0)
(1.62331 -0.118484 0)
(1.62797 -0.111719 0)
(1.63323 -0.109392 0)
(1.63871 -0.109827 0)
(1.64444 -0.109255 0)
(1.64879 -0.104949 0)
(1.65397 -0.0969204 0)
(1.6607 -0.0880447 0)
(1.66862 -0.08157 0)
(1.67786 -0.0787648 0)
(1.68628 -0.0775899 0)
(1.69291 -0.0754504 0)
(1.69968 -0.0697864 0)
(1.70667 -0.0625495 0)
(1.71339 -0.0581855 0)
(1.72045 -0.0572307 0)
(1.72757 -0.0568471 0)
(1.73458 -0.0549113 0)
(1.74156 -0.0512332 0)
(1.7491 -0.0458298 0)
(1.75702 -0.0395786 0)
(1.76501 -0.0343716 0)
(1.77313 -0.0318271 0)
(1.78114 -0.0307956 0)
(1.78937 -0.0290666 0)
(1.79832 -0.0264484 0)
(1.80749 -0.0227935 0)
(1.81609 -0.0181429 0)
(1.82325 -0.0139292 0)
(1.82854 -0.0110725 0)
(1.83265 -0.0101818 0)
(1.83716 -0.0106647 0)
(1.84252 -0.0102698 0)
(1.84832 -0.00789049 0)
(1.85377 -0.00453382 0)
(1.85842 -0.00184906 0)
(1.86262 -0.000738415 0)
(1.8672 -0.000697714 0)
(1.87228 -0.000574574 0)
(1.87746 -0.000110026 0)
(1.88212 0.00070107 0)
(1.88557 0.00122629 0)
(1.8871 0.00143859 0)
(1.88714 0.000532562 0)
(1.88577 -0.00173659 0)
(1.88454 -0.00500723 0)
(1.88094 -0.00969637 0)
(1.87482 -0.0148489 0)
(1.8679 -0.0182698 0)
(1.85862 -0.021455 0)
(1.8479 -0.0231009 0)
(1.83654 -0.0228317 0)
(1.82615 -0.0222062 0)
(1.81781 -0.0216589 0)
(1.81218 -0.0225324 0)
(1.80981 -0.024182 0)
(1.80793 -0.0239736 0)
(1.80418 -0.0222782 0)
(1.80094 -0.0177673 0)
(1.79936 -0.0139983 0)
(1.79879 -0.0141836 0)
(1.43712 0.730742 0)
(1.49333 0.681401 0)
(1.59472 0.62212 0)
(1.7041 0.553363 0)
(1.7673 0.491288 0)
(1.80163 0.434543 0)
(1.82511 0.377313 0)
(1.83634 0.306489 0)
(1.82934 0.228575 0)
(1.81363 0.17378 0)
(1.79058 0.132982 0)
(1.76865 0.085317 0)
(1.76474 0.042352 0)
(1.76881 0.00420504 0)
(1.76287 -0.0263241 0)
(1.75097 -0.0545328 0)
(1.74323 -0.0812838 0)
(1.74535 -0.101375 0)
(1.7529 -0.122647 0)
(1.75896 -0.14041 0)
(1.75649 -0.151088 0)
(1.75231 -0.159908 0)
(1.7504 -0.167099 0)
(1.75181 -0.170055 0)
(1.75728 -0.168548 0)
(1.76146 -0.167086 0)
(1.7607 -0.168147 0)
(1.75755 -0.16796 0)
(1.75383 -0.165585 0)
(1.75157 -0.162222 0)
(1.75217 -0.157978 0)
(1.75514 -0.150916 0)
(1.75698 -0.142028 0)
(1.75597 -0.135364 0)
(1.75323 -0.132004 0)
(1.75154 -0.130512 0)
(1.75164 -0.129374 0)
(1.75361 -0.12604 0)
(1.75693 -0.11686 0)
(1.7603 -0.103662 0)
(1.76386 -0.0915477 0)
(1.76626 -0.0859141 0)
(1.76996 -0.0848933 0)
(1.77527 -0.0846937 0)
(1.78124 -0.0816975 0)
(1.78856 -0.0727746 0)
(1.79448 -0.0638687 0)
(1.79954 -0.0590108 0)
(1.80476 -0.0569447 0)
(1.80919 -0.0560448 0)
(1.81456 -0.0532791 0)
(1.8219 -0.0483206 0)
(1.82936 -0.0419258 0)
(1.83621 -0.0370149 0)
(1.84316 -0.0332669 0)
(1.85012 -0.0307005 0)
(1.85677 -0.0291359 0)
(1.86378 -0.026249 0)
(1.87195 -0.021598 0)
(1.88014 -0.0164527 0)
(1.88821 -0.0117909 0)
(1.89616 -0.00810087 0)
(1.9039 -0.00626848 0)
(1.91042 -0.006012 0)
(1.91512 -0.00639351 0)
(1.9191 -0.00658327 0)
(1.92376 -0.00485224 0)
(1.92934 -0.00131502 0)
(1.9349 0.00203554 0)
(1.9398 0.00396739 0)
(1.94358 0.00471305 0)
(1.94707 0.00500516 0)
(1.95128 0.00512513 0)
(1.95602 0.00475488 0)
(1.96092 0.00400128 0)
(1.96526 0.00328837 0)
(1.96846 0.00300303 0)
(1.96956 0.00318706 0)
(1.96858 0.00263063 0)
(1.96579 -0.000695695 0)
(1.96415 -0.00494029 0)
(1.96075 -0.0112279 0)
(1.95562 -0.0183327 0)
(1.9493 -0.0236876 0)
(1.94147 -0.0265263 0)
(1.93308 -0.027216 0)
(1.92417 -0.0292043 0)
(1.91535 -0.0297359 0)
(1.90756 -0.0296478 0)
(1.90183 -0.030134 0)
(1.8988 -0.0306305 0)
(1.89812 -0.0296528 0)
(1.89617 -0.0255952 0)
(1.89333 -0.0212287 0)
(1.89077 -0.0174908 0)
(1.88843 -0.0153942 0)
(1.38042 0.656536 0)
(1.43896 0.621073 0)
(1.53413 0.578141 0)
(1.63019 0.524188 0)
(1.69656 0.466293 0)
(1.74216 0.412475 0)
(1.77625 0.359349 0)
(1.80383 0.297654 0)
(1.83429 0.227041 0)
(1.85311 0.165407 0)
(1.8527 0.126442 0)
(1.84735 0.0835125 0)
(1.85212 0.0404197 0)
(1.86458 -2.71362e-05 0)
(1.86609 -0.0309907 0)
(1.85814 -0.0571304 0)
(1.84827 -0.0798569 0)
(1.84884 -0.0942503 0)
(1.85444 -0.113012 0)
(1.85743 -0.131978 0)
(1.85242 -0.143165 0)
(1.8426 -0.156761 0)
(1.83775 -0.165662 0)
(1.83461 -0.170058 0)
(1.83708 -0.171464 0)
(1.83737 -0.170621 0)
(1.83162 -0.170353 0)
(1.82481 -0.170819 0)
(1.81801 -0.170059 0)
(1.81256 -0.167265 0)
(1.8111 -0.160867 0)
(1.81402 -0.150819 0)
(1.81279 -0.143618 0)
(1.80856 -0.140075 0)
(1.80358 -0.13584 0)
(1.79983 -0.130053 0)
(1.79862 -0.121263 0)
(1.80131 -0.108226 0)
(1.80658 -0.094164 0)
(1.80963 -0.0869826 0)
(1.8115 -0.0868433 0)
(1.81185 -0.0869571 0)
(1.814 -0.0825044 0)
(1.81874 -0.0731181 0)
(1.82677 -0.0601259 0)
(1.83341 -0.0499058 0)
(1.83793 -0.0450347 0)
(1.84206 -0.0439346 0)
(1.84516 -0.0432265 0)
(1.8503 -0.0391114 0)
(1.85769 -0.0323683 0)
(1.86578 -0.0241281 0)
(1.8728 -0.0175083 0)
(1.87919 -0.0137548 0)
(1.8853 -0.0146924 0)
(1.89076 -0.0150168 0)
(1.89824 -0.0117112 0)
(1.90759 -0.00584547 0)
(1.91745 0.00130089 0)
(1.92654 0.00729725 0)
(1.93423 0.010295 0)
(1.9406 0.00991718 0)
(1.94578 0.00801692 0)
(1.95085 0.0073655 0)
(1.95694 0.00806839 0)
(1.9637 0.00991113 0)
(1.97053 0.012462 0)
(1.97704 0.0141828 0)
(1.98222 0.014655 0)
(1.98549 0.01459 0)
(1.98822 0.0145056 0)
(1.99255 0.0138544 0)
(1.99765 0.0130376 0)
(2.00279 0.012087 0)
(2.00809 0.0108755 0)
(2.0123 0.00935046 0)
(2.01506 0.00849572 0)
(2.0161 0.0069807 0)
(2.01465 0.0027816 0)
(2.01112 -0.00432131 0)
(2.009 -0.00928317 0)
(2.00574 -0.0139667 0)
(2.001 -0.0208526 0)
(1.99534 -0.0268711 0)
(1.98901 -0.0329715 0)
(1.98217 -0.0408532 0)
(1.97585 -0.0450695 0)
(1.96868 -0.0446209 0)
(1.96276 -0.0431698 0)
(1.95838 -0.0397968 0)
(1.95555 -0.0345299 0)
(1.95483 -0.0305386 0)
(1.95346 -0.0296444 0)
(1.95027 -0.0291199 0)
(1.94797 -0.0277409 0)
(1.94463 -0.0255621 0)
(1.35146 0.607118 0)
(1.40597 0.574534 0)
(1.48819 0.537776 0)
(1.57013 0.491608 0)
(1.6349 0.438036 0)
(1.67309 0.385292 0)
(1.69905 0.334564 0)
(1.72746 0.274887 0)
(1.76738 0.215907 0)
(1.80203 0.163937 0)
(1.81738 0.126356 0)
(1.8231 0.0836159 0)
(1.83423 0.0380164 0)
(1.85388 -0.00243049 0)
(1.86562 -0.035859 0)
(1.86515 -0.0608889 0)
(1.85721 -0.0864658 0)
(1.85767 -0.104808 0)
(1.86451 -0.123844 0)
(1.86754 -0.142799 0)
(1.86332 -0.15345 0)
(1.85587 -0.16211 0)
(1.85298 -0.165959 0)
(1.85176 -0.170396 0)
(1.85465 -0.174466 0)
(1.85342 -0.175948 0)
(1.84882 -0.176284 0)
(1.8426 -0.175222 0)
(1.8367 -0.172789 0)
(1.83231 -0.167143 0)
(1.83339 -0.157463 0)
(1.83557 -0.148342 0)
(1.8323 -0.14388 0)
(1.82775 -0.138654 0)
(1.82403 -0.132645 0)
(1.82218 -0.12676 0)
(1.82284 -0.118879 0)
(1.82538 -0.109236 0)
(1.82642 -0.10276 0)
(1.82707 -0.0976589 0)
(1.82813 -0.0914816 0)
(1.83033 -0.0839416 0)
(1.83523 -0.0755886 0)
(1.84148 -0.0656574 0)
(1.8464 -0.0590337 0)
(1.85053 -0.0558124 0)
(1.85418 -0.0530037 0)
(1.85834 -0.0492666 0)
(1.86422 -0.0435754 0)
(1.87114 -0.0361213 0)
(1.87835 -0.0293922 0)
(1.88525 -0.0244758 0)
(1.89115 -0.021083 0)
(1.89584 -0.0188584 0)
(1.90209 -0.0153192 0)
(1.91035 -0.0102268 0)
(1.91972 -0.00359615 0)
(1.92929 0.00200162 0)
(1.93845 0.00657319 0)
(1.94663 0.00978456 0)
(1.95328 0.0112997 0)
(1.95793 0.0116937 0)
(1.96263 0.0127908 0)
(1.96927 0.0154608 0)
(1.97742 0.0191235 0)
(1.98546 0.0230416 0)
(1.99268 0.0257057 0)
(1.99844 0.0262484 0)
(2.00212 0.0245971 0)
(2.00416 0.0219202 0)
(2.00801 0.0215544 0)
(2.01361 0.0231701 0)
(2.01834 0.0245825 0)
(2.02348 0.0246859 0)
(2.02814 0.0238459 0)
(2.03189 0.0212142 0)
(2.0342 0.0172577 0)
(2.03465 0.0115219 0)
(2.03249 0.00360936 0)
(2.03032 -0.00222891 0)
(2.02786 -0.00471019 0)
(2.02411 -0.00850477 0)
(2.01928 -0.0153826 0)
(2.01331 -0.0252302 0)
(2.00676 -0.0377617 0)
(2.0027 -0.0480321 0)
(1.99945 -0.0507871 0)
(1.99601 -0.0480322 0)
(1.99337 -0.0443986 0)
(1.99066 -0.0407144 0)
(1.98768 -0.0369979 0)
(1.98487 -0.0343519 0)
(1.98216 -0.0341367 0)
(1.98006 -0.0347819 0)
(1.97726 -0.0330608 0)
(1.97516 -0.0248932 0)
(1.33681 0.573017 0)
(1.39166 0.542901 0)
(1.46206 0.508598 0)
(1.53029 0.465521 0)
(1.59106 0.415974 0)
(1.62374 0.366273 0)
(1.6418 0.316716 0)
(1.6667 0.26345 0)
(1.70648 0.214854 0)
(1.7442 0.168613 0)
(1.76506 0.129449 0)
(1.77357 0.0861848 0)
(1.78764 0.0435434 0)
(1.81158 0.0079577 0)
(1.8316 -0.0260441 0)
(1.8383 -0.0485508 0)
(1.83685 -0.0732519 0)
(1.83975 -0.0957961 0)
(1.84887 -0.114513 0)
(1.85574 -0.13326 0)
(1.85525 -0.145678 0)
(1.85096 -0.156374 0)
(1.84967 -0.162921 0)
(1.85189 -0.168468 0)
(1.85535 -0.175973 0)
(1.85535 -0.177544 0)
(1.85289 -0.176641 0)
(1.84936 -0.174559 0)
(1.84615 -0.172229 0)
(1.84396 -0.168692 0)
(1.84476 -0.164182 0)
(1.84363 -0.158941 0)
(1.84039 -0.154322 0)
(1.83697 -0.147952 0)
(1.83541 -0.14147 0)
(1.83616 -0.133657 0)
(1.83945 -0.122849 0)
(1.84051 -0.114024 0)
(1.83888 -0.109001 0)
(1.83692 -0.103614 0)
(1.83822 -0.098558 0)
(1.84281 -0.0920761 0)
(1.84997 -0.0806868 0)
(1.85443 -0.0704323 0)
(1.85755 -0.0644896 0)
(1.85938 -0.0604702 0)
(1.86288 -0.0586629 0)
(1.86944 -0.0559762 0)
(1.8775 -0.0481819 0)
(1.88446 -0.0397297 0)
(1.89029 -0.0335952 0)
(1.89511 -0.0288111 0)
(1.89889 -0.0258465 0)
(1.90534 -0.0223609 0)
(1.91441 -0.0170808 0)
(1.92399 -0.010571 0)
(1.93295 -0.00427819 0)
(1.94115 0.00114893 0)
(1.94843 0.00552659 0)
(1.95435 0.00773684 0)
(1.9597 0.00858993 0)
(1.9666 0.0106717 0)
(1.97395 0.0136484 0)
(1.98139 0.0169991 0)
(1.98894 0.0210785 0)
(1.99598 0.0252313 0)
(2.00199 0.0273854 0)
(2.00606 0.0264207 0)
(2.0088 0.0230871 0)
(2.01258 0.0224338 0)
(2.01844 0.0236457 0)
(2.02385 0.0255262 0)
(2.02849 0.0265624 0)
(2.03232 0.0263182 0)
(2.03546 0.0245274 0)
(2.0373 0.0207595 0)
(2.03801 0.0147343 0)
(2.03738 0.0071026 0)
(2.03729 0.000764592 0)
(2.03624 -0.00392722 0)
(2.03371 -0.00847028 0)
(2.02893 -0.0145057 0)
(2.02209 -0.025271 0)
(2.01402 -0.0386197 0)
(2.00952 -0.0480947 0)
(2.00713 -0.0525452 0)
(2.00842 -0.053115 0)
(2.01053 -0.0512295 0)
(2.00864 -0.0505775 0)
(2.00525 -0.0505933 0)
(2.00117 -0.0500269 0)
(1.99712 -0.0487444 0)
(1.99419 -0.0463237 0)
(1.99382 -0.0404476 0)
(1.99557 -0.0327715 0)
(1.99367 -0.0249169 0)
(1.32719 0.540783 0)
(1.38244 0.51123 0)
(1.44309 0.47794 0)
(1.50208 0.438166 0)
(1.559 0.3929 0)
(1.58996 0.347881 0)
(1.60466 0.302625 0)
(1.62844 0.256769 0)
(1.66796 0.215303 0)
(1.70487 0.173049 0)
(1.72496 0.135375 0)
(1.73268 0.0920505 0)
(1.74841 0.0531193 0)
(1.77409 0.0213487 0)
(1.79687 -0.00970988 0)
(1.80946 -0.0355034 0)
(1.81228 -0.0634002 0)
(1.81811 -0.0894576 0)
(1.83054 -0.108458 0)
(1.84194 -0.127802 0)
(1.84583 -0.139701 0)
(1.84519 -0.150055 0)
(1.84513 -0.159553 0)
(1.84879 -0.165575 0)
(1.85438 -0.172932 0)
(1.85675 -0.177316 0)
(1.85621 -0.179518 0)
(1.85478 -0.178857 0)
(1.85389 -0.177142 0)
(1.85345 -0.174325 0)
(1.85442 -0.169848 0)
(1.8549 -0.164764 0)
(1.85292 -0.159567 0)
(1.85014 -0.15244 0)
(1.84893 -0.145741 0)
(1.84964 -0.13866 0)
(1.85275 -0.129486 0)
(1.85398 -0.122263 0)
(1.85299 -0.115463 0)
(1.85168 -0.107178 0)
(1.85327 -0.0994722 0)
(1.85876 -0.0907646 0)
(1.86516 -0.0806673 0)
(1.86871 -0.0749953 0)
(1.87081 -0.0701813 0)
(1.87111 -0.0661641 0)
(1.87576 -0.0617153 0)
(1.88313 -0.0548063 0)
(1.8915 -0.0453193 0)
(1.89763 -0.0389714 0)
(1.9026 -0.0347041 0)
(1.90526 -0.0314725 0)
(1.9092 -0.0274074 0)
(1.9178 -0.0225059 0)
(1.92744 -0.014904 0)
(1.93616 -0.006191 0)
(1.94342 -0.00034525 0)
(1.94982 0.00368546 0)
(1.95518 0.00572599 0)
(1.95924 0.00696228 0)
(1.96619 0.0096995 0)
(1.97513 0.0131746 0)
(1.98313 0.0173705 0)
(1.99007 0.0215334 0)
(1.99628 0.0248774 0)
(2.00146 0.026901 0)
(2.00479 0.0272741 0)
(2.00729 0.0272005 0)
(2.01202 0.02681 0)
(2.01794 0.0265538 0)
(2.02357 0.0270927 0)
(2.02879 0.0276024 0)
(2.03324 0.0277434 0)
(2.03631 0.0268408 0)
(2.03711 0.023139 0)
(2.03682 0.0174398 0)
(2.03651 0.0113903 0)
(2.0366 0.00519514 0)
(2.03632 -0.00150244 0)
(2.0353 -0.00852158 0)
(2.03145 -0.0165103 0)
(2.02546 -0.0268361 0)
(2.01781 -0.0390716 0)
(2.01308 -0.0464496 0)
(2.00954 -0.0490955 0)
(2.0088 -0.0511516 0)
(2.01283 -0.0541651 0)
(2.01495 -0.0577207 0)
(2.01376 -0.0591908 0)
(2.01072 -0.0597453 0)
(2.00802 -0.0588205 0)
(2.00527 -0.0563725 0)
(2.00394 -0.0515769 0)
(2.00541 -0.0441516 0)
(2.0068 -0.0383325 0)
(2.00322 -0.0333053 0)
(1.32168 0.518837 0)
(1.37615 0.489635 0)
(1.42918 0.454435 0)
(1.48117 0.414368 0)
(1.53455 0.370853 0)
(1.56525 0.328339 0)
(1.57956 0.286078 0)
(1.60409 0.245803 0)
(1.64341 0.208885 0)
(1.67889 0.170733 0)
(1.69795 0.135997 0)
(1.70592 0.0945819 0)
(1.72429 0.0612548 0)
(1.75125 0.0329905 0)
(1.77453 0.00413961 0)
(1.78842 -0.0217027 0)
(1.7926 -0.0521646 0)
(1.80066 -0.0792686 0)
(1.81603 -0.0967997 0)
(1.83085 -0.115145 0)
(1.83879 -0.129401 0)
(1.84098 -0.141886 0)
(1.84196 -0.154895 0)
(1.84822 -0.162885 0)
(1.85592 -0.171014 0)
(1.86079 -0.176041 0)
(1.86342 -0.178198 0)
(1.86383 -0.178792 0)
(1.8645 -0.17782 0)
(1.86514 -0.176081 0)
(1.86686 -0.173641 0)
(1.86906 -0.169251 0)
(1.86868 -0.163886 0)
(1.86671 -0.156374 0)
(1.86615 -0.148301 0)
(1.86743 -0.140681 0)
(1.87095 -0.131951 0)
(1.87213 -0.124674 0)
(1.87067 -0.117001 0)
(1.86944 -0.107669 0)
(1.87186 -0.100307 0)
(1.87761 -0.0910883 0)
(1.88239 -0.0823177 0)
(1.88498 -0.0766735 0)
(1.88441 -0.0703288 0)
(1.8849 -0.0637854 0)
(1.89073 -0.0585651 0)
(1.89953 -0.049859 0)
(1.9068 -0.0409402 0)
(1.91197 -0.0357288 0)
(1.91468 -0.0316186 0)
(1.91595 -0.0276057 0)
(1.9227 -0.0227836 0)
(1.93147 -0.0158814 0)
(1.94077 -0.00699769 0)
(1.94886 -0.00021847 0)
(1.95515 0.00492067 0)
(1.95904 0.00776845 0)
(1.96143 0.00892101 0)
(1.96668 0.0111035 0)
(1.97548 0.0148423 0)
(1.98387 0.020373 0)
(1.9914 0.0252804 0)
(1.99832 0.0283652 0)
(2.00361 0.0296597 0)
(2.00613 0.029965 0)
(2.00663 0.0284052 0)
(2.01071 0.0289044 0)
(2.01712 0.0309556 0)
(2.02265 0.0324329 0)
(2.02781 0.0324851 0)
(2.0322 0.0315129 0)
(2.03554 0.0295424 0)
(2.03705 0.0251068 0)
(2.03605 0.0188568 0)
(2.03488 0.0140249 0)
(2.03442 0.0106361 0)
(2.03347 0.00600154 0)
(2.03226 -0.00115132 0)
(2.02903 -0.0111783 0)
(2.02417 -0.024252 0)
(2.01864 -0.0376813 0)
(2.01456 -0.0446869 0)
(2.01169 -0.0467302 0)
(2.01011 -0.0481076 0)
(2.01109 -0.0503455 0)
(2.01315 -0.0549762 0)
(2.01443 -0.0603213 0)
(2.01507 -0.0632921 0)
(2.01472 -0.0636727 0)
(2.0138 -0.0625111 0)
(2.01289 -0.0591594 0)
(2.01325 -0.0533079 0)
(2.01402 -0.0467754 0)
(2.01218 -0.0436288 0)
(2.00842 -0.040558 0)
(1.30741 0.491098 0)
(1.36248 0.465064 0)
(1.41138 0.432849 0)
(1.45981 0.39668 0)
(1.51082 0.356472 0)
(1.54283 0.316022 0)
(1.55907 0.274757 0)
(1.5849 0.236278 0)
(1.6242 0.200956 0)
(1.65872 0.16526 0)
(1.67774 0.13218 0)
(1.6877 0.09273 0)
(1.70923 0.0631633 0)
(1.73743 0.0365714 0)
(1.76019 0.00997305 0)
(1.77386 -0.0155502 0)
(1.77847 -0.0475787 0)
(1.79013 -0.073894 0)
(1.8089 -0.0912212 0)
(1.82591 -0.108633 0)
(1.83611 -0.123455 0)
(1.83963 -0.138399 0)
(1.84162 -0.153431 0)
(1.85038 -0.161362 0)
(1.86042 -0.168873 0)
(1.86786 -0.175238 0)
(1.87261 -0.179393 0)
(1.87439 -0.181534 0)
(1.87597 -0.180893 0)
(1.87853 -0.179835 0)
(1.88125 -0.176831 0)
(1.88523 -0.172127 0)
(1.88681 -0.166213 0)
(1.88562 -0.159125 0)
(1.88517 -0.151042 0)
(1.88623 -0.143689 0)
(1.88928 -0.13566 0)
(1.89145 -0.127433 0)
(1.89055 -0.119184 0)
(1.88893 -0.107563 0)
(1.89094 -0.0978478 0)
(1.89614 -0.0883622 0)
(1.89951 -0.0807356 0)
(1.90085 -0.0750697 0)
(1.8993 -0.066832 0)
(1.90069 -0.0583726 0)
(1.90659 -0.0513606 0)
(1.91476 -0.0410885 0)
(1.92018 -0.0343394 0)
(1.92403 -0.0289995 0)
(1.92463 -0.0235537 0)
(1.92877 -0.0182286 0)
(1.93636 -0.0112655 0)
(1.94513 -0.00160425 0)
(1.95283 0.00505655 0)
(1.95958 0.00924949 0)
(1.9643 0.0125661 0)
(1.96579 0.0142794 0)
(1.97029 0.0164123 0)
(1.97815 0.021238 0)
(1.98553 0.0281007 0)
(1.99252 0.0336824 0)
(1.99887 0.0373957 0)
(2.00455 0.0389694 0)
(2.00814 0.0377552 0)
(2.0083 0.0345705 0)
(2.01177 0.03361 0)
(2.01747 0.036021 0)
(2.02269 0.0402407 0)
(2.02695 0.0418475 0)
(2.03093 0.0416766 0)
(2.03362 0.0393879 0)
(2.03505 0.0341259 0)
(2.03464 0.026567 0)
(2.03392 0.0204543 0)
(2.03359 0.0161949 0)
(2.03227 0.0124205 0)
(2.02974 0.00807628 0)
(2.02553 0.000773269 0)
(2.01991 -0.0126975 0)
(2.01508 -0.0281437 0)
(2.01297 -0.0383929 0)
(2.01244 -0.0425366 0)
(2.01217 -0.0437347 0)
(2.01191 -0.0443263 0)
(2.01164 -0.047389 0)
(2.01115 -0.0544388 0)
(2.01235 -0.0591999 0)
(2.01485 -0.0616047 0)
(2.01776 -0.0618821 0)
(2.01958 -0.0596864 0)
(2.02086 -0.0560229 0)
(2.02113 -0.0525377 0)
(2.01947 -0.050382 0)
(2.01725 -0.0492177 0)
(2.01439 -0.0468009 0)
(1.29079 0.462212 0)
(1.34017 0.436737 0)
(1.38462 0.405911 0)
(1.43252 0.374229 0)
(1.4829 0.339469 0)
(1.51632 0.303485 0)
(1.53622 0.264688 0)
(1.56493 0.228573 0)
(1.60509 0.194917 0)
(1.63941 0.16155 0)
(1.65923 0.129407 0)
(1.67231 0.0914286 0)
(1.69714 0.0635455 0)
(1.72631 0.0373955 0)
(1.74847 0.0124629 0)
(1.76162 -0.0133331 0)
(1.76741 -0.0456533 0)
(1.78322 -0.0690212 0)
(1.80455 -0.0860333 0)
(1.82265 -0.102835 0)
(1.83441 -0.117206 0)
(1.8387 -0.134164 0)
(1.84246 -0.151151 0)
(1.85368 -0.159412 0)
(1.86595 -0.167066 0)
(1.87499 -0.172629 0)
(1.88144 -0.176393 0)
(1.8842 -0.179892 0)
(1.88649 -0.181005 0)
(1.89085 -0.180845 0)
(1.89549 -0.179229 0)
(1.9007 -0.174773 0)
(1.90391 -0.168633 0)
(1.90418 -0.161219 0)
(1.90302 -0.15227 0)
(1.9037 -0.144447 0)
(1.90589 -0.136352 0)
(1.90837 -0.126871 0)
(1.90789 -0.117815 0)
(1.90544 -0.106491 0)
(1.90589 -0.0960181 0)
(1.91005 -0.0874419 0)
(1.91373 -0.0788971 0)
(1.9142 -0.0715953 0)
(1.91258 -0.0611994 0)
(1.91383 -0.051558 0)
(1.91918 -0.0435898 0)
(1.92542 -0.0344405 0)
(1.9306 -0.028493 0)
(1.93347 -0.0225369 0)
(1.935 -0.0152962 0)
(1.9403 -0.00847052 0)
(1.94797 0.000356912 0)
(1.95546 0.00894933 0)
(1.96215 0.0146299 0)
(1.96728 0.0184847 0)
(1.96846 0.0203899 0)
(1.97315 0.0229914 0)
(1.98051 0.0273382 0)
(1.98826 0.0345847 0)
(1.99512 0.0405838 0)
(2.0012 0.0446793 0)
(2.00566 0.0471594 0)
(2.00694 0.0468972 0)
(2.00806 0.0443885 0)
(2.01305 0.0430812 0)
(2.01822 0.0456794 0)
(2.02417 0.0497033 0)
(2.02836 0.0510857 0)
(2.03132 0.0518247 0)
(2.03169 0.050702 0)
(2.03138 0.0457376 0)
(2.03116 0.0388757 0)
(2.03142 0.0322961 0)
(2.03227 0.0252613 0)
(2.03274 0.0186184 0)
(2.02995 0.012995 0)
(2.02477 0.00632065 0)
(2.01773 -0.00487344 0)
(2.01155 -0.017121 0)
(2.00858 -0.0260488 0)
(2.00886 -0.032966 0)
(2.01174 -0.0386047 0)
(2.01261 -0.0409956 0)
(2.01263 -0.0438919 0)
(2.01046 -0.0501019 0)
(2.00957 -0.0553953 0)
(2.01139 -0.0569738 0)
(2.01493 -0.0578613 0)
(2.02086 -0.0571758 0)
(2.0246 -0.0555992 0)
(2.02603 -0.055034 0)
(2.02576 -0.055116 0)
(2.02318 -0.0548563 0)
(2.02143 -0.0542057 0)
(2.0196 -0.0507823 0)
(1.28362 0.440347 0)
(1.32724 0.415025 0)
(1.36698 0.386076 0)
(1.41215 0.357985 0)
(1.45903 0.325432 0)
(1.4905 0.290912 0)
(1.51267 0.25378 0)
(1.54437 0.221728 0)
(1.58519 0.190387 0)
(1.61901 0.159751 0)
(1.63938 0.128333 0)
(1.65594 0.0914604 0)
(1.68388 0.0642644 0)
(1.71378 0.0384789 0)
(1.73555 0.0151246 0)
(1.74811 -0.0110984 0)
(1.75617 -0.0427715 0)
(1.77559 -0.0638025 0)
(1.79859 -0.0810561 0)
(1.8175 -0.0973137 0)
(1.8304 -0.113193 0)
(1.83477 -0.132615 0)
(1.84148 -0.14842 0)
(1.85503 -0.155632 0)
(1.8689 -0.163299 0)
(1.87942 -0.168889 0)
(1.88687 -0.173889 0)
(1.88936 -0.179182 0)
(1.89271 -0.181091 0)
(1.89879 -0.180968 0)
(1.90539 -0.178845 0)
(1.91253 -0.174544 0)
(1.91685 -0.169678 0)
(1.91832 -0.163357 0)
(1.91691 -0.154814 0)
(1.9168 -0.146688 0)
(1.91906 -0.138091 0)
(1.92182 -0.127061 0)
(1.92176 -0.117456 0)
(1.91953 -0.106955 0)
(1.91936 -0.0961837 0)
(1.92273 -0.0874601 0)
(1.9264 -0.0773214 0)
(1.92669 -0.0687568 0)
(1.92529 -0.0572991 0)
(1.92668 -0.0461715 0)
(1.93208 -0.0377134 0)
(1.93704 -0.0303526 0)
(1.94136 -0.0244372 0)
(1.94284 -0.0172289 0)
(1.94489 -0.00838944 0)
(1.9511 -0.000728056 0)
(1.95855 0.00786063 0)
(1.96552 0.0149608 0)
(1.97139 0.0204318 0)
(1.97354 0.0248425 0)
(1.97394 0.0283624 0)
(1.97997 0.0312797 0)
(1.98782 0.0364306 0)
(1.99588 0.0423442 0)
(2.00284 0.0461038 0)
(2.00863 0.0488831 0)
(2.01079 0.0510656 0)
(2.00905 0.0505942 0)
(2.01235 0.0505528 0)
(2.01695 0.0524138 0)
(2.02327 0.0553534 0)
(2.0285 0.056147 0)
(2.0319 0.0555067 0)
(2.03323 0.0535167 0)
(2.0311 0.0494343 0)
(2.02891 0.0440805 0)
(2.0284 0.0396526 0)
(2.02813 0.0336853 0)
(2.02865 0.0261033 0)
(2.02827 0.0174874 0)
(2.02442 0.008941 0)
(2.01863 -0.000965787 0)
(2.01101 -0.0130747 0)
(2.00662 -0.0212621 0)
(2.00531 -0.025801 0)
(2.00682 -0.031407 0)
(2.00945 -0.0385666 0)
(2.01063 -0.0433146 0)
(2.01105 -0.0476148 0)
(2.00909 -0.0530424 0)
(2.0098 -0.0558699 0)
(2.01215 -0.0563652 0)
(2.01675 -0.0560377 0)
(2.02319 -0.0559217 0)
(2.02645 -0.0565289 0)
(2.02882 -0.0576252 0)
(2.0278 -0.0587053 0)
(2.02469 -0.058972 0)
(2.02418 -0.0578227 0)
(2.024 -0.0534229 0)
(1.27287 0.414828 0)
(1.31376 0.391276 0)
(1.35171 0.366275 0)
(1.39501 0.341866 0)
(1.43838 0.311295 0)
(1.46719 0.279679 0)
(1.49048 0.24717 0)
(1.52381 0.219552 0)
(1.56379 0.190132 0)
(1.59602 0.160988 0)
(1.61644 0.128659 0)
(1.63626 0.0939604 0)
(1.66645 0.068395 0)
(1.6966 0.0433765 0)
(1.7182 0.0212463 0)
(1.73043 -0.00543356 0)
(1.7417 -0.034727 0)
(1.76379 -0.053592 0)
(1.78768 -0.0711918 0)
(1.80738 -0.0879394 0)
(1.82059 -0.104102 0)
(1.82522 -0.124087 0)
(1.83587 -0.138293 0)
(1.85175 -0.145852 0)
(1.86667 -0.153493 0)
(1.87864 -0.15952 0)
(1.88677 -0.165547 0)
(1.88878 -0.172078 0)
(1.89399 -0.174765 0)
(1.90217 -0.175236 0)
(1.91078 -0.174533 0)
(1.91917 -0.171504 0)
(1.92464 -0.167388 0)
(1.92617 -0.162235 0)
(1.92604 -0.154525 0)
(1.92745 -0.147017 0)
(1.93108 -0.138407 0)
(1.93506 -0.127256 0)
(1.93554 -0.118327 0)
(1.9341 -0.109015 0)
(1.93343 -0.0983056 0)
(1.93638 -0.0891808 0)
(1.94057 -0.0782877 0)
(1.94165 -0.069013 0)
(1.9408 -0.058401 0)
(1.94168 -0.0459179 0)
(1.94655 -0.0374627 0)
(1.95063 -0.0310942 0)
(1.954 -0.0242188 0)
(1.95503 -0.0144999 0)
(1.95726 -0.00404085 0)
(1.96315 0.00356854 0)
(1.96995 0.00979334 0)
(1.9763 0.0143741 0)
(1.98127 0.0182845 0)
(1.98171 0.0243377 0)
(1.98186 0.0332637 0)
(1.9874 0.0395832 0)
(1.99497 0.0440274 0)
(2.00233 0.0472169 0)
(2.00915 0.0487289 0)
(2.01467 0.0495581 0)
(2.01565 0.0502519 0)
(2.01278 0.0528599 0)
(2.01515 0.0559937 0)
(2.01973 0.0581761 0)
(2.02549 0.0591467 0)
(2.02979 0.0572164 0)
(2.03203 0.0544646 0)
(2.03201 0.0502401 0)
(2.02953 0.0447928 0)
(2.0273 0.0398315 0)
(2.026 0.0352432 0)
(2.02455 0.0294127 0)
(2.02329 0.0218368 0)
(2.02019 0.0122545 0)
(2.01541 0.000481234 0)
(2.00966 -0.0124494 0)
(2.00611 -0.0212185 0)
(2.00365 -0.0255214 0)
(2.00319 -0.0290748 0)
(2.00383 -0.0343205 0)
(2.00481 -0.0413126 0)
(2.00606 -0.0486259 0)
(2.00697 -0.0540232 0)
(2.00821 -0.0557663 0)
(2.01072 -0.0558991 0)
(2.01361 -0.0559752 0)
(2.01791 -0.0566641 0)
(2.02244 -0.0580673 0)
(2.02645 -0.0598906 0)
(2.0288 -0.0619528 0)
(2.02826 -0.0637361 0)
(2.02723 -0.0621288 0)
(2.02788 -0.0602894 0)
(2.02936 -0.055628 0)
(1.24758 0.387425 0)
(1.28907 0.365294 0)
(1.3282 0.343634 0)
(1.37151 0.32193 0)
(1.41336 0.293816 0)
(1.44162 0.264928 0)
(1.46693 0.237392 0)
(1.50138 0.213957 0)
(1.53987 0.185934 0)
(1.5687 0.159067 0)
(1.58887 0.128624 0)
(1.61284 0.0993867 0)
(1.64467 0.0756364 0)
(1.6745 0.0513669 0)
(1.69574 0.0296664 0)
(1.70835 0.00297652 0)
(1.72378 -0.0230458 0)
(1.74784 -0.040709 0)
(1.77213 -0.0584949 0)
(1.79225 -0.0756795 0)
(1.80585 -0.0932888 0)
(1.8123 -0.113319 0)
(1.82685 -0.125645 0)
(1.84459 -0.133867 0)
(1.86062 -0.142503 0)
(1.87372 -0.149125 0)
(1.88231 -0.156031 0)
(1.88515 -0.163558 0)
(1.89219 -0.165174 0)
(1.90252 -0.165088 0)
(1.91228 -0.164546 0)
(1.9216 -0.163117 0)
(1.92851 -0.1612 0)
(1.93189 -0.157525 0)
(1.93134 -0.152564 0)
(1.93553 -0.147897 0)
(1.94134 -0.140091 0)
(1.94705 -0.128712 0)
(1.94834 -0.119079 0)
(1.94663 -0.109408 0)
(1.94502 -0.0989162 0)
(1.94752 -0.0904421 0)
(1.95277 -0.0796274 0)
(1.95492 -0.0693147 0)
(1.9541 -0.0595651 0)
(1.95363 -0.0474073 0)
(1.95784 -0.0390183 0)
(1.96172 -0.0318173 0)
(1.96461 -0.0251424 0)
(1.9668 -0.0151626 0)
(1.96974 -0.0029913 0)
(1.97408 0.00538443 0)
(1.97855 0.00930023 0)
(1.98349 0.012326 0)
(1.98766 0.0171334 0)
(1.98991 0.0248365 0)
(1.99188 0.0332267 0)
(1.99633 0.0395284 0)
(2.00199 0.0443089 0)
(2.00725 0.0476014 0)
(2.01204 0.04887 0)
(2.01566 0.0486667 0)
(2.01731 0.0501335 0)
(2.01846 0.0550516 0)
(2.02105 0.0584426 0)
(2.02437 0.0596629 0)
(2.02731 0.0598595 0)
(2.02911 0.0581656 0)
(2.02938 0.0538154 0)
(2.0275 0.0468363 0)
(2.02569 0.0391924 0)
(2.02397 0.0330673 0)
(2.02183 0.0280897 0)
(2.01962 0.0231676 0)
(2.01563 0.0156251 0)
(2.00942 0.00537214 0)
(2.00401 -0.00816998 0)
(2.00194 -0.0200247 0)
(2.0013 -0.0272076 0)
(2.00059 -0.0307338 0)
(1.99956 -0.0332071 0)
(1.99882 -0.0373882 0)
(1.99922 -0.0439624 0)
(2.00125 -0.0503292 0)
(2.00476 -0.0551964 0)
(2.00767 -0.0564609 0)
(2.01113 -0.0559743 0)
(2.01453 -0.0551973 0)
(2.01832 -0.0554591 0)
(2.02213 -0.0579042 0)
(2.02493 -0.0615294 0)
(2.02646 -0.0651094 0)
(2.02784 -0.066587 0)
(2.03088 -0.0658559 0)
(2.0333 -0.0624397 0)
(2.03509 -0.0565385 0)
(1.20792 0.361994 0)
(1.25167 0.342363 0)
(1.29385 0.323564 0)
(1.33916 0.303814 0)
(1.38093 0.278184 0)
(1.41093 0.250843 0)
(1.44014 0.226523 0)
(1.4765 0.204921 0)
(1.51471 0.17885 0)
(1.54199 0.154483 0)
(1.56154 0.126871 0)
(1.58774 0.10298 0)
(1.62071 0.0814136 0)
(1.65002 0.0590784 0)
(1.67075 0.0373145 0)
(1.68442 0.0102815 0)
(1.7039 -0.0116582 0)
(1.72879 -0.0271896 0)
(1.75335 -0.0434355 0)
(1.77449 -0.0615346 0)
(1.78873 -0.0801333 0)
(1.79758 -0.0985064 0)
(1.81437 -0.109613 0)
(1.8339 -0.117809 0)
(1.85181 -0.126971 0)
(1.86614 -0.135067 0)
(1.87585 -0.143495 0)
(1.88081 -0.152567 0)
(1.89019 -0.156122 0)
(1.90324 -0.156512 0)
(1.91465 -0.156582 0)
(1.92444 -0.156031 0)
(1.9305 -0.154558 0)
(1.93139 -0.152772 0)
(1.93396 -0.149615 0)
(1.94104 -0.146761 0)
(1.94887 -0.140389 0)
(1.9558 -0.130873 0)
(1.95827 -0.122084 0)
(1.95649 -0.112408 0)
(1.95468 -0.102288 0)
(1.95686 -0.0945218 0)
(1.9622 -0.0835138 0)
(1.96473 -0.0717155 0)
(1.9637 -0.0613781 0)
(1.96238 -0.0485934 0)
(1.96587 -0.0395293 0)
(1.97093 -0.0307801 0)
(1.97376 -0.0230011 0)
(1.97639 -0.0132666 0)
(1.97812 -0.00123137 0)
(1.98119 0.00796594 0)
(1.98504 0.0129406 0)
(1.98981 0.0175273 0)
(1.99489 0.0234965 0)
(1.99945 0.0305474 0)
(2.0034 0.0379913 0)
(2.006 0.0443583 0)
(2.00809 0.0475247 0)
(2.01011 0.0494912 0)
(2.01173 0.0515046 0)
(2.0148 0.0531733 0)
(2.0187 0.0544823 0)
(2.02311 0.0577414 0)
(2.02632 0.0602917 0)
(2.02761 0.0609582 0)
(2.02706 0.0597012 0)
(2.02568 0.0565087 0)
(2.02386 0.0515627 0)
(2.02209 0.0445194 0)
(2.02049 0.0372692 0)
(2.01917 0.030944 0)
(2.0167 0.0248644 0)
(2.01174 0.0183799 0)
(2.00539 0.0100669 0)
(1.99848 -0.00222932 0)
(1.99426 -0.0133986 0)
(1.99342 -0.0214721 0)
(1.99591 -0.0278456 0)
(1.99634 -0.0307277 0)
(1.99567 -0.0335026 0)
(1.99411 -0.0389012 0)
(1.99323 -0.0446279 0)
(1.99516 -0.0478741 0)
(1.99968 -0.0503674 0)
(2.00663 -0.0521184 0)
(2.01079 -0.0519842 0)
(2.01534 -0.051846 0)
(2.01881 -0.0530692 0)
(2.01982 -0.0566784 0)
(2.02083 -0.061262 0)
(2.0243 -0.0635778 0)
(2.02819 -0.0637112 0)
(2.03244 -0.0617749 0)
(2.03605 -0.0600528 0)
(2.03982 -0.0573419 0)
(1.18192 0.330058 0)
(1.22335 0.314136 0)
(1.26525 0.298815 0)
(1.30959 0.281371 0)
(1.34897 0.258601 0)
(1.37995 0.234946 0)
(1.41209 0.214805 0)
(1.45029 0.195232 0)
(1.4879 0.172052 0)
(1.51452 0.149225 0)
(1.5359 0.12344 0)
(1.56447 0.102372 0)
(1.59868 0.0821358 0)
(1.62721 0.0622616 0)
(1.64636 0.0413772 0)
(1.66087 0.0156054 0)
(1.68462 -0.00258774 0)
(1.71141 -0.0175662 0)
(1.73573 -0.031671 0)
(1.75579 -0.0475306 0)
(1.77036 -0.0672321 0)
(1.7841 -0.0850882 0)
(1.80264 -0.0959775 0)
(1.82251 -0.104615 0)
(1.84093 -0.114153 0)
(1.85576 -0.124545 0)
(1.86432 -0.134418 0)
(1.87107 -0.14193 0)
(1.88536 -0.145758 0)
(1.89966 -0.148423 0)
(1.91229 -0.149803 0)
(1.92265 -0.150087 0)
(1.92904 -0.150312 0)
(1.9302 -0.149978 0)
(1.93548 -0.147742 0)
(1.94441 -0.145383 0)
(1.9536 -0.139664 0)
(1.9612 -0.131495 0)
(1.96462 -0.123795 0)
(1.96333 -0.114229 0)
(1.96225 -0.103825 0)
(1.96484 -0.0952705 0)
(1.97042 -0.0832281 0)
(1.97294 -0.0708304 0)
(1.97177 -0.0600554 0)
(1.96968 -0.046745 0)
(1.97182 -0.036761 0)
(1.97734 -0.0274245 0)
(1.98113 -0.0184733 0)
(1.98323 -0.00922082 0)
(1.98369 0.00227694 0)
(1.98515 0.0122172 0)
(1.98948 0.0182501 0)
(1.99436 0.024094 0)
(1.99905 0.0309253 0)
(2.00345 0.0375665 0)
(2.007 0.0434233 0)
(2.0096 0.0482815 0)
(2.01157 0.0515935 0)
(2.01267 0.0542791 0)
(2.01419 0.0584661 0)
(2.01746 0.0616009 0)
(2.02101 0.0640115 0)
(2.0246 0.0655802 0)
(2.02688 0.0650365 0)
(2.02715 0.063391 0)
(2.02533 0.0604539 0)
(2.02155 0.0555586 0)
(2.01881 0.050113 0)
(2.0155 0.0447978 0)
(2.01261 0.0386957 0)
(2.0113 0.0313665 0)
(2.00829 0.0231289 0)
(2.00249 0.015112 0)
(1.99518 0.00533204 0)
(1.98849 -0.00410449 0)
(1.98475 -0.009539 0)
(1.9855 -0.0153273 0)
(1.98945 -0.0230763 0)
(1.99058 -0.0265957 0)
(1.99036 -0.0302814 0)
(1.98879 -0.0355248 0)
(1.99004 -0.0381678 0)
(1.99263 -0.0390218 0)
(1.99886 -0.04097 0)
(2.0056 -0.0437651 0)
(2.01049 -0.0455298 0)
(2.01528 -0.0477033 0)
(2.01638 -0.0507541 0)
(2.01531 -0.0539099 0)
(2.01852 -0.055273 0)
(2.02281 -0.0555484 0)
(2.02783 -0.0560445 0)
(2.03262 -0.0559203 0)
(2.0362 -0.056289 0)
(2.04004 -0.0552891 0)
(1.1597 0.304477 0)
(1.19797 0.291077 0)
(1.23808 0.277712 0)
(1.27978 0.261487 0)
(1.31651 0.240929 0)
(1.3484 0.220459 0)
(1.38267 0.203218 0)
(1.42221 0.185064 0)
(1.45817 0.163539 0)
(1.48422 0.141689 0)
(1.50924 0.118722 0)
(1.54117 0.100144 0)
(1.57633 0.0804291 0)
(1.60345 0.0622931 0)
(1.62208 0.0418387 0)
(1.6398 0.0189419 0)
(1.66587 0.00354992 0)
(1.69327 -0.0111311 0)
(1.71675 -0.0250416 0)
(1.73627 -0.0411051 0)
(1.75074 -0.0604486 0)
(1.76737 -0.0757528 0)
(1.78925 -0.0857896 0)
(1.81048 -0.0954971 0)
(1.82918 -0.1055 0)
(1.84388 -0.11455 0)
(1.85371 -0.123635 0)
(1.86351 -0.132055 0)
(1.87801 -0.138063 0)
(1.89257 -0.14138 0)
(1.90609 -0.144526 0)
(1.91753 -0.147135 0)
(1.92501 -0.147841 0)
(1.92868 -0.146463 0)
(1.93605 -0.143591 0)
(1.94588 -0.140869 0)
(1.95511 -0.136586 0)
(1.9626 -0.130805 0)
(1.96657 -0.124043 0)
(1.96552 -0.114609 0)
(1.9662 -0.104862 0)
(1.96998 -0.095949 0)
(1.97642 -0.083041 0)
(1.97895 -0.0706644 0)
(1.97781 -0.0595205 0)
(1.97474 -0.0454648 0)
(1.97543 -0.0340345 0)
(1.98033 -0.0244571 0)
(1.98516 -0.0144318 0)
(1.98659 -0.00583467 0)
(1.98659 0.00424236 0)
(1.98705 0.0151199 0)
(1.99106 0.0228199 0)
(1.99601 0.0308591 0)
(1.99997 0.0391671 0)
(2.00289 0.0453882 0)
(2.00519 0.0492007 0)
(2.00747 0.0518942 0)
(2.01014 0.0552859 0)
(2.01328 0.0600851 0)
(2.01486 0.0655871 0)
(2.01701 0.0703315 0)
(2.01921 0.0713193 0)
(2.02066 0.0707228 0)
(2.0219 0.0685509 0)
(2.02116 0.0647272 0)
(2.01837 0.0593057 0)
(2.01495 0.0537977 0)
(2.01084 0.049722 0)
(2.00622 0.0459273 0)
(2.0025 0.0405591 0)
(2.00013 0.0316809 0)
(1.99711 0.0202931 0)
(1.99134 0.0110574 0)
(1.98455 0.00292546 0)
(1.97991 -0.00236111 0)
(1.97844 -0.00541202 0)
(1.97977 -0.00987042 0)
(1.98316 -0.0166105 0)
(1.98463 -0.0219771 0)
(1.98522 -0.0262921 0)
(1.98519 -0.0296458 0)
(1.98724 -0.0302322 0)
(1.99129 -0.03046 0)
(1.99619 -0.0320064 0)
(2.00142 -0.035292 0)
(2.00581 -0.0386282 0)
(2.00912 -0.0422777 0)
(2.00992 -0.046247 0)
(2.01102 -0.0481059 0)
(2.01538 -0.0478676 0)
(2.02034 -0.0476513 0)
(2.02528 -0.0479158 0)
(2.03004 -0.0484735 0)
(2.03277 -0.0504501 0)
(2.03521 -0.0525055 0)
(1.13319 0.280621 0)
(1.17158 0.268671 0)
(1.21135 0.256133 0)
(1.25094 0.24047 0)
(1.28601 0.222009 0)
(1.31877 0.204707 0)
(1.35455 0.189767 0)
(1.39401 0.172775 0)
(1.42726 0.152993 0)
(1.45292 0.132101 0)
(1.48071 0.112779 0)
(1.51496 0.0966448 0)
(1.54993 0.0785327 0)
(1.57617 0.0617317 0)
(1.59513 0.0406309 0)
(1.61663 0.0204377 0)
(1.64483 0.0061493 0)
(1.67213 -0.00760217 0)
(1.69534 -0.0203824 0)
(1.7136 -0.036621 0)
(1.72897 -0.0552638 0)
(1.74981 -0.0684691 0)
(1.77274 -0.0782381 0)
(1.7944 -0.0878695 0)
(1.81316 -0.0976666 0)
(1.8276 -0.107498 0)
(1.83793 -0.117559 0)
(1.85024 -0.125632 0)
(1.86592 -0.130993 0)
(1.88191 -0.133722 0)
(1.89702 -0.135974 0)
(1.90912 -0.139523 0)
(1.91666 -0.142638 0)
(1.92179 -0.14211 0)
(1.93059 -0.139284 0)
(1.94141 -0.136181 0)
(1.95162 -0.132074 0)
(1.95998 -0.12699 0)
(1.96438 -0.120567 0)
(1.96382 -0.110782 0)
(1.96658 -0.101539 0)
(1.9715 -0.0930826 0)
(1.97874 -0.0809296 0)
(1.98196 -0.0687018 0)
(1.98102 -0.0576281 0)
(1.97752 -0.0439962 0)
(1.97711 -0.0317171 0)
(1.98124 -0.0213358 0)
(1.98634 -0.0091366 0)
(1.98764 0.000376762 0)
(1.98685 0.00883098 0)
(1.98717 0.0181462 0)
(1.99089 0.0257735 0)
(1.99533 0.0350388 0)
(1.99802 0.0433964 0)
(1.99908 0.049522 0)
(1.99948 0.053755 0)
(2.00215 0.055985 0)
(2.00566 0.0588329 0)
(2.0099 0.0647116 0)
(2.01186 0.0704917 0)
(2.01284 0.0738359 0)
(2.01222 0.0738518 0)
(2.01143 0.0723759 0)
(2.01035 0.069196 0)
(2.00893 0.0636692 0)
(2.00734 0.0575034 0)
(2.00401 0.0520681 0)
(1.99918 0.0479511 0)
(1.99371 0.04339 0)
(1.98894 0.0371858 0)
(1.98537 0.0290616 0)
(1.98201 0.0178037 0)
(1.97771 0.00629692 0)
(1.97371 -0.000152273 0)
(1.9709 -0.00294043 0)
(1.96971 -0.00477518 0)
(1.96998 -0.00702527 0)
(1.97182 -0.0116109 0)
(1.97466 -0.0191924 0)
(1.97631 -0.0240968 0)
(1.97782 -0.02571 0)
(1.98021 -0.0262231 0)
(1.98383 -0.0266672 0)
(1.98821 -0.0275165 0)
(1.99245 -0.0294653 0)
(1.9959 -0.0326484 0)
(1.99834 -0.0372955 0)
(2.00024 -0.0420289 0)
(2.00378 -0.0438244 0)
(2.00888 -0.0441696 0)
(2.01421 -0.0444692 0)
(2.01907 -0.0450192 0)
(2.02312 -0.0460404 0)
(2.02429 -0.0494363 0)
(2.02781 -0.0506276 0)
(1.09667 0.254575 0)
(1.13704 0.244971 0)
(1.17748 0.233975 0)
(1.21615 0.220002 0)
(1.25127 0.204567 0)
(1.28564 0.190522 0)
(1.32295 0.177497 0)
(1.36142 0.161435 0)
(1.39253 0.142933 0)
(1.41915 0.12397 0)
(1.44943 0.108215 0)
(1.48538 0.0932584 0)
(1.51923 0.0767468 0)
(1.54441 0.0607814 0)
(1.56433 0.0400077 0)
(1.58954 0.0233436 0)
(1.61925 0.00973325 0)
(1.6464 -0.00322452 0)
(1.66916 -0.0154699 0)
(1.68659 -0.0315985 0)
(1.70453 -0.0481648 0)
(1.72778 -0.0593585 0)
(1.75142 -0.0687163 0)
(1.77352 -0.0781374 0)
(1.79267 -0.0879626 0)
(1.80716 -0.0983014 0)
(1.81867 -0.108607 0)
(1.83372 -0.1163 0)
(1.8508 -0.120138 0)
(1.86738 -0.123488 0)
(1.88276 -0.126945 0)
(1.89569 -0.130341 0)
(1.9039 -0.133173 0)
(1.91016 -0.133277 0)
(1.92071 -0.130717 0)
(1.93281 -0.12808 0)
(1.94416 -0.12506 0)
(1.95378 -0.121179 0)
(1.95935 -0.115595 0)
(1.96002 -0.106433 0)
(1.96441 -0.0973965 0)
(1.9706 -0.0889677 0)
(1.97837 -0.0769548 0)
(1.98207 -0.0654974 0)
(1.98171 -0.055467 0)
(1.97885 -0.0429389 0)
(1.97851 -0.0308446 0)
(1.98226 -0.0198747 0)
(1.98631 -0.0066575 0)
(1.98622 0.00217285 0)
(1.98487 0.010152 0)
(1.98548 0.0184445 0)
(1.9893 0.0269098 0)
(1.99325 0.0373181 0)
(1.99465 0.0447612 0)
(1.99404 0.0514029 0)
(1.99325 0.0562393 0)
(1.99475 0.0581265 0)
(1.99809 0.061235 0)
(2.00356 0.0666248 0)
(2.0061 0.070115 0)
(2.00605 0.0709444 0)
(2.00225 0.0707513 0)
(1.99835 0.0686021 0)
(1.99523 0.0653086 0)
(1.99251 0.059533 0)
(1.99185 0.0531875 0)
(1.9899 0.0475321 0)
(1.98475 0.0427937 0)
(1.9778 0.0378275 0)
(1.97096 0.0304696 0)
(1.96553 0.0210075 0)
(1.96259 0.0114748 0)
(1.96147 0.00253539 0)
(1.96073 -0.00275351 0)
(1.95964 -0.00504498 0)
(1.9586 -0.00697502 0)
(1.95693 -0.00982012 0)
(1.95647 -0.0132965 0)
(1.95921 -0.0169098 0)
(1.96273 -0.0217683 0)
(1.96611 -0.025334 0)
(1.96967 -0.0269097 0)
(1.97354 -0.0276215 0)
(1.97738 -0.0281421 0)
(1.98037 -0.0292448 0)
(1.98269 -0.0316703 0)
(1.98551 -0.0351037 0)
(1.98976 -0.0380847 0)
(1.99475 -0.0399502 0)
(1.99997 -0.0410268 0)
(2.0051 -0.0416857 0)
(2.00923 -0.0430792 0)
(2.01148 -0.0462508 0)
(2.01172 -0.0499131 0)
(2.01895 -0.0495607 0)
(1.05124 0.229077 0)
(1.09325 0.221268 0)
(1.13459 0.211565 0)
(1.17373 0.199487 0)
(1.2105 0.186826 0)
(1.24728 0.175234 0)
(1.28603 0.163408 0)
(1.32305 0.148206 0)
(1.35362 0.131239 0)
(1.38267 0.115535 0)
(1.41553 0.102884 0)
(1.45269 0.0891834 0)
(1.48441 0.0741724 0)
(1.50835 0.0579439 0)
(1.53047 0.0393056 0)
(1.55863 0.0264381 0)
(1.58964 0.0138901 0)
(1.6166 0.00226431 0)
(1.63883 -0.00962271 0)
(1.65624 -0.0254866 0)
(1.67708 -0.0393316 0)
(1.70165 -0.0489643 0)
(1.72581 -0.0580366 0)
(1.74829 -0.0674747 0)
(1.76777 -0.0776044 0)
(1.78295 -0.0884732 0)
(1.79715 -0.0979712 0)
(1.81482 -0.104112 0)
(1.83351 -0.107915 0)
(1.85153 -0.110594 0)
(1.86775 -0.11367 0)
(1.88029 -0.117878 0)
(1.88846 -0.121421 0)
(1.89726 -0.12129 0)
(1.91066 -0.118688 0)
(1.92449 -0.116137 0)
(1.93741 -0.113151 0)
(1.94835 -0.109689 0)
(1.95481 -0.105122 0)
(1.95683 -0.0974481 0)
(1.96276 -0.0889942 0)
(1.97033 -0.0812089 0)
(1.97759 -0.0717533 0)
(1.98144 -0.0622593 0)
(1.98137 -0.0528469 0)
(1.97951 -0.0420286 0)
(1.98063 -0.0317086 0)
(1.98485 -0.0190119 0)
(1.98711 -0.00432924 0)
(1.98527 0.00568054 0)
(1.98256 0.0145705 0)
(1.98277 0.0202587 0)
(1.9864 0.026646 0)
(1.99076 0.0354097 0)
(1.99162 0.0412887 0)
(1.98987 0.04902 0)
(1.98724 0.0571187 0)
(1.9877 0.0602587 0)
(1.99035 0.0628553 0)
(1.99573 0.0650667 0)
(1.99745 0.0656714 0)
(1.99579 0.0650059 0)
(1.99 0.062206 0)
(1.98459 0.0591022 0)
(1.97917 0.0572253 0)
(1.97494 0.0539187 0)
(1.97411 0.048091 0)
(1.97262 0.0412777 0)
(1.96699 0.0355552 0)
(1.9599 0.0290803 0)
(1.952 0.0195573 0)
(1.94591 0.0107837 0)
(1.94327 0.00537361 0)
(1.9445 0.000500672 0)
(1.9463 -0.0041989 0)
(1.94602 -0.00691873 0)
(1.94525 -0.00955351 0)
(1.94338 -0.0138928 0)
(1.94259 -0.0187483 0)
(1.94526 -0.0213879 0)
(1.94923 -0.023291 0)
(1.95362 -0.0249186 0)
(1.95802 -0.0259129 0)
(1.96221 -0.0273845 0)
(1.96546 -0.0298954 0)
(1.96715 -0.0333013 0)
(1.969 -0.0364233 0)
(1.97279 -0.0385188 0)
(1.97788 -0.0391182 0)
(1.98358 -0.0392693 0)
(1.9892 -0.0399616 0)
(1.99412 -0.0416818 0)
(1.99691 -0.0450777 0)
(1.99791 -0.0485301 0)
(2.00117 -0.0496291 0)
(2.0095 -0.048988 0)
(1.01422 0.201504 0)
(1.05458 0.195519 0)
(1.09474 0.187475 0)
(1.13348 0.177817 0)
(1.17108 0.168011 0)
(1.20914 0.158545 0)
(1.24778 0.147716 0)
(1.28326 0.133932 0)
(1.31463 0.119575 0)
(1.34623 0.107615 0)
(1.38156 0.0971545 0)
(1.41854 0.0841565 0)
(1.44779 0.0699593 0)
(1.47157 0.0537487 0)
(1.49716 0.0395337 0)
(1.52766 0.0290602 0)
(1.55937 0.0174145 0)
(1.5857 0.00692626 0)
(1.60717 -0.00526704 0)
(1.62598 -0.0204426 0)
(1.6501 -0.0311246 0)
(1.6759 -0.0392878 0)
(1.7008 -0.0472992 0)
(1.72391 -0.0556553 0)
(1.74368 -0.0653823 0)
(1.75972 -0.0762235 0)
(1.77693 -0.0844599 0)
(1.79699 -0.0895887 0)
(1.81725 -0.0934921 0)
(1.83649 -0.0972547 0)
(1.85347 -0.100866 0)
(1.86635 -0.104351 0)
(1.87555 -0.107877 0)
(1.88707 -0.108037 0)
(1.90269 -0.105982 0)
(1.91785 -0.103843 0)
(1.93124 -0.102243 0)
(1.9422 -0.10063 0)
(1.94881 -0.0972484 0)
(1.953 -0.0907794 0)
(1.9614 -0.0839083 0)
(1.97055 -0.0767225 0)
(1.97816 -0.0678169 0)
(1.98212 -0.0592525 0)
(1.98163 -0.0500999 0)
(1.98072 -0.0407318 0)
(1.98321 -0.0324352 0)
(1.98812 -0.0192272 0)
(1.98964 -0.0055966 0)
(1.98713 0.00452835 0)
(1.98249 0.0150493 0)
(1.98129 0.0218505 0)
(1.98363 0.0274896 0)
(1.98876 0.0356236 0)
(1.99022 0.0421655 0)
(1.98804 0.0484871 0)
(1.98362 0.0569503 0)
(1.98246 0.0610809 0)
(1.98326 0.0629947 0)
(1.98662 0.063313 0)
(1.98754 0.0611481 0)
(1.98382 0.0602236 0)
(1.9785 0.0585628 0)
(1.97254 0.0564329 0)
(1.96626 0.0534145 0)
(1.96116 0.0485002 0)
(1.9596 0.0406089 0)
(1.95816 0.0310566 0)
(1.95176 0.0238887 0)
(1.94447 0.0170692 0)
(1.93699 0.00946032 0)
(1.93214 0.00495886 0)
(1.92949 0.00181991 0)
(1.93098 -0.00200017 0)
(1.93269 -0.00606711 0)
(1.93265 -0.00923168 0)
(1.93231 -0.0139949 0)
(1.93186 -0.0194508 0)
(1.9332 -0.0219565 0)
(1.93597 -0.0224635 0)
(1.93962 -0.0233539 0)
(1.94385 -0.0249049 0)
(1.94812 -0.0267487 0)
(1.9518 -0.028911 0)
(1.95415 -0.03163 0)
(1.95621 -0.0337059 0)
(1.95961 -0.0347499 0)
(1.96413 -0.0351947 0)
(1.96917 -0.0358988 0)
(1.97441 -0.0368246 0)
(1.97941 -0.0379141 0)
(1.98313 -0.0401872 0)
(1.98559 -0.0429465 0)
(1.98913 -0.0440508 0)
(1.99427 -0.0440602 0)
(2.00299 -0.0434717 0)
(1.00169 0.173293 0)
(1.03708 0.16818 0)
(1.0727 0.161817 0)
(1.10816 0.154754 0)
(1.14397 0.14756 0)
(1.18076 0.139938 0)
(1.21731 0.130345 0)
(1.25119 0.1187 0)
(1.28321 0.107551 0)
(1.31646 0.0983956 0)
(1.35302 0.0891874 0)
(1.38797 0.0769746 0)
(1.41533 0.0641003 0)
(1.44041 0.0499593 0)
(1.46928 0.0394231 0)
(1.50162 0.030286 0)
(1.53292 0.0203272 0)
(1.55853 0.0106462 0)
(1.57956 -0.00348624 0)
(1.60181 -0.0167499 0)
(1.62873 -0.0241255 0)
(1.65569 -0.0307735 0)
(1.6811 -0.0378204 0)
(1.70402 -0.0462668 0)
(1.72284 -0.0566899 0)
(1.74006 -0.066271 0)
(1.76061 -0.0722961 0)
(1.78271 -0.0763963 0)
(1.80425 -0.0801585 0)
(1.82413 -0.0844054 0)
(1.84085 -0.0893216 0)
(1.85387 -0.0939204 0)
(1.86574 -0.096493 0)
(1.88013 -0.0967756 0)
(1.89659 -0.095727 0)
(1.91286 -0.0943117 0)
(1.9269 -0.0935667 0)
(1.93742 -0.0936077 0)
(1.9437 -0.0926153 0)
(1.95029 -0.0879292 0)
(1.96154 -0.0818837 0)
(1.97239 -0.0742936 0)
(1.98064 -0.0664841 0)
(1.98486 -0.0596888 0)
(1.98416 -0.0515084 0)
(1.98424 -0.0433185 0)
(1.98727 -0.0357459 0)
(1.99294 -0.0227656 0)
(1.99513 -0.0103071 0)
(1.99255 -0.000576088 0)
(1.98641 0.0121413 0)
(1.98306 0.0221758 0)
(1.98383 0.0277862 0)
(1.98853 0.0345995 0)
(1.991 0.0416161 0)
(1.98908 0.0472433 0)
(1.98367 0.0559089 0)
(1.98021 0.0615674 0)
(1.97839 0.0631838 0)
(1.97793 0.0633092 0)
(1.97824 0.0617434 0)
(1.97524 0.0586879 0)
(1.97028 0.0551367 0)
(1.96382 0.0516673 0)
(1.95636 0.0482406 0)
(1.94985 0.0440913 0)
(1.94563 0.0370469 0)
(1.94231 0.0272794 0)
(1.93626 0.0184502 0)
(1.93009 0.0105752 0)
(1.92547 0.00526271 0)
(1.92246 0.0025367 0)
(1.9219 0.000108254 0)
(1.9221 -0.00287433 0)
(1.92136 -0.00609904 0)
(1.92014 -0.0109088 0)
(1.92009 -0.0163056 0)
(1.92205 -0.018958 0)
(1.92524 -0.0198814 0)
(1.92907 -0.0204164 0)
(1.93275 -0.0212089 0)
(1.9365 -0.0231158 0)
(1.93997 -0.0250602 0)
(1.94265 -0.0273767 0)
(1.94541 -0.0294011 0)
(1.94944 -0.0302968 0)
(1.95418 -0.0304607 0)
(1.95926 -0.030354 0)
(1.96453 -0.0304484 0)
(1.96936 -0.0307797 0)
(1.97245 -0.0331449 0)
(1.97522 -0.0359552 0)
(1.97953 -0.0370801 0)
(1.98548 -0.0370994 0)
(1.991 -0.036885 0)
(2.00048 -0.0362221 0)
(1.00117 0.15179 0)
(1.03347 0.146034 0)
(1.06616 0.139947 0)
(1.09923 0.133705 0)
(1.13302 0.127394 0)
(1.16729 0.120299 0)
(1.20069 0.111597 0)
(1.23253 0.102164 0)
(1.26425 0.0936678 0)
(1.29796 0.08654 0)
(1.3337 0.0787288 0)
(1.36569 0.0676733 0)
(1.39308 0.0551213 0)
(1.42051 0.0434691 0)
(1.45064 0.0354712 0)
(1.48381 0.0290008 0)
(1.51334 0.0208686 0)
(1.53806 0.0097499 0)
(1.56016 -0.00431771 0)
(1.58611 -0.0127123 0)
(1.61453 -0.0187724 0)
(1.6416 -0.0247221 0)
(1.66667 -0.0317995 0)
(1.68862 -0.0409973 0)
(1.70722 -0.0505581 0)
(1.72707 -0.0576095 0)
(1.7497 -0.0621644 0)
(1.77264 -0.0659327 0)
(1.79459 -0.0698212 0)
(1.81444 -0.0742616 0)
(1.83096 -0.0794678 0)
(1.84477 -0.0842309 0)
(1.85932 -0.0864327 0)
(1.87605 -0.0866918 0)
(1.89329 -0.0864854 0)
(1.9098 -0.0860901 0)
(1.92402 -0.0852696 0)
(1.93445 -0.0853844 0)
(1.94105 -0.0857133 0)
(1.95012 -0.0826777 0)
(1.96328 -0.0784523 0)
(1.97533 -0.0729898 0)
(1.98474 -0.0674644 0)
(1.989 -0.0613932 0)
(1.98796 -0.0527363 0)
(1.98986 -0.0445827 0)
(1.99345 -0.0371201 0)
(1.99992 -0.0264525 0)
(2.00304 -0.0156383 0)
(2.00068 -0.00634887 0)
(1.99431 0.00668093 0)
(1.98934 0.0198436 0)
(1.98875 0.0273636 0)
(1.99113 0.0348669 0)
(1.99399 0.0423373 0)
(1.99156 0.0472955 0)
(1.98629 0.0537484 0)
(1.98129 0.0609094 0)
(1.97712 0.0630892 0)
(1.97311 0.0641171 0)
(1.9708 0.0619631 0)
(1.96782 0.0567461 0)
(1.96208 0.0524228 0)
(1.95472 0.0482488 0)
(1.94684 0.0434655 0)
(1.9397 0.0388387 0)
(1.93383 0.0342028 0)
(1.92898 0.0265659 0)
(1.92407 0.0183248 0)
(1.91906 0.0120788 0)
(1.91538 0.00791712 0)
(1.91418 0.00487132 0)
(1.91485 0.00187293 0)
(1.91438 -0.000813825 0)
(1.91268 -0.0040326 0)
(1.91076 -0.00894237 0)
(1.91144 -0.0126541 0)
(1.91404 -0.0141833 0)
(1.91846 -0.0149645 0)
(1.92327 -0.0155815 0)
(1.92768 -0.0160377 0)
(1.93174 -0.0172687 0)
(1.93397 -0.0203129 0)
(1.9355 -0.0234622 0)
(1.93951 -0.0245241 0)
(1.94496 -0.0246252 0)
(1.95079 -0.0243895 0)
(1.95674 -0.0240577 0)
(1.96211 -0.0241029 0)
(1.96445 -0.0260736 0)
(1.96596 -0.0288357 0)
(1.97119 -0.0299609 0)
(1.97765 -0.0299568 0)
(1.98398 -0.0289643 0)
(1.98944 -0.027992 0)
(1.99816 -0.0277912 0)
(1.00151 0.132201 0)
(1.03303 0.127089 0)
(1.06476 0.121724 0)
(1.09684 0.116105 0)
(1.12934 0.110061 0)
(1.16169 0.10305 0)
(1.19322 0.0951442 0)
(1.22438 0.0874721 0)
(1.25646 0.0809755 0)
(1.29033 0.0748212 0)
(1.32312 0.0664081 0)
(1.35159 0.0561531 0)
(1.37938 0.0451648 0)
(1.40907 0.0381159 0)
(1.44273 0.0328587 0)
(1.47506 0.0254513 0)
(1.5014 0.0170077 0)
(1.52424 0.00500955 0)
(1.54863 -0.00426948 0)
(1.57641 -0.00936766 0)
(1.60502 -0.0151726 0)
(1.63148 -0.0206962 0)
(1.65577 -0.0276587 0)
(1.67678 -0.0368053 0)
(1.69671 -0.0449206 0)
(1.71911 -0.0501747 0)
(1.74279 -0.0538583 0)
(1.7661 -0.0573591 0)
(1.78787 -0.0612269 0)
(1.80703 -0.0656294 0)
(1.82335 -0.0705555 0)
(1.83868 -0.0748386 0)
(1.85556 -0.0770119 0)
(1.87385 -0.0775832 0)
(1.89209 -0.0774345 0)
(1.90886 -0.0769655 0)
(1.92288 -0.0761525 0)
(1.93303 -0.0757521 0)
(1.94103 -0.07595 0)
(1.95216 -0.0745234 0)
(1.96567 -0.0722036 0)
(1.97843 -0.0688151 0)
(1.98903 -0.0639864 0)
(1.99406 -0.0573967 0)
(1.99317 -0.0486669 0)
(1.99668 -0.0417505 0)
(2.00098 -0.036009 0)
(2.00742 -0.0276258 0)
(2.01121 -0.0170839 0)
(2.0096 -0.00829802 0)
(2.00417 0.00239172 0)
(1.99884 0.0161092 0)
(1.9971 0.0273694 0)
(1.99671 0.0350117 0)
(1.99806 0.0410634 0)
(1.99541 0.0459956 0)
(1.98976 0.0507116 0)
(1.98309 0.0565012 0)
(1.97732 0.0594602 0)
(1.97085 0.0603296 0)
(1.96566 0.0579131 0)
(1.96117 0.0538972 0)
(1.95519 0.0497161 0)
(1.94728 0.0445027 0)
(1.93904 0.03838 0)
(1.93153 0.0327556 0)
(1.92486 0.0278732 0)
(1.9195 0.0237715 0)
(1.9149 0.0194023 0)
(1.91112 0.0149554 0)
(1.90913 0.0114093 0)
(1.90904 0.00767871 0)
(1.90874 0.00429126 0)
(1.90785 0.00208236 0)
(1.90628 -0.00115248 0)
(1.90584 -0.00453988 0)
(1.90739 -0.00617105 0)
(1.91065 -0.00742125 0)
(1.91659 -0.0083702 0)
(1.92098 -0.00894151 0)
(1.92533 -0.00944879 0)
(1.92775 -0.0110934 0)
(1.92885 -0.0145088 0)
(1.9328 -0.0168883 0)
(1.93774 -0.0174531 0)
(1.94336 -0.0175211 0)
(1.94949 -0.0176814 0)
(1.95518 -0.018206 0)
(1.95861 -0.0198262 0)
(1.95971 -0.0221103 0)
(1.96311 -0.0236922 0)
(1.969 -0.0233996 0)
(1.97516 -0.0228202 0)
(1.9816 -0.0223232 0)
(1.98699 -0.0219087 0)
(1.99481 -0.0222988 0)
(0.999731 0.112532 0)
(1.03152 0.108316 0)
(1.06342 0.103829 0)
(1.09552 0.0989886 0)
(1.12767 0.0935334 0)
(1.15947 0.0873855 0)
(1.19079 0.08106 0)
(1.22216 0.0752313 0)
(1.25431 0.0697303 0)
(1.28703 0.0632218 0)
(1.31781 0.0545187 0)
(1.34614 0.0455536 0)
(1.37427 0.0396313 0)
(1.40532 0.0350651 0)
(1.43892 0.0287935 0)
(1.46767 0.0211725 0)
(1.49207 0.0118395 0)
(1.51527 0.00190167 0)
(1.54182 -0.00333015 0)
(1.57075 -0.00746279 0)
(1.59844 -0.0121852 0)
(1.62421 -0.0169625 0)
(1.64719 -0.0236842 0)
(1.66767 -0.0322375 0)
(1.69018 -0.0388676 0)
(1.71434 -0.0429296 0)
(1.73849 -0.0461748 0)
(1.76169 -0.0494029 0)
(1.78303 -0.0529352 0)
(1.80166 -0.0567858 0)
(1.81778 -0.0610651 0)
(1.83463 -0.0645772 0)
(1.8536 -0.0663237 0)
(1.87294 -0.0670057 0)
(1.89139 -0.0672924 0)
(1.90797 -0.0672648 0)
(1.92127 -0.0675418 0)
(1.93062 -0.0672909 0)
(1.94117 -0.0654956 0)
(1.95569 -0.0634039 0)
(1.96978 -0.0618178 0)
(1.98263 -0.0597159 0)
(1.99302 -0.0568967 0)
(1.99827 -0.0523005 0)
(1.99934 -0.0436082 0)
(2.00501 -0.0347976 0)
(2.01075 -0.0282097 0)
(2.01664 -0.0206285 0)
(2.01992 -0.011993 0)
(2.01802 -0.00531305 0)
(2.01384 0.00226917 0)
(2.00932 0.0127656 0)
(2.00591 0.0259401 0)
(2.00404 0.0364235 0)
(2.00247 0.042035 0)
(1.9988 0.0449414 0)
(1.99208 0.0474845 0)
(1.98506 0.0502005 0)
(1.97747 0.0515324 0)
(1.96992 0.0511776 0)
(1.96249 0.0490366 0)
(1.95524 0.0465425 0)
(1.94769 0.0431195 0)
(1.93973 0.0381463 0)
(1.93193 0.0316445 0)
(1.92481 0.0250361 0)
(1.91898 0.0201042 0)
(1.914 0.01747 0)
(1.90954 0.0156397 0)
(1.90617 0.0139833 0)
(1.90461 0.0122068 0)
(1.9046 0.0085236 0)
(1.9039 0.00481333 0)
(1.90258 0.00260993 0)
(1.9017 0.000541514 0)
(1.90251 -0.000612762 0)
(1.90467 -0.00102766 0)
(1.90846 -0.00178097 0)
(1.9134 -0.0031716 0)
(1.91733 -0.00410018 0)
(1.92102 -0.00522514 0)
(1.92284 -0.00746104 0)
(1.92528 -0.0101587 0)
(1.93013 -0.0115436 0)
(1.93547 -0.0123311 0)
(1.94118 -0.0129942 0)
(1.94686 -0.0137087 0)
(1.95164 -0.0148727 0)
(1.95461 -0.0172211 0)
(1.95677 -0.0188973 0)
(1.9612 -0.0194998 0)
(1.96722 -0.0191472 0)
(1.97356 -0.0188388 0)
(1.98009 -0.0185638 0)
(1.98533 -0.0184765 0)
(1.99249 -0.0195911 0)
(0.996205 0.0918919 0)
(1.02793 0.0887752 0)
(1.05981 0.0851489 0)
(1.09179 0.0810674 0)
(1.12366 0.0764637 0)
(1.15526 0.0715902 0)
(1.1867 0.0667893 0)
(1.21837 0.0621375 0)
(1.2504 0.0571828 0)
(1.28188 0.0510479 0)
(1.31159 0.044024 0)
(1.34034 0.0382108 0)
(1.36998 0.0341136 0)
(1.40215 0.0296681 0)
(1.43329 0.0235772 0)
(1.45957 0.0170774 0)
(1.4834 0.00857007 0)
(1.509 0.00256114 0)
(1.53715 -0.000837577 0)
(1.56658 -0.00481748 0)
(1.5934 -0.00860827 0)
(1.61816 -0.0133344 0)
(1.63949 -0.0202426 0)
(1.66028 -0.026883 0)
(1.68432 -0.0310644 0)
(1.70943 -0.0341813 0)
(1.73431 -0.037328 0)
(1.75841 -0.0405065 0)
(1.78041 -0.0435593 0)
(1.79802 -0.0472314 0)
(1.81352 -0.0508903 0)
(1.83151 -0.053027 0)
(1.85157 -0.0539263 0)
(1.87208 -0.0545716 0)
(1.8923 -0.0552555 0)
(1.91038 -0.0557958 0)
(1.92346 -0.0560324 0)
(1.93124 -0.0555323 0)
(1.94161 -0.0532566 0)
(1.95571 -0.0509032 0)
(1.96995 -0.0493525 0)
(1.98335 -0.0481765 0)
(1.99526 -0.0462089 0)
(2.00325 -0.0428513 0)
(2.00636 -0.0368037 0)
(2.00946 -0.028631 0)
(2.01578 -0.022125 0)
(2.02146 -0.015476 0)
(2.02534 -0.00778994 0)
(2.02356 -0.00139535 0)
(2.02266 0.00383937 0)
(2.01926 0.0109273 0)
(2.01484 0.0224717 0)
(2.01103 0.0338611 0)
(2.00692 0.0391493 0)
(2.00112 0.0409438 0)
(1.99366 0.0419307 0)
(1.98545 0.0428319 0)
(1.9768 0.0427469 0)
(1.96856 0.0408782 0)
(1.96036 0.038543 0)
(1.95086 0.0358344 0)
(1.9411 0.0331931 0)
(1.9322 0.0292221 0)
(1.92467 0.02285 0)
(1.91942 0.0167539 0)
(1.91628 0.0133699 0)
(1.91297 0.0118011 0)
(1.90814 0.011116 0)
(1.90404 0.0102288 0)
(1.90121 0.00832549 0)
(1.9003 0.00522091 0)
(1.89983 0.00221423 0)
(1.89929 0.000716208 0)
(1.89928 0.000165016 0)
(1.90009 0.000321079 0)
(1.90219 0.00035795 0)
(1.90546 0.000172179 0)
(1.9094 -0.00089188 0)
(1.91334 -0.00262843 0)
(1.91677 -0.00511373 0)
(1.91898 -0.00787671 0)
(1.92205 -0.00921663 0)
(1.92695 -0.00970835 0)
(1.93237 -0.0102759 0)
(1.93791 -0.0112287 0)
(1.94319 -0.0127162 0)
(1.94766 -0.01445 0)
(1.95122 -0.0158216 0)
(1.95486 -0.0162065 0)
(1.9597 -0.0166174 0)
(1.96554 -0.0167688 0)
(1.9719 -0.0169854 0)
(1.97844 -0.0173975 0)
(1.9836 -0.0176571 0)
(1.99044 -0.0180973 0)
(0.985855 0.0715887 0)
(1.0179 0.0689997 0)
(1.05003 0.0662103 0)
(1.0821 0.0631478 0)
(1.11401 0.0598352 0)
(1.14582 0.0563177 0)
(1.17766 0.0527569 0)
(1.20964 0.0490233 0)
(1.24147 0.0447982 0)
(1.27242 0.0398383 0)
(1.30242 0.0349944 0)
(1.33232 0.0310985 0)
(1.36337 0.0278792 0)
(1.39574 0.0239783 0)
(1.42489 0.0183275 0)
(1.45065 0.0125824 0)
(1.47621 0.00738645 0)
(1.50367 0.00446075 0)
(1.53325 0.00170807 0)
(1.56148 -0.00174142 0)
(1.58748 -0.00532085 0)
(1.61109 -0.0108925 0)
(1.63223 -0.0167814 0)
(1.65561 -0.0204634 0)
(1.681 -0.0223972 0)
(1.70654 -0.0242303 0)
(1.7315 -0.0263069 0)
(1.75484 -0.0291581 0)
(1.77476 -0.0336769 0)
(1.79182 -0.0379935 0)
(1.80983 -0.0402503 0)
(1.83044 -0.0407383 0)
(1.8522 -0.0403384 0)
(1.87327 -0.039834 0)
(1.89223 -0.0402563 0)
(1.90732 -0.042197 0)
(1.91858 -0.0444553 0)
(1.9303 -0.0439221 0)
(1.94492 -0.0409114 0)
(1.96013 -0.0368492 0)
(1.97425 -0.0338772 0)
(1.98647 -0.0331057 0)
(1.99628 -0.0327849 0)
(2.00278 -0.0316719 0)
(2.00863 -0.0281585 0)
(2.0166 -0.0225471 0)
(2.02367 -0.0155469 0)
(2.02737 -0.00877303 0)
(2.02943 -0.00273896 0)
(2.02832 0.00222365 0)
(2.0281 0.00603009 0)
(2.0266 0.0110513 0)
(2.02243 0.0192677 0)
(2.01699 0.0280155 0)
(2.01024 0.0332718 0)
(2.0017 0.035208 0)
(1.99195 0.0355802 0)
(1.98234 0.0347961 0)
(1.97388 0.0338144 0)
(1.96597 0.0318446 0)
(1.95698 0.0285364 0)
(1.9467 0.0255802 0)
(1.93615 0.0229292 0)
(1.92577 0.0191607 0)
(1.9175 0.0138903 0)
(1.91218 0.00949621 0)
(1.91079 0.0065836 0)
(1.90881 0.00525299 0)
(1.90489 0.00464814 0)
(1.90141 0.00357802 0)
(1.8981 0.00147397 0)
(1.89647 -0.000537606 0)
(1.89658 -0.00223927 0)
(1.8977 -0.00255585 0)
(1.89849 -0.00216485 0)
(1.89937 -0.00144908 0)
(1.90078 -0.00133687 0)
(1.90342 -0.00190546 0)
(1.9068 -0.00304172 0)
(1.91041 -0.00449449 0)
(1.91394 -0.00617626 0)
(1.91713 -0.00782967 0)
(1.92057 -0.00898633 0)
(1.92481 -0.0099603 0)
(1.9297 -0.0108674 0)
(1.93485 -0.0117592 0)
(1.93994 -0.0126167 0)
(1.94495 -0.0132734 0)
(1.94985 -0.0138487 0)
(1.95466 -0.0138107 0)
(1.95971 -0.013756 0)
(1.96533 -0.0138321 0)
(1.97142 -0.0142197 0)
(1.97764 -0.0149129 0)
(1.98266 -0.0151844 0)
(1.98966 -0.0149809 0)
(0.973336 0.0518546 0)
(1.00531 0.0501239 0)
(1.03738 0.0482215 0)
(1.06952 0.0461284 0)
(1.10168 0.0438552 0)
(1.13385 0.0414812 0)
(1.1661 0.0389988 0)
(1.19826 0.0362474 0)
(1.23003 0.0330695 0)
(1.26116 0.0297003 0)
(1.29187 0.0267085 0)
(1.32281 0.0243023 0)
(1.35461 0.0220092 0)
(1.38593 0.0181429 0)
(1.41439 0.0133585 0)
(1.44154 0.00942574 0)
(1.46934 0.0069697 0)
(1.49848 0.00562402 0)
(1.52775 0.00375499 0)
(1.5542 0.00133024 0)
(1.57938 -0.00317029 0)
(1.60271 -0.00868525 0)
(1.62617 -0.0121044 0)
(1.6511 -0.0130921 0)
(1.67664 -0.0136037 0)
(1.70191 -0.0145437 0)
(1.72605 -0.0166067 0)
(1.74787 -0.0203238 0)
(1.76737 -0.0247062 0)
(1.78714 -0.0280249 0)
(1.80842 -0.0287545 0)
(1.82992 -0.0274246 0)
(1.85036 -0.025752 0)
(1.8693 -0.025426 0)
(1.88601 -0.0270732 0)
(1.90049 -0.0302778 0)
(1.9148 -0.0325339 0)
(1.93084 -0.0320172 0)
(1.94662 -0.0287108 0)
(1.96103 -0.0241227 0)
(1.97296 -0.0211811 0)
(1.98285 -0.0213378 0)
(1.99214 -0.0213905 0)
(2.00084 -0.0214217 0)
(2.01114 -0.0194881 0)
(2.02046 -0.0159259 0)
(2.02759 -0.0112218 0)
(2.03156 -0.00714273 0)
(2.03202 -0.00193646 0)
(2.03116 0.00207283 0)
(2.03088 0.00499562 0)
(2.03007 0.00904735 0)
(2.02756 0.0147983 0)
(2.02228 0.0194308 0)
(2.01365 0.0228404 0)
(2.0025 0.0255224 0)
(1.99021 0.0271898 0)
(1.97826 0.0268959 0)
(1.96869 0.0251722 0)
(1.96126 0.0225602 0)
(1.95256 0.0186572 0)
(1.94175 0.0156607 0)
(1.93057 0.0130943 0)
(1.92103 0.00968265 0)
(1.91371 0.00673026 0)
(1.90977 0.00446811 0)
(1.90932 0.00217667 0)
(1.90586 0.000695628 0)
(1.90175 6.90993e-05 0)
(1.89785 -0.00100465 0)
(1.89489 -0.00227308 0)
(1.89362 -0.00309428 0)
(1.8944 -0.00447533 0)
(1.89657 -0.00508247 0)
(1.89771 -0.0049841 0)
(1.89915 -0.00443048 0)
(1.90002 -0.00357701 0)
(1.90166 -0.00365617 0)
(1.90482 -0.00434867 0)
(1.90857 -0.00540759 0)
(1.91238 -0.00655181 0)
(1.91605 -0.0075047 0)
(1.9195 -0.00821528 0)
(1.9232 -0.00883398 0)
(1.9277 -0.00963483 0)
(1.93285 -0.0104203 0)
(1.93829 -0.0111993 0)
(1.94387 -0.0120974 0)
(1.94945 -0.0127792 0)
(1.95498 -0.0124915 0)
(1.96038 -0.0119235 0)
(1.96571 -0.0115933 0)
(1.97122 -0.0117621 0)
(1.977 -0.0125757 0)
(1.98183 -0.0132926 0)
(1.98935 -0.0131103 0)
(0.968566 0.0303528 0)
(1.00019 0.0293458 0)
(1.03194 0.0282065 0)
(1.06377 0.0269696 0)
(1.09566 0.0256746 0)
(1.12754 0.0244111 0)
(1.1594 0.0230067 0)
(1.19108 0.0213983 0)
(1.22244 0.0195471 0)
(1.25355 0.0177177 0)
(1.28461 0.016232 0)
(1.31583 0.0151325 0)
(1.34691 0.0135818 0)
(1.37672 0.0106947 0)
(1.40539 0.00766429 0)
(1.43389 0.00562167 0)
(1.46315 0.00461091 0)
(1.49363 0.00466891 0)
(1.52109 0.00407715 0)
(1.54686 0.00151596 0)
(1.57088 -0.00304569 0)
(1.5952 -0.00601342 0)
(1.62088 -0.00660568 0)
(1.64717 -0.00679573 0)
(1.6734 -0.00695878 0)
(1.69846 -0.00726342 0)
(1.72085 -0.00892418 0)
(1.7407 -0.0123303 0)
(1.7606 -0.0154321 0)
(1.7825 -0.0165355 0)
(1.8058 -0.016028 0)
(1.82911 -0.0148395 0)
(1.85093 -0.0132216 0)
(1.86906 -0.0124104 0)
(1.88276 -0.0143634 0)
(1.89547 -0.0178583 0)
(1.91077 -0.0193509 0)
(1.92918 -0.018362 0)
(1.94787 -0.0164436 0)
(1.96489 -0.0138817 0)
(1.9781 -0.0104276 0)
(1.9856 -0.0085962 0)
(1.98939 -0.0112852 0)
(1.99939 -0.0119437 0)
(2.01179 -0.0112248 0)
(2.02315 -0.00858219 0)
(2.03177 -0.0061204 0)
(2.03666 -0.00347878 0)
(2.03442 -0.000115342 0)
(2.03187 0.00304088 0)
(2.03139 0.00461615 0)
(2.03056 0.00687638 0)
(2.02988 0.0089382 0)
(2.0254 0.0112162 0)
(2.01603 0.012973 0)
(2.0035 0.0149198 0)
(1.98969 0.016856 0)
(1.97603 0.0175801 0)
(1.96458 0.0172493 0)
(1.95635 0.0152014 0)
(1.94702 0.0110245 0)
(1.93584 0.00848285 0)
(1.92448 0.00641568 0)
(1.91504 0.0043402 0)
(1.90803 0.00253519 0)
(1.90515 0.000870123 0)
(1.90526 -0.000576649 0)
(1.90117 -0.00136323 0)
(1.89691 -0.00175762 0)
(1.8931 -0.00221658 0)
(1.89101 -0.00251026 0)
(1.89058 -0.00311051 0)
(1.89245 -0.00460126 0)
(1.89564 -0.00566456 0)
(1.89687 -0.00574121 0)
(1.89809 -0.00542013 0)
(1.89861 -0.00463849 0)
(1.89991 -0.00456372 0)
(1.90288 -0.00485267 0)
(1.90651 -0.00522626 0)
(1.91042 -0.00563237 0)
(1.91445 -0.00590794 0)
(1.9183 -0.00613479 0)
(1.92194 -0.00656534 0)
(1.92622 -0.00745666 0)
(1.93131 -0.00859465 0)
(1.93678 -0.00949545 0)
(1.9425 -0.00983156 0)
(1.94851 -0.00953586 0)
(1.95467 -0.00877411 0)
(1.96059 -0.00807717 0)
(1.9659 -0.00779264 0)
(1.97082 -0.00810233 0)
(1.97549 -0.00895416 0)
(1.98006 -0.00878957 0)
(1.98882 -0.00801661 0)
(0.960402 0.011193 0)
(0.992134 0.0108646 0)
(1.02399 0.0104928 0)
(1.0559 0.0101083 0)
(1.08787 0.00971462 0)
(1.11984 0.00930222 0)
(1.15171 0.00884069 0)
(1.18342 0.00831888 0)
(1.21492 0.00778652 0)
(1.24638 0.00730212 0)
(1.27787 0.00692358 0)
(1.30924 0.00658109 0)
(1.3399 0.00585859 0)
(1.36949 0.00500955 0)
(1.39857 0.00423328 0)
(1.4284 0.00390359 0)
(1.46025 0.00373094 0)
(1.4897 0.00365265 0)
(1.51682 0.00321925 0)
(1.54248 0.00139825 0)
(1.56729 -0.000560788 0)
(1.59343 -0.00118217 0)
(1.62013 -0.00134884 0)
(1.64685 -0.00148646 0)
(1.6729 -0.00170277 0)
(1.69682 -0.00213149 0)
(1.7178 -0.00286382 0)
(1.73788 -0.003865 0)
(1.76 -0.00469267 0)
(1.78357 -0.00478609 0)
(1.80724 -0.00453696 0)
(1.82984 -0.00427786 0)
(1.84968 -0.00435779 0)
(1.86542 -0.00484271 0)
(1.87833 -0.00536225 0)
(1.89335 -0.00598028 0)
(1.91186 -0.00627222 0)
(1.93061 -0.00592729 0)
(1.94864 -0.00571038 0)
(1.96455 -0.00589225 0)
(1.97622 -0.0060082 0)
(1.98074 -0.0059262 0)
(1.98476 -0.00573821 0)
(1.99737 -0.00554008 0)
(2.00975 -0.00535273 0)
(2.02174 -0.00517955 0)
(2.03197 -0.00497278 0)
(2.03805 -0.00451471 0)
(2.03481 -0.00410391 0)
(2.03146 -0.00312771 0)
(2.03125 -0.00245573 0)
(2.03049 -0.00125472 0)
(2.02967 0.000855689 0)
(2.02541 0.0023533 0)
(2.01546 0.00319122 0)
(2.00186 0.00412279 0)
(1.98704 0.00514148 0)
(1.97281 0.00571667 0)
(1.96091 0.00585006 0)
(1.953 0.00446237 0)
(1.94623 0.00345978 0)
(1.93619 0.00383981 0)
(1.92476 0.00371472 0)
(1.91456 0.00326384 0)
(1.90688 0.00267623 0)
(1.90394 0.00191758 0)
(1.90377 0.000990101 0)
(1.8993 0.000604496 0)
(1.895 0.000455082 0)
(1.8913 0.000404511 0)
(1.88958 0.000118877 0)
(1.8895 -0.000342243 0)
(1.89166 -0.00100832 0)
(1.89517 -0.00145758 0)
(1.89645 -0.00151052 0)
(1.89761 -0.00143995 0)
(1.89791 -0.00133159 0)
(1.89877 -0.0014187 0)
(1.90175 -0.00157468 0)
(1.90564 -0.00174741 0)
(1.91007 -0.00188243 0)
(1.91486 -0.00199437 0)
(1.9193 -0.00214828 0)
(1.92263 -0.00233127 0)
(1.92595 -0.00276118 0)
(1.93079 -0.00329268 0)
(1.93665 -0.00351819 0)
(1.94283 -0.00341953 0)
(1.94937 -0.00305112 0)
(1.95598 -0.00273711 0)
(1.96206 -0.00234536 0)
(1.96657 -0.00207152 0)
(1.97038 -0.00231718 0)
(1.97544 -0.00288233 0)
(1.98076 -0.00253212 0)
(1.99072 -0.00216616 0)
)
;

boundaryField
{
    inlet
    {
        type            fixedValue;
        value           uniform (3 0 0);
    }
    outlet
    {
        type            inletOutlet;
        inletValue      uniform (3 0 0);
        value           nonuniform List<vector> 
32
(
(1.49461 -0.00663171 0)
(1.51975 -0.0101406 0)
(1.5861 -0.0133777 0)
(1.6879 -0.0132861 0)
(1.79879 -0.0141836 0)
(1.88843 -0.0153942 0)
(1.94463 -0.0255621 0)
(1.97516 -0.0248932 0)
(1.99367 -0.0249169 0)
(2.00322 -0.0333053 0)
(2.00842 -0.040558 0)
(2.01439 -0.0468009 0)
(2.0196 -0.0507823 0)
(2.024 -0.0534229 0)
(2.02936 -0.055628 0)
(2.03509 -0.0565385 0)
(2.03982 -0.0573419 0)
(2.04004 -0.0552891 0)
(2.03521 -0.0525055 0)
(2.02781 -0.0506276 0)
(2.01895 -0.0495607 0)
(2.0095 -0.048988 0)
(2.00299 -0.0434717 0)
(2.00048 -0.0362221 0)
(1.99816 -0.0277912 0)
(1.99481 -0.0222988 0)
(1.99249 -0.0195911 0)
(1.99044 -0.0180973 0)
(1.98966 -0.0149809 0)
(1.98935 -0.0131103 0)
(1.98882 -0.00801661 0)
(1.99072 -0.00216616 0)
)
;
    }
    bottom
    {
        type            symmetryPlane;
    }
    top
    {
        type            symmetryPlane;
    }
    obstacle
    {
        type            slip;
    }
    defaultFaces
    {
        type            empty;
    }
}


// ************************************************************************* //
