/*--------------------------------*- C++ -*----------------------------------*\
  =========                 |
  \\      /  F ield         | OpenFOAM: The Open Source CFD Toolbox
   \\    /   O peration     | Website:  https://openfoam.org
    \\  /    A nd           | Version:  7
     \\/     M anipulation  |
\*---------------------------------------------------------------------------*/
FoamFile
{
    version     2.0;
    format      ascii;
    class       volVectorField;
    location    "45";
    object      U;
}
// * * * * * * * * * * * * * * * * * * * * * * * * * * * * * * * * * * * * * //

dimensions      [0 1 -1 0 0 0 0];

internalField   nonuniform List<vector> 
1989
(
(1.24543 0.150537 5.33672e-19)
(1.24235 0.152933 -3.9976e-21)
(1.24198 0.162994 6.70435e-20)
(1.23909 0.155315 6.50239e-20)
(1.23881 0.165378 -2.34901e-20)
(1.23569 0.157698 -1.129e-20)
(1.23548 0.16777 2.16456e-20)
(1.23219 0.160091 6.38881e-20)
(1.23202 0.170177 1.17001e-19)
(1.2286 0.162498 -1.40852e-19)
(1.23262 0.178324 1.27288e-19)
(1.22847 0.172604 3.55232e-20)
(1.22493 0.164922 6.06699e-20)
(1.22903 0.180994 -7.36214e-21)
(1.22482 0.175054 -9.3519e-20)
(1.22117 0.167361 6.59623e-20)
(1.22533 0.183688 5.52914e-20)
(1.22107 0.177525 1.45116e-19)
(1.21733 0.169814 -8.30991e-20)
(1.22152 0.186407 -2.50332e-19)
(1.21722 0.180015 -1.4374e-19)
(1.2134 0.172278 9.89159e-20)
(1.22222 0.196004 1.62056e-20)
(1.21761 0.189147 9.75944e-20)
(1.21327 0.182523 2.46459e-20)
(1.20938 0.17475 -9.00988e-20)
(1.21823 0.198935 -1.23085e-20)
(1.21358 0.191905 4.7203e-20)
(1.20922 0.185043 1.23485e-19)
(1.20527 0.177227 -2.3843e-20)
(1.21412 0.201893 4.90366e-20)
(1.20944 0.194678 3.3082e-20)
(1.20506 0.187574 -1.69114e-19)
(1.20105 0.179703 -2.01762e-20)
(1.20987 0.204872 -2.86194e-20)
(1.20518 0.197459 -4.99124e-20)
(1.20078 0.190108 4.89702e-20)
(1.19673 0.182174 8.34232e-20)
(1.20549 0.207866 -8.00486e-20)
(1.20079 0.200243 1.65822e-20)
(1.19639 0.192643 6.53494e-20)
(1.19231 0.184636 -4.47948e-20)
(1.20097 0.210869 -6.5495e-20)
(1.19627 0.203024 2.51015e-20)
(1.19187 0.195172 -2.05396e-20)
(1.18777 0.187082 7.4229e-20)
(1.19631 0.213874 8.31254e-20)
(1.19162 0.205795 -8.30148e-20)
(1.18723 0.197689 -4.85177e-20)
(1.18311 0.189506 -1.3799e-20)
(1.19149 0.216872 6.38398e-20)
(1.18682 0.208549 -1.92307e-20)
(1.18246 0.200189 5.33988e-20)
(1.17834 0.191902 -1.05661e-20)
(1.18651 0.219856 -4.7796e-20)
(1.18188 0.211278 2.04027e-20)
(1.17756 0.202664 -5.69387e-20)
(1.17345 0.194262 2.06736e-20)
(1.18639 0.231778 1.70699e-20)
(1.18137 0.222816 1.98295e-20)
(1.1768 0.213975 -1.11878e-21)
(1.17253 0.205107 2.29631e-20)
(1.16843 0.19658 -1.20907e-20)
(1.18102 0.234995 -7.14218e-21)
(1.17607 0.225744 9.46884e-22)
(1.17156 0.216632 2.46177e-21)
(1.16735 0.207512 6.80871e-21)
(1.16329 0.198849 -4.19443e-21)
(1.17546 0.238176 -1.39325e-21)
(1.1706 0.228628 9.60036e-23)
(1.16617 0.219239 2.14778e-21)
(1.16204 0.209869 -3.2871e-21)
(1.15802 0.201059 1.76019e-21)
(1.16971 0.241309 4.61701e-22)
(1.16495 0.23146 7.63282e-22)
(1.16063 0.221787 -1.63497e-21)
(1.15659 0.21217 -3.01035e-21)
(1.15263 0.203202 4.56304e-21)
(1.16377 0.244383 -1.63363e-20)
(1.15913 0.234227 1.32161e-20)
(1.15493 0.224269 5.04652e-21)
(1.151 0.214406 2.30741e-21)
(1.14711 0.20527 -3.74885e-21)
(1.15764 0.247386 8.81468e-21)
(1.15314 0.23692 9.48873e-21)
(1.14907 0.226673 5.12676e-21)
(1.14527 0.216566 1.56673e-20)
(1.14148 0.207255 -1.08085e-20)
(1.14696 0.239528 -3.89682e-20)
(1.14305 0.22899 1.2777e-20)
(1.1394 0.218639 -3.51796e-20)
(1.13573 0.209146 4.06142e-21)
(1.1406 0.242038 4.47387e-21)
(1.13687 0.231208 -5.84928e-21)
(1.13339 0.220611 4.77309e-20)
(1.12986 0.210931 -1.56637e-20)
(1.13407 0.244443 4.41821e-20)
(1.13053 0.233319 -3.4935e-20)
(1.12723 0.22247 -1.08053e-20)
(1.25591 0.124566 0)
(1.25781 0.118609 0)
(1.2578 0.112768 0)
(1.25749 0.106869 0)
(1.25721 0.10093 0)
(1.25667 0.0950387 0)
(1.25571 0.0892335 0)
(1.25434 0.0835126 0)
(1.25263 0.0778722 0)
(1.25064 0.0723164 0)
(1.24838 0.0668514 0)
(1.24588 0.0614805 0)
(1.24317 0.0562045 0)
(1.25396 0.123687 0)
(1.25653 0.117824 0)
(1.25722 0.112145 0)
(1.25768 0.106494 0)
(1.25827 0.100824 0)
(1.25873 0.0951824 0)
(1.25885 0.0896081 0)
(1.2586 0.0841048 0)
(1.25804 0.0786668 0)
(1.2572 0.0732947 0)
(1.2561 0.0679938 0)
(1.25476 0.0627681 0)
(1.25318 0.0576198 0)
(1.25082 0.122377 0)
(1.25383 0.11665 0)
(1.25496 0.111113 0)
(1.25585 0.105651 0)
(1.25693 0.100191 0)
(1.25798 0.0947536 0)
(1.25875 0.089375 0)
(1.25922 0.084063 0)
(1.25942 0.0788114 0)
(1.25938 0.073617 0)
(1.25912 0.0684827 0)
(1.25862 0.0634118 0)
(1.2579 0.0584064 0)
(1.24705 0.120774 0)
(1.25033 0.115205 0)
(1.25177 0.109807 0)
(1.25293 0.104505 0)
(1.25429 0.0992235 0)
(1.25567 0.0939628 0)
(1.25683 0.0887535 0)
(1.25773 0.0836071 0)
(1.2584 0.0785193 0)
(1.25887 0.0734851 0)
(1.25914 0.0685053 0)
(1.25922 0.0635822 0)
(1.25909 0.0587177 0)
(1.24293 0.118939 0)
(1.24638 0.113546 0)
(1.24806 0.108295 0)
(1.2494 0.103148 0)
(1.25093 0.0980309 0)
(1.25251 0.0929344 0)
(1.25391 0.0878814 0)
(1.25508 0.0828857 0)
(1.25603 0.0779457 0)
(1.2568 0.0730567 0)
(1.25741 0.0682182 0)
(1.25784 0.0634319 0)
(1.2581 0.0586998 0)
(1.23858 0.116906 0)
(1.24215 0.111702 0)
(1.24401 0.106612 0)
(1.2455 0.101621 0)
(1.24716 0.096666 0)
(1.24887 0.09173 0)
(1.25043 0.0868295 0)
(1.25176 0.0819789 0)
(1.2529 0.0771795 0)
(1.25387 0.0724278 0)
(1.25468 0.0677227 0)
(1.25534 0.0630657 0)
(1.25584 0.0584589 0)
(1.23402 0.11469 0)
(1.23768 0.109685 0)
(1.2397 0.104767 0)
(1.24133 0.0999404 0)
(1.24308 0.0951505 0)
(1.24489 0.0903763 0)
(1.24657 0.0856298 0)
(1.24803 0.0809251 0)
(1.2493 0.0762656 0)
(1.25041 0.0716494 0)
(1.25137 0.0670755 0)
(1.25218 0.0625452 0)
(1.25284 0.0580609 0)
(1.22926 0.112293 0)
(1.23299 0.107495 0)
(1.23515 0.102762 0)
(1.23691 0.0981083 0)
(1.23876 0.0934889 0)
(1.24066 0.0888812 0)
(1.24243 0.0842932 0)
(1.244 0.0797386 0)
(1.24538 0.0752224 0)
(1.2466 0.0707442 0)
(1.24767 0.0663033 0)
(1.24859 0.0619012 0)
(1.24938 0.0575404 0)
(1.22435 0.109714 0)
(1.22813 0.105132 0)
(1.23042 0.100594 0)
(1.23229 0.0961227 0)
(1.23423 0.0916806 0)
(1.23621 0.087245 0)
(1.23807 0.0828215 0)
(1.23974 0.0784227 0)
(1.24121 0.074055 0)
(1.24253 0.0697193 0)
(1.24369 0.0654157 0)
(1.24472 0.0611457 0)
(1.2456 0.0569118 0)
(1.21939 0.106964 0)
(1.22318 0.102605 0)
(1.22559 0.0982685 0)
(1.22756 0.093987 0)
(1.22958 0.0897278 0)
(1.23162 0.0854697 0)
(1.23356 0.0812159 0)
(1.23531 0.0769785 0)
(1.23687 0.0727648 0)
(1.23827 0.0685768 0)
(1.23953 0.0644153 0)
(1.24064 0.060282 0)
(1.24161 0.0561797 0)
(1.21449 0.104062 0)
(1.21827 0.0999275 0)
(1.22075 0.0957986 0)
(1.22281 0.0917109 0)
(1.22489 0.0876385 0)
(1.22699 0.0835613 0)
(1.22899 0.0794816 0)
(1.23081 0.0754101 0)
(1.23244 0.071355 0)
(1.23391 0.0673193 0)
(1.23524 0.0633044 0)
(1.23643 0.0593123 0)
(1.23748 0.0553461 0)
(1.20971 0.101025 0)
(1.21345 0.0971175 0)
(1.216 0.0931982 0)
(1.21812 0.0893067 0)
(1.22024 0.0854231 0)
(1.22238 0.0815292 0)
(1.22443 0.0776261 0)
(1.2263 0.073724 0)
(1.228 0.069831 0)
(1.22953 0.0659512 0)
(1.23092 0.0620867 0)
(1.23218 0.0582399 0)
(1.2333 0.0544136 0)
(1.20509 0.0978714 0)
(1.20878 0.0941885 0)
(1.21136 0.0904793 0)
(1.21354 0.086785 0)
(1.21569 0.0830912 0)
(1.21786 0.0793819 0)
(1.21994 0.0756574 0)
(1.22185 0.0719269 0)
(1.22359 0.0681988 0)
(1.22518 0.0644779 0)
(1.22663 0.0607669 0)
(1.22794 0.0570684 0)
(1.22912 0.0533857 0)
(1.20062 0.0946113 0)
(1.20424 0.0911496 0)
(1.20684 0.0876497 0)
(1.20906 0.0841529 0)
(1.21124 0.0806493 0)
(1.21343 0.0771252 0)
(1.21553 0.0735805 0)
(1.21748 0.0700234 0)
(1.21926 0.0664626 0)
(1.22089 0.0629031 0)
(1.22238 0.0593482 0)
(1.22375 0.0558009 0)
(1.22498 0.0522646 0)
(1.19628 0.0912523 0)
(1.19982 0.0880074 0)
(1.20244 0.0847146 0)
(1.20469 0.0814146 0)
(1.20689 0.078101 0)
(1.20909 0.0747623 0)
(1.2112 0.0713981 0)
(1.21318 0.0680159 0)
(1.21499 0.0646241 0)
(1.21666 0.0612282 0)
(1.2182 0.0578318 0)
(1.2196 0.0544384 0)
(1.22088 0.0510512 0)
(1.19204 0.0878009 0)
(1.1955 0.0847672 0)
(1.19813 0.0816785 0)
(1.20039 0.0785735 0)
(1.20261 0.0754491 0)
(1.20482 0.0722954 0)
(1.20695 0.0691118 0)
(1.20894 0.0659053 0)
(1.21078 0.0626839 0)
(1.21249 0.0594532 0)
(1.21406 0.0562175 0)
(1.2155 0.0529802 0)
(1.21682 0.0497448 0)
(1.18791 0.0842636 0)
(1.19128 0.0814353 0)
(1.1939 0.0785464 0)
(1.19618 0.0756339 0)
(1.1984 0.0726967 0)
(1.20061 0.0697267 0)
(1.20275 0.0667232 0)
(1.20476 0.0636926 0)
(1.20662 0.0606422 0)
(1.20835 0.0575781 0)
(1.20996 0.0545046 0)
(1.21144 0.0514253 0)
(1.2128 0.0483438 0)
(1.18387 0.080648 0)
(1.18715 0.0780182 0)
(1.18975 0.0753242 0)
(1.19204 0.0726005 0)
(1.19426 0.069848 0)
(1.19647 0.0670597 0)
(1.1986 0.064235 0)
(1.20062 0.0613795 0)
(1.20251 0.0585003 0)
(1.20426 0.0556034 0)
(1.20589 0.0526931 0)
(1.2074 0.0497731 0)
(1.2088 0.0468474 0)
(1.17994 0.0769616 0)
(1.18312 0.0745233 0)
(1.18569 0.0720185 0)
(1.18797 0.0694794 0)
(1.19019 0.066908 0)
(1.19239 0.0642986 0)
(1.19452 0.0616505 0)
(1.19654 0.0589689 0)
(1.19844 0.0562602 0)
(1.20021 0.0535303 0)
(1.20186 0.0507836 0)
(1.2034 0.048024 0)
(1.20483 0.0452551 0)
(1.1761 0.0732119 0)
(1.17918 0.0709577 0)
(1.18172 0.0686359 0)
(1.18399 0.0662765 0)
(1.1862 0.0638821 0)
(1.18838 0.0614482 0)
(1.1905 0.0589741 0)
(1.19252 0.0564643 0)
(1.19442 0.0539248 0)
(1.1962 0.0513612 0)
(1.19787 0.048778 0)
(1.19944 0.0461789 0)
(1.20089 0.0435676 0)
(1.17237 0.0694062 0)
(1.17535 0.0673283 0)
(1.17784 0.0651832 0)
(1.1801 0.062998 0)
(1.18229 0.0607761 0)
(1.18446 0.0585137 0)
(1.18656 0.0562103 0)
(1.18857 0.0538696 0)
(1.19047 0.0514974 0)
(1.19226 0.0490989 0)
(1.19394 0.0466784 0)
(1.19552 0.0442396 0)
(1.197 0.041786 0)
(1.16875 0.0655506 0)
(1.17163 0.0636415 0)
(1.17408 0.0616662 0)
(1.17632 0.0596496 0)
(1.17849 0.0575951 0)
(1.18063 0.0555 0)
(1.18271 0.0533635 0)
(1.18471 0.051189 0)
(1.1866 0.0489817 0)
(1.18839 0.0467464 0)
(1.19008 0.0444873 0)
(1.19167 0.042208 0)
(1.19316 0.039912 0)
(1.16526 0.0616506 0)
(1.16803 0.0599027 0)
(1.17043 0.0580905 0)
(1.17264 0.0562365 0)
(1.17479 0.0543445 0)
(1.1769 0.0524119 0)
(1.17896 0.0504383 0)
(1.18094 0.0484266 0)
(1.18282 0.0463813 0)
(1.18461 0.044307 0)
(1.1863 0.0422077 0)
(1.1879 0.0400867 0)
(1.1894 0.0379475 0)
(1.16189 0.0577108 0)
(1.16456 0.0561166 0)
(1.16691 0.0544608 0)
(1.16909 0.0527635 0)
(1.1712 0.0510284 0)
(1.17329 0.0492537 0)
(1.17532 0.0474387 0)
(1.17728 0.045586 0)
(1.17915 0.0436996 0)
(1.18093 0.0417838 0)
(1.18262 0.0398422 0)
(1.18422 0.037878 0)
(1.18573 0.0358944 0)
(1.15866 0.0537344 0)
(1.16123 0.0522868 0)
(1.16353 0.0507809 0)
(1.16567 0.0492344 0)
(1.16775 0.047651 0)
(1.1698 0.0460291 0)
(1.1718 0.0443683 0)
(1.17374 0.0426708 0)
(1.17559 0.04094 0)
(1.17736 0.0391798 0)
(1.17904 0.0373935 0)
(1.18064 0.0355843 0)
(1.18216 0.0337549 0)
(1.15557 0.0497237 0)
(1.15805 0.048416 0)
(1.16029 0.0470535 0)
(1.16239 0.045652 0)
(1.16444 0.044215 0)
(1.16646 0.0427412 0)
(1.16843 0.0412302 0)
(1.17034 0.0396838 0)
(1.17217 0.0381051 0)
(1.17392 0.0364975 0)
(1.1756 0.0348642 0)
(1.1772 0.0332078 0)
(1.17871 0.031531 0)
(1.15264 0.0456795 0)
(1.15502 0.0445053 0)
(1.15721 0.0432803 0)
(1.15927 0.0420182 0)
(1.16129 0.0407225 0)
(1.16327 0.0393921 0)
(1.16521 0.0380266 0)
(1.16709 0.0366274 0)
(1.1689 0.0351973 0)
(1.17064 0.0337392 0)
(1.1723 0.0322561 0)
(1.17389 0.0307503 0)
(1.17541 0.0292244 0)
(1.14987 0.0416015 0)
(1.15217 0.0405548 0)
(1.1543 0.0394616 0)
(1.15633 0.0383339 0)
(1.15831 0.0371746 0)
(1.16025 0.0359831 0)
(1.16216 0.0347588 0)
(1.16401 0.0335029 0)
(1.1658 0.032218 0)
(1.16751 0.0309064 0)
(1.16917 0.0295709 0)
(1.17075 0.0282136 0)
(1.17226 0.0268367 0)
(1.14729 0.0374874 0)
(1.1495 0.036563 0)
(1.15158 0.0355965 0)
(1.15357 0.0345982 0)
(1.15551 0.0335709 0)
(1.15743 0.032514 0)
(1.1593 0.031427 0)
(1.16112 0.0303109 0)
(1.16288 0.0291678 0)
(1.16458 0.0279999 0)
(1.16622 0.0268094 0)
(1.16779 0.0255983 0)
(1.16929 0.0243686 0)
(1.14489 0.0333341 0)
(1.14703 0.0325272 0)
(1.14906 0.0316827 0)
(1.15101 0.0308096 0)
(1.15292 0.0299102 0)
(1.1548 0.028984 0)
(1.15664 0.0280307 0)
(1.15843 0.0270511 0)
(1.16017 0.0260468 0)
(1.16185 0.0250198 0)
(1.16347 0.023972 0)
(1.16503 0.0229051 0)
(1.16653 0.0218209 0)
(1.14271 0.029135 0)
(1.14478 0.0284414 0)
(1.14676 0.0277151 0)
(1.14868 0.0269634 0)
(1.15056 0.0261883 0)
(1.15241 0.0253897 0)
(1.15422 0.024567 0)
(1.15598 0.023721 0)
(1.1577 0.022853 0)
(1.15936 0.0219646 0)
(1.16096 0.0210574 0)
(1.16251 0.0201331 0)
(1.164 0.0191929 0)
(1.14076 0.0248848 0)
(1.14277 0.0243011 0)
(1.14471 0.0236894 0)
(1.14659 0.0230558 0)
(1.14844 0.0224022 0)
(1.15026 0.0217282 0)
(1.15204 0.0210335 0)
(1.15378 0.0203186 0)
(1.15548 0.0195846 0)
(1.15712 0.0188328 0)
(1.15871 0.0180647 0)
(1.16024 0.0172814 0)
(1.16172 0.0164842 0)
(1.13906 0.0205704 0)
(1.14101 0.0200941 0)
(1.14292 0.0195947 0)
(1.14478 0.019077 0)
(1.1466 0.0185426 0)
(1.14839 0.0179913 0)
(1.15015 0.0174228 0)
(1.15186 0.0168374 0)
(1.15354 0.016236 0)
(1.15516 0.0156197 0)
(1.15674 0.0149896 0)
(1.15826 0.0143467 0)
(1.15973 0.013692 0)
(1.13763 0.0161826 0)
(1.13955 0.0158116 0)
(1.14142 0.0154224 0)
(1.14325 0.0150189 0)
(1.14505 0.0146022 0)
(1.14682 0.0141721 0)
(1.14856 0.0137285 0)
(1.15026 0.0132715 0)
(1.15191 0.0128019 0)
(1.15352 0.0123203 0)
(1.15509 0.0118278 0)
(1.1566 0.011325 0)
(1.15806 0.0108128 0)
(1.13651 0.0117098 0)
(1.13839 0.0114433 0)
(1.14024 0.0111637 0)
(1.14205 0.0108737 0)
(1.14384 0.0105743 0)
(1.14559 0.0102653 0)
(1.14731 0.00994634 0)
(1.14899 0.00961774 0)
(1.15063 0.0092799 0)
(1.15223 0.00893339 0)
(1.15378 0.00857882 0)
(1.15529 0.00821675 0)
(1.15674 0.00784773 0)
(1.13573 0.00710496 0)
(1.13758 0.00694354 0)
(1.13941 0.00677455 0)
(1.14121 0.00659948 0)
(1.14298 0.00641874 0)
(1.14472 0.00623224 0)
(1.14643 0.00603981 0)
(1.1481 0.00584154 0)
(1.14973 0.00563764 0)
(1.15132 0.00542846 0)
(1.15287 0.00521434 0)
(1.15437 0.0049956 0)
(1.15582 0.00477258 0)
(1.13531 0.00243229 0)
(1.13715 0.00237432 0)
(1.13897 0.00231431 0)
(1.14077 0.00225254 0)
(1.14254 0.00218912 0)
(1.14427 0.002124 0)
(1.14597 0.00205712 0)
(1.14764 0.00198848 0)
(1.14926 0.00191813 0)
(1.15085 0.00184617 0)
(1.15239 0.00177269 0)
(1.15389 0.00169778 0)
(1.15534 0.00162155 0)
(1.15472 0.19374 1.96748e-21)
(1.15201 0.18834 -1.02148e-21)
(1.14933 0.182871 -2.25168e-23)
(1.14691 0.177405 2.09102e-21)
(1.14478 0.172019 -2.05077e-21)
(1.14286 0.166702 2.13291e-21)
(1.14109 0.161444 -3.06457e-21)
(1.13942 0.156226 2.25474e-21)
(1.13781 0.151047 -2.43655e-21)
(1.13625 0.145905 1.65862e-21)
(1.13473 0.140796 -1.60401e-21)
(1.13325 0.135726 6.56754e-22)
(1.13179 0.130691 1.47415e-21)
(1.13037 0.125686 -9.37972e-22)
(1.12897 0.120721 -7.9992e-22)
(1.12759 0.115793 5.16186e-22)
(1.12623 0.110902 -9.64121e-24)
(1.12488 0.106047 -7.57169e-22)
(1.12356 0.101228 9.52267e-22)
(1.12225 0.0964447 -2.61744e-22)
(1.12095 0.0916961 -3.57085e-22)
(1.11967 0.0869777 4.34701e-22)
(1.1184 0.0822955 1.76876e-22)
(1.11714 0.0776372 -4.6237e-22)
(1.11591 0.0730001 4.03025e-22)
(1.1147 0.0683928 -4.82308e-22)
(1.11351 0.0638019 3.92483e-22)
(1.11235 0.059227 -1.4999e-22)
(1.11122 0.0546625 3.40106e-22)
(1.11013 0.0501025 -1.86905e-22)
(1.10908 0.0455404 -3.46798e-22)
(1.10809 0.0409685 1.24156e-22)
(1.10715 0.0363779 4.47188e-23)
(1.10629 0.0317582 1.7419e-22)
(1.10551 0.027098 -3.63494e-22)
(1.10482 0.0223809 -1.79487e-22)
(1.10424 0.0175989 2.59047e-22)
(1.10378 0.0127097 -1.78102e-22)
(1.10346 0.0077482 1.73827e-22)
(1.10328 0.0025686 -1.27814e-22)
(1.15987 0.19199 2.10019e-21)
(1.15705 0.186747 -2.05475e-21)
(1.1542 0.181407 4.50089e-21)
(1.15156 0.176065 -1.11134e-21)
(1.1492 0.170787 -4.30369e-22)
(1.14708 0.165569 1.30496e-21)
(1.14512 0.160402 -4.10536e-21)
(1.14326 0.15527 3.44003e-23)
(1.14149 0.150171 1.13272e-21)
(1.13977 0.145102 -1.48385e-21)
(1.13811 0.140061 9.50694e-22)
(1.13648 0.135052 -1.00617e-21)
(1.13489 0.130073 -2.31372e-22)
(1.13333 0.125121 2.28319e-23)
(1.1318 0.120204 2.2013e-21)
(1.1303 0.11532 -1.01381e-21)
(1.12882 0.110468 -1.22318e-21)
(1.12737 0.105649 1.1217e-21)
(1.12593 0.100864 1.79585e-21)
(1.12452 0.096111 -1.24918e-21)
(1.12312 0.0913903 1.03878e-22)
(1.12174 0.0866979 -1.61818e-21)
(1.12039 0.0820385 8.75187e-22)
(1.11905 0.0774025 1.88477e-21)
(1.11773 0.0727867 -1.30207e-22)
(1.11645 0.0681981 -5.7134e-22)
(1.11519 0.063625 -4.35534e-22)
(1.11396 0.0590668 8.63592e-23)
(1.11276 0.0545179 -9.52393e-22)
(1.11161 0.0499727 3.29219e-22)
(1.11051 0.0454246 9.77151e-22)
(1.10947 0.0408662 -5.06077e-22)
(1.10849 0.0362885 1.19924e-21)
(1.10759 0.0316814 -5.07036e-22)
(1.10677 0.0270335 3.41038e-22)
(1.10605 0.0223284 4.76141e-22)
(1.10544 0.0175585 8.19549e-23)
(1.10496 0.0126812 6.63257e-23)
(1.10461 0.00773132 4.19651e-22)
(1.10442 0.00256724 9.57135e-24)
(1.16491 0.190177 6.44895e-21)
(1.162 0.185096 -4.91755e-22)
(1.15899 0.179892 2.1123e-21)
(1.15615 0.174681 -1.49351e-20)
(1.15357 0.169519 1.29823e-20)
(1.15124 0.164403 -5.3035e-21)
(1.1491 0.15933 -2.1238e-21)
(1.14707 0.154287 2.52554e-21)
(1.14514 0.14927 2.11426e-21)
(1.14327 0.144278 2.52874e-21)
(1.14146 0.139307 -8.06743e-21)
(1.13969 0.134362 5.04317e-21)
(1.13796 0.129442 2.69573e-21)
(1.13627 0.124545 9.82048e-22)
(1.13462 0.119677 -7.90683e-21)
(1.133 0.114838 5.63742e-21)
(1.13141 0.110027 1.42908e-21)
(1.12984 0.105246 -1.33432e-21)
(1.1283 0.100495 -2.33097e-21)
(1.12678 0.0957735 2.18652e-21)
(1.12529 0.0910815 -2.31294e-21)
(1.12382 0.0864157 1.77151e-21)
(1.12237 0.08178 1.71146e-21)
(1.12095 0.0771666 -3.10493e-21)
(1.11956 0.0725724 9.69037e-23)
(1.11819 0.0680029 5.00188e-22)
(1.11686 0.0634479 7.6499e-22)
(1.11556 0.0589065 -1.17499e-22)
(1.11431 0.0543734 3.83483e-22)
(1.1131 0.0498431 6.96451e-22)
(1.11194 0.0453093 7.66766e-24)
(1.11085 0.0407643 1.19897e-22)
(1.10982 0.0361997 -1.53612e-21)
(1.10888 0.0316051 1.01159e-21)
(1.10802 0.0269695 -3.25829e-23)
(1.10727 0.0222763 -9.68916e-22)
(1.10663 0.0175185 -7.00784e-22)
(1.10613 0.0126531 9.07997e-22)
(1.10577 0.00771453 2.53824e-23)
(1.10556 0.0025662 -2.18824e-22)
(1.16984 0.188306 -2.09471e-21)
(1.16685 0.183393 -8.44651e-21)
(1.16371 0.178328 1.50277e-20)
(1.16068 0.173258 -5.81349e-21)
(1.1579 0.168217 -6.56761e-21)
(1.15537 0.163208 6.30833e-21)
(1.15303 0.158231 -2.45423e-21)
(1.15084 0.15328 5.85073e-21)
(1.14875 0.148348 -1.50287e-20)
(1.14674 0.143434 1.02861e-20)
(1.14478 0.138537 5.17231e-21)
(1.14288 0.133657 -3.1734e-21)
(1.14102 0.128798 3.74281e-21)
(1.1392 0.123957 -3.04812e-21)
(1.13743 0.119141 -6.17784e-22)
(1.13568 0.114348 4.25538e-21)
(1.13398 0.109579 -2.90236e-21)
(1.1323 0.104837 4.20094e-21)
(1.13065 0.100122 -6.38163e-21)
(1.12904 0.0954324 5.26093e-21)
(1.12745 0.09077 -2.51006e-21)
(1.12589 0.0861314 1.33979e-22)
(1.12435 0.08152 -1.22076e-21)
(1.12285 0.0769297 -2.89178e-21)
(1.12137 0.0723574 7.06767e-22)
(1.11993 0.0678074 4.83712e-22)
(1.11853 0.0632707 8.78816e-22)
(1.11717 0.0587464 1.18099e-21)
(1.11585 0.0542293 -1.45255e-21)
(1.11458 0.049714 -4.02429e-22)
(1.11337 0.0451943 -2.51514e-22)
(1.11222 0.040663 -2.26209e-21)
(1.11115 0.0361114 -1.28722e-21)
(1.11016 0.0315293 -1.38484e-21)
(1.10927 0.026906 -1.64373e-21)
(1.10848 0.0222247 1.71003e-21)
(1.10782 0.0174789 -6.53222e-22)
(1.10729 0.0126252 -8.25818e-22)
(1.10691 0.00769781 -2.34877e-23)
(1.1067 0.00256544 2.43298e-23)
(1.17465 0.186383 7.41543e-21)
(1.1716 0.18164 -4.01205e-21)
(1.16835 0.176718 -1.1704e-20)
(1.16516 0.171796 -8.41733e-21)
(1.16218 0.166883 1.73881e-20)
(1.15945 0.161985 7.11091e-21)
(1.15694 0.157108 -1.21801e-20)
(1.15458 0.15225 -3.04605e-21)
(1.15233 0.147406 3.00172e-22)
(1.15017 0.142573 8.8599e-21)
(1.14808 0.13775 -3.23143e-21)
(1.14604 0.132939 1.22331e-20)
(1.14405 0.128142 -1.24318e-20)
(1.14211 0.12336 -7.14385e-21)
(1.14022 0.118595 1.064e-21)
(1.13836 0.11385 3.70823e-21)
(1.13654 0.109126 7.08554e-21)
(1.13475 0.104424 -1.09513e-20)
(1.133 0.0997443 3.97392e-21)
(1.13129 0.0950881 -3.36937e-21)
(1.1296 0.090456 6.31724e-21)
(1.12795 0.0858452 -2.04141e-21)
(1.12633 0.0812588 -5.37765e-22)
(1.12474 0.076692 2.59344e-21)
(1.12319 0.0721418 -9.23017e-22)
(1.12167 0.0676116 -2.13511e-21)
(1.1202 0.0630934 2.0158e-21)
(1.11877 0.0585864 -4.32916e-21)
(1.11738 0.0540853 1.3889e-21)
(1.11606 0.0495852 1.34141e-21)
(1.11479 0.0450799 1.233e-21)
(1.1136 0.0405622 -8.3549e-23)
(1.11248 0.0360236 3.01862e-21)
(1.11145 0.0314541 1.56482e-22)
(1.11052 0.026843 5.26626e-22)
(1.1097 0.0221736 -6.26054e-22)
(1.109 0.0174397 -2.1098e-22)
(1.10845 0.0125977 1.52976e-21)
(1.10806 0.00768114 -1.00066e-22)
(1.10783 0.00256488 6.83902e-22)
(1.17936 0.184413 2.63984e-20)
(1.17625 0.179842 -1.34365e-20)
(1.1729 0.175067 -2.70273e-20)
(1.16957 0.170298 3.75597e-20)
(1.16642 0.165521 -1.19157e-21)
(1.1635 0.160737 -2.29751e-20)
(1.1608 0.155962 -8.35133e-21)
(1.15828 0.151199 3.04669e-20)
(1.15588 0.146445 -1.61784e-20)
(1.15358 0.141695 -9.18679e-21)
(1.15135 0.136949 8.8449e-21)
(1.14918 0.132208 4.97569e-21)
(1.14707 0.127476 1.50843e-21)
(1.14501 0.122753 6.74249e-21)
(1.14299 0.118042 -1.13169e-20)
(1.14102 0.113346 -4.99983e-21)
(1.13909 0.108667 7.09185e-21)
(1.1372 0.104005 4.3237e-21)
(1.13534 0.0993632 -6.34144e-21)
(1.13353 0.0947409 8.93229e-21)
(1.13175 0.0901396 -5.58949e-21)
(1.13 0.0855573 -3.06079e-21)
(1.1283 0.0809966 -9.0747e-22)
(1.12662 0.0764536 1.10888e-21)
(1.12499 0.0719257 2.78496e-21)
(1.1234 0.0674155 -7.00582e-23)
(1.12186 0.0629162 2.77467e-21)
(1.12036 0.0584265 1.22401e-21)
(1.11892 0.0539418 -6.99065e-22)
(1.11753 0.0494569 -5.69102e-21)
(1.11621 0.0449659 3.91819e-21)
(1.11496 0.0404618 4.18926e-21)
(1.1138 0.0359363 -4.24859e-21)
(1.11273 0.0313793 2.44534e-21)
(1.11176 0.0267805 -8.72539e-22)
(1.1109 0.0221228 9.30308e-22)
(1.11018 0.0174007 -2.29451e-21)
(1.10961 0.0125705 -4.23586e-21)
(1.1092 0.0076645 -2.57336e-21)
(1.10895 0.00256449 -8.69985e-22)
(1.18396 0.182403 1.07263e-20)
(1.18079 0.178005 -4.3623e-20)
(1.17737 0.173377 7.49398e-21)
(1.17393 0.168766 3.06006e-20)
(1.17061 0.164131 -2.42764e-20)
(1.16751 0.159466 7.88202e-21)
(1.16464 0.154796 4.67752e-21)
(1.16195 0.15013 1.11683e-20)
(1.1594 0.145467 -1.93899e-21)
(1.15696 0.140802 -1.34813e-20)
(1.1546 0.136134 1.04342e-20)
(1.1523 0.131466 -3.39343e-21)
(1.15006 0.126799 -9.89402e-21)
(1.14788 0.122137 6.49295e-21)
(1.14575 0.117481 -1.24615e-20)
(1.14367 0.112836 9.63799e-21)
(1.14163 0.108202 -9.07176e-21)
(1.13963 0.103583 -1.30938e-21)
(1.13767 0.0989786 1.77282e-21)
(1.13576 0.094391 1.13875e-20)
(1.13389 0.0898213 -9.74482e-21)
(1.13205 0.0852679 5.88304e-21)
(1.13026 0.0807333 -7.83032e-22)
(1.1285 0.0762145 -7.19098e-21)
(1.1268 0.0717092 8.2013e-21)
(1.12513 0.0672194 -6.81872e-21)
(1.12351 0.062739 -3.40053e-21)
(1.12195 0.0582669 -2.76939e-21)
(1.12044 0.0537985 9.16719e-22)
(1.119 0.0493289 1.56331e-21)
(1.11762 0.0448524 2.68145e-22)
(1.11633 0.040362 -9.97481e-22)
(1.11511 0.0358495 1.93232e-21)
(1.114 0.031305 -3.50524e-21)
(1.11299 0.0267183 2.21953e-21)
(1.11211 0.0220724 4.66257e-23)
(1.11136 0.0173621 6.31157e-21)
(1.11076 0.0125436 4.16576e-21)
(1.11033 0.00764786 -6.97387e-22)
(1.11008 0.0025642 1.65609e-21)
(1.18845 0.180359 -6.94149e-20)
(1.18524 0.176132 3.40609e-20)
(1.18176 0.171652 1.6462e-20)
(1.17821 0.167202 -4.01348e-20)
(1.17476 0.162714 1.12289e-20)
(1.17149 0.158174 7.10772e-22)
(1.16844 0.153612 -1.86007e-20)
(1.16559 0.149045 1.45995e-20)
(1.16289 0.144473 -2.41001e-20)
(1.16031 0.139894 -1.64815e-21)
(1.15782 0.135307 2.74203e-20)
(1.1554 0.130712 -1.22255e-20)
(1.15304 0.126113 1.71681e-20)
(1.15074 0.121512 -6.51972e-21)
(1.14849 0.116914 5.85909e-21)
(1.1463 0.11232 -6.93722e-21)
(1.14415 0.107733 1.39456e-20)
(1.14205 0.103156 -4.71315e-21)
(1.14 0.0985908 -8.12992e-21)
(1.13799 0.0940386 4.61993e-21)
(1.13602 0.089501 2.02489e-21)
(1.1341 0.0849772 -2.60094e-21)
(1.13222 0.0804691 -5.24154e-21)
(1.13038 0.0759749 -5.87497e-22)
(1.12859 0.0714924 5.34596e-21)
(1.12685 0.0670232 2.74354e-23)
(1.12517 0.062562 -1.65946e-21)
(1.12353 0.0581076 5.19838e-21)
(1.12196 0.0536556 1.78074e-21)
(1.12046 0.0492014 -6.32263e-22)
(1.11903 0.0447393 2.35623e-22)
(1.11768 0.0402626 6.02003e-21)
(1.11642 0.0357631 2.48728e-21)
(1.11527 0.0312311 1.54651e-21)
(1.11422 0.0266566 2.30764e-22)
(1.1133 0.0220224 -3.06297e-21)
(1.11252 0.0173236 -3.74657e-21)
(1.1119 0.0125169 -4.2048e-21)
(1.11146 0.00763121 5.42673e-21)
(1.11119 0.00256397 5.53924e-22)
(1.19284 0.178284 -1.45538e-20)
(1.18958 0.174228 2.61092e-20)
(1.18605 0.169896 -6.16232e-20)
(1.18243 0.165609 7.16908e-21)
(1.17886 0.161274 7.4522e-20)
(1.17543 0.156863 -2.624e-20)
(1.17221 0.152411 -3.56096e-20)
(1.1692 0.147944 -1.19378e-20)
(1.16635 0.143465 4.42759e-20)
(1.16364 0.138974 -4.3447e-20)
(1.16102 0.134467 2.97012e-20)
(1.15847 0.129948 -4.57657e-21)
(1.156 0.125418 -7.07477e-21)
(1.15358 0.12088 2.80438e-21)
(1.15122 0.116339 8.33577e-21)
(1.14892 0.111798 -1.92017e-20)
(1.14667 0.107259 1.67478e-20)
(1.14446 0.102726 -3.9845e-21)
(1.14231 0.0982002 9.39352e-22)
(1.1402 0.093684 -2.90058e-21)
(1.13814 0.0891792 -2.47405e-21)
(1.13613 0.0846852 4.86393e-21)
(1.13417 0.0802043 -8.21727e-21)
(1.13225 0.0757349 5.93826e-21)
(1.13038 0.0712754 3.29704e-21)
(1.12857 0.0668269 -3.97658e-21)
(1.12681 0.0623851 6.88732e-22)
(1.12511 0.0579485 7.7198e-22)
(1.12348 0.053513 -1.4725e-21)
(1.12192 0.0490742 5.63049e-21)
(1.12043 0.0446267 -3.92977e-21)
(1.11903 0.0401636 -3.08172e-21)
(1.11773 0.0356772 2.37166e-22)
(1.11653 0.0311577 -1.23076e-21)
(1.11545 0.0265952 4.11084e-21)
(1.11449 0.0219726 -8.32749e-22)
(1.11369 0.0172854 1.1512e-21)
(1.11304 0.0124904 -1.80766e-21)
(1.11258 0.00761453 -4.28876e-21)
(1.1123 0.00256373 -1.7292e-21)
(1.19712 0.176186 -4.96655e-20)
(1.19382 0.172298 4.88432e-20)
(1.19025 0.168111 2.19376e-20)
(1.18658 0.163988 -4.22878e-20)
(1.18291 0.15981 -7.51832e-21)
(1.17934 0.155533 1.81915e-20)
(1.17596 0.151195 -1.15539e-20)
(1.17279 0.146829 7.14917e-21)
(1.16979 0.142445 3.99731e-20)
(1.16694 0.138042 -4.71078e-20)
(1.16419 0.133618 3.6469e-20)
(1.16153 0.129175 -2.81647e-20)
(1.15894 0.124715 1.38089e-20)
(1.15641 0.120242 1.28998e-20)
(1.15394 0.115759 -8.26079e-22)
(1.15153 0.111271 -3.4738e-20)
(1.14917 0.106781 1.93675e-20)
(1.14687 0.102292 -2.35473e-20)
(1.14461 0.097807 2.80178e-20)
(1.14241 0.0933274 -1.10791e-20)
(1.14026 0.0888558 -5.72904e-22)
(1.13816 0.0843922 5.14224e-21)
(1.13611 0.0799387 -4.06258e-21)
(1.13411 0.0754945 -3.23162e-21)
(1.13217 0.0710581 5.97145e-22)
(1.13028 0.0666307 -2.07582e-21)
(1.12845 0.0622083 2.04646e-22)
(1.12669 0.0577896 -2.98402e-21)
(1.12499 0.0533708 -1.24714e-21)
(1.12337 0.0489474 2.95723e-21)
(1.12183 0.0445144 3.86316e-21)
(1.12038 0.040065 -2.89636e-21)
(1.11903 0.0355916 -6.27666e-21)
(1.11778 0.0310845 4.60692e-22)
(1.11666 0.0265341 -1.42558e-21)
(1.11568 0.0219231 -4.99468e-22)
(1.11484 0.0172474 -2.89978e-22)
(1.11418 0.012464 3.98877e-21)
(1.1137 0.00759777 4.49845e-21)
(1.1134 0.00256343 1.31144e-21)
(1.20131 0.174069 -8.2098e-20)
(1.19796 0.170347 -2.52691e-20)
(1.19436 0.166301 5.41656e-20)
(1.19065 0.162342 1.38314e-21)
(1.1869 0.158325 3.98911e-21)
(1.18321 0.154185 -5.1944e-20)
(1.17968 0.149964 2.81921e-20)
(1.17635 0.145703 1.45157e-20)
(1.17321 0.141414 2.56673e-21)
(1.17022 0.137099 6.35215e-22)
(1.16734 0.132758 -2.9954e-20)
(1.16456 0.128392 4.37889e-20)
(1.16186 0.124004 -2.03508e-20)
(1.15922 0.119596 2.24966e-20)
(1.15664 0.115173 -3.62179e-21)
(1.15412 0.11074 7.56288e-21)
(1.15166 0.1063 -2.40172e-20)
(1.14926 0.101856 1.1652e-21)
(1.14691 0.0974113 6.65426e-22)
(1.14461 0.092969 1.51428e-20)
(1.14237 0.0885311 -5.10781e-21)
(1.14018 0.0840983 -1.10488e-20)
(1.13805 0.0796726 1.69531e-20)
(1.13597 0.0752539 -6.53901e-21)
(1.13395 0.0708408 3.57946e-21)
(1.13199 0.0664346 5.96602e-22)
(1.13009 0.0620318 -6.72603e-21)
(1.12825 0.057631 5.50947e-21)
(1.1265 0.0532288 -7.89343e-21)
(1.12481 0.048821 -4.4475e-21)
(1.12322 0.0444024 -3.66018e-21)
(1.12172 0.0399667 -8.57055e-22)
(1.12032 0.0355063 8.05592e-21)
(1.11903 0.0310116 -1.73073e-21)
(1.11787 0.0264732 2.99767e-21)
(1.11686 0.0218738 5.54471e-21)
(1.11599 0.0172094 -1.13304e-22)
(1.1153 0.0124378 -1.52616e-21)
(1.11481 0.00758093 2.6472e-21)
(1.1145 0.00256301 -1.07855e-21)
(1.20541 0.171937 -2.17948e-20)
(1.20201 0.168377 6.51992e-21)
(1.19838 0.16447 -6.03208e-20)
(1.19465 0.160674 -1.69178e-20)
(1.19084 0.156819 5.52768e-20)
(1.18705 0.152821 1.59459e-20)
(1.18338 0.148721 -4.02355e-20)
(1.17989 0.144565 1.76374e-20)
(1.1766 0.140373 -2.54298e-20)
(1.17348 0.136148 4.38353e-20)
(1.17048 0.13189 -4.63178e-20)
(1.16758 0.127602 1.43718e-20)
(1.16476 0.123286 5.98872e-21)
(1.16201 0.118944 -1.39261e-20)
(1.15933 0.114582 2.9248e-20)
(1.15671 0.110204 -1.97407e-20)
(1.15414 0.105814 1.28727e-20)
(1.15164 0.101416 -2.85284e-20)
(1.14919 0.0970136 2.74253e-20)
(1.14681 0.0926089 5.38746e-24)
(1.14447 0.0882052 -1.89561e-20)
(1.1422 0.0838036 1.75573e-20)
(1.13998 0.079406 -3.03546e-21)
(1.13782 0.0750129 -7.81828e-21)
(1.13572 0.0706234 -6.68994e-22)
(1.13368 0.0662385 1.19579e-21)
(1.13171 0.0618553 7.86562e-21)
(1.12982 0.0574727 -8.72073e-21)
(1.12799 0.0530871 -1.05364e-21)
(1.12625 0.0486948 1.39135e-21)
(1.1246 0.0442908 3.00556e-21)
(1.12305 0.0398687 -2.64448e-21)
(1.1216 0.0354212 -2.96277e-21)
(1.12027 0.0309389 -2.36383e-21)
(1.11908 0.0264124 -1.80195e-21)
(1.11803 0.0218246 2.38921e-21)
(1.11713 0.0171715 1.97226e-21)
(1.11642 0.0124116 1.43215e-21)
(1.11591 0.00756397 2.30591e-21)
(1.11559 0.00256243 -8.69507e-22)
(1.20941 0.169795 -2.24933e-20)
(1.20597 0.166394 7.3949e-20)
(1.2023 0.162622 -1.02665e-19)
(1.19856 0.158985 6.36919e-20)
(1.19472 0.155293 3.63162e-21)
(1.19084 0.151441 2.63571e-20)
(1.18705 0.147465 -8.12546e-20)
(1.18342 0.143418 3.63577e-21)
(1.17998 0.139323 1.30481e-20)
(1.17672 0.135188 2.42794e-20)
(1.17359 0.131015 -2.50041e-21)
(1.17057 0.126805 -3.15155e-20)
(1.16764 0.122561 3.01183e-20)
(1.16479 0.118287 -1.60781e-20)
(1.162 0.113987 9.99728e-21)
(1.15928 0.109665 -1.6994e-20)
(1.15661 0.105326 3.74509e-20)
(1.15401 0.100974 -1.414e-20)
(1.15147 0.0966138 -2.24289e-21)
(1.14899 0.0922474 -8.30989e-21)
(1.14657 0.0878783 -1.88808e-21)
(1.1442 0.0835081 9.5709e-21)
(1.1419 0.079139 -1.31887e-20)
(1.13966 0.0747718 8.9039e-21)
(1.13748 0.070406 -1.17725e-20)
(1.13537 0.0660426 7.92787e-21)
(1.13333 0.0616791 6.20802e-21)
(1.13137 0.0573145 2.21071e-21)
(1.12948 0.0529457 -1.31801e-20)
(1.12768 0.0485689 4.93333e-21)
(1.12598 0.0441793 1.47947e-22)
(1.12437 0.0397709 8.57711e-21)
(1.12288 0.0353364 -2.80067e-21)
(1.12151 0.0308663 -3.21805e-21)
(1.12027 0.0263518 3.00451e-21)
(1.11919 0.0217754 -1.49913e-21)
(1.11827 0.0171335 -8.10422e-21)
(1.11753 0.0123854 -2.25759e-21)
(1.11701 0.00754686 -1.21774e-20)
(1.11668 0.00256162 -3.55638e-21)
(1.21334 0.167647 1.14628e-19)
(1.20985 0.164401 -9.46422e-20)
(1.20614 0.16076 2.6519e-20)
(1.20238 0.157279 2.04137e-20)
(1.19853 0.15375 -4.19624e-20)
(1.19459 0.150045 2.46683e-20)
(1.19069 0.146197 1.04797e-20)
(1.18692 0.142261 1.0165e-20)
(1.18334 0.138265 -3.97054e-20)
(1.17994 0.134221 1.5278e-20)
(1.17669 0.130132 -3.75305e-23)
(1.17355 0.126001 -2.64792e-20)
(1.17051 0.121831 4.23104e-20)
(1.16755 0.117625 -3.11413e-20)
(1.16466 0.113387 5.55899e-21)
(1.16183 0.109122 -3.4372e-21)
(1.15907 0.104835 2.64616e-20)
(1.15637 0.10053 -1.70057e-20)
(1.15374 0.0962123 1.72767e-20)
(1.15116 0.0918846 1.29786e-20)
(1.14865 0.0875505 3.52944e-21)
(1.1462 0.0832121 -3.37519e-21)
(1.14382 0.0788717 -6.7794e-21)
(1.1415 0.0745306 4.42835e-21)
(1.13924 0.0701885 7.7887e-21)
(1.13706 0.0658467 -8.15999e-21)
(1.13495 0.061503 -4.63928e-21)
(1.13292 0.0571566 5.03694e-21)
(1.13097 0.0528045 -8.62858e-22)
(1.12911 0.0484432 2.09736e-21)
(1.12735 0.0440681 -8.84483e-21)
(1.12569 0.0396732 9.30595e-21)
(1.12415 0.0352516 -2.04232e-21)
(1.12273 0.0307938 9.29746e-22)
(1.12146 0.0262911 -1.63747e-21)
(1.12034 0.0217262 -4.06493e-21)
(1.1194 0.0170955 3.39545e-21)
(1.11864 0.0123591 3.46961e-22)
(1.11809 0.00752958 7.272e-21)
(1.11775 0.00256054 3.86724e-21)
(1.21719 0.165496 7.76357e-20)
(1.21364 0.162402 7.2042e-20)
(1.20989 0.158888 -1.12403e-19)
(1.20613 0.155559 7.40426e-20)
(1.20227 0.152192 3.41308e-20)
(1.19829 0.148635 -1.14665e-19)
(1.1943 0.144917 3.38412e-20)
(1.19041 0.141095 5.073e-20)
(1.18669 0.137201 -2.64389e-20)
(1.18315 0.133248 -1.82494e-20)
(1.17977 0.129244 3.54121e-20)
(1.17651 0.125192 -2.44151e-20)
(1.17336 0.121096 -8.2745e-21)
(1.1703 0.116958 1.55436e-20)
(1.1673 0.112783 -8.91447e-21)
(1.16438 0.108576 -1.436e-20)
(1.16152 0.104341 3.53459e-21)
(1.15872 0.100084 2.62946e-20)
(1.15599 0.0958092 -1.62374e-20)
(1.15333 0.0915206 -1.15327e-21)
(1.15073 0.0872219 -8.90587e-21)
(1.14819 0.0829155 1.05223e-20)
(1.14572 0.0786041 -1.98406e-20)
(1.14332 0.0742893 2.29606e-20)
(1.14099 0.0699711 -7.49149e-21)
(1.13874 0.0656509 7.11627e-21)
(1.13655 0.0613271 -1.43097e-20)
(1.13446 0.0569988 6.20351e-21)
(1.13244 0.0526634 5.0901e-21)
(1.13052 0.0483176 1.62379e-22)
(1.12871 0.0439569 6.78469e-22)
(1.127 0.0395756 6.56024e-21)
(1.12541 0.0351668 4.29493e-21)
(1.12395 0.0307212 -6.33427e-21)
(1.12264 0.0262304 1.83712e-21)
(1.12149 0.0216769 -7.06272e-22)
(1.12051 0.0170573 -5.60745e-21)
(1.11973 0.0123327 2.83699e-21)
(1.11917 0.0075121 -1.39168e-21)
(1.11882 0.00255913 -1.04005e-21)
(1.22096 0.163345 -4.34502e-20)
(1.21736 0.160399 -2.56415e-20)
(1.21356 0.157009 -4.31463e-20)
(1.20979 0.153828 1.54347e-19)
(1.20594 0.150619 2.0308e-20)
(1.20194 0.14721 -1.07294e-19)
(1.19788 0.143625 -5.25979e-20)
(1.19388 0.13992 5.22863e-20)
(1.19002 0.13613 -5.63673e-20)
(1.18635 0.13227 6.6034e-20)
(1.18283 0.12835 -4.73397e-20)
(1.17946 0.124378 1.65298e-20)
(1.1762 0.120356 4.63862e-20)
(1.17303 0.116287 -2.22002e-20)
(1.16993 0.112175 -2.74964e-20)
(1.16691 0.108026 3.1393e-20)
(1.16395 0.103845 3.97181e-21)
(1.16106 0.0996358 -1.66317e-20)
(1.15824 0.0954047 1.21469e-20)
(1.15549 0.0911556 1.40574e-20)
(1.1528 0.0868926 -1.54578e-20)
(1.15018 0.0826186 -3.30644e-21)
(1.14762 0.0783363 -1.57231e-20)
(1.14514 0.0740479 1.58674e-20)
(1.14274 0.0697537 1.92105e-21)
(1.1404 0.0654552 -2.91877e-20)
(1.13815 0.0611513 -9.84748e-22)
(1.13599 0.0568411 6.42428e-21)
(1.13391 0.0525224 -6.07705e-21)
(1.13193 0.048192 1.23385e-20)
(1.13006 0.0438457 -7.36931e-21)
(1.1283 0.0394779 -4.74097e-21)
(1.12666 0.0350819 -8.19588e-22)
(1.12516 0.0306485 7.77307e-21)
(1.12381 0.0261695 -5.25843e-24)
(1.12263 0.0216275 -1.07431e-21)
(1.12162 0.0170188 5.97982e-21)
(1.12082 0.0123061 -2.05967e-21)
(1.12025 0.00749439 -6.3725e-21)
(1.11989 0.00255734 1.54015e-21)
(1.22466 0.161197 -9.32679e-20)
(1.221 0.158395 3.87233e-20)
(1.21715 0.155126 -2.10281e-20)
(1.21338 0.152089 9.21532e-20)
(1.20954 0.149035 -1.38106e-19)
(1.20553 0.145773 8.12411e-20)
(1.20142 0.14232 -1.29093e-20)
(1.19732 0.138736 -9.55022e-21)
(1.19334 0.135052 -8.01173e-20)
(1.18953 0.131287 6.3517e-20)
(1.18589 0.127452 -4.17719e-20)
(1.1824 0.123559 3.671e-20)
(1.17902 0.119612 -1.56594e-20)
(1.17575 0.115612 8.6756e-21)
(1.17255 0.111565 2.68759e-20)
(1.16943 0.107474 -1.66469e-20)
(1.16638 0.103346 -3.35362e-21)
(1.16339 0.099186 3.0682e-21)
(1.16048 0.094999 -2.76369e-20)
(1.15763 0.0907898 2.7533e-20)
(1.15486 0.0865628 -3.12425e-20)
(1.15215 0.0823213 2.35389e-20)
(1.14952 0.0780683 -2.07584e-20)
(1.14696 0.0738064 1.11378e-20)
(1.14447 0.0695363 1.46435e-20)
(1.14207 0.0652596 4.51595e-21)
(1.13974 0.0609755 -1.7377e-20)
(1.13751 0.0566835 1.69743e-21)
(1.13537 0.0523814 1.11798e-20)
(1.13333 0.0480664 3.94359e-21)
(1.1314 0.0437344 4.90445e-21)
(1.12959 0.0393801 4.71208e-21)
(1.12791 0.0349968 -3.54499e-21)
(1.12636 0.0305756 -3.02652e-21)
(1.12498 0.0261084 -1.4978e-22)
(1.12376 0.0215777 -2.04493e-21)
(1.12273 0.0169801 5.57891e-21)
(1.1219 0.0122793 7.00666e-21)
(1.12131 0.00747641 8.87178e-21)
(1.12094 0.00255512 2.64242e-21)
(1.2283 0.159052 1.48637e-19)
(1.22459 0.156392 -5.46025e-20)
(1.22067 0.153242 7.73046e-20)
(1.21688 0.150345 -7.23362e-20)
(1.21306 0.147442 -1.29988e-19)
(1.20906 0.144323 -7.00163e-21)
(1.20492 0.141004 7.32499e-20)
(1.20074 0.137543 -3.2156e-21)
(1.19665 0.133969 8.64779e-20)
(1.19271 0.130299 -9.58392e-21)
(1.18894 0.126551 -2.86655e-20)
(1.18532 0.122737 -6.02771e-21)
(1.18183 0.118864 -2.09553e-21)
(1.17845 0.114934 -8.56176e-21)
(1.17516 0.110951 1.71273e-20)
(1.17194 0.10692 -1.88602e-20)
(1.16879 0.102846 2.65427e-20)
(1.16571 0.0987347 1.95711e-20)
(1.16271 0.0945922 -2.0196e-20)
(1.15977 0.0904232 2.09523e-21)
(1.15691 0.0862325 1.03147e-20)
(1.15412 0.0820237 -3.0812e-21)
(1.1514 0.0778003 -1.47307e-20)
(1.14876 0.073565 1.12814e-20)
(1.1462 0.069319 -4.71321e-21)
(1.14372 0.0650641 2.00171e-21)
(1.14133 0.0607998 8.86046e-21)
(1.13903 0.0565258 -1.04573e-20)
(1.13682 0.0522404 8.63828e-21)
(1.13473 0.0479407 -1.46924e-20)
(1.13274 0.043623 5.69752e-21)
(1.13087 0.0392821 -1.09955e-20)
(1.12914 0.0349115 7.71635e-21)
(1.12756 0.0305023 5.28993e-21)
(1.12613 0.0260468 1.18488e-22)
(1.12488 0.0215276 3.31649e-21)
(1.12382 0.016941 -2.17204e-21)
(1.12297 0.0122521 -1.09874e-20)
(1.12237 0.00745814 -1.65472e-21)
(1.12199 0.00255243 -9.64758e-21)
(1.23186 0.156913 -4.63106e-20)
(1.2281 0.154392 3.05532e-20)
(1.22413 0.151359 -2.45178e-20)
(1.22032 0.1486 3.52936e-20)
(1.21651 0.145843 4.33976e-21)
(1.21252 0.142863 1.60972e-20)
(1.20836 0.139677 -1.29573e-19)
(1.20413 0.136341 9.01707e-20)
(1.19995 0.132879 5.27983e-20)
(1.19588 0.129308 -3.26428e-20)
(1.19198 0.125646 5.43645e-20)
(1.18823 0.121912 -6.75655e-20)
(1.18463 0.118113 -8.33564e-20)
(1.18115 0.114253 8.05617e-20)
(1.17775 0.110335 2.10295e-20)
(1.17443 0.106363 -3.87136e-20)
(1.17119 0.102344 -7.28239e-21)
(1.16802 0.0982822 -1.44233e-20)
(1.16493 0.0941845 1.83271e-20)
(1.1619 0.090056 -2.09125e-20)
(1.15895 0.0859018 1.12768e-20)
(1.15608 0.0817259 -5.64897e-21)
(1.15328 0.0775321 -1.15103e-20)
(1.15056 0.0733235 4.57483e-21)
(1.14792 0.0691017 1.53257e-20)
(1.14537 0.0648685 -1.64275e-20)
(1.1429 0.0606241 -1.20392e-20)
(1.14053 0.0563682 1.13276e-21)
(1.13827 0.0520993 1.00468e-20)
(1.13611 0.0478149 -6.47933e-21)
(1.13407 0.0435114 -9.91359e-21)
(1.13215 0.0391837 2.7965e-21)
(1.13037 0.0348258 -1.99343e-21)
(1.12874 0.0304287 -7.63479e-22)
(1.12728 0.0259849 -1.05884e-20)
(1.12599 0.0214771 -6.16124e-21)
(1.1249 0.0169014 7.51769e-21)
(1.12404 0.0122246 -3.07621e-21)
(1.12342 0.00743954 -6.86291e-21)
(1.12303 0.00254922 2.38646e-21)
(1.23535 0.154777 8.54904e-20)
(1.23155 0.152394 -1.75635e-19)
(1.22752 0.14948 -2.83135e-20)
(1.22369 0.146856 9.41633e-20)
(1.21989 0.14424 -8.3378e-20)
(1.21592 0.141395 6.5513e-20)
(1.21176 0.138338 2.80484e-20)
(1.20749 0.135128 -9.38314e-20)
(1.20322 0.131783 3.26056e-20)
(1.19904 0.128312 3.64234e-21)
(1.19501 0.124739 1.21092e-19)
(1.19114 0.121085 -3.24812e-20)
(1.18742 0.117361 2.53435e-20)
(1.18383 0.11357 -5.47427e-21)
(1.18033 0.109717 -8.02461e-20)
(1.17692 0.105805 6.93122e-20)
(1.17359 0.10184 -2.50038e-20)
(1.17032 0.0978286 1.14691e-20)
(1.16714 0.0937761 -2.20192e-20)
(1.16402 0.0896883 1.45169e-20)
(1.16099 0.0855708 -1.04044e-20)
(1.15803 0.081428 1.1961e-20)
(1.15514 0.077264 1.42043e-20)
(1.15234 0.0730821 -6.94802e-21)
(1.14963 0.0688844 8.99873e-22)
(1.147 0.064673 -5.27038e-22)
(1.14447 0.0604484 5.71e-21)
(1.14203 0.0562104 -1.46109e-20)
(1.1397 0.051958 2.85287e-20)
(1.13748 0.0476888 8.32707e-21)
(1.13538 0.0433994 -1.58712e-20)
(1.13342 0.0390849 -2.06409e-22)
(1.13159 0.0347396 -3.19781e-21)
(1.12992 0.0303545 1.64103e-21)
(1.12841 0.0259223 8.38275e-21)
(1.12709 0.021426 1.25561e-20)
(1.12598 0.0168612 -5.78823e-21)
(1.12509 0.0121965 4.14181e-21)
(1.12446 0.0074206 4.37322e-21)
(1.12407 0.00254544 -2.487e-21)
(1.23875 0.152641 2.13456e-21)
(1.23494 0.150398 -1.37664e-19)
(1.23085 0.147605 1.12519e-19)
(1.22701 0.145116 -1.08494e-19)
(1.22321 0.142636 6.76413e-20)
(1.21925 0.139919 -1.00131e-19)
(1.2151 0.13699 2.08661e-21)
(1.21081 0.133908 2.78982e-20)
(1.20648 0.13068 7.0964e-20)
(1.20219 0.127312 -1.20147e-19)
(1.19804 0.123829 5.05216e-20)
(1.19404 0.120256 -1.98741e-20)
(1.19021 0.116606 1.98626e-21)
(1.1865 0.112885 5.43442e-20)
(1.1829 0.109096 -4.5177e-20)
(1.17939 0.105245 -5.54684e-20)
(1.17597 0.101335 3.62335e-20)
(1.17262 0.0973739 3.113e-20)
(1.16934 0.0933669 -2.21502e-20)
(1.16614 0.0893202 2.05626e-20)
(1.16301 0.0852396 -3.55832e-20)
(1.15997 0.08113 1.82872e-20)
(1.157 0.0769958 -2.60827e-21)
(1.15412 0.0728407 -1.57652e-20)
(1.15133 0.0686671 1.09705e-20)
(1.14863 0.0644775 -7.74969e-21)
(1.14603 0.0602725 6.89141e-21)
(1.14352 0.0560525 2.95942e-20)
(1.14113 0.0518164 -2.01365e-20)
(1.13885 0.0475623 -1.05127e-20)
(1.13669 0.0432869 2.45141e-20)
(1.13467 0.0389856 -4.74792e-21)
(1.1328 0.0346528 -6.0041e-21)
(1.13108 0.0302796 -2.37851e-22)
(1.12954 0.0258591 -9.72939e-21)
(1.12819 0.0213743 -8.52108e-21)
(1.12705 0.0168204 -1.23011e-21)
(1.12613 0.012168 2.31708e-21)
(1.12549 0.00740126 3.03957e-21)
(1.12509 0.00254106 6.60565e-21)
(1.24205 0.150498 -1.76229e-19)
(1.23825 0.148402 -3.74472e-20)
(1.23412 0.145737 1.72835e-19)
(1.23026 0.143383 -1.40289e-20)
(1.22646 0.141033 -1.77237e-19)
(1.22251 0.138437 1.06881e-19)
(1.21836 0.135632 6.21399e-21)
(1.21407 0.132676 -3.90798e-20)
(1.2097 0.129568 5.59815e-20)
(1.20533 0.126306 -8.66087e-20)
(1.20106 0.122916 5.16861e-20)
(1.19694 0.119425 -8.95286e-21)
(1.19298 0.115851 -3.36072e-20)
(1.18917 0.112199 3.6021e-21)
(1.18546 0.108475 4.78679e-20)
(1.18186 0.104684 5.35228e-20)
(1.17834 0.10083 -8.51484e-20)
(1.1749 0.0969189 -2.51087e-20)
(1.17153 0.0929576 8.10135e-20)
(1.16824 0.0889521 -2.59139e-20)
(1.16503 0.0849086 -5.87968e-21)
(1.1619 0.0808323 1.17704e-20)
(1.15886 0.0767279 -1.06291e-20)
(1.1559 0.0725995 9.52167e-21)
(1.15303 0.0684501 -2.48007e-20)
(1.15025 0.0642821 1.7837e-20)
(1.14758 0.0600967 -2.64095e-21)
(1.14501 0.0558944 -1.14086e-20)
(1.14255 0.0516746 6.93169e-21)
(1.14021 0.0474354 -9.54209e-21)
(1.13799 0.043174 1.01321e-20)
(1.13592 0.0388857 2.67497e-21)
(1.13399 0.0345653 5.23584e-22)
(1.13223 0.0302041 4.69449e-21)
(1.13065 0.0257952 2.40096e-21)
(1.12927 0.0213218 1.2001e-21)
(1.1281 0.016779 3.14896e-21)
(1.12717 0.0121388 6.06378e-21)
(1.12651 0.00738152 -7.76223e-22)
(1.1261 0.00253605 -1.07111e-22)
(1.2452 0.148335 1.54253e-19)
(1.24146 0.1464 -1.11903e-19)
(1.23734 0.143871 -4.09649e-20)
(1.23348 0.141655 1.79395e-19)
(1.22969 0.139433 -1.84973e-20)
(1.22573 0.136955 3.90382e-21)
(1.22159 0.13427 -6.13525e-20)
(1.2173 0.131439 2.25855e-21)
(1.2129 0.12845 -6.32466e-20)
(1.20846 0.125295 -2.89312e-20)
(1.20408 0.121999 7.01393e-20)
(1.19984 0.118593 1.88079e-20)
(1.19576 0.115093 -3.59723e-20)
(1.19182 0.111511 -1.54545e-20)
(1.18802 0.107852 -1.86805e-20)
(1.18431 0.104121 -2.11627e-20)
(1.1807 0.100323 8.75549e-20)
(1.17717 0.0964623 -5.96832e-20)
(1.17371 0.092547 2.49091e-20)
(1.17034 0.088583 3.02944e-20)
(1.16704 0.0845768 -2.68173e-20)
(1.16383 0.0805339 -2.30678e-20)
(1.1607 0.0764595 1.70841e-20)
(1.15766 0.0723579 8.04678e-21)
(1.15471 0.0682325 -1.21123e-20)
(1.15187 0.0640862 4.18017e-21)
(1.14912 0.0599203 -1.06024e-20)
(1.14648 0.0557357 1.02907e-20)
(1.14396 0.0515321 -1.06989e-20)
(1.14155 0.0473078 3.93245e-21)
(1.13928 0.0430602 -1.33704e-21)
(1.13716 0.0387849 -1.67285e-20)
(1.13518 0.0344769 3.81752e-21)
(1.13338 0.0301275 -1.56539e-21)
(1.13176 0.0257302 -6.72753e-21)
(1.13034 0.0212684 1.15266e-20)
(1.12915 0.0167366 1.11156e-21)
(1.12819 0.0121089 -8.93694e-21)
(1.12752 0.00736131 2.79173e-21)
(1.12711 0.00253035 1.36442e-21)
(1.24812 0.146131 -3.83583e-20)
(1.24454 0.144387 -4.39957e-20)
(1.24045 0.142014 1.46688e-19)
(1.2366 0.139935 -1.43885e-19)
(1.23279 0.137831 1.99544e-19)
(1.22884 0.135463 -1.69588e-19)
(1.22472 0.132896 3.50951e-20)
(1.22046 0.130189 4.97277e-20)
(1.21605 0.127321 6.61628e-22)
(1.21156 0.124277 -2.15278e-20)
(1.20709 0.121081 1.06152e-19)
(1.20273 0.117761 -6.32722e-20)
(1.19853 0.114338 -5.8197e-20)
(1.19448 0.110825 -1.17798e-20)
(1.19056 0.107231 6.4891e-20)
(1.18676 0.10356 -3.22546e-20)
(1.18305 0.0998174 3.78205e-20)
(1.17943 0.096008 -7.77081e-20)
(1.17589 0.0921386 5.97538e-20)
(1.17242 0.0882161 3.87918e-20)
(1.16904 0.084247 -1.09427e-20)
(1.16574 0.0802374 -2.91746e-20)
(1.16253 0.0761927 9.88765e-22)
(1.15942 0.0721178 1.82304e-20)
(1.15639 0.0680163 -2.76797e-20)
(1.15347 0.0638913 1.72355e-20)
(1.15065 0.0597447 -2.05265e-21)
(1.14794 0.0555775 1.19242e-20)
(1.14536 0.0513898 2.28359e-21)
(1.14289 0.0471801 -2.02408e-21)
(1.14056 0.0429462 8.14258e-21)
(1.13838 0.0386837 7.56982e-21)
(1.13636 0.0343879 -9.96783e-21)
(1.13451 0.0300503 -2.25186e-21)
(1.13286 0.0256645 9.3116e-22)
(1.1314 0.0212143 -8.69529e-22)
(1.13018 0.0166936 3.12408e-21)
(1.12921 0.0120784 5.28274e-21)
(1.12852 0.0073407 -7.71079e-21)
(1.12811 0.00252398 -1.54001e-21)
(1.25071 0.14385 -1.00055e-19)
(1.24746 0.142334 7.33817e-20)
(1.24355 0.140147 -9.80349e-21)
(1.23978 0.138223 1.13557e-19)
(1.23597 0.136245 -1.63734e-19)
(1.23198 0.133989 1.54747e-19)
(1.22785 0.131533 -1.3338e-19)
(1.22359 0.128941 1.58519e-19)
(1.21918 0.126186 -1.41777e-19)
(1.21464 0.12325 2.2071e-20)
(1.21009 0.120153 5.54321e-20)
(1.20562 0.116921 4.40984e-20)
(1.20129 0.113576 -8.52535e-20)
(1.19712 0.110133 1.59544e-20)
(1.1931 0.106603 -2.42554e-20)
(1.1892 0.102993 -3.96182e-21)
(1.18539 0.0993057 5.89154e-20)
(1.18168 0.0955476 1.37616e-20)
(1.17805 0.0917248 -5.21936e-20)
(1.1745 0.0878442 -1.79478e-20)
(1.17103 0.0839128 -8.5217e-21)
(1.16765 0.079937 1.10179e-20)
(1.16436 0.0759225 1.51325e-20)
(1.16116 0.0718745 -2.26045e-20)
(1.15806 0.067797 2.12983e-20)
(1.15506 0.0636936 -2.18669e-21)
(1.15217 0.0595664 1.3074e-20)
(1.1494 0.0554169 -1.49744e-20)
(1.14674 0.0512451 -5.63831e-21)
(1.14422 0.0470502 1.26794e-21)
(1.14184 0.0428299 1.89018e-21)
(1.1396 0.0385804 3.27622e-21)
(1.13753 0.0342969 4.60574e-21)
(1.13564 0.0299712 -1.76608e-21)
(1.13394 0.0255971 -1.60896e-22)
(1.13246 0.0211585 -6.51191e-21)
(1.13121 0.0166491 -5.34184e-21)
(1.13021 0.0120467 3.90798e-21)
(1.12951 0.00731939 -4.83818e-22)
(1.1291 0.00251681 -4.38792e-21)
(1.24998 0.14024 -1.54004e-20)
(1.24628 0.138263 -4.0365e-20)
(1.24261 0.136482 1.88965e-19)
(1.23886 0.134619 -8.42298e-20)
(1.23492 0.132479 5.03814e-20)
(1.23084 0.130147 -9.96316e-20)
(1.22663 0.127681 1.80484e-20)
(1.22224 0.125046 -6.91309e-20)
(1.21769 0.122225 7.42996e-20)
(1.21308 0.119234 2.06696e-20)
(1.20852 0.116094 1.04949e-20)
(1.20407 0.112828 -3.22311e-22)
(1.19978 0.109457 -8.57578e-20)
(1.19564 0.105992 5.99439e-20)
(1.19164 0.102441 4.1941e-20)
(1.18774 0.0988088 -6.75297e-20)
(1.18393 0.095101 6.42809e-20)
(1.18021 0.0913239 -7.95773e-20)
(1.17657 0.0874844 9.91841e-20)
(1.17302 0.0835898 -4.87472e-20)
(1.16955 0.0796468 -1.09093e-20)
(1.16618 0.0756615 -3.41215e-21)
(1.1629 0.0716395 -2.77892e-21)
(1.15973 0.0675852 9.63258e-21)
(1.15665 0.0635024 1.39281e-21)
(1.15369 0.0593938 -5.30139e-21)
(1.15085 0.055261 -2.17407e-22)
(1.14813 0.0511045 -1.16901e-20)
(1.14554 0.0469235 3.199e-21)
(1.1431 0.0427163 -1.41967e-20)
(1.14081 0.038479 1.33639e-21)
(1.13869 0.0342073 3.81272e-21)
(1.13675 0.0298931 6.27837e-22)
(1.13502 0.0255302 2.28309e-21)
(1.1335 0.0211031 1.14903e-20)
(1.13222 0.0166047 -3.78802e-21)
(1.13121 0.0120149 -7.1667e-21)
(1.1305 0.00729808 5.28807e-22)
(1.13008 0.00250907 6.81459e-21)
(1.24931 0.136369 8.32366e-20)
(1.24584 0.134797 1.13456e-19)
(1.24208 0.133067 -7.37049e-20)
(1.23804 0.131024 9.79503e-20)
(1.2339 0.128786 -8.85972e-20)
(1.22966 0.126415 -2.5192e-20)
(1.22527 0.123881 2.82268e-21)
(1.2207 0.121166 -8.89244e-21)
(1.21604 0.118277 -3.72755e-20)
(1.21139 0.115229 5.32392e-20)
(1.20683 0.112044 -2.07977e-20)
(1.20242 0.108744 1.30992e-20)
(1.19816 0.105344 5.799e-20)
(1.19405 0.101854 -1.6049e-20)
(1.19005 0.0982782 -1.27846e-19)
(1.18616 0.0946226 9.60721e-20)
(1.18235 0.0908932 -3.51033e-20)
(1.17862 0.0870969 -1.09135e-20)
(1.17499 0.0832411 2.16214e-20)
(1.17144 0.0793329 -1.42265e-20)
(1.16799 0.0753788 1.04435e-20)
(1.16463 0.0713846 -1.3595e-20)
(1.16137 0.0673551 -2.10255e-21)
(1.15823 0.0632947 2.62806e-20)
(1.15519 0.059206 6.14307e-21)
(1.15228 0.0550913 -2.45863e-20)
(1.14949 0.0509513 1.28873e-20)
(1.14685 0.0467855 1.33079e-21)
(1.14435 0.0425924 -2.42864e-21)
(1.142 0.0383685 3.85885e-21)
(1.13984 0.0341095 -1.12397e-20)
(1.13786 0.0298077 8.03939e-21)
(1.13608 0.0254571 -1.62086e-22)
(1.13453 0.0210423 -2.34766e-21)
(1.13323 0.016556 -5.60369e-21)
(1.13219 0.0119798 6.39898e-21)
(1.13147 0.0072748 -9.10362e-22)
(1.13105 0.0025001 2.92823e-22)
(1.25081 0.134256 1.03326e-20)
(1.24794 0.132897 -8.94868e-20)
(1.24457 0.131353 2.14005e-19)
(1.24076 0.129487 -4.22529e-20)
(1.23675 0.127411 7.72393e-20)
(1.23259 0.125178 -1.56501e-19)
(1.22824 0.122766 1.94127e-20)
(1.2237 0.120168 -4.4678e-22)
(1.21902 0.11739 1.08162e-19)
(1.2143 0.114441 -1.18566e-19)
(1.20964 0.111342 1.97096e-20)
(1.20511 0.108116 -1.85876e-20)
(1.20073 0.104782 4.48998e-20)
(1.1965 0.10135 -4.92595e-20)
(1.1924 0.0978275 2.04574e-20)
(1.18841 0.0942201 7.48282e-21)
(1.18451 0.0905343 -2.8945e-20)
(1.1807 0.0867769 -2.29554e-20)
(1.17697 0.0829557 6.9363e-20)
(1.17334 0.0790779 -1.5239e-20)
(1.1698 0.0751504 -3.09974e-21)
(1.16636 0.0711796 -1.55954e-21)
(1.16303 0.0671706 -1.05206e-20)
(1.15981 0.0631281 7.81901e-21)
(1.1567 0.0590554 -6.90982e-21)
(1.15372 0.0549549 5.36504e-21)
(1.15086 0.0508276 1.47204e-20)
(1.14815 0.0466735 -1.45908e-20)
(1.14559 0.0424913 1.19537e-20)
(1.1432 0.0382776 9.60147e-21)
(1.14098 0.0340286 -5.16335e-21)
(1.13895 0.0297365 5.91005e-23)
(1.13714 0.0253956 5.54636e-22)
(1.13555 0.020991 2.35042e-21)
(1.13422 0.0165145 -1.87456e-21)
(1.13317 0.0119497 3.0036e-22)
(1.13243 0.0072547 1.75773e-21)
(1.13201 0.0024916 -4.91975e-21)
(1.25132 0.131254 1.44331e-19)
(1.24782 0.129798 -3.43313e-20)
(1.24386 0.12799 -2.61262e-20)
(1.23976 0.125984 3.34497e-20)
(1.23555 0.123825 6.3778e-20)
(1.23118 0.121499 -1.61453e-19)
(1.22663 0.118998 1.92788e-19)
(1.22191 0.116318 -1.3137e-19)
(1.21712 0.113461 1.17323e-20)
(1.21236 0.110444 -4.87967e-20)
(1.20771 0.107293 8.02793e-21)
(1.20322 0.104025 -5.76325e-21)
(1.19889 0.100656 8.02973e-20)
(1.19469 0.0971927 -5.50535e-20)
(1.19061 0.0936408 3.23419e-20)
(1.18662 0.0900066 2.46628e-20)
(1.18272 0.0862968 -8.26678e-21)
(1.17891 0.082519 -3.04531e-20)
(1.17519 0.0786809 5.58326e-20)
(1.17158 0.0747894 -2.84428e-20)
(1.16806 0.0708513 -1.34362e-20)
(1.16465 0.0668721 -5.19665e-21)
(1.16135 0.0628567 1.68348e-20)
(1.15817 0.0588087 4.70497e-21)
(1.15512 0.0547309 -4.67934e-21)
(1.1522 0.0506246 -1.73933e-20)
(1.14943 0.0464901 -3.31277e-22)
(1.14681 0.0423262 7.97785e-21)
(1.14436 0.03813 6.18372e-22)
(1.1421 0.0338978 -8.73952e-21)
(1.14003 0.0296221 6.02706e-21)
(1.13817 0.0252975 3.55467e-21)
(1.13656 0.0209093 -8.26811e-22)
(1.1352 0.0164491 -3.72101e-22)
(1.13413 0.0119021 1.088e-21)
(1.13338 0.007224 8.07844e-22)
(1.13296 0.00247906 -1.70879e-22)
(1.25209 0.128989 -2.31082e-19)
(1.2498 0.127987 2.10675e-20)
(1.24645 0.126522 7.80898e-20)
(1.24263 0.124756 4.36235e-20)
(1.23853 0.122765 -3.61636e-20)
(1.23422 0.120577 -3.55205e-20)
(1.22972 0.118204 5.1041e-20)
(1.22504 0.115647 -1.04724e-19)
(1.22022 0.112904 -1.60193e-20)
(1.21537 0.109988 -3.43005e-20)
(1.2106 0.106919 5.46303e-20)
(1.20597 0.10372 6.4017e-20)
(1.20149 0.100406 -8.07561e-20)
(1.19717 0.0969905 2.44165e-20)
(1.19297 0.0934802 -2.94311e-20)
(1.18887 0.0898819 3.46229e-20)
(1.18488 0.0862027 5.43368e-20)
(1.18097 0.0824502 -2.08343e-20)
(1.17717 0.0786323 -5.69054e-20)
(1.17346 0.0747566 2.88332e-20)
(1.16985 0.0708305 -1.23307e-20)
(1.16635 0.0668599 2.53073e-20)
(1.16297 0.0628503 -2.30064e-21)
(1.15971 0.058806 -4.53163e-21)
(1.15658 0.0547301 1.92959e-21)
(1.15359 0.0506244 -7.89692e-21)
(1.15075 0.0464896 1.16765e-20)
(1.14807 0.0423248 -9.73217e-21)
(1.14556 0.0381273 9.11158e-22)
(1.14324 0.0338939 6.19203e-21)
(1.14112 0.0296171 -3.70643e-21)
(1.13922 0.0252915 -3.02887e-21)
(1.13757 0.0209031 6.92633e-22)
(1.13618 0.0164426 9.70663e-22)
(1.13509 0.0118967 2.61205e-21)
(1.13433 0.00721914 -1.82184e-21)
(1.13391 0.00247438 2.17224e-22)
(1.14947 0.195422 -1.86075e-21)
(1.14688 0.189873 9.78528e-22)
(1.14439 0.18428 3.36672e-23)
(1.14221 0.178699 -1.99117e-21)
(1.14031 0.173212 1.94738e-21)
(1.13861 0.167798 -2.02493e-21)
(1.13703 0.162454 2.9185e-21)
(1.13553 0.157154 -2.14303e-21)
(1.13409 0.151898 2.31335e-21)
(1.13269 0.146685 -1.58575e-21)
(1.13133 0.141512 1.53589e-21)
(1.12999 0.136384 -6.35912e-22)
(1.12868 0.131295 -1.41176e-21)
(1.12739 0.126238 8.95001e-22)
(1.12612 0.121228 7.623e-22)
(1.12486 0.116258 -4.97666e-22)
(1.12362 0.111328 4.75505e-24)
(1.12239 0.106438 7.19701e-22)
(1.12118 0.101587 -9.08207e-22)
(1.11997 0.0967743 2.52113e-22)
(1.11877 0.0919985 3.46054e-22)
(1.11758 0.087255 -4.09344e-22)
(1.11641 0.0825508 -1.79933e-22)
(1.11523 0.0778708 4.4908e-22)
(1.11408 0.0732125 -3.86696e-22)
(1.11294 0.0685868 4.62629e-22)
(1.11183 0.0639785 -3.71879e-22)
(1.11073 0.0593872 1.445e-22)
(1.10967 0.0548073 -3.33818e-22)
(1.10864 0.0502327 1.80562e-22)
(1.10764 0.0456566 3.27611e-22)
(1.1067 0.0410713 -1.14525e-22)
(1.10581 0.0364678 -4.10387e-23)
(1.10499 0.0318355 -1.6604e-22)
(1.10425 0.027163 3.43766e-22)
(1.10359 0.0224339 1.6974e-22)
(1.10304 0.0176397 -2.44724e-22)
(1.1026 0.0127386 1.6761e-22)
(1.1023 0.00776521 -1.64638e-22)
(1.10213 0.00257038 1.21417e-22)
(1.1441 0.197031 -1.77727e-21)
(1.14165 0.191343 1.77395e-21)
(1.13939 0.18563 -3.84161e-21)
(1.13746 0.179945 9.22524e-22)
(1.13578 0.174362 3.51637e-22)
(1.1343 0.168856 -1.12771e-21)
(1.13292 0.163429 3.52894e-21)
(1.13161 0.15805 -1.9899e-23)
(1.13034 0.152721 -9.85567e-22)
(1.1291 0.147442 1.26928e-21)
(1.1279 0.142207 -8.09161e-22)
(1.12671 0.137024 8.41874e-22)
(1.12554 0.131883 2.0558e-22)
(1.12439 0.126777 -1.20628e-23)
(1.12325 0.121723 -1.94425e-21)
(1.12212 0.116713 8.87245e-22)
(1.12101 0.111746 1.08265e-21)
(1.11989 0.106822 -9.84759e-22)
(1.11879 0.101941 -1.58388e-21)
(1.11769 0.0970992 1.11772e-21)
(1.11659 0.0922971 -9.96967e-23)
(1.1155 0.0875293 1.44202e-21)
(1.11441 0.0828047 -7.86363e-22)
(1.11332 0.0781036 -1.67273e-21)
(1.11225 0.0734237 1.28126e-22)
(1.11119 0.0687799 5.01869e-22)
(1.11014 0.0641546 3.97715e-22)
(1.10912 0.0595473 -7.38927e-23)
(1.10812 0.0549522 8.50194e-22)
(1.10714 0.0503631 -2.99312e-22)
(1.10621 0.0457732 -8.9739e-22)
(1.10531 0.0411746 4.79712e-22)
(1.10447 0.0365581 -1.08009e-21)
(1.10369 0.0319133 4.58594e-22)
(1.10298 0.0272285 -3.19837e-22)
(1.10236 0.0224873 -4.36172e-22)
(1.10183 0.0176809 -6.37095e-23)
(1.10142 0.0127678 -7.10621e-23)
(1.10113 0.00778236 -3.69779e-22)
(1.10098 0.00257262 -1.52186e-23)
(1.13864 0.198563 -4.88985e-21)
(1.13634 0.192746 3.7923e-22)
(1.13431 0.186918 -1.63824e-21)
(1.13265 0.181138 1.14397e-20)
(1.13121 0.175468 -9.99485e-21)
(1.12995 0.169871 4.06058e-21)
(1.12877 0.164367 1.64181e-21)
(1.12764 0.158914 -1.93676e-21)
(1.12655 0.153516 -1.68072e-21)
(1.12549 0.148173 -1.98028e-21)
(1.12444 0.14288 6.34048e-21)
(1.12342 0.137647 -4.00643e-21)
(1.12238 0.132458 -2.12757e-21)
(1.12137 0.127303 -7.70349e-22)
(1.12037 0.122206 6.31671e-21)
(1.11937 0.117158 -4.51734e-21)
(1.11838 0.112155 -1.15449e-21)
(1.11738 0.107199 1.07716e-21)
(1.11639 0.102288 1.91478e-21)
(1.1154 0.097419 -1.78105e-21)
(1.1144 0.0925914 1.90569e-21)
(1.11341 0.0878004 -1.46719e-21)
(1.11241 0.0830573 -1.40389e-21)
(1.1114 0.0783356 2.60838e-21)
(1.11041 0.0736333 -7.28468e-23)
(1.10943 0.0689717 -4.36509e-22)
(1.10846 0.06433 -6.54936e-22)
(1.1075 0.059707 1.01237e-22)
(1.10656 0.0550969 -3.16014e-22)
(1.10565 0.0504936 -5.83783e-22)
(1.10477 0.04589 -2.20592e-23)
(1.10392 0.0412782 -8.49974e-23)
(1.10313 0.0366489 1.35386e-21)
(1.10239 0.0319916 -8.91595e-22)
(1.10172 0.0272944 4.13275e-23)
(1.10113 0.0225412 8.42213e-22)
(1.10063 0.0177224 6.17024e-22)
(1.10024 0.0127974 -7.91447e-22)
(1.09996 0.00779965 8.29751e-24)
(1.09983 0.00257527 1.81664e-22)
(1.13309 0.200013 1.44189e-21)
(1.13095 0.194081 5.74692e-21)
(1.12918 0.188139 -1.02974e-20)
(1.12779 0.182279 4.02111e-21)
(1.12657 0.176529 4.56904e-21)
(1.12554 0.170842 -4.38896e-21)
(1.12456 0.165265 1.6893e-21)
(1.12363 0.159742 -4.05839e-21)
(1.12272 0.154278 1.0577e-20)
(1.12183 0.148876 -7.26518e-21)
(1.12096 0.143527 -3.72214e-21)
(1.12009 0.138251 2.30575e-21)
(1.1192 0.13302 -2.66362e-21)
(1.11833 0.127814 2.26909e-21)
(1.11747 0.122675 4.75899e-22)
(1.11661 0.11759 -3.11734e-21)
(1.11574 0.112555 2.16687e-21)
(1.11486 0.107568 -3.15973e-21)
(1.11398 0.102628 4.8328e-21)
(1.1131 0.0977334 -3.98031e-21)
(1.11221 0.0928811 1.90867e-21)
(1.11131 0.0880679 -9.14611e-23)
(1.1104 0.0833077 9.24472e-22)
(1.10949 0.0785659 2.22978e-21)
(1.10858 0.0738413 -5.43284e-22)
(1.10768 0.0691623 -3.88528e-22)
(1.10678 0.0645047 -6.93361e-22)
(1.10589 0.0598664 -9.47517e-22)
(1.10501 0.0552417 1.19439e-21)
(1.10415 0.0506243 3.37992e-22)
(1.10333 0.0460071 1.82573e-22)
(1.10253 0.0413822 1.8225e-21)
(1.10178 0.0367402 1.01608e-21)
(1.10109 0.0320704 1.11333e-21)
(1.10045 0.0273609 1.3448e-21)
(1.09989 0.0225956 -1.41503e-21)
(1.09942 0.0177644 5.28101e-22)
(1.09905 0.0128275 6.96539e-22)
(1.09879 0.007817 5.02955e-23)
(1.09868 0.00257818 -3.69824e-23)
(1.12743 0.201377 -4.42392e-21)
(1.12548 0.195343 2.39909e-21)
(1.12399 0.189288 7.09095e-21)
(1.12287 0.183374 5.2438e-21)
(1.12186 0.177554 -1.06523e-20)
(1.12106 0.171765 -4.46253e-21)
(1.1203 0.166118 7.59392e-21)
(1.11956 0.160529 2.00363e-21)
(1.11885 0.155005 -2.06529e-22)
(1.11814 0.149546 -5.64696e-21)
(1.11744 0.144147 2.06284e-21)
(1.11674 0.138837 -7.94657e-21)
(1.116 0.133566 8.16651e-21)
(1.11528 0.12831 4.80356e-21)
(1.11456 0.123129 -6.92539e-22)
(1.11383 0.11801 -2.47313e-21)
(1.11309 0.112944 -4.86426e-21)
(1.11234 0.107929 7.53443e-21)
(1.11157 0.102962 -2.77519e-21)
(1.1108 0.0980425 2.35898e-21)
(1.11001 0.0931667 -4.44608e-21)
(1.1092 0.0883325 1.41677e-21)
(1.10839 0.0835527 3.1348e-22)
(1.10758 0.0787917 -1.89688e-21)
(1.10675 0.0740488 6.82144e-22)
(1.10592 0.0693522 1.55028e-21)
(1.10509 0.064679 -1.49866e-21)
(1.10427 0.0600255 3.23998e-21)
(1.10346 0.0553863 -1.0305e-21)
(1.10266 0.050755 -9.67439e-22)
(1.10189 0.0461245 -9.90042e-22)
(1.10114 0.0414865 5.93818e-24)
(1.10044 0.0368318 -2.35825e-21)
(1.09978 0.0321496 -1.81051e-22)
(1.09918 0.0274277 -4.33867e-22)
(1.09866 0.0226505 5.0506e-22)
(1.09821 0.0178066 1.3407e-22)
(1.09787 0.012858 -1.18272e-21)
(1.09762 0.00783437 9.97992e-23)
(1.09752 0.00258125 -5.46799e-22)
(1.10781 0.0934489 -2.2901e-21)
(1.1071 0.0885954 1.99751e-21)
(1.10638 0.0837897 5.8695e-22)
(1.10567 0.0790109 -6.95543e-22)
(1.10492 0.0742573 -1.90424e-21)
(1.10417 0.0695422 8.89972e-23)
(1.10341 0.0648531 -1.88378e-21)
(1.10265 0.0601846 -8.41694e-22)
(1.1019 0.055531 4.7135e-22)
(1.10117 0.0508859 4.11545e-21)
(1.10045 0.046242 -2.87232e-21)
(1.09975 0.0415911 -3.02819e-21)
(1.09909 0.0369238 3.12317e-21)
(1.09848 0.0322292 -1.81117e-21)
(1.09791 0.027495 6.25681e-22)
(1.09742 0.0227057 -6.8671e-22)
(1.097 0.0178492 1.63952e-21)
(1.09668 0.0128889 3.18289e-21)
(1.09645 0.00785182 1.91135e-21)
(1.09636 0.00258478 6.5615e-22)
)
;

boundaryField
{
    inlet
    {
        type            uniformFixedValue;
        uniformValue    constant (1 0 0);
        value           nonuniform 0();
    }
    outlet
    {
        type            pressureInletOutletVelocity;
        value           nonuniform 0();
    }
    cylinder
    {
        type            fixedValue;
        value           nonuniform 0();
    }
    top
    {
        type            symmetryPlane;
    }
    bottom
    {
        type            symmetryPlane;
    }
    defaultFaces
    {
        type            empty;
    }
    procBoundary13to9
    {
        type            processor;
        value           nonuniform List<vector> 
58
(
(1.2523 0.142924 4.84293e-19)
(1.25061 0.145582 -5.43426e-19)
(1.24824 0.148101 5.65508e-19)
(1.24824 0.148101 5.65508e-19)
(1.2476 0.158173 3.18799e-19)
(1.24495 0.1606 8.54515e-20)
(1.24495 0.1606 8.54515e-20)
(1.2454 0.167777 -2.87933e-19)
(1.24254 0.170417 1.47025e-19)
(1.2394 0.173044 1.40204e-19)
(1.23608 0.175676 -1.30916e-19)
(1.23608 0.175676 -1.30916e-19)
(1.23686 0.184576 -9.56806e-20)
(1.23342 0.187389 3.0057e-19)
(1.22982 0.19023 -1.34806e-19)
(1.22608 0.193101 1.18551e-19)
(1.22608 0.193101 1.18551e-19)
(1.22717 0.202696 -1.07041e-20)
(1.22326 0.205851 -2.5814e-20)
(1.21919 0.209037 -5.38585e-20)
(1.21498 0.212252 -1.97048e-20)
(1.21062 0.215489 1.0466e-19)
(1.20611 0.218744 -3.74271e-20)
(1.20143 0.222008 3.64414e-20)
(1.19659 0.225275 -2.57996e-20)
(1.19158 0.228534 2.28384e-20)
(1.19158 0.228534 2.28384e-20)
(1.19197 0.240823 -2.09234e-20)
(1.18654 0.244365 2.77314e-20)
(1.18091 0.247876 -1.40916e-20)
(1.17506 0.251346 -9.36652e-21)
(1.16901 0.254763 3.67738e-20)
(1.16273 0.258112 -2.16949e-20)
(1.1513 0.250306 2.0275e-21)
(1.1513 0.250306 2.0275e-21)
(1.14477 0.25313 -6.52064e-20)
(1.13803 0.255847 4.08446e-20)
(1.25577 0.124872 0)
(1.25653 0.118816 0)
(1.25528 0.112755 0)
(1.25363 0.106523 0)
(1.25187 0.100254 0)
(1.24977 0.0940799 0)
(1.24724 0.0880302 0)
(1.24432 0.0820932 0)
(1.2411 0.0762645 0)
(1.23763 0.0705488 0)
(1.23394 0.0649504 0)
(1.23006 0.0594696 0)
(1.22604 0.0541051 0)
(1.25274 0.141456 1.08452e-19)
(1.25274 0.141456 1.08452e-19)
(1.25241 0.138035 2.18069e-19)
(1.25241 0.138035 2.18069e-19)
(1.25317 0.135629 -3.30422e-19)
(1.25398 0.132363 1.39642e-19)
(1.25398 0.132363 1.39642e-19)
(1.2526 0.129485 -1.27483e-19)
)
;
    }
    procBoundary13to10
    {
        type            processor;
        value           nonuniform List<vector> 2((1.24028 0.0510235 0) (1.25138 0.0525497 0));
    }
    procBoundary13to12
    {
        type            processor;
        value           nonuniform List<vector> 
46
(
(1.12385 0.2126 -2.66019e-20)
(1.12735 0.246729 7.10416e-20)
(1.12404 0.235315 -1.44258e-20)
(1.12385 0.2126 -2.66019e-20)
(1.12094 0.22422 -7.97576e-21)
(1.12164 0.202652 -1.45926e-20)
(1.11989 0.19653 7.55245e-21)
(1.1187 0.190357 1.56409e-20)
(1.11786 0.184422 -2.01075e-20)
(1.11711 0.178543 2.01748e-22)
(1.11654 0.172634 1.33387e-20)
(1.116 0.16692 4.94146e-21)
(1.11547 0.161273 -1.79912e-20)
(1.11495 0.155696 1.0277e-20)
(1.11442 0.150187 4.14719e-21)
(1.11389 0.144742 -4.07187e-21)
(1.11334 0.139394 -4.12747e-21)
(1.11281 0.134085 -2.79606e-22)
(1.11224 0.128788 -4.49744e-21)
(1.11166 0.12357 8.46972e-21)
(1.11106 0.11842 2.17726e-21)
(1.11045 0.113325 -4.75206e-21)
(1.10981 0.108282 -2.82333e-21)
(1.10916 0.10329 5.20709e-21)
(1.10849 0.0983467 -5.66385e-21)
(1.10849 0.0983467 -5.66385e-21)
(1.10561 0.093726 7.66884e-21)
(1.105 0.0888529 -3.3211e-21)
(1.10438 0.0840254 1.04231e-21)
(1.10374 0.0792292 3.45088e-21)
(1.10308 0.074462 -4.47805e-21)
(1.10241 0.0697304 1.15174e-21)
(1.10173 0.0650261 -8.58143e-23)
(1.10104 0.0603429 7.42891e-23)
(1.10035 0.0556753 1.74102e-21)
(1.09967 0.0510166 -5.99611e-23)
(1.09901 0.0463596 2.28958e-22)
(1.09836 0.0416959 -2.08079e-21)
(1.09775 0.0370161 -5.60532e-23)
(1.09717 0.0323091 9.67002e-22)
(1.09664 0.0275627 3.01246e-22)
(1.09618 0.0227613 -1.42362e-21)
(1.09579 0.0178922 -2.19955e-21)
(1.09549 0.0129202 6.08944e-22)
(1.09528 0.00786937 3.54693e-21)
(1.0952 0.00258881 -3.24856e-22)
)
;
    }
    procBoundary13to14
    {
        type            processor;
        value           nonuniform List<vector> 
35
(
(1.25697 0.0534676 0)
(1.25877 0.0539125 0)
(1.25819 0.0540225 0)
(1.25618 0.0539033 0)
(1.25335 0.053624 0)
(1.25001 0.0532228 0)
(1.24634 0.0527166 0)
(1.24244 0.0521111 0)
(1.23839 0.0514086 0)
(1.23428 0.0506113 0)
(1.23016 0.049722 0)
(1.22608 0.0487428 0)
(1.22203 0.0476741 0)
(1.21802 0.0465151 0)
(1.21404 0.0452641 0)
(1.21008 0.0439195 0)
(1.20614 0.0424808 0)
(1.20223 0.0409479 0)
(1.19837 0.0393215 0)
(1.19456 0.0376027 0)
(1.19081 0.0357932 0)
(1.18715 0.0338945 0)
(1.18359 0.0319084 0)
(1.18015 0.0298366 0)
(1.17684 0.0276809 0)
(1.17369 0.0254424 0)
(1.17073 0.0231222 0)
(1.16796 0.0207211 0)
(1.16542 0.0182385 0)
(1.16314 0.0156744 0)
(1.16115 0.0130265 0)
(1.15947 0.0102919 0)
(1.15815 0.00747232 0)
(1.15722 0.00454561 0)
(1.15673 0.00154409 0)
)
;
    }
}


// ************************************************************************* //
