/*--------------------------------*- C++ -*----------------------------------*\
  =========                 |
  \\      /  F ield         | OpenFOAM: The Open Source CFD Toolbox
   \\    /   O peration     | Website:  https://openfoam.org
    \\  /    A nd           | Version:  7
     \\/     M anipulation  |
\*---------------------------------------------------------------------------*/
FoamFile
{
    version     2.0;
    format      ascii;
    class       volVectorField;
    location    "95";
    object      U;
}
// * * * * * * * * * * * * * * * * * * * * * * * * * * * * * * * * * * * * * //

dimensions      [0 1 -1 0 0 0 0];

internalField   nonuniform List<vector> 
1987
(
(1.14574 0.269025 -4.3971e-21)
(1.1398 0.255847 -2.88554e-20)
(1.15954 0.316901 1.03029e-20)
(1.15137 0.301604 -5.04098e-20)
(1.14411 0.286889 -7.10013e-20)
(1.13769 0.27275 6.44424e-20)
(1.13206 0.259176 -2.45986e-20)
(1.17962 0.373344 1.22655e-19)
(1.16872 0.355566 1.6336e-20)
(1.15891 0.338407 3.45643e-20)
(1.15015 0.321907 7.48535e-20)
(1.14236 0.30606 -9.01671e-20)
(1.13546 0.290856 2.20818e-20)
(1.12939 0.276279 5.71289e-20)
(1.1241 0.262315 -2.89271e-20)
(1.19212 0.418768 -7.6119e-20)
(1.18009 0.399356 5.74967e-20)
(1.1686 0.380189 -2.89122e-20)
(1.15813 0.361626 -1.97554e-20)
(1.14875 0.343781 -7.51939e-20)
(1.14041 0.326673 1.82929e-20)
(1.13303 0.310287 6.05483e-20)
(1.12653 0.2946 5.12768e-20)
(1.12084 0.279595 -4.21547e-20)
(1.11592 0.265249 -1.50803e-22)
(1.19936 0.465492 -2.26049e-19)
(1.19119 0.447438 -1.66123e-19)
(1.1799 0.427297 1.20281e-19)
(1.16815 0.406797 -1.03298e-19)
(1.1571 0.386732 9.06804e-20)
(1.1471 0.367401 -3.5924e-21)
(1.13821 0.348883 2.81219e-21)
(1.13034 0.331178 3.53149e-21)
(1.12341 0.314263 -1.93725e-20)
(1.11734 0.298106 -6.28608e-20)
(1.11206 0.282681 1.53844e-20)
(1.10753 0.267964 -1.67991e-20)
(1.17415 0.497109 -5.24649e-20)
(1.18814 0.491725 1.94426e-19)
(1.1868 0.47668 1.93712e-19)
(1.17817 0.456897 1.20436e-19)
(1.16699 0.435432 -9.87835e-20)
(1.15565 0.413881 -6.03401e-20)
(1.14511 0.392943 -6.42155e-21)
(1.13566 0.372862 -1.39543e-19)
(1.1273 0.353685 -6.54385e-20)
(1.11994 0.335398 6.64378e-20)
(1.1135 0.317967 2.45815e-20)
(1.10789 0.301352 5.13071e-20)
(1.10305 0.285521 -5.3321e-20)
(1.09893 0.270445 5.6617e-20)
(1.09547 0.256107 -2.24159e-20)
(1.12716 0.504748 -7.29717e-20)
(1.16404 0.512608 8.54037e-20)
(1.17565 0.504517 -6.13024e-20)
(1.1732 0.487306 -1.83838e-20)
(1.16434 0.46587 -1.08872e-19)
(1.15343 0.443135 1.91598e-19)
(1.1426 0.420572 1.16073e-19)
(1.13265 0.398789 1.11527e-19)
(1.1238 0.377978 -4.83444e-20)
(1.11602 0.358163 7.64857e-20)
(1.10922 0.339311 -8.06811e-20)
(1.10331 0.321379 -6.35376e-20)
(1.09819 0.304322 4.84874e-20)
(1.09381 0.288099 3.82934e-21)
(1.09013 0.272678 -2.25465e-20)
(1.08709 0.258035 2.77339e-20)
(0.925028 0.434195 -2.42483e-19)
(1.04778 0.493823 2.25358e-19)
(1.11886 0.522488 2.42019e-20)
(1.15228 0.52734 -2.69845e-20)
(1.16187 0.516618 -3.44536e-19)
(1.15862 0.49733 6.84362e-20)
(1.14974 0.474318 2.89445e-20)
(1.13925 0.450372 -9.6041e-21)
(1.12903 0.426836 -6.07039e-20)
(1.11975 0.404239 3.34117e-20)
(1.11155 0.382723 5.3029e-20)
(1.1044 0.362289 -1.50565e-20)
(1.0982 0.342892 2.40302e-20)
(1.09284 0.324479 2.71167e-20)
(1.08825 0.306997 -4.49739e-20)
(1.08436 0.290399 -9.7365e-21)
(1.08114 0.274648 5.95973e-21)
(1.07854 0.259715 -2.61859e-20)
(0.498628 0.233392 2.76798e-19)
(0.744555 0.361507 -1.62546e-19)
(0.924362 0.45575 2.80518e-19)
(1.04197 0.513585 -3.53121e-19)
(1.10861 0.539371 4.69441e-21)
(1.13895 0.541252 -4.30264e-20)
(1.14689 0.527985 1.7418e-19)
(1.1431 0.506714 1.1689e-20)
(1.13441 0.482204 -2.04009e-19)
(1.12448 0.457104 6.99625e-20)
(1.11495 0.43264 -7.28383e-20)
(1.1064 0.40926 -7.53865e-21)
(1.09892 0.387067 1.40358e-19)
(1.09244 0.366039 -1.06543e-19)
(1.08687 0.346119 5.65251e-21)
(1.08211 0.327246 -1.77463e-21)
(1.07807 0.309359 2.71558e-20)
(1.07471 0.292405 -8.31282e-22)
(1.07198 0.276342 -1.25271e-20)
(1.06983 0.261135 8.02259e-21)
(0.191861 0.0915413 2.07937e-19)
(0.502885 0.249754 3.23845e-20)
(0.746236 0.381995 1.01438e-20)
(0.921397 0.476588 -1.04591e-19)
(1.034 0.532459 1.21476e-20)
(1.09652 0.555326 1.60926e-19)
(1.12415 0.554289 8.59238e-20)
(1.13077 0.538572 1.12767e-19)
(1.12671 0.515415 3.3282e-20)
(1.11838 0.489488 1.50057e-19)
(1.10913 0.463297 -1.29503e-19)
(1.10039 0.437949 6.26903e-20)
(1.09264 0.413822 -6.80251e-21)
(1.08592 0.390982 -4.70717e-20)
(1.08016 0.369388 8.04969e-20)
(1.07526 0.348971 -1.25975e-20)
(1.07113 0.329661 1.31013e-20)
(1.06768 0.311391 1.01427e-20)
(1.06487 0.294102 -4.64831e-21)
(1.06264 0.277745 -3.08187e-21)
(1.06098 0.262282 -1.43587e-21)
(1.05985 0.247609 3.42926e-21)
(0.194344 0.0987105 -3.3288e-19)
(0.505576 0.265901 -3.20305e-19)
(0.745824 0.401934 7.23047e-22)
(0.916201 0.496597 1.76843e-20)
(1.02397 0.550354 -2.88834e-20)
(1.08268 0.570283 -9.99688e-20)
(1.10797 0.566398 -2.41509e-19)
(1.11359 0.548335 1.31065e-20)
(1.1095 0.523395 -4.30587e-21)
(1.10171 0.496134 -6.65561e-20)
(1.09324 0.468912 3.33316e-20)
(1.08537 0.442728 -1.25206e-19)
(1.07847 0.417894 -6.45697e-20)
(1.07256 0.394441 1.29476e-20)
(1.06757 0.37231 8.12151e-21)
(1.06339 0.351424 -3.7694e-20)
(1.05992 0.331704 -3.50829e-21)
(1.05709 0.313076 -8.34303e-21)
(1.05485 0.295474 4.26256e-21)
(1.05315 0.278846 -2.04876e-22)
(1.05198 0.263145 -1.11602e-20)
(1.05133 0.248264 5.76857e-21)
(0.196177 0.105842 2.36783e-19)
(0.506699 0.281728 1.6645e-19)
(0.743357 0.421204 -1.00539e-19)
(0.908853 0.515668 3.3536e-19)
(1.01196 0.567184 2.66728e-19)
(1.06721 0.584179 1.97753e-19)
(1.09051 0.577528 3.09723e-20)
(1.09543 0.557231 -1.28681e-19)
(1.09153 0.530612 -6.21553e-21)
(1.08442 0.502102 6.27338e-20)
(1.07685 0.473916 -5.83574e-20)
(1.06992 0.446946 9.71249e-20)
(1.06393 0.421446 7.03881e-20)
(1.05888 0.397416 4.07565e-21)
(1.05469 0.374784 2.41404e-21)
(1.05126 0.353459 -5.89366e-21)
(1.04849 0.333357 -1.31315e-20)
(1.04631 0.314397 -2.44945e-21)
(1.04466 0.296507 1.5213e-21)
(1.04352 0.27963 1.18778e-20)
(1.04286 0.263713 1.47968e-20)
(1.0427 0.248644 -1.53742e-20)
(0.19735 0.112887 1.69872e-19)
(0.506263 0.297132 -2.11232e-19)
(0.738886 0.439689 -8.64242e-20)
(0.89944 0.533697 -5.48544e-20)
(0.998106 0.582869 -3.16694e-20)
(1.05021 0.596953 -2.12814e-19)
(1.07184 0.587629 -3.67762e-20)
(1.07635 0.565217 1.43958e-19)
(1.07284 0.537028 -9.13136e-20)
(1.06655 0.507355 -3.39604e-20)
(1.05997 0.478272 -1.16118e-20)
(1.05405 0.450571 1.69438e-20)
(1.04903 0.42445 -9.51805e-20)
(1.04489 0.399884 -1.31278e-20)
(1.04155 0.376785 3.35207e-21)
(1.0389 0.355056 -6.67044e-21)
(1.03686 0.334603 5.30326e-22)
(1.03536 0.315339 -2.00348e-20)
(1.03433 0.297188 2.51189e-20)
(1.03376 0.280087 -3.02641e-20)
(1.03362 0.263975 3.59395e-20)
(1.03396 0.248739 5.01109e-20)
(1.03468 0.234373 -2.79224e-20)
(0.197858 0.119798 -1.92527e-19)
(0.504289 0.312012 1.64039e-19)
(0.73247 0.457276 1.29094e-19)
(0.88806 0.550585 -2.24351e-19)
(0.982503 0.597332 -7.15348e-20)
(1.03178 0.608545 2.96322e-19)
(1.05208 0.596658 5.2693e-20)
(1.05642 0.572251 3.25297e-20)
(1.0535 0.542604 -8.89612e-20)
(1.04816 0.511859 2.26616e-20)
(1.04266 0.481948 2.193e-20)
(1.03781 0.453572 3.96202e-20)
(1.0338 0.426878 9.65534e-21)
(1.03062 0.401819 -2.1481e-21)
(1.02816 0.378293 -9.63807e-21)
(1.02633 0.356194 -3.78485e-22)
(1.02505 0.335423 -5.37044e-22)
(1.02425 0.315887 1.52187e-21)
(1.02387 0.297503 -1.82667e-20)
(1.02388 0.280203 2.32095e-20)
(1.02429 0.263922 -3.76011e-20)
(1.02514 0.248541 3.82394e-20)
(1.02635 0.234071 -1.81024e-20)
(0.197703 0.126528 -1.54647e-19)
(0.500803 0.326271 2.91492e-20)
(0.724183 0.473859 1.86643e-19)
(0.87482 0.566241 2.71464e-19)
(0.965253 0.6105 -2.98245e-19)
(1.01202 0.618902 -2.29448e-19)
(1.0313 0.604567 -2.69847e-20)
(1.03573 0.578296 -7.48325e-20)
(1.03356 0.547304 3.03757e-20)
(1.02928 0.515578 -5.98648e-20)
(1.02493 0.484911 -2.66457e-20)
(1.02121 0.455919 -2.54652e-20)
(1.01828 0.428704 1.06176e-20)
(1.01608 0.403197 5.26395e-21)
(1.01454 0.379286 1.58512e-20)
(1.01356 0.356856 1.18647e-20)
(1.01307 0.335802 1.37509e-21)
(1.013 0.316025 3.10041e-21)
(1.01329 0.297439 -1.22121e-20)
(1.01392 0.279969 2.45587e-20)
(1.01488 0.263543 4.32983e-20)
(1.01624 0.248043 -2.45436e-20)
(1.01794 0.23349 -3.7159e-20)
(0.196887 0.133034 1.85671e-20)
(0.495847 0.339814 6.96559e-20)
(0.714114 0.489336 -6.81026e-20)
(0.859823 0.580587 -4.84574e-20)
(0.946456 0.6223 5.09131e-20)
(0.991045 0.627969 8.06995e-20)
(1.00959 0.611315 9.53191e-21)
(1.01433 0.583315 6.78796e-20)
(1.01306 0.551094 5.84539e-20)
(1.00996 0.51848 5.42753e-20)
(1.00683 0.487132 1.84053e-20)
(1.0043 0.457586 1.56531e-20)
(1.00248 0.429904 -9.15374e-21)
(1.00131 0.403998 1.34928e-20)
(1.00073 0.379745 -9.2075e-21)
(1.00063 0.357024 -2.95477e-20)
(1.00095 0.335724 4.62078e-21)
(1.00163 0.315741 -2.13962e-20)
(1.00262 0.296984 8.47372e-20)
(1.00387 0.279372 -5.07412e-20)
(1.0054 0.26283 -4.09113e-20)
(1.00729 0.247237 -1.19114e-19)
(1.00948 0.232623 1.28031e-19)
(1.01136 0.219587 -2.98445e-20)
(0.195421 0.13927 6.5719e-20)
(0.489471 0.35255 -7.42749e-20)
(0.702358 0.503616 -1.31161e-19)
(0.843147 0.593532 -3.07341e-19)
(0.926251 0.632686 3.27805e-20)
(0.968974 0.635695 -7.0303e-21)
(0.987054 0.616863 9.5934e-20)
(0.992298 0.587272 -1.71041e-20)
(0.992082 0.553941 2.58325e-20)
(0.990242 0.520533 1.28174e-20)
(0.988408 0.488582 -2.4113e-21)
(0.987111 0.458546 8.52448e-21)
(0.986438 0.430454 -1.02773e-21)
(0.98634 0.4042 -3.57327e-21)
(0.986736 0.379652 -2.0095e-20)
(0.98755 0.356683 -1.77513e-20)
(0.988713 0.335175 1.82074e-20)
(0.990166 0.315022 6.4713e-20)
(0.991862 0.296126 -1.08399e-20)
(0.993767 0.278404 2.66536e-20)
(0.995888 0.261773 -2.08227e-20)
(0.998305 0.246116 1.44054e-19)
(1.00097 0.231465 -1.33053e-19)
(1.00336 0.218402 2.52369e-20)
(0.193318 0.145194 5.34198e-20)
(0.481734 0.364387 -4.84435e-20)
(0.688981 0.516611 -5.74518e-20)
(0.824914 0.605005 5.72616e-20)
(0.904774 0.641594 -1.07091e-19)
(0.945906 0.642046 -9.53659e-20)
(0.963768 0.621177 -4.16457e-20)
(0.969709 0.590136 2.60684e-20)
(0.970668 0.555815 -1.24713e-20)
(0.970175 0.52171 6.25245e-21)
(0.969691 0.489234 -8.38166e-21)
(0.969675 0.458777 3.70129e-20)
(0.970191 0.430334 1.53694e-20)
(0.971191 0.403785 2.46819e-20)
(0.9726 0.37899 8.28457e-20)
(0.974348 0.355817 2.05263e-20)
(0.976373 0.334143 1.10459e-19)
(0.978622 0.313856 2.74916e-20)
(0.981049 0.294856 3.18282e-20)
(0.983622 0.277054 -5.46628e-20)
(0.986349 0.260363 1.23402e-19)
(0.989301 0.244672 9.50432e-21)
(0.992437 0.230007 3.05146e-20)
(0.995322 0.216918 -4.26135e-20)
(0.19059 0.15076 4.81354e-20)
(0.472706 0.37526 -1.40647e-19)
(0.674065 0.528216 2.6348e-19)
(0.805277 0.614947 2.36298e-19)
(0.882132 0.648971 1.49331e-19)
(0.921946 0.646982 -6.73689e-20)
(0.939824 0.624225 3.55598e-20)
(0.946632 0.591878 -2.29188e-20)
(0.948879 0.556687 -6.81005e-21)
(0.949808 0.521984 6.22617e-21)
(0.950727 0.489064 -6.99993e-21)
(0.952031 0.458255 -6.56878e-20)
(0.953771 0.429523 1.36327e-20)
(0.955897 0.402736 -4.51183e-20)
(0.958344 0.377745 -4.05e-20)
(0.961049 0.354414 -5.28405e-20)
(0.963957 0.332615 -8.74429e-20)
(0.967019 0.312232 -1.95004e-19)
(0.970195 0.293163 -1.41505e-19)
(0.973454 0.275313 -1.12282e-19)
(0.976806 0.258593 -7.05915e-20)
(0.980304 0.242901 -1.91403e-20)
(0.983895 0.228244 9.72221e-20)
(0.987263 0.215114 -8.40362e-20)
(0.991259 0.202737 -6.16371e-20)
(0.187249 0.155903 2.42339e-20)
(0.46246 0.385103 1.64413e-19)
(0.657744 0.538384 -2.51217e-19)
(0.784359 0.623287 -1.45597e-19)
(0.858442 0.654776 -9.79735e-20)
(0.897199 0.65047 4.24454e-21)
(0.915311 0.625978 -2.52884e-20)
(0.923139 0.592471 6.21859e-21)
(0.926775 0.556533 -1.82671e-20)
(0.929191 0.521332 -1.11588e-20)
(0.931559 0.488051 -3.49872e-20)
(0.934219 0.456962 2.50252e-20)
(0.937211 0.428006 5.13963e-20)
(0.940491 0.401037 3.07465e-20)
(0.943998 0.375903 -7.00944e-20)
(0.94768 0.352462 1.22826e-19)
(0.951488 0.330581 -6.45979e-20)
(0.95538 0.310142 3.75123e-20)
(0.95932 0.291039 1.12753e-19)
(0.963283 0.273173 9.6474e-20)
(0.967279 0.256455 -4.33194e-20)
(0.971334 0.240796 5.43458e-20)
(0.975366 0.226176 7.97605e-21)
(0.979204 0.212984 1.29573e-19)
(0.983947 0.20077 -1.85463e-19)
(0.183324 0.160558 -5.83077e-21)
(0.451075 0.393814 -7.77719e-21)
(0.640141 0.547056 1.32477e-19)
(0.762275 0.629979 -7.80207e-20)
(0.833824 0.658971 1.07658e-19)
(0.871772 0.65248 1.01119e-20)
(0.890316 0.626413 8.54552e-21)
(0.899302 0.591892 -6.85178e-21)
(0.904417 0.55533 6.97971e-21)
(0.908377 0.519732 -2.17886e-20)
(0.912233 0.486176 7.85729e-20)
(0.91628 0.454881 2.35366e-20)
(0.92055 0.425766 -4.66575e-20)
(0.925005 0.398676 -7.73589e-20)
(0.929593 0.373453 2.39088e-20)
(0.934268 0.34995 -1.54871e-20)
(0.938991 0.328031 -1.19294e-19)
(0.943727 0.307577 2.55484e-19)
(0.948443 0.288475 5.38573e-20)
(0.953126 0.270626 5.84599e-21)
(0.957785 0.25394 -1.41062e-19)
(0.962406 0.23835 -9.84659e-20)
(0.966877 0.223797 -2.80267e-20)
(0.971244 0.210541 -2.40306e-20)
(0.976883 0.198556 2.36697e-19)
(0.178885 0.164705 -1.65652e-20)
(0.438627 0.401314 -4.92742e-20)
(0.621357 0.554165 -5.44445e-20)
(0.739149 0.634978 9.74337e-20)
(0.808399 0.661524 8.52573e-21)
(0.84577 0.652988 -5.76271e-21)
(0.864928 0.625507 1.9106e-20)
(0.875196 0.590121 7.34474e-21)
(0.881864 0.55306 -5.57462e-20)
(0.887418 0.517166 -6.97819e-20)
(0.892795 0.483422 -7.65873e-20)
(0.898255 0.451997 -4.64321e-21)
(0.903826 0.422791 3.35084e-20)
(0.909473 0.395641 -8.08155e-20)
(0.915158 0.370384 -1.61977e-20)
(0.920841 0.346869 -1.08461e-19)
(0.926492 0.324959 2.36868e-19)
(0.932081 0.30453 1.04795e-19)
(0.937584 0.285467 3.38629e-20)
(0.942999 0.267664 -5.63332e-20)
(0.948332 0.251038 -4.58382e-21)
(0.953521 0.235541 5.56449e-20)
(0.95847 0.22107 4.16438e-21)
(0.963564 0.207745 1.53697e-19)
(0.970324 0.196186 1.37488e-19)
(0.173968 0.168345 -5.18098e-20)
(0.425189 0.40756 7.71808e-20)
(0.60151 0.559649 5.17233e-20)
(0.715107 0.638244 -2.43566e-20)
(0.782287 0.662407 1.21813e-20)
(0.819298 0.651974 -3.59195e-21)
(0.839235 0.623243 3.99539e-20)
(0.850892 0.587142 2.07388e-20)
(0.859181 0.549705 4.94948e-20)
(0.866368 0.51362 1.52892e-19)
(0.873294 0.479775 1.37388e-19)
(0.880188 0.448297 7.27337e-20)
(0.887075 0.41907 1.73244e-20)
(0.893932 0.391922 1.11563e-20)
(0.900725 0.366688 8.09752e-20)
(0.907427 0.343214 6.32567e-20)
(0.914015 0.321359 -5.36381e-20)
(0.920465 0.300996 -3.74617e-19)
(0.926764 0.282009 2.55973e-20)
(0.932917 0.264286 5.70154e-20)
(0.938923 0.247747 6.48684e-20)
(0.944676 0.232354 8.73552e-20)
(0.950185 0.217931 1.13007e-20)
(0.956265 0.204386 -4.62438e-19)
(0.963959 0.193446 8.27732e-20)
(0.168585 0.17144 -2.08033e-20)
(0.410858 0.412516 -3.0312e-20)
(0.580727 0.563465 -4.83971e-20)
(0.690281 0.639746 1.30655e-20)
(0.755609 0.6616 -2.99054e-20)
(0.792461 0.649423 -3.65287e-20)
(0.813324 0.619609 -4.00353e-20)
(0.826464 0.582941 -3.44248e-20)
(0.836428 0.545254 -9.77874e-20)
(0.845281 0.509082 2.06485e-20)
(0.853777 0.475224 -1.3215e-19)
(0.862121 0.443773 -9.68144e-20)
(0.87034 0.414594 1.28749e-20)
(0.878416 0.387513 -7.15381e-20)
(0.886328 0.36236 8.50761e-20)
(0.894057 0.338979 -3.71367e-20)
(0.901587 0.317226 -9.81167e-21)
(0.908904 0.296973 2.30097e-19)
(0.916003 0.2781 -1.86904e-19)
(0.922896 0.260493 6.68995e-20)
(0.929564 0.244072 1.39323e-19)
(0.935885 0.228806 -8.86783e-20)
(0.942048 0.214425 2.40829e-19)
(0.949214 0.200369 2.88913e-19)
(0.956535 0.188309 4.47241e-20)
(0.162771 0.173959 -2.38856e-20)
(0.395732 0.41614 1.94191e-20)
(0.559129 0.565577 -3.12649e-21)
(0.664798 0.639459 1.92035e-20)
(0.728485 0.659089 2.1737e-20)
(0.765363 0.645324 4.87517e-20)
(0.787283 0.614595 9.56935e-21)
(0.801985 0.57751 -2.49202e-20)
(0.81367 0.539697 6.88635e-20)
(0.824214 0.503541 1.24589e-19)
(0.834296 0.469762 1.03752e-19)
(0.844101 0.438416 -5.589e-21)
(0.853658 0.409358 4.79702e-20)
(0.862961 0.382409 7.27852e-20)
(0.871998 0.357396 -1.13398e-20)
(0.880758 0.33416 -3.65196e-20)
(0.889235 0.312558 8.3918e-20)
(0.897422 0.292459 1.27642e-19)
(0.905322 0.27374 2.16879e-19)
(0.912952 0.256285 -2.3081e-19)
(0.920278 0.240019 -1.46143e-19)
(0.927194 0.224912 2.73753e-20)
(0.934042 0.210681 2.63222e-20)
(0.941875 0.196759 -1.34183e-19)
(0.948493 0.184779 -1.27774e-19)
(0.156566 0.175875 -3.87823e-21)
(0.37991 0.418396 -3.57105e-20)
(0.536842 0.565957 -4.47747e-20)
(0.638788 0.637365 -7.33836e-20)
(0.701033 0.654864 1.83471e-20)
(0.738107 0.639673 1.73575e-20)
(0.761199 0.608197 1.88676e-20)
(0.77753 0.570843 -1.09643e-19)
(0.790969 0.533029 2.05203e-19)
(0.803221 0.496993 -1.35806e-19)
(0.814898 0.463383 -3.30533e-19)
(0.826171 0.432223 5.45249e-20)
(0.837073 0.403359 -2.94655e-19)
(0.847606 0.376606 1.74635e-20)
(0.857769 0.351792 1.58362e-19)
(0.867562 0.328757 1.74018e-19)
(0.876986 0.307354 -5.39623e-19)
(0.886043 0.287453 -1.11452e-20)
(0.894744 0.268928 -3.85434e-19)
(0.903106 0.251663 1.28549e-20)
(0.911091 0.235583 4.90944e-20)
(0.918629 0.220645 -2.30809e-19)
(0.926133 0.206536 -1.43192e-19)
(0.934397 0.192668 -2.25416e-20)
(0.940768 0.18061 -2.6004e-19)
(0.150015 0.177166 -6.20011e-21)
(0.363491 0.419254 9.64868e-20)
(0.513991 0.564583 7.32648e-20)
(0.612379 0.633456 4.82302e-20)
(0.673372 0.648923 -1.71632e-19)
(0.710794 0.632469 2.69825e-20)
(0.735157 0.600414 1.90105e-20)
(0.753171 0.562938 1.51435e-20)
(0.768389 0.525246 -1.61953e-19)
(0.78236 0.489436 -2.7064e-19)
(0.795636 0.456086 1.31806e-19)
(0.808377 0.425193 -1.79365e-19)
(0.820623 0.396594 2.17162e-19)
(0.832386 0.370105 1.60982e-19)
(0.843675 0.34555 -1.47454e-19)
(0.8545 0.322769 -4.62366e-21)
(0.864869 0.301615 4.04232e-19)
(0.874793 0.281956 -3.04901e-20)
(0.88429 0.263667 7.93598e-20)
(0.893379 0.24663 4.42598e-20)
(0.902024 0.230771 5.73943e-21)
(0.910188 0.216039 1.05619e-19)
(0.9183 0.202109 1.19703e-19)
(0.926936 0.188442 -1.94341e-19)
(0.93337 0.176579 7.04893e-20)
(0.143163 0.177814 1.71215e-21)
(0.346575 0.41869 4.23395e-20)
(0.490702 0.561444 6.31972e-20)
(0.585699 0.627728 2.94548e-20)
(0.645618 0.641269 1.21807e-19)
(0.683524 0.623718 6.58143e-20)
(0.709242 0.591251 9.9482e-20)
(0.728981 0.553799 -5.80255e-21)
(0.745994 0.516351 1.64818e-19)
(0.761686 0.48087 -1.4616e-19)
(0.77656 0.44787 4.08551e-19)
(0.790766 0.417325 7.00907e-20)
(0.804352 0.389066 -1.99388e-19)
(0.81734 0.362906 -2.44319e-19)
(0.82975 0.33867 1.16804e-19)
(0.841601 0.316198 -1.54423e-19)
(0.85291 0.295343 -2.93841e-19)
(0.863696 0.275972 2.05456e-19)
(0.873983 0.257959 4.04901e-20)
(0.883794 0.241188 1.99604e-19)
(0.893097 0.225585 -6.7217e-20)
(0.901881 0.211087 -5.64815e-20)
(0.910561 0.197368 3.06612e-19)
(0.919564 0.183951 2.21988e-19)
(0.926234 0.172351 -2.23831e-21)
(0.136057 0.177806 -5.0797e-20)
(0.329266 0.416689 -1.16535e-19)
(0.467099 0.556533 -7.73331e-20)
(0.558873 0.620184 -9.2758e-21)
(0.617884 0.63191 -3.23878e-20)
(0.656397 0.613427 -1.13145e-19)
(0.68354 0.580715 -6.26528e-20)
(0.705033 0.543432 -6.6957e-20)
(0.723847 0.506348 -8.31102e-20)
(0.741257 0.4713 2.22684e-19)
(0.75772 0.438741 -2.02985e-19)
(0.773382 0.408625 1.6043e-19)
(0.788299 0.380778 3.55158e-19)
(0.802505 0.355014 1.58387e-19)
(0.816028 0.331157 -2.34237e-19)
(0.828897 0.309048 9.65324e-20)
(0.841138 0.288541 7.26654e-20)
(0.852778 0.269503 2.11033e-20)
(0.863848 0.251809 3.31179e-19)
(0.874372 0.235343 -2.37883e-19)
(0.884328 0.220031 -1.90493e-19)
(0.893723 0.2058 -4.65805e-20)
(0.90295 0.192336 -1.99361e-19)
(0.912337 0.179225 -2.01333e-19)
(0.919335 0.167912 3.67577e-19)
(0.128744 0.177129 4.63679e-20)
(0.311666 0.413241 -9.49237e-21)
(0.443308 0.549852 -1.11415e-19)
(0.532027 0.610835 -1.92383e-19)
(0.590285 0.620861 -1.569e-19)
(0.62951 0.601614 2.31064e-19)
(0.658132 0.568818 1.80784e-19)
(0.681398 0.531846 1.66393e-19)
(0.702011 0.495247 3.61255e-20)
(0.721128 0.460733 1.66444e-19)
(0.739167 0.428704 -1.44937e-19)
(0.756272 0.399098 -2.87326e-19)
(0.772508 0.371737 -4.24786e-19)
(0.787918 0.346434 -2.87043e-19)
(0.802542 0.323017 3.26927e-19)
(0.816418 0.301325 -2.1761e-19)
(0.829581 0.281216 -1.67983e-19)
(0.842065 0.262556 1.19385e-19)
(0.853906 0.245221 8.08744e-20)
(0.865136 0.229099 -5.39216e-20)
(0.875737 0.214111 5.43505e-20)
(0.885732 0.200183 1.16008e-19)
(0.895491 0.187013 1.28767e-20)
(0.905277 0.174245 -8.75372e-20)
(0.912657 0.163233 -4.23031e-19)
(0.121273 0.175777 -1.55763e-19)
(0.293878 0.408345 4.46343e-20)
(0.419452 0.54141 -7.32893e-20)
(0.505282 0.5997 5.23765e-20)
(0.562929 0.608143 2.26523e-19)
(0.602957 0.588296 -2.38817e-19)
(0.6331 0.555579 -6.35329e-20)
(0.658146 0.519056 -4.40442e-19)
(0.680549 0.483059 -7.07212e-20)
(0.701355 0.44918 3.35445e-19)
(0.720951 0.417771 -1.86223e-19)
(0.739481 0.388754 3.03313e-19)
(0.757018 0.361951 3.66706e-19)
(0.773616 0.337175 7.84874e-20)
(0.789326 0.314256 2.19544e-19)
(0.804195 0.293037 -1.72362e-21)
(0.818266 0.273374 3.07533e-19)
(0.831581 0.255137 -2.39827e-19)
(0.844183 0.238203 -3.77718e-19)
(0.856106 0.222461 -1.70437e-19)
(0.867343 0.207834 -5.85267e-20)
(0.877925 0.19424 2.70976e-20)
(0.888208 0.1814 1.51387e-19)
(0.898401 0.169007 1.54987e-19)
(0.906195 0.158305 3.85501e-19)
(0.113693 0.173746 3.76486e-20)
(0.276004 0.402005 2.28803e-19)
(0.395652 0.531224 1.17438e-19)
(0.478758 0.5868 2.00987e-19)
(0.535925 0.593781 -1.7414e-19)
(0.576832 0.573498 -7.53724e-20)
(0.608525 0.541018 -1.79803e-19)
(0.635349 0.505081 1.26253e-19)
(0.659522 0.4698 -1.01285e-19)
(0.681994 0.436655 -4.56876e-19)
(0.703123 0.405954 -6.17842e-20)
(0.723054 0.377606 -3.12103e-19)
(0.741871 0.351431 8.32248e-20)
(0.759637 0.327248 1.23163e-19)
(0.776415 0.304886 -2.63664e-19)
(0.792259 0.284191 -9.88705e-22)
(0.807222 0.265024 -1.72233e-19)
(0.821352 0.247254 -1.14847e-19)
(0.834699 0.230761 1.59245e-19)
(0.847304 0.215436 1.94978e-19)
(0.859165 0.201203 2.18921e-19)
(0.870323 0.187978 -1.95047e-19)
(0.881119 0.175501 -1.93174e-19)
(0.891723 0.163507 7.71137e-20)
(0.899952 0.153124 -3.19291e-19)
(0.106053 0.171037 1.54332e-19)
(0.258146 0.394234 -3.47101e-19)
(0.372027 0.519317 -1.83038e-19)
(0.452573 0.572167 1.4568e-19)
(0.509377 0.577806 4.77527e-20)
(0.551226 0.557249 3.0256e-19)
(0.584484 0.525161 -7.80875e-20)
(0.613073 0.489941 -6.81178e-20)
(0.638991 0.45549 3.65715e-21)
(0.663098 0.423177 1.08945e-19)
(0.68573 0.393269 4.81441e-19)
(0.707036 0.365667 -2.01687e-19)
(0.727106 0.340191 7.43264e-21)
(0.746017 0.316663 2.96061e-19)
(0.76384 0.294917 -5.15691e-19)
(0.780639 0.2748 5.04122e-20)
(0.796474 0.256175 1.77433e-20)
(0.811402 0.238916 -1.61266e-19)
(0.825479 0.222904 2.35768e-19)
(0.83875 0.208033 -1.1599e-19)
(0.851222 0.194227 1.95808e-19)
(0.862943 0.181402 2.05169e-19)
(0.874241 0.169318 1.4953e-19)
(0.885254 0.157744 7.87224e-20)
(0.89393 0.147692 -1.04567e-19)
(0.0984006 0.167652 7.68665e-20)
(0.240404 0.38505 -9.75573e-21)
(0.348696 0.505719 -3.58408e-22)
(0.426839 0.555837 -6.24435e-20)
(0.483387 0.560256 1.43625e-19)
(0.526226 0.539583 -4.30773e-19)
(0.561054 0.508036 2.70509e-19)
(0.591385 0.473664 2.46394e-19)
(0.619015 0.440151 2.1876e-19)
(0.644721 0.408764 -2.57184e-19)
(0.668822 0.379734 -4.86331e-19)
(0.691469 0.352954 4.28885e-19)
(0.712763 0.328247 -4.08814e-19)
(0.732791 0.305437 2.56382e-21)
(0.751634 0.284363 1.12803e-20)
(0.769364 0.264875 -5.28879e-20)
(0.786051 0.24684 4.49358e-19)
(0.801757 0.230134 2.54276e-19)
(0.816544 0.214641 1.57206e-19)
(0.830464 0.20026 -1.60322e-20)
(0.843532 0.186914 -3.30991e-19)
(0.855803 0.174519 -6.39557e-20)
(0.86759 0.162856 -1.6468e-19)
(0.879006 0.151723 -3.30743e-19)
(0.888136 0.142014 -3.17604e-20)
(0.090785 0.163601 -1.85251e-19)
(0.222876 0.374476 7.12385e-20)
(0.32577 0.490468 1.48294e-19)
(0.401668 0.537852 -1.10113e-19)
(0.458055 0.541172 4.06613e-19)
(0.501919 0.520538 2.18326e-19)
(0.538309 0.489678 -6.18074e-20)
(0.570352 0.456279 6.17935e-20)
(0.599651 0.42381 -1.7065e-19)
(0.626916 0.393442 4.10129e-19)
(0.652446 0.365373 2.78146e-19)
(0.676397 0.339489 1.62214e-19)
(0.69888 0.315617 5.42662e-19)
(0.719995 0.293586 -3.98582e-19)
(0.739828 0.273239 1.58972e-19)
(0.758464 0.254431 -4.6822e-19)
(0.775977 0.237031 -2.72771e-19)
(0.792439 0.220919 -6.10587e-20)
(0.807917 0.205985 -4.99699e-19)
(0.822467 0.192127 4.36132e-19)
(0.836113 0.179272 -2.29583e-19)
(0.848918 0.167337 1.92102e-19)
(0.86118 0.156122 -4.02177e-20)
(0.87299 0.145447 2.17386e-19)
(0.882575 0.136095 -1.12107e-20)
(0.0832535 0.158892 -1.07066e-19)
(0.205657 0.362545 6.44757e-20)
(0.303362 0.473607 -2.20962e-19)
(0.377167 0.51826 1.67269e-19)
(0.433475 0.520601 -2.50775e-19)
(0.478387 0.500156 -1.41218e-19)
(0.51632 0.470124 -7.6724e-20)
(0.550035 0.437818 1.09513e-19)
(0.580958 0.406496 -3.5504e-19)
(0.609732 0.377237 -9.18752e-20)
(0.636646 0.350208 2.68114e-20)
(0.66186 0.325292 -7.53399e-19)
(0.685496 0.302321 3.44429e-19)
(0.707662 0.281129 -8.43995e-20)
(0.728455 0.261562 8.9422e-21)
(0.747966 0.243483 1.12039e-19)
(0.766279 0.226762 -3.0733e-20)
(0.783471 0.211286 3.08974e-20)
(0.799617 0.196946 1.99569e-19)
(0.814777 0.183646 -2.15288e-21)
(0.828983 0.171311 -2.6006e-21)
(0.842304 0.159864 4.89195e-21)
(0.855025 0.149122 4.16179e-19)
(0.867219 0.138923 -1.5596e-19)
(0.877255 0.129944 6.8327e-20)
(0.075853 0.153541 1.1505e-19)
(0.188841 0.349293 -1.62194e-19)
(0.281578 0.455186 3.06058e-19)
(0.353437 0.497115 -2.31371e-19)
(0.40974 0.498594 2.64277e-19)
(0.455709 0.478483 2.709e-19)
(0.495157 0.449416 1.84153e-19)
(0.530495 0.418318 -1.73188e-20)
(0.562988 0.388243 1.01113e-20)
(0.59322 0.360179 -7.02938e-20)
(0.621468 0.334267 2.14973e-19)
(0.6479 0.31039 2.02141e-19)
(0.672647 0.288383 -1.27529e-19)
(0.695825 0.268086 3.42691e-19)
(0.717543 0.249353 -7.94771e-20)
(0.737898 0.232048 4.10494e-19)
(0.756981 0.216051 1.93101e-19)
(0.774877 0.201249 4.17886e-20)
(0.791665 0.187538 -2.51892e-20)
(0.807413 0.174827 -2.30334e-19)
(0.822158 0.163043 2.7416e-19)
(0.835977 0.152111 -1.80105e-19)
(0.849139 0.141865 -2.13698e-19)
(0.861703 0.132158 1.93451e-20)
(0.872185 0.12357 1.59205e-19)
(0.0686289 0.147565 -2.4374e-20)
(0.172518 0.334762 2.81843e-19)
(0.26052 0.435261 -1.18168e-19)
(0.330578 0.474476 -6.74e-20)
(0.386936 0.475207 -1.13672e-19)
(0.433962 0.455572 -2.96613e-19)
(0.474886 0.427597 1.72431e-19)
(0.511793 0.39782 4.51435e-19)
(0.545795 0.369086 3.79583e-19)
(0.577426 0.342299 3.73911e-20)
(0.606955 0.317579 2.5229e-19)
(0.634555 0.294808 -2.76957e-19)
(0.660367 0.273826 -5.22031e-19)
(0.684517 0.25448 -2.91189e-19)
(0.707121 0.23663 1.16904e-20)
(0.728285 0.220147 2.2901e-19)
(0.748107 0.204913 2.32474e-19)
(0.766677 0.190823 5.31081e-21)
(0.784081 0.177776 1.90338e-19)
(0.800392 0.165685 -1.26052e-19)
(0.815654 0.15448 -2.27896e-19)
(0.82995 0.144088 -2.02625e-19)
(0.843533 0.134361 5.54668e-20)
(0.856453 0.125162 4.90854e-20)
(0.867371 0.116983 -1.46827e-19)
(0.0616254 0.140984 -3.97176e-19)
(0.156774 0.319002 9.7458e-20)
(0.240288 0.413892 2.31737e-20)
(0.308685 0.450407 2.93896e-19)
(0.365148 0.450502 -2.64914e-19)
(0.413219 0.431475 4.22679e-19)
(0.455572 0.404718 -2.8722e-19)
(0.493983 0.376367 -1.9568e-19)
(0.529429 0.349064 -5.28416e-19)
(0.562396 0.323635 7.40237e-20)
(0.593148 0.300178 -1.01247e-19)
(0.621863 0.278576 -1.61308e-19)
(0.648691 0.258678 2.49579e-19)
(0.673768 0.240336 9.84201e-20)
(0.697218 0.223417 -3.68047e-20)
(0.719153 0.207798 -2.1624e-19)
(0.739679 0.193369 -3.08087e-19)
(0.758892 0.180026 -1.56993e-19)
(0.776884 0.167675 -2.99956e-19)
(0.793731 0.156234 1.28014e-19)
(0.809486 0.145634 -4.4021e-20)
(0.824237 0.135806 6.13818e-19)
(0.83822 0.126619 -3.82662e-19)
(0.85148 0.117945 -1.75284e-19)
(0.862823 0.110193 2.46911e-19)
(0.0548849 0.133823 4.68158e-20)
(0.141692 0.302065 -9.74068e-20)
(0.220974 0.391148 -2.68245e-19)
(0.287845 0.424976 7.04964e-20)
(0.344455 0.424542 -4.46864e-20)
(0.393549 0.406252 -9.21251e-20)
(0.437273 0.38083 2.12748e-19)
(0.47712 0.354005 -5.25943e-19)
(0.513939 0.328219 2.97788e-19)
(0.548174 0.304223 -2.52055e-19)
(0.580086 0.282096 -2.27768e-19)
(0.609859 0.261726 1.5109e-19)
(0.637652 0.242966 1.01723e-19)
(0.663608 0.225679 2.12927e-19)
(0.687859 0.209737 3.10241e-19)
(0.710526 0.195025 6.10641e-20)
(0.731719 0.181436 4.22005e-19)
(0.751542 0.168875 -1.76359e-19)
(0.77009 0.157252 1.74889e-19)
(0.787446 0.146489 -1.79702e-19)
(0.80367 0.136519 2.34379e-19)
(0.818851 0.127279 -2.58486e-19)
(0.833213 0.118651 9.27215e-20)
(0.846794 0.110517 -6.59461e-20)
(0.858547 0.10321 -1.04124e-19)
(0.0484482 0.126107 2.98444e-19)
(0.127351 0.28401 -1.03641e-19)
(0.202667 0.3671 1.44874e-19)
(0.268145 0.398258 -5.73903e-21)
(0.324933 0.397398 3.16218e-19)
(0.375016 0.379965 -3.94133e-19)
(0.420048 0.355988 1.9116e-19)
(0.461255 0.330783 1.49382e-19)
(0.499369 0.306596 8.82826e-20)
(0.534801 0.284104 2.03231e-19)
(0.567806 0.263372 -1.29153e-19)
(0.598577 0.244291 4.38299e-19)
(0.627278 0.226723 -1.79467e-19)
(0.654063 0.210538 -1.19796e-19)
(0.67907 0.195617 -3.30163e-19)
(0.702426 0.18185 -2.33976e-19)
(0.724249 0.169138 -8.676e-20)
(0.744646 0.157391 2.28611e-19)
(0.763719 0.146525 -3.64198e-20)
(0.781554 0.136465 3.5185e-19)
(0.798218 0.12715 -4.17937e-20)
(0.813805 0.11852 -1.72419e-19)
(0.828522 0.11047 -8.30604e-20)
(0.842406 0.10289 6.41056e-20)
(0.854551 0.0960477 -3.71527e-20)
(0.0423538 0.117867 1.66088e-20)
(0.113826 0.264901 -1.69192e-19)
(0.185451 0.341824 1.74739e-19)
(0.249662 0.370331 -5.43103e-20)
(0.306651 0.36914 9.29512e-20)
(0.357684 0.352678 1.17321e-19)
(0.403951 0.33025 -2.69413e-19)
(0.446435 0.306755 -2.6533e-19)
(0.485764 0.284242 1.24611e-20)
(0.522316 0.263321 -2.85621e-19)
(0.556345 0.244044 3.42025e-19)
(0.588048 0.226307 -3.48027e-19)
(0.617601 0.20998 1.81128e-19)
(0.645161 0.194942 9.13154e-21)
(0.670875 0.181082 1.34949e-19)
(0.694876 0.168297 2.41953e-19)
(0.717287 0.156496 7.14911e-20)
(0.738222 0.145593 -2.88762e-19)
(0.757784 0.135512 -7.57319e-20)
(0.776068 0.126181 -1.18519e-19)
(0.793144 0.117543 -1.42533e-20)
(0.80911 0.109543 5.19921e-20)
(0.824157 0.102088 1.3778e-19)
(0.838326 0.0950768 1.03555e-19)
(0.850843 0.0887169 1.07235e-19)
(0.036638 0.109134 -1.96848e-19)
(0.101185 0.244805 1.40595e-20)
(0.169404 0.315403 -8.31053e-20)
(0.232472 0.341276 3.4309e-19)
(0.289675 0.339846 -1.65942e-19)
(0.341608 0.324461 2.16296e-19)
(0.389032 0.303678 2.48557e-19)
(0.432705 0.281973 1.43288e-21)
(0.473163 0.261206 -1.72454e-19)
(0.510756 0.241919 2.97034e-19)
(0.545735 0.224154 -3.35112e-19)
(0.578304 0.207811 1.49901e-19)
(0.608646 0.192771 2.46949e-20)
(0.636926 0.178922 3.07397e-19)
(0.663296 0.166161 -2.28223e-19)
(0.687895 0.154393 -1.81842e-19)
(0.710852 0.143534 -5.25993e-20)
(0.732285 0.133504 3.8861e-19)
(0.752302 0.124232 -3.16634e-19)
(0.771001 0.115653 1.74023e-19)
(0.78846 0.107714 -1.37789e-19)
(0.804778 0.100363 -2.43781e-20)
(0.82013 0.0935194 7.27293e-20)
(0.834562 0.0870893 -7.81789e-20)
(0.847429 0.0812302 2.04826e-19)
(0.031335 0.0999434 1.99816e-19)
(0.0894947 0.223794 -7.37554e-20)
(0.154597 0.287922 5.24088e-20)
(0.216642 0.311178 -2.1908e-19)
(0.274066 0.309595 1.64347e-19)
(0.326842 0.295384 -3.22161e-19)
(0.375337 0.276335 1.9504e-19)
(0.420107 0.256497 1.5077e-19)
(0.461604 0.23754 -3.20127e-20)
(0.500153 0.219945 -1.79114e-19)
(0.536006 0.203742 5.67191e-19)
(0.569372 0.188841 -4.07217e-19)
(0.600439 0.175132 -3.13326e-19)
(0.62938 0.162511 -2.16051e-19)
(0.656353 0.150884 4.63243e-20)
(0.681502 0.140165 -1.40891e-19)
(0.704961 0.130276 1.29507e-19)
(0.726851 0.121145 -5.47529e-19)
(0.747287 0.112707 4.64143e-19)
(0.766367 0.104902 -2.40171e-20)
(0.784177 0.0976798 -8.43549e-20)
(0.800817 0.0909956 2.00234e-19)
(0.81645 0.0847784 4.98192e-20)
(0.831123 0.0789414 -5.76448e-20)
(0.844315 0.0736005 -8.92175e-20)
(0.026476 0.0903312 -2.21763e-19)
(0.0788135 0.201944 -1.26235e-19)
(0.141099 0.259471 -5.3133e-20)
(0.202235 0.280128 -3.55162e-19)
(0.25988 0.278469 -3.15319e-19)
(0.313434 0.265522 2.60575e-19)
(0.362909 0.248287 -3.57886e-19)
(0.408679 0.230386 8.36993e-21)
(0.451121 0.213298 9.96067e-20)
(0.490541 0.197447 1.0422e-20)
(0.527187 0.182856 -4.78117e-19)
(0.561277 0.169439 4.21913e-19)
(0.593004 0.157099 1.59838e-19)
(0.622546 0.145741 1.24412e-19)
(0.650066 0.13528 3.00672e-19)
(0.675715 0.12564 -7.71214e-21)
(0.699629 0.116748 1.64183e-19)
(0.721935 0.10854 3.66327e-19)
(0.74275 0.100957 -2.13809e-19)
(0.762177 0.0939449 1.84837e-19)
(0.780306 0.0874586 1.68901e-19)
(0.797239 0.0814572 -3.74661e-21)
(0.813124 0.0758798 -1.57817e-19)
(0.828017 0.0706473 5.4008e-21)
(0.841508 0.0658408 -1.08327e-19)
(0.0220899 0.0803365 -2.59897e-19)
(0.0691959 0.179335 7.50329e-20)
(0.128967 0.230142 7.16539e-20)
(0.189309 0.248217 1.61412e-19)
(0.247167 0.246553 1.60033e-19)
(0.301429 0.23495 -1.88535e-20)
(0.351788 0.219604 2.2908e-19)
(0.398456 0.203701 3.89894e-20)
(0.441746 0.188537 4.69976e-21)
(0.481946 0.174478 6.49433e-20)
(0.519304 0.16154 -4.92923e-21)
(0.554042 0.149647 9.58814e-20)
(0.58636 0.138711 -6.98458e-20)
(0.616441 0.128648 -2.17721e-19)
(0.644453 0.119383 3.51051e-20)
(0.670549 0.110847 1.38421e-19)
(0.694871 0.102976 -1.35998e-19)
(0.717549 0.0957123 6.15654e-20)
(0.738704 0.0890042 -2.00474e-19)
(0.758441 0.0828033 1.18304e-19)
(0.776856 0.0770687 -2.31996e-19)
(0.79405 0.0717646 -1.57978e-19)
(0.810162 0.0668392 -8.83331e-20)
(0.825251 0.0622212 4.08308e-20)
(0.839012 0.0579644 -7.52485e-20)
(0.0182023 0.0700001 1.36033e-21)
(0.0606908 0.156048 3.3087e-20)
(0.118258 0.200032 -1.39877e-19)
(0.177914 0.215541 2.41742e-19)
(0.235973 0.213935 -1.48932e-19)
(0.290866 0.203749 -1.20142e-19)
(0.342008 0.190354 -9.88509e-20)
(0.389469 0.176505 -3.30032e-19)
(0.433507 0.163313 -2.2392e-19)
(0.474394 0.151088 -4.98847e-21)
(0.51238 0.139842 -3.28103e-20)
(0.54769 0.129507 -3.06329e-19)
(0.580528 0.120007 1.88518e-19)
(0.611083 0.111268 1.25912e-19)
(0.639527 0.103224 -1.61732e-19)
(0.666018 0.0958158 -4.43231e-20)
(0.690699 0.0889869 -1.51099e-19)
(0.713705 0.0826876 -1.73539e-20)
(0.735159 0.0768717 1.10178e-19)
(0.75517 0.0714975 -3.17189e-19)
(0.773836 0.066529 1.93634e-19)
(0.79126 0.0619351 6.97499e-20)
(0.807569 0.0576725 7.24195e-21)
(0.822832 0.0536782 1.06034e-19)
(0.836832 0.0499849 3.80594e-20)
(0.0148362 0.0593644 2.2363e-19)
(0.0533412 0.132169 6.7652e-21)
(0.109018 0.16924 2.23353e-19)
(0.168094 0.182197 -1.79469e-19)
(0.226336 0.180705 1.31015e-19)
(0.28178 0.171997 1.39157e-20)
(0.333599 0.160612 1.26012e-19)
(0.381746 0.148865 2.07931e-19)
(0.426428 0.137686 6.82456e-20)
(0.467908 0.127332 3.84629e-20)
(0.506434 0.117811 6.35549e-20)
(0.542237 0.109065 1.53677e-19)
(0.575524 0.101028 1.43428e-19)
(0.606488 0.0936375 -1.48843e-19)
(0.635304 0.086838 -3.30054e-20)
(0.662134 0.0805776 1.05369e-19)
(0.687125 0.0748095 1.28731e-19)
(0.710413 0.0694908 -5.54895e-20)
(0.732124 0.0645825 -8.74404e-21)
(0.75237 0.0600487 -4.70472e-20)
(0.771253 0.0558588 -3.66536e-20)
(0.788874 0.0519864 3.92192e-20)
(0.805354 0.0483961 1.32785e-19)
(0.820765 0.0450334 -5.53738e-20)
(0.834973 0.0419161 -5.53584e-20)
(0.0120113 0.0484733 -5.75772e-20)
(0.0471841 0.107785 6.67062e-20)
(0.101287 0.137868 -1.64017e-19)
(0.15989 0.148285 -4.93718e-21)
(0.218291 0.146954 -8.73743e-20)
(0.274201 0.139779 4.6498e-20)
(0.326589 0.130451 7.52345e-20)
(0.375309 0.120846 1.08967e-20)
(0.420531 0.111716 -6.38997e-20)
(0.462507 0.103265 7.53871e-20)
(0.501485 0.0954974 -1.00833e-19)
(0.5377 0.0883654 -6.14055e-20)
(0.571362 0.0818146 -1.8293e-19)
(0.602668 0.0757942 7.21572e-20)
(0.631795 0.0702579 3.68039e-20)
(0.658908 0.0651633 -1.38171e-19)
(0.684158 0.0604718 6.21843e-20)
(0.707682 0.0561482 -1.26915e-19)
(0.729608 0.0521603 1.9223e-19)
(0.75005 0.0484787 5.89449e-20)
(0.769113 0.045078 3.03043e-20)
(0.7869 0.0419368 -1.4218e-19)
(0.803521 0.0390266 -3.77043e-20)
(0.819056 0.0363026 1.36445e-19)
(0.833438 0.0337719 1.04642e-19)
(0.0097443 0.0373718 -3.93023e-20)
(0.0422507 0.0829867 -3.0611e-20)
(0.0951016 0.106018 -2.37702e-20)
(0.153332 0.113907 2.89266e-20)
(0.211867 0.112776 6.80979e-20)
(0.268153 0.107177 -3.58357e-20)
(0.320999 0.0999451 -8.29952e-20)
(0.370179 0.092517 -2.57538e-20)
(0.415834 0.0854644 4.62078e-20)
(0.458207 0.0789419 -3.31317e-21)
(0.497548 0.0729514 4.03581e-20)
(0.534092 0.0674547 1.77172e-19)
(0.568055 0.0624096 3.15574e-20)
(0.599634 0.0577766 -3.81077e-20)
(0.62901 0.0535193 -6.54907e-20)
(0.65635 0.0496047 -3.56617e-21)
(0.681806 0.0460028 -1.16125e-19)
(0.705519 0.042686 -6.1119e-20)
(0.727616 0.0396292 -1.21015e-19)
(0.748215 0.0368095 3.55531e-20)
(0.767422 0.0342068 -8.45229e-21)
(0.78534 0.0318046 -2.95543e-20)
(0.802074 0.0295813 -4.23871e-20)
(0.817708 0.0275016 -7.81252e-20)
(0.832229 0.0255666 -5.34873e-20)
(0.00804851 0.0261063 4.38874e-20)
(0.0385659 0.0578646 5.49706e-20)
(0.0904879 0.0737974 5.68222e-20)
(0.148446 0.0791653 -1.03502e-19)
(0.207087 0.0782655 6.13127e-20)
(0.263657 0.0742765 4.81757e-20)
(0.316847 0.0691719 4.12115e-20)
(0.366372 0.0639464 -1.0137e-19)
(0.412352 0.0589942 -1.69981e-21)
(0.455021 0.0544205 1.19603e-20)
(0.494633 0.0502249 1.78951e-22)
(0.531424 0.04638 -6.55257e-20)
(0.565611 0.0428557 1.43318e-20)
(0.597394 0.0396235 1.02506e-20)
(0.626957 0.0366575 5.11254e-21)
(0.654466 0.0339342 9.02497e-20)
(0.680077 0.031432 -1.0383e-20)
(0.70393 0.0291311 5.26652e-20)
(0.726155 0.0270138 4.57704e-21)
(0.74687 0.0250634 -4.29111e-20)
(0.766185 0.0232657 1.48016e-20)
(0.784201 0.0216087 8.58623e-20)
(0.801018 0.0200773 5.81306e-20)
(0.816725 0.0186463 2.82176e-20)
(0.83135 0.0173136 3.86463e-20)
(0.006934 0.0147235 -1.66454e-20)
(0.0361485 0.0325117 -3.45251e-20)
(0.0874668 0.0413116 1.28079e-20)
(0.145253 0.044165 5.73878e-20)
(0.203968 0.043518 -2.41758e-20)
(0.260728 0.0411638 3.56555e-20)
(0.314146 0.0382081 -1.6504e-21)
(0.3639 0.035204 6.305e-21)
(0.410094 0.0323684 -1.39573e-20)
(0.45296 0.0297578 -2.10908e-20)
(0.49275 0.0273702 6.5208e-20)
(0.529704 0.025189 2.30915e-20)
(0.564039 0.023196 -3.73787e-20)
(0.595957 0.0213744 1.99699e-20)
(0.625641 0.0197085 1.4673e-21)
(0.653262 0.0181844 -2.46941e-20)
(0.678974 0.0167891 3.72294e-20)
(0.702919 0.0155108 3.26227e-20)
(0.725228 0.0143388 -2.24872e-20)
(0.74602 0.0132632 5.76876e-20)
(0.765404 0.0122753 2.5391e-20)
(0.783484 0.0113679 -2.15778e-20)
(0.800356 0.0105319 -4.64401e-20)
(0.81611 0.00975243 2.37585e-20)
(0.830802 0.00902592 -1.66275e-21)
(0.312906 0.00713179 -7.46271e-21)
(0.362771 0.00636021 -1.25739e-20)
(0.409068 0.0056509 -4.84643e-21)
(0.452029 0.0050119 -4.52808e-21)
(0.491905 0.00444004 -1.58969e-20)
(0.528937 0.00392946 -2.00738e-20)
(0.563343 0.00347425 1.67133e-21)
(0.595325 0.00306894 1.36842e-20)
(0.625068 0.0027085 -1.04094e-21)
(0.652741 0.00238836 2.03408e-20)
(0.678501 0.0021043 -1.73867e-20)
(0.702489 0.00185248 -1.8135e-20)
(0.724838 0.00162936 1.03872e-20)
(0.745665 0.00143169 -2.62509e-20)
(0.765082 0.00125657 -4.20616e-22)
(0.783191 0.00110147 1.78489e-22)
(0.800088 0.000963531 4.8692e-21)
(0.815863 0.00083866 -7.32504e-21)
(0.830583 0.000726088 -1.20033e-20)
(0.984431 0.186352 1.78476e-20)
(0.977986 0.185184 8.1179e-21)
(0.983309 0.180531 -7.39843e-20)
(0.971244 0.184714 -1.01005e-19)
(0.976294 0.179769 6.31052e-20)
(0.961504 0.184398 0)
(0.957226 0.157118 0)
(0.952626 0.146191 0)
(0.952282 0.127683 0)
(0.951394 0.115479 0)
(0.953131 0.100879 0)
(0.95447 0.0896733 0)
(0.957452 0.0778512 0)
(0.960087 0.0682846 0)
(0.963708 0.0587774 0)
(0.966957 0.0509351 0)
(0.970754 0.0433932 0)
(0.974136 0.0371372 0)
(0.977779 0.0312381 0)
(0.98097 0.0263506 0)
(0.984241 0.0218006 0)
(0.987041 0.0180511 0)
(0.989812 0.0145919 0)
(0.992111 0.0117709 0)
(0.994311 0.00918916 0)
(0.99604 0.00710691 0)
(0.997617 0.00519844 0)
(0.998711 0.00363661 0)
(0.999597 0.00212656 0)
(0.999958 0.000752792 0)
(0.968425 0.178725 0)
(0.964665 0.154913 0)
(0.959008 0.144968 0)
(0.957899 0.126858 0)
(0.956214 0.115328 0)
(0.957286 0.100918 0)
(0.95798 0.0900688 0)
(0.960438 0.0783527 0)
(0.962565 0.0689494 0)
(0.965787 0.059473 0)
(0.968654 0.0516797 0)
(0.972157 0.0441152 0)
(0.975261 0.0378444 0)
(0.978694 0.0318927 0)
(0.981688 0.0269589 0)
(0.984812 0.0223438 0)
(0.987476 0.0185365 0)
(0.990147 0.0150114 0)
(0.992352 0.0121318 0)
(0.994486 0.00948815 0)
(0.996153 0.00735052 0)
(0.997689 0.00538443 0)
(0.998746 0.00377028 0)
(0.999612 0.00220694 0)
(0.999958 0.000780507 0)
(0.845608 0.000630043 3.13715e-21)
(0.860574 0.000221177 -1.6137e-21)
(0.874438 7.06988e-05 -5.62051e-22)
(0.88737 -0.000191974 2.79765e-22)
(0.899242 -0.000329329 -3.40545e-22)
(0.910307 -0.000514032 1.0112e-21)
(0.920412 -0.000630755 -2.05863e-21)
(0.929797 -0.000754015 8.58089e-22)
(0.938326 -0.000825981 -1.74115e-21)
(0.946208 -0.000914547 1.58755e-21)
(0.95335 -0.000979084 5.19774e-22)
(0.959917 -0.00106016 6.19783e-22)
(0.965825 -0.00111699 -1.09531e-21)
(0.971229 -0.00117307 8.26304e-22)
(0.976054 -0.00121538 3.77914e-22)
(0.980419 -0.00125086 -1.63156e-23)
(0.984266 -0.00125925 -5.77302e-22)
(0.987706 -0.00123986 -2.80302e-22)
(0.990669 -0.00117385 -1.56795e-22)
(0.993255 -0.00107382 -3.12313e-23)
(0.995396 -0.000927605 3.18767e-22)
(0.997183 -0.000744994 8.28312e-22)
(0.998526 -0.000525679 4.22522e-22)
(0.999504 -0.000295332 2.69628e-22)
(0.999972 -7.60923e-05 -8.584e-22)
(0.845774 0.00834354 2.43285e-23)
(0.860698 0.00674509 3.36135e-21)
(0.874531 0.00592673 1.05544e-21)
(0.887439 0.00481784 -3.05462e-21)
(0.899291 0.00409952 4.91037e-21)
(0.910342 0.00328323 -3.93888e-21)
(0.92043 0.00269493 2.54238e-21)
(0.929798 0.00208995 2.2141e-21)
(0.938321 0.00163849 -3.88712e-21)
(0.946202 0.00117258 4.64388e-22)
(0.953342 0.000798173 -1.98869e-21)
(0.959908 0.000483578 9.8997e-22)
(0.965816 0.000216639 5.19812e-22)
(0.97122 -4.629e-05 -1.16537e-21)
(0.976046 -0.000254342 4.47819e-22)
(0.980413 -0.000450561 3.50275e-21)
(0.98426 -0.000586258 -8.79643e-22)
(0.9877 -0.000689929 2.26496e-21)
(0.990664 -0.000722243 -2.5463e-23)
(0.993251 -0.000717356 1.11449e-22)
(0.995394 -0.000646856 -4.26359e-22)
(0.997182 -0.00053871 -2.05027e-21)
(0.998525 -0.000380318 -1.43513e-21)
(0.999504 -0.000211686 1.03991e-21)
(0.999972 -4.70579e-05 -1.76381e-21)
(0.846207 0.0160635 1.16761e-21)
(0.861039 0.0132797 7.22604e-21)
(0.8748 0.0117965 -1.08778e-20)
(0.887651 0.00984526 -6.20534e-22)
(0.899455 0.0085491 4.05141e-21)
(0.910468 0.00710733 -5.27584e-21)
(0.920525 0.00605382 2.21176e-21)
(0.929872 0.00496081 -1.28278e-21)
(0.938375 0.00411863 6.22255e-21)
(0.946245 0.00327797 -2.58702e-21)
(0.95336 0.0026104 -2.66607e-21)
(0.959911 0.00199902 1.05926e-21)
(0.965821 0.00153028 -3.31688e-21)
(0.971224 0.00107089 2.3112e-21)
(0.976049 0.000701158 -3.97844e-23)
(0.980414 0.000346412 -1.95808e-21)
(0.98426 8.45917e-05 2.45795e-21)
(0.987699 -0.000141327 -3.1565e-21)
(0.990662 -0.00027153 3.92955e-22)
(0.99325 -0.000361373 -2.00967e-21)
(0.995393 -0.000366379 -3.06081e-21)
(0.997181 -0.000332481 -1.46836e-21)
(0.998525 -0.000235015 -1.09998e-21)
(0.999504 -0.000128085 -3.45623e-21)
(0.999971 -1.80436e-05 4.11775e-21)
(0.846909 0.0237543 -1.23932e-20)
(0.8616 0.0197901 1.75943e-20)
(0.875248 0.0176457 -1.36462e-20)
(0.88801 0.0148536 1.17713e-20)
(0.899735 0.0129798 -1.23763e-20)
(0.910689 0.010909 9.14306e-21)
(0.920695 0.00938521 -2.43297e-21)
(0.930004 0.00781784 2.56385e-21)
(0.938474 0.00660963 -1.39851e-22)
(0.94632 0.0054143 -6.50285e-22)
(0.953418 0.00447707 -2.399e-21)
(0.95995 0.00354018 -4.97359e-22)
(0.965839 0.00282174 -1.51023e-21)
(0.971238 0.00218242 5.7618e-21)
(0.97606 0.00165335 -5.4088e-21)
(0.980424 0.0011415 1.73492e-21)
(0.984265 0.000754194 -5.21069e-21)
(0.987702 0.000406495 -8.67093e-22)
(0.990663 0.000178697 2.72827e-21)
(0.993251 -5.7058e-06 3.274e-21)
(0.995393 -8.61839e-05 3.9674e-21)
(0.997182 -0.000126394 5.2571e-21)
(0.998525 -8.98401e-05 1.81526e-21)
(0.999505 -4.45381e-05 4.09546e-21)
(0.999971 1.09431e-05 -4.9496e-21)
(0.847878 0.0314095 -1.11426e-20)
(0.862379 0.0262731 -8.83998e-21)
(0.875873 0.0234737 5.62066e-22)
(0.888514 0.0198459 4.56705e-21)
(0.900133 0.0173982 -9.35989e-23)
(0.911005 0.0147018 2.63663e-21)
(0.92094 0.0127095 -3.47038e-21)
(0.930197 0.0106676 8.97059e-21)
(0.938621 0.00909091 -7.20581e-21)
(0.946432 0.00753313 6.67723e-21)
(0.953503 0.00630916 3.38836e-21)
(0.960019 0.00511033 -8.74373e-21)
(0.96588 0.0041476 6.88105e-21)
(0.971261 0.00328813 -5.71581e-21)
(0.976081 0.00260251 3.81223e-21)
(0.980441 0.0019354 2.39218e-21)
(0.984276 0.00142296 -1.40579e-21)
(0.98771 0.000953773 5.6694e-21)
(0.990668 0.000628554 -4.51104e-24)
(0.993254 0.000349732 -2.18741e-21)
(0.995395 0.000193761 -1.43869e-22)
(0.997183 7.95234e-05 3.13689e-21)
(0.998525 5.51713e-05 5.51953e-21)
(0.999505 3.89411e-05 -5.79009e-21)
(0.999971 3.98945e-05 3.26149e-21)
(0.849115 0.0390205 1.0031e-20)
(0.863375 0.0327225 -3.49647e-22)
(0.876676 0.029276 3.01559e-21)
(0.889164 0.0248193 -2.8278e-20)
(0.900647 0.0218028 8.69889e-21)
(0.911416 0.018485 -3.28664e-21)
(0.92126 0.0160275 1.30973e-20)
(0.93045 0.0135127 -1.83691e-20)
(0.938814 0.0115681 9.51981e-21)
(0.946582 0.00964879 1.7042e-21)
(0.953616 0.00813736 -1.02259e-20)
(0.960107 0.00666682 -9.14209e-21)
(0.965942 0.00549644 8.18616e-21)
(0.971304 0.00435245 -3.55474e-21)
(0.97611 0.00354935 -5.96877e-21)
(0.980465 0.00272849 -4.53431e-21)
(0.984293 0.00209082 1.08921e-21)
(0.987722 0.00150046 3.78855e-21)
(0.990675 0.00107795 -1.45572e-21)
(0.99326 0.000704881 2.45527e-21)
(0.995397 0.000473401 3.74401e-21)
(0.997186 0.000285243 -4.56961e-21)
(0.998526 0.000199986 -1.78006e-21)
(0.999506 0.00012234 -1.11671e-21)
(0.999971 6.88034e-05 5.48942e-21)
(0.850618 0.0465765 3.30375e-20)
(0.864589 0.0391301 -8.85312e-20)
(0.877655 0.0350464 5.29904e-20)
(0.889957 0.0297687 -1.27465e-20)
(0.901277 0.0261892 4.21555e-21)
(0.911921 0.0222551 -1.71689e-20)
(0.921655 0.019336 3.49094e-21)
(0.930763 0.0163513 -4.82367e-21)
(0.939055 0.014041 -5.81185e-22)
(0.946771 0.011762 1.03486e-20)
(0.953759 0.00996494 -1.69227e-21)
(0.960219 0.00821899 6.89711e-21)
(0.966032 0.00682913 -5.00277e-21)
(0.971361 0.00546372 1.41144e-20)
(0.97614 0.00449205 7.6531e-22)
(0.980496 0.00352093 -3.62743e-21)
(0.984315 0.00275759 3.61339e-22)
(0.987739 0.00204645 -1.28626e-20)
(0.990685 0.00152678 -3.58431e-22)
(0.993268 0.00105966 -6.43815e-21)
(0.995401 0.000752657 -8.04751e-21)
(0.997189 0.000490724 -6.5046e-21)
(0.998527 0.000344569 -2.98837e-21)
(0.999506 0.000205647 5.72428e-21)
(0.99997 9.76621e-05 -6.0576e-21)
(0.852384 0.0540669 -6.83558e-20)
(0.866018 0.0454878 1.12935e-20)
(0.878809 0.0407785 1.83055e-20)
(0.890895 0.0346896 -2.13969e-20)
(0.902023 0.0305543 1.27562e-20)
(0.912521 0.0260097 -2.03885e-20)
(0.922125 0.0226332 1.32891e-20)
(0.931136 0.0191819 1.06666e-20)
(0.939344 0.0165082 -4.18188e-21)
(0.946997 0.0138712 4.09878e-21)
(0.953931 0.0117902 -1.00929e-21)
(0.960353 0.0097703 -4.48789e-21)
(0.966133 0.00816538 1.00438e-20)
(0.971435 0.00662177 -6.26571e-21)
(0.976188 0.00543217 -4.96892e-21)
(0.980534 0.00431109 -4.16353e-22)
(0.984343 0.00342327 2.82447e-21)
(0.98776 0.00259163 1.4778e-20)
(0.990699 0.00197494 6.93522e-21)
(0.993278 0.00141399 1.22478e-20)
(0.995407 0.00103145 1.11161e-21)
(0.997193 0.000695927 5.96494e-21)
(0.998528 0.000488882 -1.18931e-20)
(0.999507 0.000288848 -1.05412e-20)
(0.99997 0.000126463 -9.36434e-22)
(0.854413 0.0614814 -2.56548e-20)
(0.867661 0.0517878 2.63496e-20)
(0.880138 0.0464665 -8.94237e-21)
(0.891976 0.0395776 1.36595e-20)
(0.902883 0.0348944 7.78801e-21)
(0.913213 0.0297464 5.65489e-21)
(0.922668 0.0259173 -3.49893e-21)
(0.931569 0.0220032 6.34547e-21)
(0.939679 0.0189689 -4.26142e-21)
(0.947261 0.0159759 -1.01727e-20)
(0.954132 0.0136123 -7.86534e-21)
(0.96051 0.0113192 -1.51644e-21)
(0.966251 0.00949601 8.23454e-22)
(0.971524 0.00773958 2.10409e-21)
(0.976248 0.00633874 3.99211e-22)
(0.98058 0.00509998 -1.11022e-20)
(0.984377 0.00408792 5.07302e-21)
(0.987786 0.00313589 -1.15301e-20)
(0.990715 0.00242232 -7.65339e-21)
(0.993291 0.0017678 -5.84464e-21)
(0.995414 0.00130972 3.39817e-21)
(0.997198 0.000900807 9.81436e-21)
(0.998529 0.000632891 -5.67667e-22)
(0.999508 0.000371931 6.59317e-22)
(0.999969 0.000155199 4.02364e-21)
(0.856703 0.0688094 4.44979e-20)
(0.869518 0.0580221 -1.30176e-20)
(0.881641 0.0521042 -4.84327e-21)
(0.893198 0.0444281 1.62746e-20)
(0.903858 0.0392065 -5.26066e-22)
(0.913999 0.0334626 -3.67296e-20)
(0.923286 0.0291865 1.27673e-20)
(0.932061 0.0248141 1.81588e-21)
(0.94006 0.0214221 -1.02123e-21)
(0.947562 0.0180755 1.57114e-21)
(0.954362 0.0154311 6.86803e-21)
(0.960691 0.012866 -3.66933e-21)
(0.966388 0.0108259 4.74844e-21)
(0.971636 0.00886047 9.92728e-22)
(0.976318 0.0072674 3.22529e-21)
(0.980625 0.00588546 -3.09399e-21)
(0.984416 0.00475174 -4.02734e-21)
(0.987815 0.00367904 1.26179e-20)
(0.990735 0.00286879 1.43573e-21)
(0.993306 0.00212101 -4.17135e-21)
(0.995422 0.00158738 7.30174e-21)
(0.997205 0.00110533 1.78163e-23)
(0.998531 0.00077656 1.07323e-20)
(0.99951 0.00045488 2.01707e-20)
(0.999968 0.000183862 3.68054e-21)
(0.85925 0.0760405 3.86189e-20)
(0.871587 0.0641828 -4.31095e-20)
(0.883315 0.0576857 4.21086e-20)
(0.894562 0.0492367 -2.06916e-20)
(0.904945 0.043487 2.34866e-20)
(0.914876 0.037156 -1.45124e-20)
(0.923976 0.032439 -1.56674e-20)
(0.932613 0.0276131 1.87549e-20)
(0.940488 0.0238669 1.16389e-20)
(0.9479 0.0201694 -1.28547e-20)
(0.954621 0.0172459 -4.44672e-21)
(0.960894 0.0144104 7.17138e-21)
(0.966541 0.0121541 4.05261e-21)
(0.971758 0.00998467 -1.00142e-20)
(0.976401 0.00824312 6.86462e-21)
(0.980683 0.00666523 1.6249e-20)
(0.984459 0.00541432 -1.78266e-21)
(0.98785 0.00422095 9.92834e-21)
(0.990757 0.00331422 -4.68293e-21)
(0.993323 0.00247355 2.06088e-20)
(0.995432 0.00186436 -1.47307e-20)
(0.997211 0.00130944 -1.7377e-20)
(0.998533 0.000919852 6.92324e-21)
(0.999511 0.000537681 -1.51321e-20)
(0.999968 0.000212444 -7.35657e-21)
(0.862052 0.0831642 -3.1327e-20)
(0.873865 0.070262 -2.69493e-20)
(0.88516 0.063205 1.93057e-20)
(0.896067 0.0539991 -3.63146e-20)
(0.906146 0.0477329 1.98999e-20)
(0.915845 0.0408242 -8.51484e-21)
(0.924739 0.0356732 2.02374e-20)
(0.933222 0.0303992 -2.5135e-20)
(0.940962 0.0263025 5.42745e-21)
(0.948276 0.0222569 -9.32975e-21)
(0.954909 0.0190564 -9.85225e-21)
(0.96112 0.0159519 2.10085e-20)
(0.966712 0.0134796 -2.12791e-21)
(0.971894 0.0111038 2.56969e-20)
(0.976496 0.00920544 4.27103e-21)
(0.98075 0.00744177 -6.9431e-21)
(0.984508 0.00607409 2.39346e-21)
(0.987889 0.0047616 -4.25792e-21)
(0.990783 0.00375846 -8.98138e-21)
(0.993343 0.00282534 -6.69768e-21)
(0.995443 0.00214059 8.53048e-21)
(0.997219 0.0015131 9.4492e-21)
(0.998536 0.00106273 -1.24602e-20)
(0.999513 0.000620318 2.87022e-21)
(0.999967 0.000240938 2.7903e-21)
(0.865106 0.0901701 -7.90274e-20)
(0.876351 0.076252 -8.29784e-21)
(0.887174 0.0686563 4.05174e-20)
(0.89771 0.058711 -1.06452e-20)
(0.907457 0.0519408 -1.04067e-20)
(0.916906 0.0444648 1.44206e-20)
(0.925574 0.0388873 1.58345e-20)
(0.933891 0.0331709 -6.45298e-21)
(0.941482 0.028728 -1.63049e-20)
(0.948688 0.0243374 1.19915e-20)
(0.955225 0.0208619 1.7818e-21)
(0.961369 0.0174902 5.02283e-22)
(0.9669 0.0148029 -2.07518e-20)
(0.972042 0.012222 -2.07045e-20)
(0.976604 0.0101607 -6.79417e-21)
(0.980827 0.00819846 -9.97002e-21)
(0.984561 0.00673055 6.76868e-21)
(0.987932 0.00530099 -1.42206e-20)
(0.990812 0.00420137 1.84685e-20)
(0.993364 0.00317629 -2.33104e-21)
(0.995455 0.00241601 -1.46968e-20)
(0.997228 0.00171626 -1.49939e-20)
(0.998539 0.00120517 1.94151e-20)
(0.999514 0.000702774 -2.73268e-21)
(0.999966 0.000269335 -3.5321e-21)
(0.868409 0.097048 -3.68842e-20)
(0.879043 0.0821449 4.90058e-20)
(0.889356 0.0740336 6.41498e-21)
(0.899491 0.0633679 9.25173e-21)
(0.90888 0.0561077 8.82312e-21)
(0.918056 0.0480756 2.84769e-20)
(0.926481 0.0420798 -4.53427e-20)
(0.934617 0.0359272 3.77039e-20)
(0.942047 0.0311424 -2.33382e-20)
(0.949136 0.0264104 -5.94152e-21)
(0.955569 0.0226621 -1.02687e-21)
(0.961641 0.0190251 1.17276e-20)
(0.967105 0.0161236 -4.12456e-22)
(0.972204 0.0133387 2.00917e-20)
(0.976727 0.0111113 1.12898e-20)
(0.980915 0.0089463 2.75467e-21)
(0.984616 0.00738281 -1.40798e-21)
(0.987979 0.00583922 4.37619e-21)
(0.990843 0.00464276 -2.67317e-20)
(0.993389 0.0035263 1.92405e-21)
(0.995469 0.00269052 1.67404e-20)
(0.997238 0.00191889 1.51457e-20)
(0.998543 0.00134713 -4.5812e-21)
(0.999516 0.000785032 8.44493e-21)
(0.999965 0.000297628 1.66293e-21)
(0.871956 0.103788 -7.63984e-20)
(0.881937 0.0879331 -3.2978e-20)
(0.891704 0.0793311 9.33499e-20)
(0.901409 0.0679656 -6.69224e-20)
(0.910412 0.0602305 1.42738e-20)
(0.919296 0.0516542 -5.01554e-21)
(0.927458 0.045249 -1.93187e-20)
(0.935401 0.0386669 1.52586e-20)
(0.942657 0.033545 7.95613e-21)
(0.949621 0.0284753 9.87908e-22)
(0.955942 0.0244563 -2.33879e-21)
(0.961935 0.0205562 7.92631e-21)
(0.967328 0.0174415 -2.67616e-20)
(0.97238 0.0144537 7.10455e-21)
(0.976864 0.0120628 -2.10685e-21)
(0.981012 0.00974623 -1.87175e-21)
(0.984675 0.00802999 -2.23285e-21)
(0.98803 0.00637571 -4.23744e-21)
(0.990878 0.00508243 2.83798e-21)
(0.993415 0.00387529 2.58633e-21)
(0.995485 0.00296408 -1.98445e-20)
(0.997249 0.00212092 -1.45487e-20)
(0.998547 0.00148858 3.21954e-21)
(0.999519 0.000867075 -5.15943e-21)
(0.999965 0.000325807 9.51622e-21)
(0.875744 0.110379 4.56852e-20)
(0.885033 0.0936088 -8.46976e-22)
(0.894216 0.0845432 -4.34876e-20)
(0.903463 0.0724999 -2.88239e-20)
(0.912052 0.0643062 -7.3782e-21)
(0.920624 0.0551985 2.43546e-20)
(0.928507 0.0483934 5.52633e-21)
(0.936241 0.0413889 -2.09684e-20)
(0.943312 0.035935 1.60556e-20)
(0.950143 0.0305315 2.50025e-20)
(0.956343 0.0262443 1.39652e-21)
(0.962252 0.0220832 -1.17863e-20)
(0.967567 0.0187561 1.74842e-20)
(0.972569 0.0155665 -1.34778e-20)
(0.977007 0.0130133 1.2334e-20)
(0.981119 0.0105689 -4.86243e-21)
(0.984745 0.00867177 -7.11585e-21)
(0.988084 0.00690809 2.51798e-20)
(0.990916 0.00552041 -6.72348e-22)
(0.993444 0.00422312 -4.9021e-22)
(0.995502 0.0032366 1.53129e-20)
(0.997261 0.00232232 1.24509e-20)
(0.998551 0.00162947 -4.95978e-21)
(0.999521 0.000948882 1.07202e-21)
(0.999964 0.000353864 -3.58324e-21)
(0.87977 0.116812 -2.53805e-20)
(0.888327 0.0991645 -5.84032e-20)
(0.896891 0.0896641 2.19659e-20)
(0.90565 0.0769664 2.56874e-20)
(0.913801 0.0683319 -9.89243e-20)
(0.922041 0.0587061 6.15404e-20)
(0.929624 0.0515114 1.82798e-21)
(0.937139 0.0440922 -1.1484e-21)
(0.944011 0.0383115 1.17666e-20)
(0.9507 0.0325786 -1.9678e-20)
(0.956771 0.0280254 7.59632e-21)
(0.962591 0.0236058 -9.66175e-21)
(0.967824 0.0200672 -2.33929e-20)
(0.972771 0.0166768 2.40098e-20)
(0.97716 0.0139593 -1.81506e-20)
(0.981237 0.0113628 -8.32064e-21)
(0.984825 0.00925034 -5.8077e-21)
(0.988142 0.0074383 1.73695e-20)
(0.990957 0.00595668 8.36156e-21)
(0.993475 0.00456964 5.55858e-21)
(0.99552 0.003508 4.23455e-21)
(0.997273 0.00252303 4.82113e-21)
(0.998556 0.00176979 -4.14559e-21)
(0.999524 0.00103043 -5.77137e-21)
(0.999963 0.00038179 1.31568e-20)
(0.884029 0.123077 4.9409e-20)
(0.891817 0.104592 2.3344e-20)
(0.899726 0.0946884 -3.72642e-20)
(0.907971 0.0813607 4.74685e-20)
(0.915656 0.0723046 -3.23828e-20)
(0.923546 0.0621749 -2.28649e-20)
(0.930812 0.0546016 -1.46136e-20)
(0.938093 0.0467759 6.24326e-21)
(0.944755 0.0406737 4.12238e-20)
(0.951293 0.0346161 -1.649e-20)
(0.957228 0.0297992 -1.32731e-22)
(0.962952 0.0251238 1.16046e-20)
(0.968099 0.0213745 5.26601e-21)
(0.972987 0.0177849 1.4575e-21)
(0.977323 0.0149033 -1.52098e-20)
(0.981375 0.0121558 1.65988e-20)
(0.984911 0.00990314 1.73623e-20)
(0.988194 0.00796485 -2.77783e-20)
(0.991001 0.00639055 -1.81535e-20)
(0.993508 0.00491468 9.79132e-22)
(0.99554 0.00377819 -5.64137e-21)
(0.997287 0.00272299 -3.17975e-21)
(0.998562 0.00190948 7.39788e-21)
(0.999526 0.00111171 6.62571e-21)
(0.999962 0.000409574 -3.91595e-20)
(0.888516 0.129165 -1.26261e-20)
(0.8955 0.109885 -4.49328e-20)
(0.902721 0.0996104 6.33318e-20)
(0.910423 0.0856785 -1.88063e-20)
(0.917618 0.0762215 -2.01693e-20)
(0.925138 0.0656028 2.58414e-20)
(0.932068 0.0576624 -1.58773e-20)
(0.939104 0.0494389 2.22661e-21)
(0.945544 0.0430209 -1.06583e-21)
(0.951922 0.0366436 4.84187e-20)
(0.957713 0.0315654 -1.48902e-20)
(0.963336 0.0266368 -8.99377e-21)
(0.968391 0.0226776 7.64732e-21)
(0.973216 0.0188904 9.68905e-21)
(0.977496 0.0158446 2.08653e-21)
(0.981511 0.0129527 -1.01049e-20)
(0.985007 0.0106288 -1.53143e-20)
(0.988262 0.00847795 2.23491e-20)
(0.991048 0.0068207 -1.67877e-21)
(0.993544 0.00525823 -4.13424e-21)
(0.995562 0.00404705 7.76034e-21)
(0.997302 0.00292215 1.09072e-21)
(0.998568 0.00204853 -5.13974e-21)
(0.999529 0.00119269 -7.6586e-21)
(0.999962 0.000437207 2.80246e-20)
(0.893229 0.135066 1.02344e-19)
(0.899374 0.115034 3.49776e-20)
(0.905874 0.104425 -3.4259e-20)
(0.913008 0.0899151 2.32579e-20)
(0.919685 0.0800797 -6.80182e-20)
(0.926817 0.0689878 8.81316e-20)
(0.933394 0.0606923 -7.1279e-20)
(0.940172 0.0520805 5.78039e-20)
(0.946377 0.0453521 -2.33131e-20)
(0.952587 0.0386608 -3.22474e-20)
(0.958226 0.0333234 3.46499e-20)
(0.963743 0.0281447 -4.6817e-22)
(0.968701 0.0239762 -1.66096e-20)
(0.97346 0.0199929 -1.32546e-20)
(0.977679 0.0167824 -9.58208e-21)
(0.981656 0.0137402 2.6547e-21)
(0.985112 0.0112897 8.45954e-21)
(0.988337 0.00895405 1.11857e-20)
(0.991096 0.00725043 1.93888e-21)
(0.993581 0.00559969 -2.41604e-20)
(0.995586 0.00431443 -1.94962e-20)
(0.997318 0.00312044 -5.64748e-21)
(0.998574 0.00218689 3.09847e-21)
(0.999533 0.00127335 1.2622e-20)
(0.999961 0.000464677 5.94538e-21)
(0.898165 0.140774 -4.71687e-20)
(0.903436 0.120031 -4.37565e-21)
(0.909184 0.109127 8.4863e-20)
(0.915723 0.0940659 -7.47705e-20)
(0.921858 0.0838762 6.15833e-20)
(0.928585 0.0723278 1.15501e-20)
(0.93479 0.0636896 -8.70784e-20)
(0.941297 0.0546999 2.07785e-20)
(0.947255 0.0476667 -1.94687e-20)
(0.953289 0.0406672 3.53021e-20)
(0.958768 0.0350728 -4.017e-21)
(0.964173 0.0296471 -1.13456e-20)
(0.969029 0.0252702 4.24261e-21)
(0.973718 0.0210922 1.04542e-20)
(0.977873 0.0177172 4.6461e-21)
(0.981809 0.0145257 -1.15213e-20)
(0.985232 0.0119502 -4.96109e-21)
(0.988418 0.00949199 1.21203e-20)
(0.991142 0.00767265 -1.01579e-20)
(0.993622 0.00593802 1.95009e-20)
(0.995611 0.00458018 1.4574e-20)
(0.997335 0.0033178 -2.44214e-21)
(0.998582 0.00232451 -6.90251e-21)
(0.999536 0.00135366 -4.71307e-21)
(0.999961 0.000491974 -1.0335e-21)
(0.903322 0.146281 -3.06615e-20)
(0.907687 0.124869 6.24376e-20)
(0.912651 0.113711 -4.4724e-20)
(0.918571 0.0981263 9.17961e-20)
(0.924137 0.0876079 -3.11308e-20)
(0.930441 0.0756211 -4.30359e-20)
(0.936256 0.0666527 1.93718e-20)
(0.94248 0.0572964 -7.16468e-21)
(0.94818 0.0499638 -3.78912e-22)
(0.954029 0.0426624 1.08146e-21)
(0.959341 0.0368133 2.02286e-20)
(0.964627 0.0311439 -2.50792e-20)
(0.969376 0.0265592 -1.10099e-20)
(0.973991 0.0221882 6.80689e-21)
(0.978079 0.0186488 1.34036e-20)
(0.981969 0.0153084 -8.76689e-21)
(0.985351 0.012612 1.59821e-21)
(0.988507 0.0100776 -5.90078e-21)
(0.9912 0.0080257 1.05854e-20)
(0.993663 0.00627645 -7.92338e-21)
(0.995637 0.00484414 -5.52443e-21)
(0.997353 0.00351409 1.41172e-20)
(0.99859 0.00246136 8.38441e-21)
(0.99954 0.00143361 -3.25306e-21)
(0.99996 0.000519084 -8.63033e-21)
(0.9087 0.15158 1.68616e-20)
(0.912126 0.129537 7.62523e-20)
(0.916275 0.118172 -1.75165e-20)
(0.921553 0.102092 -1.6724e-20)
(0.926523 0.0912711 -1.74455e-21)
(0.932388 0.0788658 3.84196e-20)
(0.937795 0.0695797 -4.31394e-20)
(0.943724 0.0598692 3.5702e-20)
(0.949153 0.0522426 -2.29875e-20)
(0.954808 0.0446461 4.72972e-20)
(0.959945 0.0385444 -4.59284e-20)
(0.965106 0.0326346 -1.20486e-20)
(0.969743 0.027843 6.6205e-22)
(0.97428 0.0232805 8.34666e-21)
(0.978297 0.0195767 -8.75328e-21)
(0.98214 0.0160876 -1.11511e-20)
(0.985478 0.0132653 8.85287e-21)
(0.988613 0.0106201 -5.42693e-21)
(0.991263 0.00845593 -8.0894e-22)
(0.993699 0.00660591 9.61275e-21)
(0.995666 0.0051063 -8.12003e-21)
(0.997372 0.00370911 3.59985e-21)
(0.998598 0.00259739 4.99916e-21)
(0.999544 0.00151316 1.12122e-20)
(0.99996 0.000545995 -3.37757e-21)
(0.914302 0.15667 5.04108e-23)
(0.916756 0.134026 -2.69657e-20)
(0.920059 0.122505 3.09396e-20)
(0.924673 0.105957 -4.86643e-20)
(0.929021 0.0948623 9.77594e-20)
(0.93443 0.0820607 -5.28832e-20)
(0.93941 0.0724689 -3.22432e-21)
(0.945031 0.0624178 -2.6091e-20)
(0.950178 0.0545024 -1.26097e-21)
(0.95563 0.0466179 -1.01673e-20)
(0.960583 0.0402659 2.90324e-20)
(0.965613 0.0341191 8.22463e-21)
(0.970133 0.0291212 -2.06429e-21)
(0.974586 0.024369 -9.20224e-23)
(0.978529 0.0205008 8.67653e-21)
(0.982321 0.0168637 -8.61656e-21)
(0.985612 0.0139149 1.03446e-20)
(0.988716 0.0111624 -1.83949e-21)
(0.991333 0.00895818 7.10407e-21)
(0.993748 0.0069005 -1.0257e-20)
(0.995695 0.00536441 2.41078e-21)
(0.997393 0.00390281 -2.47407e-21)
(0.998607 0.00273254 2.97869e-22)
(0.999549 0.0015923 -4.76732e-21)
(0.999959 0.000572694 -1.4481e-21)
(0.920139 0.16155 -4.17223e-20)
(0.921586 0.138323 5.36509e-20)
(0.924008 0.126702 -2.70801e-20)
(0.927938 0.10972 9.55812e-21)
(0.931635 0.0983774 -2.84499e-20)
(0.936573 0.0852051 -3.01894e-20)
(0.941108 0.0753191 6.18105e-20)
(0.946408 0.0649421 -2.17957e-20)
(0.95126 0.0567431 -6.47027e-21)
(0.956498 0.048578 -1.86595e-21)
(0.96126 0.0419778 1.56757e-20)
(0.966151 0.0355976 1.09181e-20)
(0.970547 0.0303941 -2.09022e-20)
(0.974913 0.0254537 -1.62198e-21)
(0.978777 0.0214213 1.18204e-20)
(0.982514 0.0176365 9.98406e-21)
(0.985755 0.0145606 -1.1588e-20)
(0.988825 0.0116963 2.87722e-21)
(0.991414 0.00939642 -2.31651e-21)
(0.993802 0.00724137 9.58433e-22)
(0.995722 0.00560633 -1.48181e-21)
(0.997414 0.00409487 -1.81606e-20)
(0.998617 0.00286673 -5.9676e-22)
(0.999554 0.00167097 -2.59977e-21)
(0.999959 0.000599165 -9.94216e-21)
(0.926227 0.166219 5.59016e-20)
(0.92663 0.142413 8.29771e-21)
(0.928131 0.130753 -2.36544e-20)
(0.931361 0.113373 -3.43423e-20)
(0.934377 0.101809 -1.8801e-20)
(0.938827 0.0882947 5.35068e-20)
(0.942899 0.0781258 -2.11764e-20)
(0.947863 0.0674389 -2.79362e-20)
(0.952408 0.0589618 3.75643e-20)
(0.957421 0.0505237 1.37316e-20)
(0.961981 0.0436779 -3.87436e-20)
(0.966726 0.0370677 4.98655e-20)
(0.970991 0.0316598 -2.01596e-20)
(0.975263 0.0265328 7.24184e-21)
(0.979043 0.0223365 -3.1302e-21)
(0.982722 0.018405 -1.08207e-20)
(0.985909 0.0152019 9.24521e-21)
(0.988943 0.0122255 -9.1172e-21)
(0.991497 0.00982936 1.38676e-20)
(0.993863 0.00762144 2.06983e-21)
(0.995758 0.00585976 -1.39132e-21)
(0.997436 0.00428107 6.22983e-21)
(0.998628 0.00299959 -4.89835e-21)
(0.999559 0.0017491 -2.78215e-21)
(0.999959 0.000625388 9.78836e-21)
(0.932605 0.170687 7.75279e-20)
(0.93192 0.146284 -3.90132e-20)
(0.932448 0.134648 5.34711e-20)
(0.934962 0.116909 -2.34109e-20)
(0.937267 0.105144 1.7418e-20)
(0.941211 0.0913193 -3.17139e-20)
(0.944801 0.0808779 5.58583e-20)
(0.949413 0.0698975 -6.48014e-20)
(0.953635 0.0611485 6.47715e-21)
(0.95841 0.0524459 9.16507e-21)
(0.962757 0.0453581 2.11569e-20)
(0.967346 0.0385227 -1.17907e-21)
(0.971472 0.0329125 -2.58289e-20)
(0.975643 0.0276017 3.18726e-21)
(0.979332 0.0232428 -7.05439e-21)
(0.982949 0.0191662 1.11968e-20)
(0.986077 0.0158365 -7.41544e-21)
(0.989071 0.0127488 -9.41778e-21)
(0.991587 0.0102563 5.28681e-21)
(0.99393 0.00796685 -2.89076e-21)
(0.995798 0.00613636 -1.16934e-21)
(0.997461 0.00446349 -5.40427e-21)
(0.998639 0.00312948 2.04565e-21)
(0.999565 0.00182664 1.95774e-22)
(0.999959 0.000651359 -1.65932e-22)
(0.939332 0.175066 2.31871e-20)
(0.937514 0.149985 -8.7214e-20)
(0.936996 0.138413 3.12674e-20)
(0.938782 0.120364 -4.5097e-20)
(0.940341 0.108414 4.36691e-20)
(0.943758 0.0943115 2.13047e-21)
(0.946842 0.0836049 -2.85116e-21)
(0.951082 0.072345 -1.75639e-21)
(0.954962 0.0633279 -1.63515e-20)
(0.959484 0.0543665 3.43618e-20)
(0.963602 0.0470381 -4.50165e-20)
(0.968023 0.0399795 2.41622e-21)
(0.971998 0.034167 2.73314e-21)
(0.976061 0.028673 3.29976e-20)
(0.979651 0.0241509 -3.36414e-20)
(0.983198 0.0199289 8.77947e-21)
(0.986263 0.0164716 -2.89364e-21)
(0.989213 0.0132719 3.60754e-21)
(0.991686 0.0106815 -1.88015e-21)
(0.994002 0.00830536 -4.55139e-21)
(0.995844 0.00640669 4.24839e-21)
(0.99749 0.00465891 7.85906e-21)
(0.998651 0.00325726 -2.45797e-21)
(0.999571 0.00190361 -3.28791e-21)
(0.999958 0.000677143 2.88462e-21)
(0.946489 0.179339 5.32405e-20)
(0.943544 0.15346 4.26141e-20)
(0.941851 0.142 -8.12841e-20)
(0.942894 0.123801 1.46832e-20)
(0.943662 0.111696 -4.50551e-20)
(0.946526 0.0973764 3.44075e-20)
(0.949071 0.0864151 -6.00804e-21)
(0.952916 0.0748927 4.05434e-20)
(0.956425 0.0656043 -9.45808e-21)
(0.960675 0.0563827 1.46135e-20)
(0.964542 0.0488036 -4.00444e-20)
(0.96878 0.0415135 9.43622e-21)
(0.972587 0.0354866 3.80938e-20)
(0.976531 0.0297996 -4.58794e-21)
(0.980009 0.0251032 -1.41775e-20)
(0.98348 0.0207272 -7.52902e-21)
(0.986472 0.0171334 -2.48183e-21)
(0.989374 0.0138148 -8.82193e-21)
(0.991799 0.0111201 1.03319e-20)
(0.994084 0.00865322 -4.29201e-21)
(0.995895 0.00667622 6.04003e-21)
(0.997523 0.00486455 -3.84105e-21)
(0.998666 0.00339246 9.24745e-21)
(0.999577 0.00198054 7.38222e-21)
(0.999958 0.000702781 -2.68954e-21)
(0.954221 0.18229 -1.78371e-20)
(0.950249 0.15591 -6.42416e-21)
(0.947127 0.144681 -1.41385e-20)
(0.947408 0.126614 -3.63496e-21)
(0.947334 0.114444 6.30656e-20)
(0.949613 0.100041 -2.36669e-20)
(0.951571 0.0888966 -1.74349e-20)
(0.954988 0.0771833 3.14372e-20)
(0.958085 0.0676694 8.75672e-21)
(0.962035 0.0582295 3.05785e-21)
(0.965617 0.0504287 -1.2317e-20)
(0.969652 0.0429331 -1.13085e-20)
(0.973266 0.0367109 -3.55025e-22)
(0.977074 0.030848 1.75872e-20)
(0.980425 0.0259905 -3.79692e-20)
(0.983808 0.0214723 1.15688e-20)
(0.986716 0.0177516 6.2762e-21)
(0.989561 0.0143226 6.76126e-21)
(0.991931 0.0115307 -3.82096e-21)
(0.99418 0.00897968 -4.12529e-21)
(0.995956 0.00692837 -9.12189e-22)
(0.997563 0.00505357 3.52661e-21)
(0.998684 0.00352544 -1.74948e-21)
(0.999585 0.00205567 -3.38205e-21)
(0.999958 0.000727637 4.48099e-22)
)
;

boundaryField
{
    inlet
    {
        type            uniformFixedValue;
        uniformValue    constant (1 0 0);
        value           uniform (1 0 0);
    }
    outlet
    {
        type            pressureInletOutletVelocity;
        value           nonuniform 0();
    }
    cylinder
    {
        type            fixedValue;
        value           uniform (0 0 0);
    }
    top
    {
        type            symmetryPlane;
    }
    bottom
    {
        type            symmetryPlane;
    }
    defaultFaces
    {
        type            empty;
    }
    procBoundary8to4
    {
        type            processor;
        value           nonuniform List<vector> 
51
(
(0.00640746 0.00327115 -2.26847e-20)
(0.0350111 0.00702176 1.51685e-20)
(0.0860522 0.00866839 -4.87936e-21)
(0.143765 0.00901117 2.12016e-20)
(0.202521 0.00863008 2.31433e-20)
(0.259376 0.00792539 -7.42106e-21)
(0.259376 0.00792539 -7.42106e-21)
(0.31313 -0.023979 5.09491e-21)
(0.362988 -0.0225145 -3.55071e-20)
(0.409278 -0.0210944 4.01671e-21)
(0.452231 -0.019759 -5.35344e-21)
(0.492101 -0.0185126 -1.76916e-20)
(0.529126 -0.0173503 -1.66196e-20)
(0.563525 -0.0162657 9.99395e-21)
(0.595501 -0.0152529 1.18203e-20)
(0.625238 -0.0143063 3.28498e-22)
(0.652906 -0.0134209 1.39353e-20)
(0.67866 -0.0125923 -1.03939e-20)
(0.702643 -0.0118165 -1.67604e-20)
(0.724986 -0.0110896 5.80681e-21)
(0.745808 -0.0104082 -2.56483e-20)
(0.76522 -0.00976964 -1.59375e-21)
(0.783324 -0.00917156 1.83252e-21)
(0.800217 -0.0086108 -3.89102e-21)
(0.815989 -0.00808054 -7.49264e-21)
(0.830706 -0.00757884 -4.501e-21)
(0.845719 -0.00708806 -3.13629e-21)
(0.860671 -0.00630443 1.61304e-21)
(0.874526 -0.00578499 5.61933e-22)
(0.88745 -0.00519823 -2.79479e-22)
(0.899314 -0.00475117 3.40498e-22)
(0.910371 -0.0042974 -1.0112e-21)
(0.920469 -0.00393441 2.05787e-21)
(0.929848 -0.00358735 -8.57812e-22)
(0.938373 -0.00330595 1.74067e-21)
(0.946251 -0.00303901 -1.58704e-21)
(0.953386 -0.00281874 -5.19487e-22)
(0.959948 -0.00262356 -6.19527e-22)
(0.965853 -0.00246116 1.09491e-21)
(0.971252 -0.00230596 -8.25961e-22)
(0.976072 -0.00217974 -3.77737e-22)
(0.980434 -0.00205287 1.62716e-23)
(0.984278 -0.00193317 5.77113e-22)
(0.987716 -0.00179032 2.80089e-22)
(0.990678 -0.00162578 1.56768e-22)
(0.993261 -0.00142991 3.12265e-23)
(0.9954 -0.00120777 -3.1864e-22)
(0.997185 -0.000951108 -8.27988e-22)
(0.998527 -0.000670994 -4.22369e-22)
(0.999504 -0.000379012 -2.69528e-22)
(0.999972 -0.000105139 8.58091e-22)
)
;
    }
    procBoundary8to9
    {
        type            processor;
        value           nonuniform List<vector> 
29
(
(1.15355 0.265119 3.15879e-20)
(1.14731 0.252343 -6.30171e-20)
(1.16859 0.311681 4.66944e-20)
(1.16008 0.296939 5.28407e-21)
(1.15249 0.28272 -1.37703e-20)
(1.15249 0.28272 -1.37703e-20)
(1.19013 0.366229 8.00577e-20)
(1.17888 0.349248 1.6816e-20)
(1.16869 0.332786 -1.2566e-20)
(1.16869 0.332786 -1.2566e-20)
(1.20364 0.409878 1.82242e-19)
(1.19145 0.391591 -6.77817e-20)
(1.19145 0.391591 -6.77817e-20)
(1.2108 0.453782 -2.44324e-19)
(1.20335 0.437529 -8.60921e-20)
(1.20335 0.437529 -8.60921e-20)
(1.18249 0.480902 -2.14059e-19)
(1.19925 0.478288 1.46773e-19)
(1.19925 0.478288 1.46773e-19)
(1.13342 0.486224 7.66987e-20)
(1.13342 0.486224 7.66987e-20)
(0.923334 0.412041 -4.58132e-22)
(1.05132 0.473267 3.78376e-20)
(1.05132 0.473267 3.78376e-20)
(0.492816 0.216922 2.11493e-19)
(0.740754 0.340595 -1.02825e-19)
(0.740754 0.340595 -1.02825e-19)
(0.188742 0.0843827 2.40245e-20)
(0.188742 0.0843827 2.40245e-20)
)
;
    }
    procBoundary8to12
    {
        type            processor;
        value           nonuniform List<vector> 
55
(
(1.13456 0.243189 -6.35904e-21)
(1.12713 0.246166 7.47113e-22)
(1.11951 0.248959 -1.07008e-20)
(1.11168 0.251555 9.43338e-21)
(1.10367 0.253942 -1.82991e-20)
(1.10367 0.253942 -1.82991e-20)
(1.09257 0.242433 9.19248e-21)
(1.08461 0.24409 -1.57066e-20)
(1.0765 0.245512 8.06806e-21)
(1.06824 0.246689 -7.1929e-21)
(1.06824 0.246689 -7.1929e-21)
(1.0591 0.233674 1.14995e-20)
(1.05106 0.234167 -1.36749e-20)
(1.04292 0.234402 1.03198e-20)
(1.04292 0.234402 1.03198e-20)
(1.03504 0.221468 -8.35744e-21)
(1.02721 0.221111 -4.14142e-20)
(1.01931 0.220487 -3.99219e-20)
(1.01931 0.220487 -3.99219e-20)
(1.01325 0.20696 -1.39997e-19)
(1.00593 0.205816 1.87218e-19)
(0.998599 0.204416 -1.6224e-19)
(0.998599 0.204416 -1.6224e-19)
(0.997543 0.18897 -2.60731e-20)
(0.990838 0.187684 -1.37872e-19)
(0.990838 0.187684 -1.37872e-19)
(0.990029 0.181862 1.17133e-20)
(0.990029 0.181862 1.17133e-20)
(0.98868 0.175806 3.44676e-20)
(0.981803 0.174753 -1.12466e-19)
(0.974992 0.172705 0)
(0.971272 0.15198 0)
(0.965132 0.143018 0)
(0.963398 0.125785 0)
(0.961068 0.115037 0)
(0.961507 0.100972 0)
(0.961628 0.0905606 0)
(0.963558 0.0789949 0)
(0.965206 0.069786 0)
(0.968013 0.060343 0)
(0.970501 0.052599 0)
(0.97369 0.0449974 0)
(0.976507 0.0386984 0)
(0.979709 0.032674 0)
(0.982494 0.0276767 0)
(0.985453 0.022977 0)
(0.987969 0.0190957 0)
(0.990525 0.0154883 0)
(0.992628 0.0125369 0)
(0.994684 0.00981897 0)
(0.996283 0.00761631 0)
(0.99777 0.00558448 0)
(0.998786 0.00391175 0)
(0.999627 0.00228989 0)
(0.999958 0.000808843 0)
)
;
    }
}


// ************************************************************************* //
