/*--------------------------------*- C++ -*----------------------------------*\
  =========                 |
  \\      /  F ield         | OpenFOAM: The Open Source CFD Toolbox
   \\    /   O peration     | Website:  https://openfoam.org
    \\  /    A nd           | Version:  7
     \\/     M anipulation  |
\*---------------------------------------------------------------------------*/
FoamFile
{
    version     2.0;
    format      ascii;
    class       volVectorField;
    location    "165";
    object      U;
}
// * * * * * * * * * * * * * * * * * * * * * * * * * * * * * * * * * * * * * //

dimensions      [0 1 -1 0 0 0 0];

internalField   nonuniform List<vector> 
1987
(
(1.17308 -0.277341 0)
(1.19111 -0.177534 0)
(1.19885 -0.0561612 0)
(1.19613 0.0688002 0)
(1.18216 0.176478 0)
(1.1577 0.253082 0)
(1.12574 0.296164 0)
(1.08997 0.312038 0)
(1.05334 0.309936 0)
(1.01793 0.297303 0)
(0.984917 0.278834 0)
(0.953997 0.257809 0)
(0.923665 0.236216 0)
(0.893475 0.213319 0)
(0.865418 0.185531 0)
(0.843303 0.149184 0)
(0.830121 0.103233 0)
(1.18069 -0.269122 0)
(1.19999 -0.172979 0)
(1.20909 -0.0552318 0)
(1.2072 0.0659578 0)
(1.19323 0.169977 0)
(1.16806 0.243622 0)
(1.13507 0.284919 0)
(1.09832 0.300152 0)
(1.06094 0.298245 0)
(1.02497 0.286333 0)
(0.991584 0.268734 0)
(0.960683 0.248316 0)
(0.930878 0.227001 0)
(0.901437 0.204547 0)
(0.87383 0.177999 0)
(0.851595 0.143872 0)
(0.837851 0.100743 0)
(0.834131 0.050333 0)
(0.840032 -0.0045055 0)
(0.854565 -0.0611172 0)
(0.876368 -0.118572 0)
(0.904226 -0.176125 0)
(0.936925 -0.232709 0)
(0.972977 -0.284647 0)
(1.01106 -0.32589 0)
(1.04871 -0.348245 0)
(1.08412 -0.343183 0)
(1.11333 -0.305124 0)
(1.13453 -0.232278 0)
(1.14446 -0.132063 0)
(1.14341 -0.0179412 0)
(1.12857 0.0895795 0)
(1.10383 0.177059 0)
(1.06981 0.234194 0)
(1.03451 0.262626 0)
(0.998453 0.26435 0)
(0.965246 0.250543 0)
(0.931575 0.227789 0)
(0.899531 0.198102 0)
(0.874701 0.161427 0)
(0.858806 0.104684 0)
(0.859727 0.0433164 0)
(0.868208 -0.0418436 0)
(0.891047 -0.111704 0)
(0.915371 -0.196898 0)
(0.947553 -0.250411 0)
(0.975677 -0.297477 0)
(1.00617 -0.311515 0)
(1.02553 -0.275216 0)
(1.04634 -0.226501 0)
(1.05373 -0.0992144 0)
(1.05438 -0.0185328 0)
(1.04991 0.115299 0)
(1.02027 0.14791 0)
(1.01623 0.210867 0)
(0.959989 0.192131 0)
(1.18642 -0.260057 0)
(1.2071 -0.167699 0)
(1.21771 -0.0538611 0)
(1.2168 0.0631799 0)
(1.20297 0.163138 0)
(1.17729 0.233551 0)
(1.14349 0.272959 0)
(1.10598 0.287578 0)
(1.06807 0.285946 0)
(1.03174 0.27484 0)
(0.99813 0.258228 0)
(0.967313 0.238575 0)
(0.93807 0.217665 0)
(0.909462 0.195664 0)
(0.882442 0.170262 0)
(0.860188 0.138266 0)
(0.845879 0.097962 0)
(0.841374 0.0505348 0)
(0.846526 -0.001567 0)
(0.860476 -0.0558361 0)
(0.88194 -0.111356 0)
(0.909802 -0.167355 0)
(0.942975 -0.222767 0)
(0.980013 -0.273972 0)
(1.01959 -0.315001 0)
(1.05917 -0.337827 0)
(1.09672 -0.334031 0)
(1.12796 -0.298127 0)
(1.15093 -0.22802 0)
(1.16206 -0.130943 0)
(1.16125 -0.0201204 0)
(1.14563 0.0843207 0)
(1.11949 0.169412 0)
(1.08374 0.225304 0)
(1.04669 0.253533 0)
(1.00908 0.255731 0)
(0.975051 0.242251 0)
(0.94113 0.219941 0)
(0.908872 0.191123 0)
(0.883406 0.156671 0)
(0.866512 0.102653 0)
(0.866805 0.044504 0)
(0.875111 -0.0383702 0)
(0.898641 -0.106253 0)
(0.923908 -0.190322 0)
(0.958 -0.243782 0)
(0.987654 -0.290392 0)
(1.02098 -0.30634 0)
(1.04195 -0.270264 0)
(1.0651 -0.223782 0)
(1.07374 -0.0983027 0)
(1.07446 -0.018962 0)
(1.06941 0.111432 0)
(1.03687 0.144678 0)
(1.03174 0.204514 0)
(0.973232 0.18657 0)
(1.19011 -0.250206 0)
(1.21227 -0.161683 0)
(1.22454 -0.0519608 0)
(1.22477 0.0605384 0)
(1.21124 0.156021 0)
(1.18524 0.222917 0)
(1.15085 0.260326 0)
(1.11283 0.274361 0)
(1.07462 0.273086 0)
(1.03816 0.262865 0)
(1.0045 0.247338 0)
(0.973852 0.228597 0)
(0.9452 0.20823 0)
(0.917498 0.18671 0)
(0.891206 0.162359 0)
(0.869065 0.132378 0)
(0.854225 0.0948636 0)
(0.848854 0.050488 0)
(0.853124 0.00124943 0)
(0.86635 -0.0505269 0)
(0.887348 -0.103952 0)
(0.915089 -0.158222 0)
(0.948601 -0.212278 0)
(0.986479 -0.262584 0)
(1.02741 -0.303255 0)
(1.06882 -0.326478 0)
(1.10839 -0.323974 0)
(1.1416 -0.290338 0)
(1.16636 -0.223189 0)
(1.17871 -0.129586 0)
(1.17813 -0.0224558 0)
(1.16176 0.0785902 0)
(1.13436 0.161096 0)
(1.09709 0.215663 0)
(1.05851 0.243706 0)
(1.01952 0.246512 0)
(0.984748 0.233531 0)
(0.950679 0.211772 0)
(0.918378 0.183796 0)
(0.892385 0.151555 0)
(0.874484 0.100333 0)
(0.873992 0.0456274 0)
(0.881974 -0.034728 0)
(0.906097 -0.100428 0)
(0.932243 -0.183164 0)
(0.968329 -0.236541 0)
(0.999487 -0.282531 0)
(1.03575 -0.30049 0)
(1.05834 -0.264698 0)
(1.08388 -0.22055 0)
(1.09381 -0.0972469 0)
(1.0946 -0.0194402 0)
(1.08901 0.107058 0)
(1.05358 0.140884 0)
(1.0472 0.197625 0)
(0.986538 0.180554 0)
(1.19162 -0.239554 0)
(1.21539 -0.15481 0)
(1.22952 -0.0494135 0)
(1.23102 0.0581101 0)
(1.21791 0.148677 0)
(1.19175 0.211769 0)
(1.15704 0.247079 0)
(1.11877 0.260561 0)
(1.08052 0.259725 0)
(1.04417 0.250463 0)
(1.01065 0.2361 0)
(0.980264 0.218401 0)
(0.952231 0.198718 0)
(0.925489 0.177726 0)
(0.900065 0.154337 0)
(0.878198 0.126226 0)
(0.862901 0.091424 0)
(0.856609 0.0501398 0)
(0.859856 0.00388843 0)
(0.872195 -0.0452369 0)
(0.892567 -0.0963926 0)
(0.920031 -0.148749 0)
(0.953706 -0.201255 0)
(0.99224 -0.250478 0)
(1.03437 -0.290629 0)
(1.07744 -0.31417 0)
(1.11887 -0.31298 0)
(1.15398 -0.281728 0)
(1.18051 -0.217761 0)
(1.19404 -0.127978 0)
(1.19368 -0.0249388 0)
(1.17664 0.0723932 0)
(1.14816 0.152126 0)
(1.10964 0.205293 0)
(1.06982 0.23316 0)
(1.02964 0.236697 0)
(0.994254 0.224392 0)
(0.960147 0.203304 0)
(0.927988 0.176147 0)
(0.901607 0.146076 0)
(0.88273 0.0976884 0)
(0.881288 0.0466374 0)
(0.888762 -0.030939 0)
(0.913347 -0.0942339 0)
(0.940259 -0.175386 0)
(0.978408 -0.228642 0)
(1.01101 -0.273841 0)
(1.05029 -0.293901 0)
(1.07452 -0.258484 0)
(1.10245 -0.216761 0)
(1.11371 -0.0960346 0)
(1.11456 -0.0199645 0)
(1.10847 0.102162 0)
(1.07022 0.136471 0)
(1.06245 0.190174 0)
(0.999788 0.174066 0)
(1.19091 -0.228007 0)
(1.21652 -0.14694 0)
(1.23269 -0.0461129 0)
(1.23551 0.0559537 0)
(1.22287 0.141147 0)
(1.19672 0.200164 0)
(1.16193 0.233291 0)
(1.12371 0.246258 0)
(1.08569 0.245939 0)
(1.04969 0.237698 0)
(1.01652 0.224557 0)
(0.986513 0.208006 0)
(0.959128 0.189147 0)
(0.93338 0.168753 0)
(0.908949 0.14625 0)
(0.88754 0.119845 0)
(0.871909 0.0876321 0)
(0.864677 0.0494384 0)
(0.866767 0.0062809 0)
(0.878034 -0.040032 0)
(0.897588 -0.0887332 0)
(0.924578 -0.13898 0)
(0.958193 -0.189732 0)
(0.997166 -0.237671 0)
(1.04028 -0.277128 0)
(1.0848 -0.300904 0)
(1.12788 -0.30104 0)
(1.16477 -0.27227 0)
(1.193 -0.211704 0)
(1.20767 -0.126102 0)
(1.20754 -0.0275563 0)
(1.18994 0.0657465 0)
(1.1606 0.142536 0)
(1.12116 0.194241 0)
(1.08045 0.221934 0)
(1.03935 0.226305 0)
(1.00349 0.214848 0)
(0.96945 0.194567 0)
(0.937632 0.168209 0)
(0.911034 0.140239 0)
(0.891257 0.0946875 0)
(0.888708 0.047474 0)
(0.895448 -0.0270397 0)
(0.92032 -0.0876902 0)
(0.94783 -0.16696 0)
(0.988087 -0.220047 0)
(1.02204 -0.264278 0)
(1.06437 -0.286511 0)
(1.09024 -0.251591 0)
(1.12056 -0.212368 0)
(1.13314 -0.094652 0)
(1.13404 -0.0205337 0)
(1.12752 0.0967374 0)
(1.08658 0.131388 0)
(1.07729 0.182137 0)
(1.01284 0.1671 0)
(1.18817 -0.215433 0)
(1.2159 -0.137925 0)
(1.2342 -0.0419729 0)
(1.23828 0.0540979 0)
(1.22607 0.133458 0)
(1.20003 0.18816 0)
(1.16543 0.219048 0)
(1.12757 0.231543 0)
(1.09007 0.231817 0)
(1.05467 0.224649 0)
(1.02206 0.212766 0)
(0.992568 0.19744 0)
(0.965862 0.179535 0)
(0.941121 0.159829 0)
(0.917785 0.13816 0)
(0.897027 0.113288 0)
(0.881233 0.0834943 0)
(0.873099 0.0483377 0)
(0.87392 0.00834573 0)
(0.883918 -0.034995 0)
(0.902422 -0.0810494 0)
(0.928692 -0.128985 0)
(0.961982 -0.177767 0)
(1.00114 -0.224207 0)
(1.04497 -0.262786 0)
(1.09065 -0.286703 0)
(1.13515 -0.288158 0)
(1.17368 -0.261943 0)
(1.2035 -0.205 0)
(1.2192 -0.123944 0)
(1.2193 -0.030306 0)
(1.2013 0.0586819 0)
(1.17139 0.132381 0)
(1.13142 0.182574 0)
(1.09021 0.210088 0)
(1.04851 0.215372 0)
(1.01236 0.204921 0)
(0.978508 0.185594 0)
(0.947232 0.160027 0)
(0.920614 0.134063 0)
(0.900063 0.0913046 0)
(0.896272 0.0480671 0)
(0.90202 -0.0230813 0)
(0.926962 -0.0808341 0)
(0.95483 -0.157872 0)
(0.997196 -0.210723 0)
(1.03236 -0.253811 0)
(1.07775 -0.278261 0)
(1.10525 -0.243988 0)
(1.13793 -0.20733 0)
(1.15182 -0.0930906 0)
(1.15273 -0.0211473 0)
(1.14582 0.0907863 0)
(1.1024 0.125592 0)
(1.09151 0.173503 0)
(1.02555 0.159656 0)
(1.18391 -0.201655 0)
(1.21401 -0.127622 0)
(1.23434 -0.0369612 0)
(1.2394 0.0525153 0)
(1.22746 0.125607 0)
(1.20164 0.175816 0)
(1.16749 0.204451 0)
(1.1303 0.216529 0)
(1.09361 0.217458 0)
(1.05906 0.211403 0)
(1.02723 0.200794 0)
(0.998394 0.18674 0)
(0.972411 0.169899 0)
(0.948669 0.150985 0)
(0.926495 0.130128 0)
(0.906577 0.106621 0)
(0.890837 0.079039 0)
(0.881904 0.0468043 0)
(0.881387 0.0100101 0)
(0.889919 -0.0302237 0)
(0.907108 -0.0734404 0)
(0.932363 -0.118856 0)
(0.965017 -0.16544 0)
(1.00405 -0.210153 0)
(1.04827 -0.247665 0)
(1.09478 -0.271615 0)
(1.1404 -0.274349 0)
(1.18038 -0.250745 0)
(1.21161 -0.197645 0)
(1.22824 -0.121503 0)
(1.22857 -0.0331525 0)
(1.21037 0.0512576 0)
(1.18027 0.121747 0)
(1.14021 0.17039 0)
(1.09896 0.197705 0)
(1.05701 0.203951 0)
(1.0208 0.194643 0)
(0.987239 0.176424 0)
(0.956704 0.151653 0)
(0.930283 0.127578 0)
(0.909139 0.0875251 0)
(0.904014 0.0483398 0)
(0.908486 -0.0191308 0)
(0.933235 -0.0737236 0)
(0.961141 -0.148128 0)
(1.00555 -0.200649 0)
(1.04175 -0.24242 0)
(1.09015 -0.269092 0)
(1.11924 -0.23565 0)
(1.15423 -0.20161 0)
(1.1694 -0.0913394 0)
(1.17026 -0.0218347 0)
(1.16301 0.0843196 0)
(1.1174 0.119053 0)
(1.10488 0.164266 0)
(1.03774 0.151743 0)
(1.17906 -0.186464 0)
(1.21154 -0.115962 0)
(1.23344 -0.031161 0)
(1.23895 0.0510952 0)
(1.22703 0.117562 0)
(1.20148 0.163193 0)
(1.16805 0.18962 0)
(1.13188 0.201343 0)
(1.09629 0.202977 0)
(1.06283 0.198056 0)
(1.03198 0.188716 0)
(1.00396 0.17595 0)
(0.978755 0.160258 0)
(0.955992 0.142244 0)
(0.935008 0.122215 0)
(0.916091 0.0999248 0)
(0.900651 0.07432 0)
(0.891098 0.0448282 0)
(0.889245 0.0112005 0)
(0.896138 -0.0258304 0)
(0.911718 -0.0660304 0)
(0.93562 -0.108713 0)
(0.967282 -0.152859 0)
(1.00584 -0.195607 0)
(1.05004 -0.231854 0)
(1.09698 -0.255708 0)
(1.1434 -0.259653 0)
(1.18456 -0.238695 0)
(1.21699 -0.189653 0)
(1.23439 -0.118779 0)
(1.23497 -0.0360528 0)
(1.21685 0.0435595 0)
(1.18699 0.110749 0)
(1.14734 0.157813 0)
(1.10654 0.184895 0)
(1.06475 0.192115 0)
(1.02872 0.184055 0)
(0.995572 0.167097 0)
(0.96596 0.143149 0)
(0.939962 0.12083 0)
(0.918461 0.0833506 0)
(0.911972 0.0482125 0)
(0.914879 -0.0152712 0)
(0.93913 -0.0664409 0)
(0.966664 -0.137761 0)
(1.01297 -0.189816 0)
(1.04995 -0.230104 0)
(1.10125 -0.258952 0)
(1.1319 -0.226553 0)
(1.1691 -0.195174 0)
(1.18552 -0.0893972 0)
(1.18624 -0.0226101 0)
(1.1787 0.077362 0)
(1.13126 0.111761 0)
(1.11714 0.154439 0)
(1.04924 0.143387 0)
(1.1749 -0.16973 0)
(1.20925 -0.103068 0)
(1.23175 -0.0248346 0)
(1.23693 0.0496305 0)
(1.22473 0.109264 0)
(1.19955 0.150363 0)
(1.16714 0.174689 0)
(1.13231 0.186128 0)
(1.09811 0.188494 0)
(1.06596 0.184709 0)
(1.03628 0.176615 0)
(1.00923 0.165123 0)
(0.984875 0.150631 0)
(0.96307 0.133623 0)
(0.943261 0.114467 0)
(0.925464 0.0932845 0)
(0.910578 0.069417 0)
(0.900654 0.0424305 0)
(0.897558 0.0118525 0)
(0.90269 -0.0219356 0)
(0.91637 -0.0589671 0)
(0.938548 -0.0987061 0)
(0.96881 -0.140163 0)
(1.00646 -0.1807 0)
(1.05018 -0.215477 0)
(1.0971 -0.239078 0)
(1.14394 -0.244134 0)
(1.18599 -0.225834 0)
(1.21931 -0.181063 0)
(1.23727 -0.115774 0)
(1.23816 -0.0389808 0)
(1.22047 0.0356985 0)
(1.19136 0.0995379 0)
(1.15268 0.144999 0)
(1.11284 0.171792 0)
(1.07164 0.179958 0)
(1.03607 0.173208 0)
(1.00344 0.157656 0)
(0.974911 0.134581 0)
(0.949563 0.11388 0)
(0.927983 0.0788032 0)
(0.920188 0.0476106 0)
(0.921263 -0.0115999 0)
(0.944678 -0.0590962 0)
(0.971332 -0.12684 0)
(1.01925 -0.178239 0)
(1.05671 -0.216885 0)
(1.11071 -0.247797 0)
(1.14286 -0.216679 0)
(1.18215 -0.187998 0)
(1.19976 -0.0872584 0)
(1.20024 -0.0234668 0)
(1.19246 0.0699557 0)
(1.14366 0.10373 0)
(1.12805 0.144053 0)
(1.05987 0.134625 0)
(1.17266 -0.151596 0)
(1.20757 -0.0893742 0)
(1.22929 -0.0184482 0)
(1.23326 0.0478391 0)
(1.22052 0.100657 0)
(1.19586 0.137422 0)
(1.16479 0.159816 0)
(1.13164 0.171039 0)
(1.0991 0.17414 0)
(1.06846 0.171465 0)
(1.04011 0.164575 0)
(1.01417 0.15432 0)
(0.990755 0.141045 0)
(0.969892 0.12513 0)
(0.951212 0.10692 0)
(0.934595 0.0867821 0)
(0.920492 0.0644304 0)
(0.910501 0.0396677 0)
(0.906354 0.0119416 0)
(0.9097 -0.0186517 0)
(0.921228 -0.0524147 0)
(0.9413 -0.0890139 0)
(0.969705 -0.127531 0)
(1.00595 -0.165607 0)
(1.04865 -0.198696 0)
(1.09506 -0.221855 0)
(1.14191 -0.227885 0)
(1.18446 -0.212241 0)
(1.2183 -0.171935 0)
(1.2366 -0.112499 0)
(1.23789 -0.0418422 0)
(1.22104 0.0278354 0)
(1.19326 0.088303 0)
(1.15614 0.13213 0)
(1.11778 0.15855 0)
(1.0776 0.167589 0)
(1.04279 0.162167 0)
(1.0108 0.148144 0)
(0.983474 0.126016 0)
(0.958987 0.106797 0)
(0.937638 0.0739292 0)
(0.928695 0.0464747 0)
(0.92773 -0.00822297 0)
(0.949952 -0.0518276 0)
(0.975137 -0.115479 0)
(1.02426 -0.165968 0)
(1.06179 -0.202817 0)
(1.11819 -0.235601 0)
(1.15176 -0.206018 0)
(1.19295 -0.18007 0)
(1.21168 -0.0849189 0)
(1.21183 -0.024423 0)
(1.20385 0.0621577 0)
(1.15426 0.0950044 0)
(1.13735 0.133162 0)
(1.06947 0.125515 0)
(1.17282 -0.132661 0)
(1.20634 -0.0756446 0)
(1.2257 -0.0126029 0)
(1.22772 0.0454396 0)
(1.21439 0.0917327 0)
(1.19052 0.124505 0)
(1.16112 0.145177 0)
(1.12994 0.15624 0)
(1.0993 0.160042 0)
(1.07034 0.158425 0)
(1.04345 0.152682 0)
(1.01876 0.143608 0)
(0.996372 0.131535 0)
(0.976454 0.11677 0)
(0.958835 0.0995904 0)
(0.943394 0.0804862 0)
(0.930248 0.0594716 0)
(0.92051 0.036635 0)
(0.915607 0.0114803 0)
(0.917271 -0.0160662 0)
(0.926494 -0.0465398 0)
(0.944106 -0.0798434 0)
(0.970166 -0.115185 0)
(1.00444 -0.150549 0)
(1.04553 -0.181712 0)
(1.09089 -0.204197 0)
(1.13728 -0.211034 0)
(1.17986 -0.198035 0)
(1.21376 -0.162358 0)
(1.23217 -0.108958 0)
(1.23403 -0.0445012 0)
(1.21854 0.0201753 0)
(1.19271 0.0772666 0)
(1.15772 0.119409 0)
(1.12132 0.14534 0)
(1.08259 0.155131 0)
(1.04883 0.151003 0)
(1.01762 0.138602 0)
(0.991575 0.117519 0)
(0.968132 0.0996616 0)
(0.947332 0.0688014 0)
(0.937503 0.0447713 0)
(0.934389 -0.00524749 0)
(0.955073 -0.0447987 0)
(0.97814 -0.103847 0)
(1.02787 -0.153095 0)
(1.06497 -0.187994 0)
(1.12335 -0.222358 0)
(1.15821 -0.194569 0)
(1.20107 -0.171385 0)
(1.22082 -0.0823822 0)
(1.22056 -0.0255219 0)
(1.21247 0.0540394 0)
(1.16274 0.0856674 0)
(1.14483 0.121851 0)
(1.07789 0.116131 0)
(1.17455 -0.113959 0)
(1.2046 -0.0628431 0)
(1.22036 -0.00790123 0)
(1.22012 0.042252 0)
(1.20639 0.0825719 0)
(1.18368 0.111796 0)
(1.15628 0.130962 0)
(1.12733 0.141892 0)
(1.09878 0.146329 0)
(1.07164 0.145686 0)
(1.04632 0.141017 0)
(1.02297 0.133055 0)
(1.0017 0.122141 0)
(0.982752 0.108552 0)
(0.966127 0.0924799 0)
(0.951803 0.0744421 0)
(0.939705 0.0546478 0)
(0.930512 0.0334586 0)
(0.925217 0.0105448 0)
(0.92545 -0.0142133 0)
(0.932373 -0.041486 0)
(0.947265 -0.0714147 0)
(0.970503 -0.103385 0)
(1.00221 -0.135792 0)
(1.04105 -0.164766 0)
(1.0848 -0.186302 0)
(1.13019 -0.193757 0)
(1.17221 -0.183386 0)
(1.20563 -0.152451 0)
(1.22395 -0.105139 0)
(1.22664 -0.046811 0)
(1.2131 0.012957 0)
(1.18985 0.0666753 0)
(1.15752 0.107047 0)
(1.1235 0.132335 0)
(1.0866 0.142718 0)
(1.05417 0.139798 0)
(1.02387 0.129071 0)
(0.999154 0.109148 0)
(0.976898 0.0925555 0)
(0.956947 0.0635167 0)
(0.946591 0.042503 0)
(0.941354 -0.00276932 0)
(0.960203 -0.0381905 0)
(0.980487 -0.0921681 0)
(1.03005 -0.13977 0)
(1.06613 -0.17256 0)
(1.12591 -0.208099 0)
(1.16188 -0.182346 0)
(1.20607 -0.161971 0)
(1.22672 -0.0796436 0)
(1.22599 -0.0267713 0)
(1.21791 0.045704 0)
(1.1688 0.0758458 0)
(1.1503 0.110237 0)
(1.085 0.106567 0)
(1.17587 -0.0966522 0)
(1.20101 -0.051822 0)
(1.21271 -0.00467609 0)
(1.21041 0.0382972 0)
(1.19675 0.0733652 0)
(1.17561 0.0995123 0)
(1.1505 0.11736 0)
(1.12397 0.128145 0)
(1.09763 0.133113 0)
(1.0724 0.133334 0)
(1.04872 0.129653 0)
(1.02679 0.122729 0)
(1.00672 0.112915 0)
(0.988776 0.100489 0)
(0.973096 0.0855808 0)
(0.959796 0.0686676 0)
(0.948748 0.0500436 0)
(0.94031 0.0302764 0)
(0.935006 0.00926127 0)
(0.934197 -0.0130555 0)
(0.93902 -0.0373411 0)
(0.951105 -0.0639302 0)
(0.971148 -0.0924123 0)
(0.999714 -0.121637 0)
(1.0357 -0.148135 0)
(1.07721 -0.168418 0)
(1.12093 -0.176301 0)
(1.16164 -0.168528 0)
(1.19403 -0.142352 0)
(1.21216 -0.101001 0)
(1.21607 -0.0485751 0)
(1.20508 0.00644988 0)
(1.18495 0.056782 0)
(1.15571 0.0952488 0)
(1.12438 0.119703 0)
(1.08963 0.130481 0)
(1.05879 0.128643 0)
(1.02955 0.119591 0)
(1.00617 0.100952 0)
(0.985199 0.0855568 0)
(0.96635 0.0581898 0)
(0.955891 0.0397185 0)
(0.948718 -0.000858507 0)
(0.96552 -0.0321869 0)
(0.982411 -0.0807201 0)
(1.03088 -0.12621 0)
(1.06524 -0.156716 0)
(1.12567 -0.192902 0)
(1.16252 -0.169393 0)
(1.20756 -0.151874 0)
(1.22896 -0.0767057 0)
(1.22778 -0.0281553 0)
(1.21989 0.0372831 0)
(1.17223 0.0657142 0)
(1.15365 0.0984736 0)
(1.09073 0.0969356 0)
(1.17469 -0.0816071 0)
(1.19455 -0.0429896 0)
(1.20256 -0.00291226 0)
(1.19887 0.0338084 0)
(1.18587 0.0643841 0)
(1.16666 0.0878794 0)
(1.14403 0.104539 0)
(1.12001 0.115124 0)
(1.09595 0.120493 0)
(1.07268 0.121448 0)
(1.05068 0.118654 0)
(1.03021 0.112692 0)
(1.0114 0.103909 0)
(0.994508 0.0926068 0)
(0.979751 0.0788846 0)
(0.967375 0.0631554 0)
(0.957304 0.0457084 0)
(0.949722 0.0272135 0)
(0.94474 0.00778423 0)
(0.943354 -0.0124762 0)
(0.94648 -0.0341032 0)
(0.955917 -0.0575286 0)
(0.972609 -0.0825202 0)
(0.997612 -0.108393 0)
(1.03016 -0.132137 0)
(1.06875 -0.150867 0)
(1.10997 -0.159006 0)
(1.14854 -0.153753 0)
(1.1794 -0.132187 0)
(1.1974 -0.0964499 0)
(1.20297 -0.049555 0)
(1.19507 0.000917626 0)
(1.17845 0.0478161 0)
(1.15255 0.0841897 0)
(1.12411 0.107589 0)
(1.09173 0.118545 0)
(1.0627 0.117631 0)
(1.03468 0.110204 0)
(1.01261 0.0929663 0)
(0.992968 0.0787332 0)
(0.975398 0.0529439 0)
(0.965286 0.0365132 0)
(0.956521 0.000453376 0)
(0.971187 -0.0269545 0)
(0.984213 -0.0698182 0)
(1.03054 -0.112697 0)
(1.06247 -0.140722 0)
(1.12262 -0.176899 0)
(1.15999 -0.155794 0)
(1.2053 -0.141178 0)
(1.22723 -0.0735668 0)
(1.22569 -0.0296476 0)
(1.21823 0.0289405 0)
(1.17294 0.0554955 0)
(1.15486 0.0867509 0)
(1.09506 0.0873654 0)
(1.16988 -0.0691289 0)
(1.18507 -0.0362452 0)
(1.19033 -0.00230257 0)
(1.18608 0.0291415 0)
(1.17425 0.0559101 0)
(1.15721 0.0770861 0)
(1.13713 0.0926199 0)
(1.11562 0.102919 0)
(1.09384 0.108545 0)
(1.07254 0.110092 0)
(1.05224 0.108076 0)
(1.03323 0.102995 0)
(1.01572 0.0951739 0)
(0.999925 0.0849395 0)
(0.986093 0.0723902 0)
(0.974563 0.057883 0)
(0.965354 0.0416519 0)
(0.958613 0.0243641 0)
(0.954172 0.00628861 0)
(0.952662 -0.0122876 0)
(0.95464 -0.0316586 0)
(0.961854 -0.0522322 0)
(0.975359 -0.0738753 0)
(0.996639 -0.0963328 0)
(1.02531 -0.11712 0)
(1.06023 -0.134062 0)
(1.09802 -0.142299 0)
(1.13363 -0.139376 0)
(1.16262 -0.122034 0)
(1.18071 -0.0913434 0)
(1.18837 -0.049494 0)
(1.18385 -0.00340676 0)
(1.17085 0.0399476 0)
(1.14835 0.0739932 0)
(1.12282 0.0961063 0)
(1.09295 0.10702 0)
(1.06588 0.106857 0)
(1.03927 0.100954 0)
(1.01846 0.0852162 0)
(1.00016 0.0721358 0)
(0.983961 0.0478974 0)
(0.974609 0.033025 0)
(0.964732 0.00118621 0)
(0.977312 -0.0226189 0)
(0.986233 -0.0597848 0)
(1.02939 -0.0995622 0)
(1.05817 -0.124894 0)
(1.11698 -0.160301 0)
(1.15438 -0.141697 0)
(1.19918 -0.130015 0)
(1.22139 -0.0702326 0)
(1.21967 -0.0311673 0)
(1.21298 0.0208806 0)
(1.17096 0.0454561 0)
(1.15403 0.0752865 0)
(1.09802 0.0779949 0)
(1.1617 -0.0589939 0)
(1.17334 -0.0311451 0)
(1.17689 -0.00237853 0)
(1.17277 0.0246531 0)
(1.16243 0.0481635 0)
(1.14763 0.0672537 0)
(1.13004 0.0816755 0)
(1.11095 0.091584 0)
(1.09138 0.0973214 0)
(1.07203 0.0993169 0)
(1.05342 0.0979657 0)
(1.03588 0.0936831 0)
(1.01966 0.0867577 0)
(1.005 0.0775266 0)
(0.992112 0.066109 0)
(0.981382 0.0528276 0)
(0.972915 0.0378506 0)
(0.96692 0.0217678 0)
(0.963098 0.00491345 0)
(0.961812 -0.0122723 0)
(0.963224 -0.0297919 0)
(0.968849 -0.0479158 0)
(0.979664 -0.0665014 0)
(0.997388 -0.0856454 0)
(1.02195 -0.103434 0)
(1.05253 -0.118472 0)
(1.08605 -0.126637 0)
(1.11809 -0.125669 0)
(1.14514 -0.111899 0)
(1.16357 -0.0855175 0)
(1.17349 -0.0482092 0)
(1.1723 -0.00638848 0)
(1.16269 0.0332473 0)
(1.14342 0.0647132 0)
(1.12068 0.0853242 0)
(1.09338 0.0959939 0)
(1.06837 0.0964134 0)
(1.04334 0.091891 0)
(1.02376 0.0777177 0)
(1.00678 0.0657969 0)
(0.991933 0.0431471 0)
(0.983666 0.0294179 0)
(0.973228 0.00140359 0)
(0.983912 -0.0192397 0)
(0.988801 -0.0509046 0)
(1.02788 -0.0871552 0)
(1.05299 -0.109582 0)
(1.10926 -0.143403 0)
(1.14604 -0.127326 0)
(1.18941 -0.118576 0)
(1.21158 -0.066712 0)
(1.20995 -0.0326213 0)
(1.20443 0.0133265 0)
(1.16653 0.0358886 0)
(1.15136 0.0643143 0)
(1.09975 0.0689646 0)
(1.15136 -0.0506985 0)
(1.16053 -0.0271412 0)
(1.16318 -0.00270413 0)
(1.15961 0.0206009 0)
(1.15086 0.0412644 0)
(1.13821 0.0584275 0)
(1.12294 0.0717245 0)
(1.10614 0.0811403 0)
(1.08868 0.0868526 0)
(1.07122 0.0891616 0)
(1.05426 0.0883615 0)
(1.03817 0.0847928 0)
(1.02324 0.0786981 0)
(1.00971 0.070407 0)
(0.997783 0.0600633 0)
(0.987839 0.0479776 0)
(0.980027 0.0342676 0)
(0.974648 0.0194098 0)
(0.971404 0.00373748 0)
(0.970527 -0.0122349 0)
(0.97186 -0.0282334 0)
(0.976589 -0.0443247 0)
(0.98543 -0.0602625 0)
(1.00006 -0.0763932 0)
(1.02057 -0.0913639 0)
(1.04645 -0.104514 0)
(1.07524 -0.112387 0)
(1.10351 -0.112787 0)
(1.12872 -0.101739 0)
(1.14759 -0.0788741 0)
(1.15953 -0.045677 0)
(1.16116 -0.00807982 0)
(1.15441 0.027664 0)
(1.138 0.0563318 0)
(1.11785 0.0752737 0)
(1.09309 0.085534 0)
(1.07018 0.0863873 0)
(1.0469 0.0830718 0)
(1.02852 0.0704835 0)
(1.01283 0.0597306 0)
(0.999253 0.0387553 0)
(0.992259 0.0258593 0)
(0.981807 0.00123201 0)
(0.99089 -0.0167887 0)
(0.992183 -0.0433701 0)
(1.0266 -0.0757867 0)
(1.04774 -0.0951371 0)
(1.10026 -0.126588 0)
(1.13558 -0.112997 0)
(1.17652 -0.107102 0)
(1.19828 -0.0630196 0)
(1.1971 -0.0338655 0)
(1.19315 0.0065228 0)
(1.16006 0.0270914 0)
(1.1472 0.0540652 0)
(1.10042 0.0604063 0)
(1.14023 -0.0437447 0)
(1.14774 -0.0238002 0)
(1.14996 -0.00299146 0)
(1.14709 0.0171051 0)
(1.13983 0.0352329 0)
(1.12914 0.0505878 0)
(1.11599 0.0627455 0)
(1.1013 0.0715808 0)
(1.08581 0.0771505 0)
(1.07015 0.0796514 0)
(1.05479 0.0792941 0)
(1.04013 0.0763533 0)
(1.02646 0.0710246 0)
(1.01405 0.063614 0)
(1.00308 0.0542813 0)
(0.993925 0.0433345 0)
(0.986721 0.0308704 0)
(0.981845 0.0172562 0)
(0.97907 0.00278085 0)
(0.978628 -0.0120429 0)
(0.98018 -0.0267304 0)
(0.984583 -0.0411477 0)
(0.992184 -0.0549028 0)
(1.00437 -0.0684888 0)
(1.02122 -0.0810174 0)
(1.04254 -0.0923981 0)
(1.06674 -0.0996979 0)
(1.09148 -0.100746 0)
(1.11502 -0.0915325 0)
(1.13407 -0.0714858 0)
(1.14732 -0.0420899 0)
(1.1509 -0.00870462 0)
(1.14627 0.0230387 0)
(1.13228 0.0487759 0)
(1.11446 0.0659564 0)
(1.09218 0.075689 0)
(1.07135 0.0768574 0)
(1.04996 0.0745598 0)
(1.03279 0.0635291 0)
(1.01835 0.0539378 0)
(1.00591 0.0347425 0)
(1.00021 0.0224942 0)
(0.99022 0.000811782 0)
(0.998061 -0.0151451 0)
(0.996529 -0.0372342 0)
(1.0261 -0.0656735 0)
(1.04329 -0.0818798 0)
(1.09094 -0.110309 0)
(1.12387 -0.0991046 0)
(1.16138 -0.0958735 0)
(1.18238 -0.0591604 0)
(1.18203 -0.0347302 0)
(1.17999 0.000685888 0)
(1.15214 0.0193294 0)
(1.14196 0.044741 0)
(1.10025 0.0524311 0)
(1.12934 -0.0377734 0)
(1.13567 -0.0208686 0)
(1.13768 -0.00314011 0)
(1.13547 0.0141715 0)
(1.12954 0.0300196 0)
(1.12055 0.0436734 0)
(1.10929 0.0546907 0)
(1.0965 0.06288 0)
(1.08285 0.0682116 0)
(1.06888 0.0707999 0)
(1.05506 0.0707861 0)
(1.04177 0.0683881 0)
(1.02932 0.0637592 0)
(1.018 0.0571724 0)
(1.00799 0.0487896 0)
(0.999619 0.0389135 0)
(0.993006 0.0276434 0)
(0.988562 0.0152642 0)
(0.986148 0.0020114 0)
(0.986062 -0.0116483 0)
(0.98792 -0.025116 0)
(0.992321 -0.0381165 0)
(0.999238 -0.0501322 0)
(1.00965 -0.0617093 0)
(1.02353 -0.0722654 0)
(1.04098 -0.0820351 0)
(1.06128 -0.0884636 0)
(1.08301 -0.0894819 0)
(1.10489 -0.0813635 0)
(1.12354 -0.0636387 0)
(1.13708 -0.0378284 0)
(1.14161 -0.00861508 0)
(1.13834 0.0191525 0)
(1.12633 0.0419505 0)
(1.11061 0.0573615 0)
(1.09072 0.0664948 0)
(1.07195 0.0678907 0)
(1.05254 0.0664222 0)
(1.03659 0.0568759 0)
(1.0234 0.0484147 0)
(1.01193 0.0310897 0)
(1.00741 0.0194218 0)
(0.998219 0.000271915 0)
(1.00517 -0.0141091 0)
(1.00182 -0.0323913 0)
(1.02678 -0.0569017 0)
(1.04033 -0.0700579 0)
(1.08224 -0.0950492 0)
(1.11187 -0.0860688 0)
(1.14517 -0.0851665 0)
(1.16511 -0.0551389 0)
(1.16592 -0.0350516 0)
(1.16599 -0.00399064 0)
(1.14347 0.0127994 0)
(1.13612 0.0364877 0)
(1.09949 0.0451186 0)
(1.11924 -0.032561 0)
(1.12464 -0.0182246 0)
(1.12651 -0.00312738 0)
(1.12486 0.0117483 0)
(1.12003 0.0255416 0)
(1.11251 0.0376025 0)
(1.1029 0.0474977 0)
(1.09182 0.0549999 0)
(1.07984 0.0600205 0)
(1.06746 0.0626097 0)
(1.0551 0.0628514 0)
(1.04313 0.0609153 0)
(1.03186 0.0569189 0)
(1.02159 0.0510988 0)
(1.0125 0.0436078 0)
(1.0049 0.0347339 0)
(0.998876 0.0245888 0)
(0.994835 0.0134052 0)
(0.992703 0.00138672 0)
(0.992859 -0.0110713 0)
(0.994957 -0.0233363 0)
(0.999423 -0.0350779 0)
(1.00596 -0.0457105 0)
(1.01514 -0.0557577 0)
(1.02686 -0.0647735 0)
(1.04144 -0.0730797 0)
(1.05878 -0.0784124 0)
(1.07803 -0.0789297 0)
(1.09812 -0.0714528 0)
(1.1156 -0.0557641 0)
(1.12845 -0.0333513 0)
(1.13307 -0.00815238 0)
(1.13058 0.0158064 0)
(1.12022 0.0357759 0)
(1.10642 0.0494812 0)
(1.08883 0.0579796 0)
(1.07204 0.0595396 0)
(1.05465 0.0587245 0)
(1.03996 0.050553 0)
(1.02799 0.0431601 0)
(1.01737 0.0277485 0)
(1.01382 0.0166894 0)
(1.00562 -0.000259011 0)
(1.01197 -0.013434 0)
(1.00785 -0.0286038 0)
(1.02874 -0.0494247 0)
(1.03919 -0.0598169 0)
(1.07488 -0.0812421 0)
(1.10055 -0.0742619 0)
(1.12925 -0.0752063 0)
(1.14787 -0.0509629 0)
(1.15008 -0.0346981 0)
(1.15224 -0.00740497 0)
(1.13474 0.00759302 0)
(1.13012 0.0293751 0)
(1.09836 0.0385098 0)
(1.1101 -0.0279723 0)
(1.11474 -0.015831 0)
(1.11647 -0.00298749 0)
(1.11526 0.00975698 0)
(1.11134 0.0217044 0)
(1.10505 0.0322875 0)
(1.09688 0.041098 0)
(1.08732 0.0478953 0)
(1.07686 0.0525532 0)
(1.06593 0.0550738 0)
(1.05494 0.0554957 0)
(1.04423 0.0539467 0)
(1.03409 0.0505158 0)
(1.02482 0.0454033 0)
(1.01661 0.0387483 0)
(1.00975 0.030811 0)
(1.00431 0.0217192 0)
(1.00067 0.0116723 0)
(0.998785 0.000870058 0)
(0.999085 -0.0103672 0)
(1.00129 -0.0214291 0)
(1.00572 -0.0320019 0)
(1.01195 -0.0414923 0)
(1.02027 -0.0503485 0)
(1.03055 -0.0581331 0)
(1.04319 -0.0651018 0)
(1.0584 -0.0692547 0)
(1.07556 -0.0690867 0)
(1.09362 -0.0620828 0)
(1.10932 -0.0482866 0)
(1.1208 -0.0290694 0)
(1.12499 -0.00759326 0)
(1.12293 0.012859 0)
(1.11403 0.0302049 0)
(1.102 0.042316 0)
(1.08661 0.0501643 0)
(1.07171 0.0518399 0)
(1.05632 0.0515226 0)
(1.04291 0.0445942 0)
(1.03216 0.0381811 0)
(1.02232 0.0246604 0)
(1.01949 0.014295 0)
(1.01232 -0.000699676 0)
(1.01825 -0.0128804 0)
(1.01425 -0.0255697 0)
(1.03176 -0.0430943 0)
(1.03974 -0.0511761 0)
(1.06925 -0.0691806 0)
(1.0907 -0.0639144 0)
(1.11489 -0.0661282 0)
(1.13204 -0.0466428 0)
(1.13567 -0.0336195 0)
(1.13965 -0.00960283 0)
(1.12654 0.00367533 0)
(1.1243 0.0233878 0)
(1.09704 0.0326066 0)
(1.10195 -0.0239279 0)
(1.10592 -0.0136608 0)
(1.1075 -0.00276824 0)
(1.10663 0.00811996 0)
(1.10343 0.0184187 0)
(1.09818 0.0276435 0)
(1.09125 0.0354223 0)
(1.08303 0.0415163 0)
(1.07393 0.0457785 0)
(1.06434 0.0481774 0)
(1.05462 0.0487162 0)
(1.04509 0.0474874 0)
(1.03602 0.0445568 0)
(1.02771 0.0400922 0)
(1.02034 0.0342156 0)
(1.01418 0.0271556 0)
(1.00931 0.0190474 0)
(1.00605 0.0100733 0)
(1.00441 0.000435646 0)
(1.00479 -0.00959586 0)
(1.00697 -0.0194736 0)
(1.01124 -0.0289362 0)
(1.01711 -0.0374223 0)
(1.02478 -0.0452756 0)
(1.03409 -0.05201 0)
(1.04542 -0.0577605 0)
(1.05902 -0.0608024 0)
(1.07426 -0.0600055 0)
(1.09015 -0.0534953 0)
(1.10377 -0.041507 0)
(1.1136 -0.025216 0)
(1.11716 -0.00708909 0)
(1.11543 0.0102486 0)
(1.10785 0.0252239 0)
(1.0975 0.0358701 0)
(1.08418 0.043061 0)
(1.07106 0.044809 0)
(1.05759 0.0448568 0)
(1.04546 0.0390312 0)
(1.03592 0.0334947 0)
(1.02682 0.0217748 0)
(1.02449 0.0122037 0)
(1.01832 -0.00101268 0)
(1.02388 -0.0122684 0)
(1.02059 -0.0230032 0)
(1.03535 -0.0377119 0)
(1.04151 -0.0440217 0)
(1.06541 -0.0589459 0)
(1.08285 -0.0550653 0)
(1.10303 -0.0579582 0)
(1.11861 -0.0422186 0)
(1.12348 -0.0318585 0)
(1.1288 -0.0107298 0)
(1.11923 0.000898942 0)
(1.11887 0.0184369 0)
(1.09565 0.0273792 0)
(1.09471 -0.0203678 0)
(1.09811 -0.0116984 0)
(1.09952 -0.00248753 0)
(1.09888 0.00677481 0)
(1.09628 0.0156048 0)
(1.09191 0.0235914 0)
(1.08603 0.0304023 0)
(1.07898 0.0358103 0)
(1.07111 0.0396604 0)
(1.06273 0.0418984 0)
(1.05418 0.0425024 0)
(1.04574 0.0415352 0)
(1.03768 0.0390441 0)
(1.03027 0.0351676 0)
(1.02368 0.030011 0)
(1.01819 0.0237705 0)
(1.01385 0.0165822 0)
(1.01098 0.00861725 0)
(1.00957 8.02887e-05 0)
(1.00999 -0.00879995 0)
(1.01208 -0.0175431 0)
(1.01606 -0.0259479 0)
(1.02153 -0.033501 0)
(1.02861 -0.0404362 0)
(1.03717 -0.0462216 0)
(1.04749 -0.0508864 0)
(1.0597 -0.0529904 0)
(1.07312 -0.0517515 0)
(1.08682 -0.0458226 0)
(1.09836 -0.0355402 0)
(1.10661 -0.0218556 0)
(1.1096 -0.00666126 0)
(1.10818 0.00796686 0)
(1.10184 0.0208309 0)
(1.09303 0.0301404 0)
(1.08164 0.0366685 0)
(1.07019 0.0384456 0)
(1.0585 0.0387495 0)
(1.04765 0.0338883 0)
(1.03926 0.0291229 0)
(1.03093 0.0190632 0)
(1.02893 0.0103728 0)
(1.02366 -0.00119924 0)
(1.02883 -0.0115072 0)
(1.02647 -0.020695 0)
(1.03903 -0.033075 0)
(1.04395 -0.0381288 0)
(1.06316 -0.0504037 0)
(1.07717 -0.0475736 0)
(1.09408 -0.0506384 0)
(1.10802 -0.0377651 0)
(1.11376 -0.0295474 0)
(1.11987 -0.0110264 0)
(1.11295 -0.000960164 0)
(1.1139 0.014385 0)
(1.09422 0.0227782 0)
(1.0883 -0.017242 0)
(1.0912 -0.00994731 0)
(1.09245 -0.00217818 0)
(1.09198 0.00566356 0)
(1.08986 0.0131915 0)
(1.0862 0.0200585 0)
(1.08123 0.0259725 0)
(1.07521 0.0307237 0)
(1.06841 0.0341586 0)
(1.06113 0.0362094 0)
(1.05364 0.0368372 0)
(1.04622 0.0360814 0)
(1.03909 0.0339739 0)
(1.03252 0.0306274 0)
(1.02667 0.0261325 0)
(1.0218 0.0206544 0)
(1.01796 0.0143258 0)
(1.01545 0.00730379 0)
(1.01425 -0.000203348 0)
(1.0147 -0.0080056 0)
(1.01665 -0.0156846 0)
(1.0203 -0.0230871 0)
(1.02533 -0.0297502 0)
(1.03185 -0.0358103 0)
(1.03972 -0.0407226 0)
(1.0491 -0.0444511 0)
(1.05997 -0.04583 0)
(1.07165 -0.0443571 0)
(1.08331 -0.0390788 0)
(1.09299 -0.0303596 0)
(1.09988 -0.0189423 0)
(1.10242 -0.00626743 0)
(1.10133 0.00602466 0)
(1.09613 0.0170173 0)
(1.08874 0.0251081 0)
(1.07909 0.0309707 0)
(1.06917 0.0327326 0)
(1.05911 0.0332043 0)
(1.04948 0.029178 0)
(1.04218 0.0250877 0)
(1.03464 0.0165197 0)
(1.0329 0.00876279 0)
(1.02841 -0.00128646 0)
(1.03313 -0.0105917 0)
(1.03166 -0.0185309 0)
(1.04242 -0.0290081 0)
(1.04654 -0.0332132 0)
(1.06214 -0.0432732 0)
(1.07344 -0.0411878 0)
(1.08784 -0.0440735 0)
(1.10013 -0.0333819 0)
(1.10632 -0.0268771 0)
(1.11266 -0.0107484 0)
(1.10761 -0.00214107 0)
(1.10936 0.011081 0)
(1.09277 0.0187482 0)
(1.08265 -0.0145044 0)
(1.0851 -0.0083894 0)
(1.08619 -0.00186868 0)
(1.08586 0.00473952 0)
(1.08411 0.0111187 0)
(1.08106 0.0169799 0)
(1.07686 0.022071 0)
(1.07172 0.026203 0)
(1.06587 0.0292299 0)
(1.05957 0.0310777 0)
(1.05304 0.0316977 0)
(1.04654 0.0311106 0)
(1.04027 0.0293365 0)
(1.03448 0.0264653 0)
(1.02931 0.0225747 0)
(1.02501 0.0178023 0)
(1.02164 0.0122742 0)
(1.01945 0.00613263 0)
(1.01845 -0.000421383 0)
(1.01892 -0.00722436 0)
(1.02072 -0.0139179 0)
(1.02405 -0.0203789 0)
(1.02864 -0.0261929 0)
(1.03458 -0.0314204 0)
(1.04175 -0.0355399 0)
(1.05019 -0.0384873 0)
(1.05977 -0.039342 0)
(1.06982 -0.0378024 0)
(1.07967 -0.0331951 0)
(1.08778 -0.0258717 0)
(1.09357 -0.0163925 0)
(1.09579 -0.00585923 0)
(1.09502 0.00442161 0)
(1.09083 0.0137562 0)
(1.0847 0.0207358 0)
(1.0766 0.0259372 0)
(1.06808 0.0276409 0)
(1.05947 0.0282099 0)
(1.05101 0.0249008 0)
(1.0447 0.0214051 0)
(1.03798 0.0141534 0)
(1.03644 0.0073425 0)
(1.03263 -0.0013099 0)
(1.03685 -0.00957113 0)
(1.03608 -0.0164708 0)
(1.04535 -0.0253759 0)
(1.04899 -0.0289969 0)
(1.06194 -0.0372274 0)
(1.0712 -0.0356424 0)
(1.0837 -0.0381629 0)
(1.09439 -0.0291749 0)
(1.10064 -0.024044 0)
(1.1068 -0.0101266 0)
(1.10303 -0.00285365 0)
(1.10519 0.00838835 0)
(1.0913 0.0152387 0)
(1.0746 -0.0166389 0)
(1.07768 -0.0121122 0)
(1.07976 -0.00701241 0)
(1.0807 -0.00156887 0)
(1.08045 0.00396566 0)
(1.07901 0.00933382 0)
(1.07645 0.0142967 0)
(1.07291 0.0186392 0)
(1.06853 0.0221948 0)
(1.06351 0.0248291 0)
(1.05807 0.0264672 0)
(1.0524 0.0270557 0)
(1.04673 0.026602 0)
(1.04125 0.0251167 0)
(1.03616 0.0226704 0)
(1.03162 0.019329 0)
(1.02784 0.015207 0)
(1.0249 0.0104203 0)
(1.02301 0.00509645 0)
(1.02219 -0.000577694 0)
(1.02266 -0.00646088 0)
(1.02433 -0.0122473 0)
(1.02734 -0.0178309 0)
(1.0315 -0.0228447 0)
(1.03688 -0.0272964 0)
(1.04334 -0.0307131 0)
(1.05084 -0.0330258 0)
(1.0592 -0.0335188 0)
(1.06781 -0.0320256 0)
(1.07612 -0.0280675 0)
(1.08293 -0.0219645 0)
(1.08782 -0.0141371 0)
(1.08981 -0.00542917 0)
(1.08934 0.00313036 0)
(1.08601 0.0110015 0)
(1.08097 0.0169713 0)
(1.07423 0.0215257 0)
(1.06696 0.0231328 0)
(1.05964 0.0237443 0)
(1.05226 0.0210465 0)
(1.04685 0.0180787 0)
(1.04093 0.0119793 0)
(1.0396 0.00609181 0)
(1.03636 -0.00129719 0)
(1.04008 -0.00851033 0)
(1.03977 -0.0145123 0)
(1.04782 -0.0220823 0)
(1.05114 -0.0252584 0)
(1.06218 -0.0319799 0)
(1.06993 -0.0307213 0)
(1.08095 -0.0328258 0)
(1.09013 -0.0252293 0)
(1.09615 -0.0212015 0)
(1.10189 -0.00933474 0)
(1.09904 -0.00325587 0)
(1.10133 0.00619813 0)
(1.0898 0.0122068 0)
(1.07076 -0.0137834 0)
(1.07334 -0.010028 0)
(1.07509 -0.00580326 0)
(1.07589 -0.00128921 0)
(1.0757 0.00331154 0)
(1.07451 0.00779203 0)
(1.07236 0.011956 0)
(1.06936 0.0156224 0)
(1.06564 0.0186471 0)
(1.06134 0.0209096 0)
(1.05666 0.0223382 0)
(1.05175 0.0228788 0)
(1.04682 0.0225294 0)
(1.04204 0.0212939 0)
(1.0376 0.0192267 0)
(1.03362 0.016383 0)
(1.03032 0.0128577 0)
(1.02776 0.00875508 0)
(1.02615 0.0041871 0)
(1.02548 -0.000677622 0)
(1.02595 -0.0057167 0)
(1.02749 -0.0106702 0)
(1.03022 -0.0154425 0)
(1.03397 -0.0197134 0)
(1.03881 -0.0234574 0)
(1.04457 -0.0262638 0)
(1.05119 -0.028069 0)
(1.05843 -0.0283221 0)
(1.06578 -0.026943 0)
(1.0728 -0.0235889 0)
(1.07856 -0.0185417 0)
(1.08273 -0.0121143 0)
(1.08454 -0.00495844 0)
(1.08431 0.00212067 0)
(1.08169 0.00869976 0)
(1.07759 0.0137546 0)
(1.07201 0.0176863 0)
(1.06585 0.0191652 0)
(1.05965 0.0197776 0)
(1.05327 0.0175973 0)
(1.04866 0.0151019 0)
(1.0435 0.0100085 0)
(1.04236 0.00499499 0)
(1.03961 -0.00126367 0)
(1.04286 -0.00746155 0)
(1.04285 -0.0126609 0)
(1.04989 -0.0190636 0)
(1.05297 -0.0218525 0)
(1.06258 -0.0273242 0)
(1.06918 -0.0262829 0)
(1.07898 -0.0280009 0)
(1.0868 -0.0215921 0)
(1.09243 -0.0184533 0)
(1.09762 -0.00846624 0)
(1.0955 -0.00344088 0)
(1.09777 0.00443169 0)
(1.08832 0.00961593 0)
(1.06741 -0.0113035 0)
(1.06957 -0.00821599 0)
(1.07104 -0.00474618 0)
(1.07172 -0.00103772 0)
(1.07157 0.00275201 0)
(1.07057 0.00645442 0)
(1.06877 0.00991015 0)
(1.06623 0.0129691 0)
(1.06305 0.0155088 0)
(1.05938 0.0174239 0)
(1.05534 0.0186482 0)
(1.0511 0.0191304 0)
(1.04683 0.0188622 0)
(1.04267 0.0178429 0)
(1.0388 0.0161134 0)
(1.03534 0.0137202 0)
(1.03247 0.0107408 0)
(1.03025 0.00726688 0)
(1.02887 0.00339524 0)
(1.02833 -0.000726606 0)
(1.02881 -0.00499214 0)
(1.03022 -0.00918203 0)
(1.03269 -0.0132091 0)
(1.03607 -0.0167986 0)
(1.04039 -0.0199078 0)
(1.04551 -0.0221904 0)
(1.05132 -0.0235927 0)
(1.05758 -0.0236929 0)
(1.06387 -0.0224652 0)
(1.06983 -0.01966 0)
(1.07472 -0.0155225 0)
(1.07831 -0.0102823 0)
(1.07995 -0.00444999 0)
(1.07992 0.00135254 0)
(1.07789 0.00679327 0)
(1.07457 0.0110226 0)
(1.06997 0.0143646 0)
(1.06478 0.0156917 0)
(1.05956 0.0162744 0)
(1.05407 0.0145298 0)
(1.05015 0.0124581 0)
(1.0457 0.00824374 0)
(1.04475 0.0040378 0)
(1.04242 -0.00121334 0)
(1.04527 -0.00645435 0)
(1.04543 -0.0109162 0)
(1.05164 -0.0162783 0)
(1.05448 -0.0186987 0)
(1.06299 -0.0231294 0)
(1.06865 -0.0222462 0)
(1.07739 -0.0236369 0)
(1.08403 -0.0182742 0)
(1.08922 -0.0158511 0)
(1.09384 -0.0075635 0)
(1.09236 -0.00345532 0)
(1.09451 0.00303209 0)
(1.08689 0.00743244 0)
(1.06452 -0.00915078 0)
(1.06634 -0.0066424 0)
(1.06757 -0.00382608 0)
(1.06814 -0.000815023 0)
(1.06801 0.00226746 0)
(1.06717 0.00528713 0)
(1.06564 0.00811582 0)
(1.06348 0.0106309 0)
(1.06078 0.01273 0)
(1.05762 0.0143236 0)
(1.05415 0.0153526 0)
(1.05049 0.0157704 0)
(1.04678 0.0155652 0)
(1.04317 0.0147335 0)
(1.0398 0.0133059 0)
(1.03679 0.0113201 0)
(1.03429 0.00883911 0)
(1.03237 0.00594127 0)
(1.0312 0.00270938 0)
(1.03078 -0.00073072 0)
(1.03125 -0.00428719 0)
(1.03255 -0.00777784 0)
(1.03479 -0.0111233 0)
(1.03782 -0.0140931 0)
(1.04169 -0.0166378 0)
(1.04622 -0.0184727 0)
(1.05131 -0.0195554 0)
(1.05673 -0.0195639 0)
(1.06214 -0.0185039 0)
(1.06722 -0.0161926 0)
(1.07141 -0.0128414 0)
(1.07451 -0.00861541 0)
(1.07603 -0.00391265 0)
(1.07614 0.000787232 0)
(1.07459 0.00522606 0)
(1.07191 0.0087128 0)
(1.06814 0.0115036 0)
(1.06377 0.0126632 0)
(1.05939 0.0131949 0)
(1.05469 0.0118156 0)
(1.05138 0.010123 0)
(1.04755 0.00667872 0)
(1.04678 0.00320805 0)
(1.0448 -0.00114249 0)
(1.04733 -0.00549825 0)
(1.04758 -0.00927053 0)
(1.05311 -0.0136971 0)
(1.05571 -0.0157572 0)
(1.06332 -0.0193149 0)
(1.06821 -0.018562 0)
(1.07601 -0.0196847 0)
(1.08166 -0.0152579 0)
(1.08642 -0.0134072 0)
(1.09052 -0.00664043 0)
(1.08959 -0.00332537 0)
(1.0916 0.00195355 0)
(1.08555 0.00562146 0)
(1.06207 -0.00727819 0)
(1.0636 -0.00527384 0)
(1.06463 -0.00302604 0)
(1.06511 -0.000621188 0)
(1.06499 0.0018417 0)
(1.06428 0.0042605 0)
(1.06297 0.00653335 0)
(1.06113 0.00856162 0)
(1.0588 0.0102618 0)
(1.05609 0.0115596 0)
(1.05309 0.0124043 0)
(1.04991 0.0127552 0)
(1.04669 0.0125993 0)
(1.04355 0.0119315 0)
(1.04061 0.0107745 0)
(1.03798 0.00915779 0)
(1.03581 0.00713236 0)
(1.03416 0.00476317 0)
(1.03316 0.00211951 0)
(1.03284 -0.000694489 0)
(1.0333 -0.00360081 0)
(1.03451 -0.00645083 0)
(1.03653 -0.00917423 0)
(1.03926 -0.0115826 0)
(1.04272 -0.0136266 0)
(1.04674 -0.0150786 0)
(1.05122 -0.0159056 0)
(1.05593 -0.0158645 0)
(1.06061 -0.0149773 0)
(1.06498 -0.0131102 0)
(1.0686 -0.0104401 0)
(1.07132 -0.00708565 0)
(1.07271 -0.00335282 0)
(1.07294 0.000390693 0)
(1.07177 0.00394657 0)
(1.06961 0.00676554 0)
(1.06652 0.0090454 0)
(1.06285 0.0100287 0)
(1.05918 0.0104949 0)
(1.05516 0.00942159 0)
(1.05237 0.00806678 0)
(1.04908 0.0053006 0)
(1.04847 0.00249388 0)
(1.04679 -0.00104581 0)
(1.04906 -0.00459043 0)
(1.04936 -0.00771199 0)
(1.05434 -0.0112955 0)
(1.05671 -0.013005 0)
(1.06355 -0.0158238 0)
(1.06779 -0.0151903 0)
(1.07479 -0.0160911 0)
(1.07962 -0.0125067 0)
(1.08401 -0.0111126 0)
(1.08763 -0.00569615 0)
(1.08721 -0.00306715 0)
(1.08905 0.00115482 0)
(1.08433 0.00414517 0)
(1.06003 -0.00564079 0)
(1.06132 -0.0040803 0)
(1.06219 -0.0023314 0)
(1.06259 -0.000460486 0)
(1.06249 0.00145912 0)
(1.06187 0.00334722 0)
(1.06074 0.00512541 0)
(1.05915 0.00671689 0)
(1.05713 0.00805556 0)
(1.05478 0.00908182 0)
(1.05217 0.00975389 0)
(1.0494 0.0100377 0)
(1.04658 0.00992098 0)
(1.04383 0.00939798 0)
(1.04126 0.00848491 0)
(1.03896 0.00720476 0)
(1.03706 0.00559747 0)
(1.03563 0.00371505 0)
(1.03478 0.00161366 0)
(1.03453 -0.000623146 0)
(1.03499 -0.00293113 0)
(1.0361 -0.0051924 0)
(1.03795 -0.0073472 0)
(1.04042 -0.00924609 0)
(1.04353 -0.0108449 0)
(1.04711 -0.0119666 0)
(1.05108 -0.0125867 0)
(1.05522 -0.0125249 0)
(1.05931 -0.0118087 0)
(1.06311 -0.0103418 0)
(1.06628 -0.00826647 0)
(1.06868 -0.00566706 0)
(1.06998 -0.0027771 0)
(1.07029 0.000131252 0)
(1.06941 0.00290631 0)
(1.06767 0.00512325 0)
(1.06514 0.00693114 0)
(1.06204 0.00773462 0)
(1.05895 0.00812587 0)
(1.0555 0.00730994 0)
(1.05314 0.00625528 0)
(1.05031 0.00409089 0)
(1.04984 0.00188386 0)
(1.04841 -0.00091883 0)
(1.05049 -0.0037221 0)
(1.05082 -0.00622686 0)
(1.05534 -0.00904871 0)
(1.05749 -0.0104209 0)
(1.0637 -0.0126055 0)
(1.0674 -0.0120879 0)
(1.07373 -0.0127982 0)
(1.07791 -0.00997577 0)
(1.08198 -0.00894687 0)
(1.08521 -0.00472728 0)
(1.08521 -0.0026939 0)
(1.0869 0.000596924 0)
(1.08328 0.00296272 0)
(1.05839 -0.00419657 0)
(1.0595 -0.0030304 0)
(1.06024 -0.00172412 0)
(1.06058 -0.000326222 0)
(1.06048 0.00110926 0)
(1.05993 0.00252292 0)
(1.05894 0.00385668 0)
(1.05754 0.0050531 0)
(1.05578 0.00606214 0)
(1.0537 0.00683827 0)
(1.0514 0.00734885 0)
(1.04896 0.00756706 0)
(1.04647 0.00748217 0)
(1.04403 0.00708891 0)
(1.04175 0.00639855 0)
(1.03972 0.00542812 0)
(1.03805 0.00420764 0)
(1.03679 0.0027768 0)
(1.03606 0.00117911 0)
(1.03587 -0.000521567 0)
(1.03633 -0.00227483 0)
(1.03737 -0.00399122 0)
(1.03907 -0.00562274 0)
(1.04133 -0.00705626 0)
(1.04414 -0.00825555 0)
(1.04737 -0.00908839 0)
(1.05092 -0.0095382 0)
(1.05461 -0.00947437 0)
(1.05824 -0.00892482 0)
(1.0616 -0.00782044 0)
(1.06442 -0.0062718 0)
(1.06657 -0.00433616 0)
(1.0678 -0.00218707 0)
(1.06816 -1.75626e-05 0)
(1.06752 0.00206023 0)
(1.06609 0.00373024 0)
(1.06399 0.00510091 0)
(1.06136 0.00572455 0)
(1.05873 0.00603467 0)
(1.05574 0.00543758 0)
(1.05373 0.00465063 0)
(1.05127 0.00302647 0)
(1.05093 0.00136363 0)
(1.04969 -0.000760543 0)
(1.05162 -0.00288254 0)
(1.05197 -0.00480011 0)
(1.05613 -0.00692912 0)
(1.0581 -0.00797856 0)
(1.06378 -0.00960845 0)
(1.06706 -0.0092053 0)
(1.07284 -0.00974522 0)
(1.07652 -0.00761717 0)
(1.08035 -0.00688329 0)
(1.08324 -0.00373086 0)
(1.08359 -0.00222007 0)
(1.08515 0.000240878 0)
(1.0824 0.00203003 0)
(1.05714 -0.00290101 0)
(1.05811 -0.00209139 0)
(1.05876 -0.00118494 0)
(1.05905 -0.000214418 0)
(1.05895 0.000781817 0)
(1.05845 0.0017641 0)
(1.05757 0.0026922 0)
(1.05632 0.00352612 0)
(1.05473 0.00423081 0)
(1.05287 0.00477414 0)
(1.05081 0.00513271 0)
(1.04861 0.00528717 0)
(1.04637 0.00522927 0)
(1.04417 0.00495479 0)
(1.04211 0.0044711 0)
(1.04028 0.00378985 0)
(1.03878 0.00293207 0)
(1.03766 0.00192569 0)
(1.03703 0.000801772 0)
(1.03689 -0.000394576 0)
(1.03733 -0.00162708 0)
(1.03832 -0.00283274 0)
(1.0399 -0.00397658 0)
(1.04199 -0.00497917 0)
(1.04459 -0.00581396 0)
(1.04754 -0.00638919 0)
(1.05078 -0.00669437 0)
(1.05413 -0.00664103 0)
(1.05741 -0.00625239 0)
(1.06045 -0.00548154 0)
(1.06301 -0.00440801 0)
(1.06498 -0.0030685 0)
(1.06614 -0.00158184 0)
(1.06655 -7.88639e-05 0)
(1.06607 0.00136515 0)
(1.06489 0.0025311 0)
(1.0631 0.00349269 0)
(1.06081 0.00393789 0)
(1.05854 0.00416283 0)
(1.0559 0.00375554 0)
(1.05416 0.00321039 0)
(1.05198 0.00207978 0)
(1.05173 0.000917677 0)
(1.05065 -0.000572049 0)
(1.05247 -0.00206027 0)
(1.05283 -0.00341454 0)
(1.05671 -0.00490461 0)
(1.05853 -0.00564405 0)
(1.06382 -0.00677666 0)
(1.06679 -0.00648659 0)
(1.07216 -0.00686886 0)
(1.07546 -0.00538144 0)
(1.07911 -0.00489149 0)
(1.08175 -0.00270479 0)
(1.08236 -0.00166175 0)
(1.08381 4.68587e-05 0)
(1.08172 0.00129947 0)
(1.05629 -0.00170696 0)
(1.05717 -0.00122897 0)
(1.05775 -0.000693813 0)
(1.058 -0.000121354 0)
(1.05791 0.000467024 0)
(1.05745 0.00104745 0)
(1.05663 0.00159627 0)
(1.05547 0.00208994 0)
(1.05401 0.00250762 0)
(1.0523 0.00283017 0)
(1.05039 0.00304345 0)
(1.04836 0.00313576 0)
(1.04629 0.00310187 0)
(1.04425 0.0029391 0)
(1.04235 0.00265155 0)
(1.04066 0.00224612 0)
(1.03928 0.0017352 0)
(1.03825 0.00113553 0)
(1.03768 0.000465714 0)
(1.03757 -0.000247198 0)
(1.03801 -0.000981349 0)
(1.03895 -0.00169902 0)
(1.04046 -0.00237909 0)
(1.04243 -0.00297401 0)
(1.04488 -0.00346786 0)
(1.04764 -0.0038062 0)
(1.05067 -0.00398367 0)
(1.05378 -0.00394844 0)
(1.05684 -0.00371624 0)
(1.05966 -0.00325934 0)
(1.06205 -0.00262613 0)
(1.0639 -0.00183695 0)
(1.06502 -0.000961238 0)
(1.06545 -7.52524e-05 0)
(1.06508 0.000777881 0)
(1.06406 0.0014689 0)
(1.06249 0.00204063 0)
(1.06043 0.00230851 0)
(1.0584 0.00244509 0)
(1.056 0.00220799 0)
(1.05444 0.00188611 0)
(1.05245 0.00121827 0)
(1.05227 0.000527922 0)
(1.0513 -0.000356497 0)
(1.05304 -0.00124348 0)
(1.05341 -0.00205013 0)
(1.0571 -0.00293764 0)
(1.05882 -0.00337563 0)
(1.06383 -0.00404822 0)
(1.06659 -0.00386993 0)
(1.07168 -0.00410168 0)
(1.07473 -0.00321746 0)
(1.07826 -0.00293769 0)
(1.08073 -0.00164697 0)
(1.08152 -0.00103377 0)
(1.08289 -2.5599e-05 0)
(1.08125 0.00071868 0)
(1.05585 -0.000564519 0)
(1.05668 -0.000406072 0)
(1.05723 -0.000228837 0)
(1.05747 -3.92631e-05 0)
(1.05737 0.000155848 0)
(1.05693 0.000348324 0)
(1.05614 0.000530365 0)
(1.05504 0.000694189 0)
(1.05364 0.000832882 0)
(1.052 0.00094006 0)
(1.05017 0.00101099 0)
(1.04823 0.00104175 0)
(1.04624 0.00103054 0)
(1.04429 0.000976452 0)
(1.04247 0.000880778 0)
(1.04085 0.000745833 0)
(1.03953 0.000575688 0)
(1.03855 0.00037598 0)
(1.03801 0.000152868 0)
(1.03792 -8.45587e-05 0)
(1.03836 -0.000329016 0)
(1.03928 -0.000567884 0)
(1.04075 -0.000794118 0)
(1.04266 -0.000991782 0)
(1.04502 -0.00115562 0)
(1.04769 -0.00126748 0)
(1.05061 -0.00132585 0)
(1.05361 -0.0013135 0)
(1.05654 -0.00123603 0)
(1.05925 -0.00108425 0)
(1.06155 -0.00087453 0)
(1.06334 -0.00061328 0)
(1.06444 -0.000323549 0)
(1.06488 -3.01085e-05 0)
(1.06457 0.000252748 0)
(1.06362 0.000482207 0)
(1.06217 0.000672341 0)
(1.06023 0.000762015 0)
(1.05832 0.00080782 0)
(1.05605 0.000729974 0)
(1.05458 0.000623049 0)
(1.05269 0.000402075 0)
(1.05254 0.000172023 0)
(1.05163 -0.00012135 0)
(1.05334 -0.000417511 0)
(1.05371 -0.000685163 0)
(1.0573 -0.000981661 0)
(1.05897 -0.00112593 0)
(1.06384 -0.00135065 0)
(1.06648 -0.00128925 0)
(1.07143 -0.00136808 0)
(1.07435 -0.00107326 0)
(1.07783 -0.000982697 0)
(1.0802 -0.000554886 0)
(1.08109 -0.00035218 0)
(1.08241 -1.84757e-05 0)
(1.081 0.000229209 0)
)
;

boundaryField
{
    inlet
    {
        type            uniformFixedValue;
        uniformValue    constant (1 0 0);
        value           nonuniform 0();
    }
    outlet
    {
        type            pressureInletOutletVelocity;
        value           nonuniform List<vector> 
35
(
(0.959989 0.192131 0)
(0.973232 0.18657 0)
(0.986538 0.180554 0)
(0.999788 0.174066 0)
(1.01284 0.1671 0)
(1.02555 0.159656 0)
(1.03774 0.151743 0)
(1.04924 0.143387 0)
(1.05987 0.134625 0)
(1.06947 0.125515 0)
(1.07789 0.116131 0)
(1.085 0.106567 0)
(1.09073 0.0969356 0)
(1.09506 0.0873654 0)
(1.09802 0.0779949 0)
(1.09975 0.0689646 0)
(1.10042 0.0604063 0)
(1.10025 0.0524311 0)
(1.09949 0.0451186 0)
(1.09836 0.0385098 0)
(1.09704 0.0326066 0)
(1.09565 0.0273792 0)
(1.09422 0.0227782 0)
(1.09277 0.0187482 0)
(1.0913 0.0152387 0)
(1.0898 0.0122068 0)
(1.08832 0.00961593 0)
(1.08689 0.00743244 0)
(1.08555 0.00562146 0)
(1.08433 0.00414517 0)
(1.08328 0.00296272 0)
(1.0824 0.00203003 0)
(1.08172 0.00129947 0)
(1.08125 0.00071868 0)
(1.081 0.000229209 0)
)
;
    }
    cylinder
    {
        type            fixedValue;
        value           nonuniform 0();
    }
    top
    {
        type            symmetryPlane;
    }
    bottom
    {
        type            symmetryPlane;
    }
    defaultFaces
    {
        type            empty;
    }
    procBoundary3to2
    {
        type            processor;
        value           nonuniform List<vector> 
36
(
(1.15118 -0.335018 0)
(1.15599 -0.322456 0)
(1.15884 -0.309088 0)
(1.15955 -0.295003 0)
(1.15804 -0.280245 0)
(1.15432 -0.264806 0)
(1.14872 -0.24862 0)
(1.1421 -0.231524 0)
(1.13598 -0.21329 0)
(1.1323 -0.193777 0)
(1.13247 -0.17318 0)
(1.13632 -0.152185 0)
(1.14181 -0.131837 0)
(1.14598 -0.113166 0)
(1.14659 -0.0968078 0)
(1.14307 -0.0828848 0)
(1.13636 -0.0711375 0)
(1.12795 -0.061157 0)
(1.11913 -0.0525794 0)
(1.11065 -0.0451409 0)
(1.10286 -0.0386531 0)
(1.09583 -0.0329804 0)
(1.08954 -0.0280236 0)
(1.08394 -0.0236964 0)
(1.07898 -0.0199235 0)
(1.07898 -0.0199235 0)
(1.07069 -0.0204083 0)
(1.06748 -0.0169227 0)
(1.06466 -0.013894 0)
(1.06222 -0.0112609 0)
(1.06013 -0.00896729 0)
(1.05839 -0.00695906 0)
(1.05698 -0.00518315 0)
(1.0559 -0.00358636 0)
(1.05517 -0.00211197 0)
(1.05479 -0.000698866 0)
)
;
    }
    procBoundary3to6
    {
        type            processor;
        value           uniform (1.1446 -0.346745 0);
    }
    procBoundary3to7
    {
        type            processor;
        value           nonuniform List<vector> 
57
(
(1.16383 -0.28486 0)
(1.18066 -0.181318 0)
(1.1872 -0.0566287 0)
(1.1838 0.0717181 0)
(1.16998 0.182638 0)
(1.14639 0.261903 0)
(1.11564 0.306659 0)
(1.08104 0.323202 0)
(1.04535 0.320982 0)
(1.01068 0.30772 0)
(0.978176 0.288511 0)
(0.947291 0.267043 0)
(0.916469 0.245285 0)
(0.885619 0.221937 0)
(0.857234 0.192821 0)
(0.835313 0.154186 0)
(0.82267 0.105433 0)
(0.827096 0.0499314 0)
(0.827096 0.0499314 0)
(0.833623 -0.00752457 0)
(0.848625 -0.0663433 0)
(0.870662 -0.125585 0)
(0.898421 -0.184525 0)
(0.930549 -0.242103 0)
(0.965504 -0.29461 0)
(1.002 -0.335939 0)
(1.03766 -0.357761 0)
(1.07085 -0.35147 0)
(1.09799 -0.311379 0)
(1.11746 -0.235976 0)
(1.12621 -0.132941 0)
(1.12491 -0.0159023 0)
(1.11088 0.094378 0)
(1.08763 0.184036 0)
(1.05549 0.242326 0)
(1.02212 0.270983 0)
(0.987728 0.272373 0)
(0.955412 0.258406 0)
(0.922086 0.235298 0)
(0.890404 0.20472 0)
(0.866289 0.165834 0)
(0.851358 0.106461 0)
(0.85276 0.0421015 0)
(0.861303 -0.0451391 0)
(0.883388 -0.11679 0)
(0.90674 -0.202934 0)
(0.9371 -0.256471 0)
(0.963694 -0.303838 0)
(0.991468 -0.316074 0)
(1.00926 -0.279595 0)
(1.02779 -0.228753 0)
(1.03398 -0.099991 0)
(1.0346 -0.0181515 0)
(1.03072 0.118685 0)
(1.00394 0.150641 0)
(1.00082 0.216714 0)
(0.946916 0.197254 0)
)
;
    }
}


// ************************************************************************* //
