/*--------------------------------*- C++ -*----------------------------------*\
  =========                 |
  \\      /  F ield         | OpenFOAM: The Open Source CFD Toolbox
   \\    /   O peration     | Website:  https://openfoam.org
    \\  /    A nd           | Version:  7
     \\/     M anipulation  |
\*---------------------------------------------------------------------------*/
FoamFile
{
    version     2.0;
    format      ascii;
    class       volVectorField;
    location    "140";
    object      U;
}
// * * * * * * * * * * * * * * * * * * * * * * * * * * * * * * * * * * * * * //

dimensions      [0 1 -1 0 0 0 0];

internalField   nonuniform List<vector> 
1989
(
(1.0038 -0.261875 0)
(0.978607 -0.253895 0)
(0.953977 -0.244038 0)
(0.929812 -0.232362 0)
(0.905952 -0.218859 0)
(0.882456 -0.203171 0)
(0.85964 -0.184738 0)
(0.837449 -0.163558 0)
(0.815082 -0.140416 0)
(0.79205 -0.115744 0)
(0.769883 -0.0883085 0)
(0.752384 -0.0555937 0)
(0.743803 -0.0158244 0)
(0.746564 0.0302451 0)
(0.760302 0.0793172 0)
(0.782662 0.127357 0)
(0.810656 0.171195 0)
(0.841565 0.209625 0)
(0.873433 0.243661 0)
(0.905317 0.275897 0)
(0.937372 0.308833 0)
(0.970782 0.342455 0)
(1.00715 0.372516 0)
(1.0469 0.39138 0)
(1.08814 0.390772 0)
(1.12733 0.363826 0)
(1.16026 0.305869 0)
(1.18417 0.215551 0)
(1.19875 0.0985278 0)
(1.1062 0.067781 0)
(1.11767 0.078684 0)
(1.13212 0.0875292 0)
(1.14927 0.0935833 0)
(1.1687 0.0961306 0)
(1.18982 0.094529 0)
(1.21187 0.0882666 0)
(1.23392 0.0770244 0)
(1.25491 0.0607455 0)
(1.27371 0.0396963 0)
(1.28921 0.0144916 0)
(1.30046 -0.0139718 0)
(1.30665 -0.0446019 0)
(1.30735 -0.0760923 0)
(1.30251 -0.107158 0)
(1.29246 -0.136687 0)
(1.2778 -0.163789 0)
(1.25928 -0.187829 0)
(1.23771 -0.208429 0)
(1.21392 -0.225427 0)
(1.18861 -0.238837 0)
(1.16242 -0.248797 0)
(1.13584 -0.255524 0)
(1.10924 -0.259281 0)
(1.0829 -0.26034 0)
(1.05698 -0.258953 0)
(1.03158 -0.25534 0)
(1.00672 -0.249689 0)
(0.982402 -0.242111 0)
(0.95861 -0.23263 0)
(0.935309 -0.221272 0)
(0.912375 -0.208055 0)
(0.889819 -0.19273 0)
(0.86797 -0.17476 0)
(0.847062 -0.153917 0)
(0.82661 -0.130806 0)
(0.805856 -0.106221 0)
(0.785347 -0.0797986 0)
(0.767876 -0.0497023 0)
(0.757485 -0.0140217 0)
(0.75728 0.0273995 0)
(0.767902 0.072343 0)
(0.787696 0.117375 0)
(0.813885 0.15944 0)
(0.843671 0.197113 0)
(0.874925 0.231019 0)
(0.906546 0.263297 0)
(0.938645 0.295996 0)
(0.972482 0.328825 0)
(1.00961 0.357743 0)
(1.05028 0.375814 0)
(1.09258 0.375505 0)
(1.1328 0.350377 0)
(1.16667 0.295469 0)
(1.19184 0.208545 0)
(1.20805 0.094976 0)
(1.11484 0.0611841 0)
(1.12554 0.0702269 0)
(1.13887 0.0773856 0)
(1.15457 0.0820189 0)
(1.17222 0.083508 0)
(1.19126 0.0813036 0)
(1.21097 0.0749767 0)
(1.2305 0.0642726 0)
(1.2489 0.0491658 0)
(1.26518 0.0299129 0)
(1.27841 0.00705636 0)
(1.28776 -0.0186678 0)
(1.29261 -0.0462874 0)
(1.29262 -0.0747161 0)
(1.28776 -0.10287 0)
(1.2783 -0.12979 0)
(1.26473 -0.154688 0)
(1.24765 -0.176977 0)
(1.22776 -0.196279 0)
(1.20573 -0.212397 0)
(1.1822 -0.225289 0)
(1.1577 -0.235027 0)
(1.13269 -0.241764 0)
(1.10754 -0.245697 0)
(1.0825 -0.247045 0)
(1.05776 -0.246016 0)
(1.03342 -0.242792 0)
(1.00955 -0.237532 0)
(0.986147 -0.23034 0)
(0.963239 -0.221238 0)
(0.940833 -0.210227 0)
(0.918861 -0.197322 0)
(0.897303 -0.182375 0)
(0.876441 -0.164933 0)
(0.856683 -0.144623 0)
(0.837903 -0.121781 0)
(0.819367 -0.0972989 0)
(0.800897 -0.0715008 0)
(0.784184 -0.0433624 0)
(0.772648 -0.0111782 0)
(0.769714 0.0258266 0)
(0.77697 0.0664659 0)
(0.793666 0.108104 0)
(0.817493 0.147996 0)
(0.845708 0.1846 0)
(0.876031 0.218168 0)
(0.907189 0.250339 0)
(0.939232 0.282648 0)
(0.973409 0.314526 0)
(1.01114 0.342182 0)
(1.05255 0.359387 0)
(1.09567 0.359378 0)
(1.13659 0.336098 0)
(1.17123 0.284164 0)
(1.1978 0.200615 0)
(1.21582 0.0907371 0)
(1.12169 0.0548386 0)
(1.13149 0.0621908 0)
(1.14357 0.0678307 0)
(1.15769 0.0712042 0)
(1.17347 0.0717821 0)
(1.19038 0.0691001 0)
(1.20778 0.0628017 0)
(1.22491 0.0526844 0)
(1.24093 0.0387433 0)
(1.25499 0.0212011 0)
(1.26628 0.000526368 0)
(1.27411 -0.0226608 0)
(1.27798 -0.0475278 0)
(1.2776 -0.073166 0)
(1.27293 -0.0986597 0)
(1.26418 -0.123177 0)
(1.25173 -0.146018 0)
(1.23608 -0.166641 0)
(1.21781 -0.184671 0)
(1.19749 -0.199891 0)
(1.17566 -0.212216 0)
(1.15282 -0.221665 0)
(1.12937 -0.228337 0)
(1.10565 -0.232373 0)
(1.08193 -0.233944 0)
(1.05838 -0.233215 0)
(1.03513 -0.230339 0)
(1.01227 -0.225443 0)
(0.989838 -0.218622 0)
(0.967856 -0.209899 0)
(0.946374 -0.199258 0)
(0.925385 -0.186701 0)
(0.904869 -0.172148 0)
(0.885035 -0.155265 0)
(0.866344 -0.13563 0)
(0.848991 -0.113311 0)
(0.832476 -0.0890794 0)
(0.816231 -0.0636811 0)
(0.800936 -0.0368846 0)
(0.789083 -0.00748284 0)
(0.783954 0.0255468 0)
(0.787844 0.0618968 0)
(0.801001 0.0998339 0)
(0.821838 0.137131 0)
(0.84789 0.172285 0)
(0.876829 0.205233 0)
(0.907246 0.237082 0)
(0.93909 0.268809 0)
(0.973489 0.299575 0)
(1.01168 0.325853 0)
(1.05364 0.342124 0)
(1.09725 0.342424 0)
(1.13852 0.321008 0)
(1.17383 0.271986 0)
(1.20196 0.19176 0)
(1.22197 0.0857295 0)
(1.12714 0.048831 0)
(1.13599 0.0546672 0)
(1.14681 0.0589578 0)
(1.15935 0.0612284 0)
(1.17329 0.0610301 0)
(1.18814 0.0579737 0)
(1.20335 0.0517657 0)
(1.21823 0.0422435 0)
(1.23208 0.0294133 0)
(1.24416 0.0134684 0)
(1.25378 -0.00522368 0)
(1.26035 -0.0260819 0)
(1.26345 -0.048444 0)
(1.26282 -0.0715434 0)
(1.25841 -0.0946013 0)
(1.25037 -0.116896 0)
(1.23901 -0.137806 0)
(1.22473 -0.156832 0)
(1.20799 -0.173614 0)
(1.18929 -0.18792 0)
(1.16909 -0.199634 0)
(1.14784 -0.208734 0)
(1.12591 -0.215272 0)
(1.10361 -0.219343 0)
(1.08119 -0.221072 0)
(1.05885 -0.220591 0)
(1.03672 -0.21802 0)
(1.01491 -0.213462 0)
(0.993468 -0.206995 0)
(0.972449 -0.198648 0)
(0.95192 -0.188397 0)
(0.931925 -0.176226 0)
(0.912473 -0.162091 0)
(0.893709 -0.145777 0)
(0.876057 -0.126899 0)
(0.859923 -0.105325 0)
(0.845145 -0.0815771 0)
(0.831094 -0.0565393 0)
(0.8177 -0.0306133 0)
(0.8064 -0.00325355 0)
(0.799897 0.0264515 0)
(0.800784 0.0587811 0)
(0.810198 0.0928762 0)
(0.827457 0.127191 0)
(0.850644 0.160458 0)
(0.877598 0.192401 0)
(0.906867 0.223611 0)
(0.938271 0.254502 0)
(0.972716 0.283971 0)
(1.01119 0.308757 0)
(1.05346 0.32407 0)
(1.09717 0.324741 0)
(1.13845 0.305199 0)
(1.17444 0.258917 0)
(1.20434 0.181847 0)
(1.22651 0.0798322 0)
(1.13142 0.0432053 0)
(1.13934 0.0476988 0)
(1.14893 0.0508058 0)
(1.15998 0.0521225 0)
(1.17217 0.051271 0)
(1.18511 0.0479268 0)
(1.19828 0.0418483 0)
(1.21112 0.032906 0)
(1.22301 0.0211097 0)
(1.23332 0.00663099 0)
(1.24146 -0.0102366 0)
(1.24695 -0.0289989 0)
(1.2494 -0.049096 0)
(1.24858 -0.0698877 0)
(1.24444 -0.0907136 0)
(1.23708 -0.110949 0)
(1.22672 -0.130044 0)
(1.21369 -0.147543 0)
(1.19838 -0.163102 0)
(1.18119 -0.176484 0)
(1.16255 -0.187551 0)
(1.14282 -0.19625 0)
(1.12235 -0.202592 0)
(1.10144 -0.206635 0)
(1.08032 -0.208466 0)
(1.05919 -0.208181 0)
(1.0382 -0.205874 0)
(1.01745 -0.201626 0)
(0.997032 -0.1955 0)
(0.977006 -0.187523 0)
(0.957455 -0.177675 0)
(0.938462 -0.165926 0)
(0.920077 -0.152243 0)
(0.902409 -0.136504 0)
(0.885804 -0.118415 0)
(0.870749 -0.0977431 0)
(0.8574 -0.0747376 0)
(0.845322 -0.0501913 0)
(0.834047 -0.0248774 0)
(0.824064 0.00109683 0)
(0.817194 0.0282594 0)
(0.815835 0.057105 0)
(0.821697 0.0874717 0)
(0.835017 0.118554 0)
(0.854661 0.149494 0)
(0.878918 0.179957 0)
(0.906471 0.210099 0)
(0.937034 0.239818 0)
(0.971239 0.267765 0)
(1.00975 0.290956 0)
(1.05197 0.305347 0)
(1.09534 0.306478 0)
(1.13638 0.288708 0)
(1.17318 0.244827 0)
(1.20515 0.170702 0)
(1.2296 0.0729586 0)
(1.13467 0.0379789 0)
(1.14171 0.0412953 0)
(1.15015 0.043375 0)
(1.15981 0.0438761 0)
(1.1704 0.0424819 0)
(1.18158 0.038923 0)
(1.19291 0.033001 0)
(1.20391 0.0246131 0)
(1.21404 0.0137711 0)
(1.22277 0.000611345 0)
(1.22961 -0.014596 0)
(1.23414 -0.0314602 0)
(1.23601 -0.0495096 0)
(1.23504 -0.0682054 0)
(1.23114 -0.0869878 0)
(1.22438 -0.105318 0)
(1.21493 -0.12271 0)
(1.20305 -0.138752 0)
(1.18905 -0.153119 0)
(1.17328 -0.165575 0)
(1.15608 -0.17597 0)
(1.13781 -0.184224 0)
(1.11875 -0.190318 0)
(1.09919 -0.194277 0)
(1.07936 -0.196154 0)
(1.05943 -0.196018 0)
(1.03958 -0.193938 0)
(1.01991 -0.189974 0)
(1.00053 -0.184174 0)
(0.981514 -0.176562 0)
(0.962961 -0.167126 0)
(0.944975 -0.155827 0)
(0.927647 -0.142635 0)
(0.911083 -0.127483 0)
(0.895544 -0.110184 0)
(0.881498 -0.0904981 0)
(0.869315 -0.0684617 0)
(0.858869 -0.044644 0)
(0.849645 -0.0199123 0)
(0.841479 0.00514087 0)
(0.83524 0.0305296 0)
(0.83271 0.0566305 0)
(0.835706 0.0836807 0)
(0.845166 0.111523 0)
(0.860837 0.139799 0)
(0.881717 0.168277 0)
(0.906858 0.196832 0)
(0.93599 0.224946 0)
(0.969489 0.251092 0)
(1.00759 0.272599 0)
(1.04926 0.286145 0)
(1.09183 0.287765 0)
(1.13256 0.271485 0)
(1.17049 0.229527 0)
(1.20485 0.158167 0)
(1.23149 0.0650816 0)
(1.13701 0.0331542 0)
(1.14322 0.0354481 0)
(1.15061 0.0366448 0)
(1.159 0.0364564 0)
(1.16814 0.0346183 0)
(1.17774 0.0309077 0)
(1.18742 0.0251628 0)
(1.19677 0.0173009 0)
(1.20533 0.00733527 0)
(1.21267 -0.00462385 0)
(1.21835 -0.0183359 0)
(1.22202 -0.0334918 0)
(1.22339 -0.0496937 0)
(1.22226 -0.0664891 0)
(1.21857 -0.0834039 0)
(1.21234 -0.0999744 0)
(1.2037 -0.115773 0)
(1.19285 -0.13043 0)
(1.18005 -0.143643 0)
(1.16559 -0.155181 0)
(1.14975 -0.164886 0)
(1.13285 -0.17266 0)
(1.11514 -0.178462 0)
(1.09689 -0.182289 0)
(1.07831 -0.184166 0)
(1.05958 -0.184135 0)
(1.04086 -0.182246 0)
(1.02228 -0.17854 0)
(1.00395 -0.173053 0)
(0.98596 -0.165803 0)
(0.968419 -0.156782 0)
(0.951444 -0.145956 0)
(0.935157 -0.13329 0)
(0.91968 -0.11875 0)
(0.905218 -0.102232 0)
(0.892162 -0.0835532 0)
(0.880967 -0.0626377 0)
(0.871795 -0.0398057 0)
(0.864329 -0.0158093 0)
(0.858123 0.00852171 0)
(0.853276 0.03274 0)
(0.850748 0.0568946 0)
(0.852002 0.0812919 0)
(0.858269 0.106188 0)
(0.870044 0.131686 0)
(0.88715 0.157764 0)
(0.909228 0.18419 0)
(0.936214 0.210201 0)
(0.968309 0.234218 0)
(1.0053 0.25395 0)
(1.04573 0.266698 0)
(1.08712 0.268676 0)
(1.12771 0.253384 0)
(1.16726 0.21279 0)
(1.20413 0.144147 0)
(1.23253 0.0562859 0)
(1.13854 0.0287268 0)
(1.144 0.0301405 0)
(1.15042 0.030586 0)
(1.15766 0.0298217 0)
(1.16551 0.0276276 0)
(1.17369 0.02382 0)
(1.1819 0.018267 0)
(1.18979 0.010903 0)
(1.19697 0.0017398 0)
(1.20307 -0.00912369 0)
(1.20772 -0.0214961 0)
(1.21063 -0.0351164 0)
(1.21153 -0.049653 0)
(1.21026 -0.0647273 0)
(1.20674 -0.0799381 0)
(1.20098 -0.0948872 0)
(1.19306 -0.109201 0)
(1.18314 -0.122548 0)
(1.17143 -0.134649 0)
(1.15816 -0.145284 0)
(1.14359 -0.154291 0)
(1.12798 -0.161562 0)
(1.11156 -0.167037 0)
(1.09458 -0.17069 0)
(1.07721 -0.172525 0)
(1.05966 -0.172562 0)
(1.04207 -0.170831 0)
(1.02457 -0.167361 0)
(1.00729 -0.162172 0)
(0.990331 -0.155278 0)
(0.973809 -0.146675 0)
(0.957846 -0.136337 0)
(0.942583 -0.124229 0)
(0.928163 -0.110328 0)
(0.914766 -0.0945887 0)
(0.9027 -0.0769038 0)
(0.892404 -0.0571746 0)
(0.88422 -0.0355341 0)
(0.878108 -0.012522 0)
(0.87367 0.0110373 0)
(0.870573 0.034417 0)
(0.869025 0.057298 0)
(0.869848 0.0798073 0)
(0.874126 0.10232 0)
(0.882752 0.12522 0)
(0.896255 0.148701 0)
(0.914953 0.172563 0)
(0.939151 0.195999 0)
(0.969011 0.217561 0)
(1.00399 0.235404 0)
(1.04244 0.247265 0)
(1.08245 0.249206 0)
(1.12329 0.234179 0)
(1.16479 0.194434 0)
(1.20381 0.128716 0)
(1.23298 0.0468488 0)
(1.13938 0.0246886 0)
(1.14414 0.025352 0)
(1.14969 0.0251653 0)
(1.1559 0.0239267 0)
(1.16258 0.0214541 0)
(1.16951 0.0175964 0)
(1.17643 0.0122466 0)
(1.18302 0.00535288 0)
(1.18898 -0.00307417 0)
(1.19399 -0.0129478 0)
(1.19774 -0.0241139 0)
(1.19996 -0.0363535 0)
(1.20045 -0.0493904 0)
(1.19904 -0.0629077 0)
(1.19566 -0.0765665 0)
(1.1903 -0.0900254 0)
(1.18301 -0.102959 0)
(1.17393 -0.115072 0)
(1.1632 -0.12611 0)
(1.15103 -0.135864 0)
(1.13764 -0.144175 0)
(1.12324 -0.150928 0)
(1.10804 -0.156048 0)
(1.09226 -0.159495 0)
(1.07608 -0.161253 0)
(1.05968 -0.161325 0)
(1.0432 -0.159724 0)
(1.02678 -0.156466 0)
(1.01054 -0.151562 0)
(0.994617 -0.14502 0)
(0.979111 -0.136838 0)
(0.964155 -0.126997 0)
(0.949898 -0.115468 0)
(0.9365 -0.102234 0)
(0.924136 -0.0872806 0)
(0.913053 -0.0705659 0)
(0.903623 -0.0520228 0)
(0.896247 -0.0316897 0)
(0.891117 -0.00989829 0)
(0.888049 0.0126822 0)
(0.886632 0.0352633 0)
(0.886598 0.0572685 0)
(0.888126 0.0785482 0)
(0.89185 0.0993495 0)
(0.898645 0.120095 0)
(0.909424 0.141082 0)
(0.925042 0.162195 0)
(0.946202 0.182753 0)
(0.973157 0.20162 0)
(1.00529 0.217414 0)
(1.04122 0.228067 0)
(1.0799 0.229266 0)
(1.12128 0.21368 0)
(1.16445 0.17451 0)
(1.20442 0.112272 0)
(1.23284 0.0372887 0)
(1.13961 0.021029 0)
(1.14374 0.0210598 0)
(1.1485 0.0203476 0)
(1.15379 0.018725 0)
(1.15944 0.0160417 0)
(1.16526 0.0121744 0)
(1.17103 0.00703592 0)
(1.17649 0.000585639 0)
(1.18138 -0.00716476 0)
(1.18543 -0.0161439 0)
(1.18838 -0.026224 0)
(1.19 -0.0372224 0)
(1.19011 -0.0489094 0)
(1.18857 -0.0610196 0)
(1.1853 -0.0732669 0)
(1.18029 -0.0853594 0)
(1.17356 -0.0970145 0)
(1.16522 -0.107971 0)
(1.15539 -0.117998 0)
(1.14423 -0.126901 0)
(1.13192 -0.134525 0)
(1.11865 -0.140752 0)
(1.10461 -0.1455 0)
(1.08998 -0.148715 0)
(1.07494 -0.150368 0)
(1.05965 -0.150447 0)
(1.04426 -0.148951 0)
(1.02891 -0.145886 0)
(1.01371 -0.141254 0)
(0.998804 -0.135059 0)
(0.984305 -0.127298 0)
(0.970346 -0.117959 0)
(0.957076 -0.107024 0)
(0.944664 -0.0944783 0)
(0.933287 -0.0803237 0)
(0.923161 -0.0645616 0)
(0.914584 -0.0471716 0)
(0.907934 -0.0281732 0)
(0.903519 -0.00775641 0)
(0.901392 0.0136038 0)
(0.901286 0.0352196 0)
(0.902794 0.056431 0)
(0.905672 0.0768629 0)
(0.910058 0.0965196 0)
(0.916521 0.115658 0)
(0.92597 0.134509 0)
(0.939479 0.153005 0)
(0.957993 0.170674 0)
(0.98192 0.186778 0)
(1.01089 0.200314 0)
(1.0442 0.209205 0)
(1.08166 0.208787 0)
(1.12334 0.19198 0)
(1.16693 0.153533 0)
(1.20584 0.0956141 0)
(1.23168 0.0283195 0)
(1.13931 0.0177343 0)
(1.14286 0.0172385 0)
(1.14692 0.0160965 0)
(1.15139 0.01417 0)
(1.15613 0.0113356 0)
(1.16098 0.00749333 0)
(1.16574 0.00257189 0)
(1.17021 -0.00345971 0)
(1.17416 -0.0105891 0)
(1.17737 -0.0187579 0)
(1.17961 -0.0278597 0)
(1.1807 -0.0377423 0)
(1.18048 -0.0482144 0)
(1.17882 -0.059054 0)
(1.17564 -0.0700197 0)
(1.17093 -0.0808623 0)
(1.1647 -0.0913371 0)
(1.15702 -0.101214 0)
(1.148 -0.110285 0)
(1.13776 -0.118372 0)
(1.12644 -0.125325 0)
(1.11423 -0.131029 0)
(1.10127 -0.135394 0)
(1.08775 -0.138359 0)
(1.0738 -0.139885 0)
(1.0596 -0.139948 0)
(1.04527 -0.138537 0)
(1.03096 -0.135646 0)
(1.01679 -0.131275 0)
(1.00288 -0.12542 0)
(0.989375 -0.11808 0)
(0.976394 -0.109247 0)
(0.96409 -0.0989123 0)
(0.952628 -0.0870684 0)
(0.942189 -0.0737248 0)
(0.932974 -0.0589057 0)
(0.925228 -0.0426326 0)
(0.919269 -0.02494 0)
(0.915431 -0.00595496 0)
(0.913914 0.0140088 0)
(0.914662 0.0344245 0)
(0.917368 0.054692 0)
(0.921659 0.0743372 0)
(0.927348 0.0931425 0)
(0.934638 0.111109 0)
(0.94417 0.128276 0)
(0.956892 0.144535 0)
(0.973734 0.159598 0)
(0.995224 0.173062 0)
(1.02144 0.184149 0)
(1.05245 0.190669 0)
(1.08866 0.187903 0)
(1.12961 0.169659 0)
(1.17151 0.132525 0)
(1.20701 0.0798229 0)
(1.22869 0.0206823 0)
(1.13854 0.0147879 0)
(1.14157 0.013861 0)
(1.14501 0.0123744 0)
(1.14875 0.0102146 0)
(1.15269 0.00728097 0)
(1.15668 0.00349163 0)
(1.16057 -0.00120678 0)
(1.16417 -0.00684121 0)
(1.1673 -0.0134002 0)
(1.16978 -0.020834 0)
(1.17141 -0.0290537 0)
(1.17203 -0.0379327 0)
(1.17151 -0.0473116 0)
(1.16974 -0.0570048 0)
(1.16664 -0.0668084 0)
(1.1622 -0.0765103 0)
(1.15641 -0.0858992 0)
(1.14933 -0.0947731 0)
(1.14103 -0.102947 0)
(1.13162 -0.110256 0)
(1.12123 -0.116561 0)
(1.11 -0.121748 0)
(1.09807 -0.125728 0)
(1.08558 -0.128433 0)
(1.07268 -0.129816 0)
(1.05952 -0.129846 0)
(1.04622 -0.128502 0)
(1.03293 -0.125772 0)
(1.01976 -0.121649 0)
(1.00684 -0.116129 0)
(0.994302 -0.109207 0)
(0.982277 -0.100881 0)
(0.970911 -0.0911488 0)
(0.960364 -0.0800114 0)
(0.950816 -0.0674851 0)
(0.942456 -0.0536039 0)
(0.935501 -0.0384164 0)
(0.930211 -0.0219821 0)
(0.926889 -0.00440756 0)
(0.92579 0.0140799 0)
(0.927018 0.033107 0)
(0.930449 0.0521963 0)
(0.935798 0.0708875 0)
(0.942791 0.0888362 0)
(0.951385 0.105818 0)
(0.961897 0.121646 0)
(0.974951 0.136111 0)
(0.991244 0.149008 0)
(1.01133 0.160101 0)
(1.03566 0.168659 0)
(1.06488 0.172424 0)
(1.09946 0.167057 0)
(1.1381 0.147733 0)
(1.17606 0.112759 0)
(1.2063 0.0659356 0)
(1.22301 0.0148939 0)
(1.13734 0.0121709 0)
(1.13991 0.0108981 0)
(1.14279 0.00914294 0)
(1.14589 0.0068129 0)
(1.14913 0.00382525 0)
(1.15238 0.000116292 0)
(1.15551 -0.00435718 0)
(1.15836 -0.00961616 0)
(1.16078 -0.0156496 0)
(1.16262 -0.0224152 0)
(1.16372 -0.0298386 0)
(1.16394 -0.0378143 0)
(1.16316 -0.0462096 0)
(1.16129 -0.0548689 0)
(1.15827 -0.0636203 0)
(1.15406 -0.0722835 0)
(1.14866 -0.0806764 0)
(1.14211 -0.0886226 0)
(1.13448 -0.0959574 0)
(1.12584 -0.102532 0)
(1.1163 -0.108217 0)
(1.10597 -0.112902 0)
(1.095 -0.1165 0)
(1.08349 -0.11894 0)
(1.07159 -0.120171 0)
(1.05943 -0.120154 0)
(1.04713 -0.118863 0)
(1.03482 -0.116282 0)
(1.02263 -0.112397 0)
(1.01067 -0.107204 0)
(0.999073 -0.100697 0)
(0.987975 -0.0928766 0)
(0.977514 -0.0837459 0)
(0.967846 -0.073314 0)
(0.959141 -0.0616033 0)
(0.951581 -0.0486539 0)
(0.945363 -0.0345274 0)
(0.940709 -0.0192998 0)
(0.937872 -0.00308674 0)
(0.937103 0.0139308 0)
(0.938582 0.0314787 0)
(0.942339 0.0491972 0)
(0.94825 0.0666951 0)
(0.956123 0.0835953 0)
(0.965842 0.0995381 0)
(0.977491 0.114169 0)
(0.991361 0.127167 0)
(1.00785 0.138305 0)
(1.02741 0.147342 0)
(1.05068 0.153473 0)
(1.0784 0.154528 0)
(1.1107 0.146912 0)
(1.14551 0.127306 0)
(1.178 0.0953085 0)
(1.20226 0.05456 0)
(1.21422 0.0110501 0)
(1.13575 0.00986307 0)
(1.13791 0.00832034 0)
(1.1403 0.00636329 0)
(1.14285 0.0039168 0)
(1.14548 0.00091709 0)
(1.14808 -0.00268761 0)
(1.15055 -0.00693564 0)
(1.15276 -0.0118388 0)
(1.15458 -0.0173868 0)
(1.15587 -0.0235438 0)
(1.15651 -0.0302473 0)
(1.15638 -0.0374095 0)
(1.15538 -0.0449194 0)
(1.15343 -0.0526468 0)
(1.15047 -0.060447 0)
(1.14647 -0.0681663 0)
(1.14143 -0.0756486 0)
(1.13537 -0.0827404 0)
(1.12833 -0.0892958 0)
(1.12039 -0.0951809 0)
(1.11163 -0.100277 0)
(1.10216 -0.10448 0)
(1.09208 -0.107705 0)
(1.0815 -0.109881 0)
(1.07055 -0.110954 0)
(1.05934 -0.110883 0)
(1.048 -0.109636 0)
(1.03664 -0.107192 0)
(1.02539 -0.103538 0)
(1.01436 -0.0986634 0)
(1.00367 -0.0925658 0)
(0.993467 -0.0852466 0)
(0.983876 -0.0767133 0)
(0.975046 -0.066981 0)
(0.967139 -0.0560776 0)
(0.960325 -0.0440485 0)
(0.954788 -0.0309595 0)
(0.950722 -0.0168977 0)
(0.948338 -0.00198575 0)
(0.947861 0.0136137 0)
(0.949481 0.029679 0)
(0.953314 0.0459313 0)
(0.959371 0.0620506 0)
(0.967587 0.0776798 0)
(0.977889 0.0924148 0)
(0.990259 0.10582 0)
(1.00476 0.117496 0)
(1.02155 0.127143 0)
(1.04093 0.134405 0)
(1.06344 0.138398 0)
(1.08957 0.137204 0)
(1.1189 0.128131 0)
(1.14902 0.109163 0)
(1.17567 0.0806644 0)
(1.1944 0.0457205 0)
(1.20261 0.00883734 0)
(1.13381 0.00784333 0)
(1.13562 0.00609801 0)
(1.13758 0.00399844 0)
(1.13965 0.00148435 0)
(1.14175 -0.0014923 0)
(1.1438 -0.00497738 0)
(1.1457 -0.00899773 0)
(1.14736 -0.0135619 0)
(1.14865 -0.01866 0)
(1.14948 -0.0242612 0)
(1.14973 -0.030313 0)
(1.14931 -0.0367417 0)
(1.14813 -0.0434546 0)
(1.14612 -0.0503426 0)
(1.14322 -0.0572836 0)
(1.13942 -0.0641472 0)
(1.1347 -0.0707995 0)
(1.12907 -0.0771073 0)
(1.12258 -0.0829424 0)
(1.11529 -0.088185 0)
(1.10725 -0.0927266 0)
(1.09856 -0.0964714 0)
(1.08931 -0.0993372 0)
(1.07961 -0.101256 0)
(1.06955 -0.102171 0)
(1.05925 -0.10204 0)
(1.04883 -0.10083 0)
(1.03838 -0.0985167 0)
(1.02803 -0.0950835 0)
(1.01789 -0.0905208 0)
(1.00809 -0.0848256 0)
(0.998738 -0.0780008 0)
(0.989976 -0.0700573 0)
(0.981942 -0.0610146 0)
(0.974786 -0.0509051 0)
(0.968668 -0.0397781 0)
(0.963754 -0.0277008 0)
(0.960221 -0.0147682 0)
(0.958252 -0.00109797 0)
(0.958035 0.0131497 0)
(0.95975 0.0277801 0)
(0.963534 0.0425593 0)
(0.969475 0.0572167 0)
(0.977605 0.0714299 0)
(0.987919 0.0848057 0)
(1.00038 0.0968995 0)
(1.01496 0.10728 0)
(1.03166 0.115568 0)
(1.05063 0.121294 0)
(1.07215 0.123557 0)
(1.0963 0.120797 0)
(1.12223 0.111165 0)
(1.14761 0.0935728 0)
(1.16903 0.0686903 0)
(1.18339 0.0389743 0)
(1.18909 0.00773426 0)
(1.13157 0.00609074 0)
(1.13307 0.00420208 0)
(1.13466 0.00201217 0)
(1.13632 -0.000524452 0)
(1.13797 -0.00345136 0)
(1.13954 -0.00680157 0)
(1.14096 -0.0105941 0)
(1.14214 -0.0148353 0)
(1.143 -0.0195157 0)
(1.14343 -0.0246083 0)
(1.14336 -0.0300688 0)
(1.14269 -0.0358356 0)
(1.14136 -0.0418308 0)
(1.1393 -0.0479628 0)
(1.13648 -0.0541288 0)
(1.13286 -0.0602182 0)
(1.12843 -0.0661162 0)
(1.12321 -0.0717078 0)
(1.11722 -0.0768805 0)
(1.11052 -0.081528 0)
(1.10315 -0.0855522 0)
(1.09518 -0.0888652 0)
(1.08671 -0.0913897 0)
(1.07783 -0.0930601 0)
(1.06861 -0.0938219 0)
(1.05918 -0.0936311 0)
(1.04962 -0.0924536 0)
(1.04004 -0.0902639 0)
(1.03056 -0.0870448 0)
(1.02127 -0.082786 0)
(1.01231 -0.0774847 0)
(1.00377 -0.0711454 0)
(0.995798 -0.0637809 0)
(0.988514 -0.0554142 0)
(0.982062 -0.046081 0)
(0.976587 -0.0358321 0)
(0.972244 -0.0247386 0)
(0.96919 -0.0128922 0)
(0.967587 -0.000412138 0)
(0.967597 0.0125514 0)
(0.969376 0.0258153 0)
(0.973056 0.0391692 0)
(0.978749 0.052371 0)
(0.986532 0.0651286 0)
(0.996443 0.0770818 0)
(1.00846 0.0878143 0)
(1.02253 0.0968982 0)
(1.03859 0.103909 0)
(1.05663 0.108316 0)
(1.07669 0.109289 0)
(1.09848 0.105637 0)
(1.12094 0.0961634 0)
(1.14207 0.0803481 0)
(1.15933 0.0588983 0)
(1.1706 0.0336935 0)
(1.17483 0.00716244 0)
(1.12909 0.00458445 0)
(1.1303 0.00260397 0)
(1.13158 0.000369391 0)
(1.13288 -0.00215588 0)
(1.13414 -0.00500785 0)
(1.13531 -0.00820904 0)
(1.13633 -0.0117742 0)
(1.13711 -0.0157071 0)
(1.1376 -0.0199983 0)
(1.1377 -0.0246245 0)
(1.13736 -0.0295478 0)
(1.13649 -0.0347164 0)
(1.13505 -0.040065 0)
(1.13297 -0.0455165 0)
(1.13022 -0.0509842 0)
(1.12677 -0.0563743 0)
(1.12262 -0.0615888 0)
(1.11777 -0.0665284 0)
(1.11224 -0.071095 0)
(1.10607 -0.0751948 0)
(1.09932 -0.0787399 0)
(1.09203 -0.0816501 0)
(1.08428 -0.083854 0)
(1.07616 -0.0852897 0)
(1.06774 -0.0859047 0)
(1.05911 -0.085656 0)
(1.05037 -0.0845094 0)
(1.04162 -0.0824392 0)
(1.03296 -0.0794277 0)
(1.02449 -0.0754648 0)
(1.01632 -0.0705479 0)
(1.00856 -0.0646829 0)
(1.00133 -0.057884 0)
(0.994746 -0.0501767 0)
(0.988949 -0.0415978 0)
(0.984067 -0.0322005 0)
(0.980242 -0.0220547 0)
(0.977616 -0.0112519 0)
(0.97633 9.21707e-05 0)
(0.976527 0.0118355 0)
(0.978339 0.0238061 0)
(0.981885 0.0358075 0)
(0.987269 0.0476141 0)
(0.994577 0.0589578 0)
(1.00386 0.0695137 0)
(1.0151 0.0789058 0)
(1.02825 0.0867308 0)
(1.0432 0.0925582 0)
(1.05986 0.0958634 0)
(1.07805 0.095937 0)
(1.09728 0.0919111 0)
(1.1165 0.0830358 0)
(1.13409 0.0690973 0)
(1.14819 0.0507334 0)
(1.15733 0.0293455 0)
(1.16079 0.00674029 0)
(1.12639 0.00330353 0)
(1.12737 0.00127559 0)
(1.12838 -0.000964493 0)
(1.12937 -0.00344931 0)
(1.1303 -0.00620363 0)
(1.13113 -0.00924505 0)
(1.13181 -0.0125842 0)
(1.13226 -0.0162224 0)
(1.13244 -0.0201504 0)
(1.13228 -0.0243478 0)
(1.13172 -0.0287821 0)
(1.13069 -0.0334096 0)
(1.12916 -0.0381752 0)
(1.12707 -0.0430142 0)
(1.1244 -0.0478534 0)
(1.12112 -0.0526132 0)
(1.11723 -0.05721 0)
(1.11272 -0.0615583 0)
(1.10762 -0.0655731 0)
(1.10195 -0.0691718 0)
(1.09576 -0.0722762 0)
(1.08909 -0.0748142 0)
(1.08202 -0.0767204 0)
(1.07461 -0.0779373 0)
(1.06693 -0.0784153 0)
(1.05906 -0.0781133 0)
(1.0511 -0.0769979 0)
(1.04313 -0.0750442 0)
(1.03524 -0.0722345 0)
(1.02754 -0.0685593 0)
(1.02011 -0.0640164 0)
(1.01308 -0.0586127 0)
(1.00655 -0.0523636 0)
(1.00062 -0.0452954 0)
(0.995432 -0.0374464 0)
(0.991095 -0.0288695 0)
(0.987739 -0.019634 0)
(0.98549 -0.0098301 0)
(0.984474 0.000433689 0)
(0.984816 0.0110224 0)
(0.986629 0.0217743 0)
(0.990014 0.0325048 0)
(0.99506 0.0430019 0)
(1.00184 0.0530176 0)
(1.01039 0.0622596 0)
(1.0207 0.0703916 0)
(1.03272 0.0770456 0)
(1.04632 0.0818164 0)
(1.06133 0.0842302 0)
(1.07747 0.0837134 0)
(1.09418 0.0796506 0)
(1.11052 0.0715751 0)
(1.12523 0.0594325 0)
(1.13693 0.0437491 0)
(1.14457 0.0255927 0)
(1.14759 0.00632076 0)
(1.12353 0.00222788 0)
(1.12431 0.000192326 0)
(1.12509 -0.0020222 0)
(1.12582 -0.00444004 0)
(1.12648 -0.00707906 0)
(1.12703 -0.00995255 0)
(1.12742 -0.0130676 0)
(1.1276 -0.0164239 0)
(1.12753 -0.0200122 0)
(1.12715 -0.0238145 0)
(1.12641 -0.0278029 0)
(1.12527 -0.0319402 0)
(1.12367 -0.0361801 0)
(1.1216 -0.0404678 0)
(1.11901 -0.0447417 0)
(1.1159 -0.0489343 0)
(1.11224 -0.0529743 0)
(1.10805 -0.0567884 0)
(1.10334 -0.060303 0)
(1.09813 -0.063446 0)
(1.09246 -0.0661483 0)
(1.08637 -0.0683454 0)
(1.07992 -0.0699783 0)
(1.07317 -0.070994 0)
(1.06618 -0.0713469 0)
(1.05903 -0.070998 0)
(1.05179 -0.069916 0)
(1.04455 -0.0680768 0)
(1.03739 -0.0654637 0)
(1.0304 -0.0620677 0)
(1.02369 -0.0578876 0)
(1.01734 -0.0529306 0)
(1.01145 -0.0472131 0)
(1.00614 -0.0407615 0)
(1.0015 -0.0336149 0)
(0.997662 -0.0258249 0)
(0.994724 -0.0174597 0)
(0.992806 -0.0086035 0)
(0.992018 0.000636958 0)
(0.992465 0.0101363 0)
(0.994246 0.0197445 0)
(0.997445 0.0292887 0)
(1.00213 0.0385707 0)
(1.00836 0.0473624 0)
(1.01616 0.0554003 0)
(1.0255 0.0623856 0)
(1.03632 0.0679899 0)
(1.04848 0.0718516 0)
(1.06178 0.073566 0)
(1.07589 0.0726863 0)
(1.09027 0.06878 0)
(1.10413 0.0615595 0)
(1.11648 0.0510459 0)
(1.12631 0.0376699 0)
(1.1328 0.0222497 0)
(1.13551 0.00582142 0)
(1.12056 0.00133847 0)
(1.12117 -0.000672349 0)
(1.12174 -0.00283397 0)
(1.12226 -0.0051628 0)
(1.12269 -0.00767212 0)
(1.12301 -0.0103715 0)
(1.12316 -0.0132653 0)
(1.12313 -0.0163515 0)
(1.12285 -0.0196215 0)
(1.1223 -0.023059 0)
(1.12142 -0.02664 0)
(1.12019 -0.0303328 0)
(1.11857 -0.0340981 0)
(1.11652 -0.0378898 0)
(1.11402 -0.0416557 0)
(1.11106 -0.0453387 0)
(1.10764 -0.0488782 0)
(1.10374 -0.0522113 0)
(1.09939 -0.0552747 0)
(1.09461 -0.0580055 0)
(1.08942 -0.0603434 0)
(1.08387 -0.0622311 0)
(1.07799 -0.0636156 0)
(1.07185 -0.0644493 0)
(1.0655 -0.0646902 0)
(1.05901 -0.0643026 0)
(1.05244 -0.0632571 0)
(1.04588 -0.0615315 0)
(1.03941 -0.0591101 0)
(1.03309 -0.0559849 0)
(1.02703 -0.0521553 0)
(1.02132 -0.0476291 0)
(1.01603 -0.042423 0)
(1.01128 -0.0365636 0)
(1.00715 -0.030089 0)
(1.00376 -0.02305 0)
(1.0012 -0.0155112 0)
(0.999567 -0.00755289 0)
(0.998963 0.000723615 0)
(0.99948 0.00920159 0)
(1.0012 0.0177425 0)
(1.00419 0.026186 0)
(1.00851 0.0343495 0)
(1.01419 0.0420249 0)
(1.02124 0.048976 0)
(1.02962 0.0549395 0)
(1.03926 0.0596272 0)
(1.05001 0.0627278 0)
(1.06167 0.0639081 0)
(1.07389 0.062826 0)
(1.08619 0.0591792 0)
(1.09793 0.0527949 0)
(1.10834 0.0437287 0)
(1.11663 0.0323341 0)
(1.12218 0.0192343 0)
(1.12462 0.00524167 0)
(1.11752 0.000615959 0)
(1.11798 -0.00134378 0)
(1.11839 -0.00342851 0)
(1.11872 -0.00565013 0)
(1.11897 -0.00801822 0)
(1.11909 -0.0105391 0)
(1.11906 -0.0132149 0)
(1.11884 -0.0160426 0)
(1.11841 -0.0190137 0)
(1.11772 -0.0221137 0)
(1.11675 -0.0253218 0)
(1.11545 -0.0286109 0)
(1.11381 -0.0319475 0)
(1.1118 -0.0352927 0)
(1.10941 -0.0386025 0)
(1.1066 -0.0418284 0)
(1.10339 -0.0449189 0)
(1.09978 -0.0478204 0)
(1.09576 -0.0504785 0)
(1.09137 -0.0528388 0)
(1.08663 -0.0548488 0)
(1.08156 -0.0564579 0)
(1.07622 -0.0576195 0)
(1.07064 -0.0582908 0)
(1.06488 -0.0584339 0)
(1.059 -0.0580165 0)
(1.05306 -0.0570118 0)
(1.04714 -0.0553993 0)
(1.04129 -0.0531651 0)
(1.0356 -0.0503019 0)
(1.03015 -0.0468101 0)
(1.02501 -0.0426976 0)
(1.02028 -0.0379813 0)
(1.01604 -0.0326875 0)
(1.01238 -0.0268528 0)
(1.00939 -0.0205259 0)
(1.00716 -0.0137685 0)
(1.00577 -0.0066577 0)
(1.00532 0.000715907 0)
(1.00587 0.00824204 0)
(1.00751 0.0157927 0)
(1.01027 0.0232216 0)
(1.01421 0.0303623 0)
(1.01935 0.0370275 0)
(1.02567 0.0430074 0)
(1.03313 0.0480721 0)
(1.04166 0.051973 0)
(1.05109 0.0544482 0)
(1.06122 0.055229 0)
(1.07174 0.0540568 0)
(1.08223 0.0507213 0)
(1.09217 0.0451218 0)
(1.10093 0.0373327 0)
(1.10794 0.0276385 0)
(1.11268 0.0165252 0)
(1.11486 0.0046226 0)
(1.11444 4.25203e-05 0)
(1.11477 -0.00184333 0)
(1.11504 -0.00383203 0)
(1.11523 -0.00593209 0)
(1.11532 -0.00815006 0)
(1.11529 -0.0104897 0)
(1.11511 -0.0129514 0)
(1.11475 -0.0155315 0)
(1.1142 -0.0182216 0)
(1.11341 -0.0210088 0)
(1.11236 -0.0238749 0)
(1.11104 -0.0267967 0)
(1.1094 -0.0297458 0)
(1.10745 -0.0326891 0)
(1.10515 -0.0355894 0)
(1.1025 -0.0384058 0)
(1.09949 -0.0410945 0)
(1.09614 -0.04361 0)
(1.09243 -0.0459056 0)
(1.0884 -0.0479347 0)
(1.08407 -0.0496516 0)
(1.07945 -0.0510123 0)
(1.07459 -0.0519759 0)
(1.06953 -0.0525045 0)
(1.06432 -0.0525645 0)
(1.05901 -0.0521268 0)
(1.05364 -0.0511676 0)
(1.0483 -0.0496683 0)
(1.04304 -0.0476167 0)
(1.03792 -0.0450067 0)
(1.03303 -0.0418393 0)
(1.02843 -0.0381226 0)
(1.02421 -0.0338734 0)
(1.02043 -0.0291168 0)
(1.01719 -0.0238883 0)
(1.01456 -0.0182338 0)
(1.01261 -0.0122114 0)
(1.01143 -0.00589221 0)
(1.0111 0.000638948 0)
(1.01166 0.00728117 0)
(1.01319 0.0139182 0)
(1.01572 0.0204172 0)
(1.01928 0.0266286 0)
(1.02389 0.0323856 0)
(1.02951 0.037504 0)
(1.03611 0.041785 0)
(1.04359 0.0450175 0)
(1.05181 0.046985 0)
(1.06056 0.0474731 0)
(1.06958 0.0462887 0)
(1.0785 0.043286 0)
(1.08689 0.0384103 0)
(1.09428 0.0317399 0)
(1.10019 0.0235085 0)
(1.10424 0.0140963 0)
(1.10616 0.00399608 0)
(1.11136 -0.000398729 0)
(1.11159 -0.00219201 0)
(1.11175 -0.00406931 0)
(1.11182 -0.0060365 0)
(1.11179 -0.00809773 0)
(1.11163 -0.0102548 0)
(1.11133 -0.0125069 0)
(1.11087 -0.0148496 0)
(1.11022 -0.0172752 0)
(1.10936 -0.0197719 0)
(1.10827 -0.0223239 0)
(1.10693 -0.0249111 0)
(1.10532 -0.0275093 0)
(1.10342 -0.0300907 0)
(1.10123 -0.0326236 0)
(1.09873 -0.0350735 0)
(1.09592 -0.0374035 0)
(1.0928 -0.0395747 0)
(1.08939 -0.0415475 0)
(1.08569 -0.0432819 0)
(1.08173 -0.0447387 0)
(1.07753 -0.0458799 0)
(1.07311 -0.0466696 0)
(1.06853 -0.047075 0)
(1.06382 -0.0470664 0)
(1.05902 -0.0466182 0)
(1.05419 -0.0457092 0)
(1.04938 -0.0443234 0)
(1.04465 -0.04245 0)
(1.04006 -0.0400841 0)
(1.03567 -0.0372272 0)
(1.03157 -0.0338878 0)
(1.0278 -0.030082 0)
(1.02445 -0.0258338 0)
(1.02158 -0.0211767 0)
(1.01926 -0.0161538 0)
(1.01757 -0.010819 0)
(1.01656 -0.00523773 0)
(1.01631 0.00051215 0)
(1.01686 0.0063391 0)
(1.01827 0.0121381 0)
(1.02056 0.0177902 0)
(1.02375 0.0231624 0)
(1.02785 0.0281078 0)
(1.03282 0.0324666 0)
(1.03861 0.0360689 0)
(1.04513 0.0387376 0)
(1.05225 0.0402959 0)
(1.05977 0.040575 0)
(1.06747 0.0394303 0)
(1.07503 0.0367624 0)
(1.08211 0.0325463 0)
(1.08833 0.0268555 0)
(1.09331 0.019883 0)
(1.09675 0.0119319 0)
(1.09843 0.00338688 0)
(1.10832 -0.000724178 0)
(1.10847 -0.00240951 0)
(1.10853 -0.00416314 0)
(1.10851 -0.00598874 0)
(1.10838 -0.0078886 0)
(1.10813 -0.00986309 0)
(1.10774 -0.0119103 0)
(1.1072 -0.0140257 0)
(1.10648 -0.0162019 0)
(1.10558 -0.0184284 0)
(1.10446 -0.0206911 0)
(1.10312 -0.0229729 0)
(1.10155 -0.0252532 0)
(1.09972 -0.0275084 0)
(1.09763 -0.0297116 0)
(1.09527 -0.0318339 0)
(1.09265 -0.0338439 0)
(1.08976 -0.035709 0)
(1.08661 -0.0373953 0)
(1.08322 -0.038869 0)
(1.0796 -0.0400965 0)
(1.07578 -0.0410452 0)
(1.07177 -0.0416842 0)
(1.06762 -0.041985 0)
(1.06336 -0.041922 0)
(1.05903 -0.0414728 0)
(1.05468 -0.040619 0)
(1.05036 -0.0393469 0)
(1.04612 -0.0376471 0)
(1.04201 -0.035516 0)
(1.03809 -0.0329558 0)
(1.03442 -0.0299746 0)
(1.03107 -0.026588 0)
(1.02809 -0.0228187 0)
(1.02555 -0.0186979 0)
(1.02351 -0.0142653 0)
(1.02204 -0.00957059 0)
(1.02118 -0.00467345 0)
(1.02098 0.000355606 0)
(1.02151 0.00543433 0)
(1.02278 0.0104689 0)
(1.02483 0.0153538 0)
(1.02767 0.0199721 0)
(1.03128 0.0241962 0)
(1.03564 0.0278888 0)
(1.04069 0.0309063 0)
(1.04634 0.0331018 0)
(1.05247 0.0343322 0)
(1.05891 0.0344657 0)
(1.06545 0.0333947 0)
(1.07185 0.0310517 0)
(1.07781 0.02743 0)
(1.08303 0.0225985 0)
(1.08722 0.0167149 0)
(1.09012 0.0100186 0)
(1.09157 0.00281737 0)
(1.10536 -0.000948759 0)
(1.10543 -0.0025141 0)
(1.10543 -0.0041345 0)
(1.10533 -0.00581202 0)
(1.10512 -0.00754752 0)
(1.1048 -0.0093403 0)
(1.10434 -0.0111878 0)
(1.10374 -0.0130854 0)
(1.10298 -0.0150262 0)
(1.10205 -0.0170006 0)
(1.10093 -0.0189965 0)
(1.09961 -0.0209991 0)
(1.09807 -0.0229908 0)
(1.09632 -0.0249516 0)
(1.09434 -0.0268589 0)
(1.09212 -0.0286883 0)
(1.08967 -0.0304135 0)
(1.087 -0.0320068 0)
(1.0841 -0.0334399 0)
(1.08098 -0.034684 0)
(1.07768 -0.0357106 0)
(1.07419 -0.036492 0)
(1.07056 -0.0370019 0)
(1.0668 -0.0372159 0)
(1.06295 -0.0371119 0)
(1.05905 -0.0366708 0)
(1.05514 -0.0358768 0)
(1.05126 -0.0347183 0)
(1.04745 -0.0331876 0)
(1.04377 -0.0312821 0)
(1.04027 -0.0290042 0)
(1.037 -0.0263622 0)
(1.03401 -0.0233705 0)
(1.03137 -0.0200505 0)
(1.02913 -0.0164307 0)
(1.02733 -0.0125475 0)
(1.02603 -0.00844606 0)
(1.02529 -0.00418015 0)
(1.02514 0.000186966 0)
(1.02562 0.00458221 0)
(1.02676 0.00892275 0)
(1.02857 0.0131162 0)
(1.03107 0.0170607 0)
(1.03423 0.0206466 0)
(1.03802 0.0237575 0)
(1.0424 0.026273 0)
(1.04726 0.0280727 0)
(1.05252 0.0290416 0)
(1.058 0.0290774 0)
(1.06355 0.0281007 0)
(1.06894 0.0260658 0)
(1.07395 0.0229773 0)
(1.07832 0.0188965 0)
(1.08183 0.0139533 0)
(1.08428 0.00833788 0)
(1.08551 0.00229258 0)
(1.1025 -0.00108604 0)
(1.10252 -0.00252207 0)
(1.10245 -0.00400211 0)
(1.1023 -0.005527 0)
(1.10203 -0.00709657 0)
(1.10166 -0.00870938 0)
(1.10116 -0.0103625 0)
(1.10052 -0.0120514 0)
(1.09973 -0.0137695 0)
(1.09879 -0.0155085 0)
(1.09767 -0.0172576 0)
(1.09638 -0.0190042 0)
(1.0949 -0.0207334 0)
(1.09322 -0.0224281 0)
(1.09134 -0.0240695 0)
(1.08926 -0.0256371 0)
(1.08698 -0.0271087 0)
(1.08449 -0.0284613 0)
(1.08182 -0.029671 0)
(1.07896 -0.0307137 0)
(1.07594 -0.0315655 0)
(1.07277 -0.0322028 0)
(1.06947 -0.0326036 0)
(1.06606 -0.0327471 0)
(1.06259 -0.0326147 0)
(1.05907 -0.0321901 0)
(1.05555 -0.0314602 0)
(1.05206 -0.0304151 0)
(1.04865 -0.0290487 0)
(1.04535 -0.0273593 0)
(1.04222 -0.0253497 0)
(1.03931 -0.0230278 0)
(1.03665 -0.0204071 0)
(1.0343 -0.0175071 0)
(1.03231 -0.0143538 0)
(1.03072 -0.0109801 0)
(1.02958 -0.0074263 0)
(1.02893 -0.0037405 0)
(1.0288 2.14226e-05 0)
(1.02923 0.00379508 0)
(1.03023 0.00750832 0)
(1.03182 0.011081 0)
(1.034 0.0144258 0)
(1.03674 0.0174493 0)
(1.04002 0.0200538 0)
(1.04379 0.0221396 0)
(1.04796 0.0236087 0)
(1.05244 0.0243696 0)
(1.05709 0.0243433 0)
(1.06178 0.0234715 0)
(1.06631 0.0217243 0)
(1.07051 0.0191107 0)
(1.07417 0.0156856 0)
(1.0771 0.0115546 0)
(1.07915 0.0068705 0)
(1.08019 0.00182156 0)
(1.09978 -0.00114887 0)
(1.09975 -0.00244849 0)
(1.09965 -0.00378292 0)
(1.09944 -0.00515215 0)
(1.09914 -0.00655529 0)
(1.09873 -0.00799045 0)
(1.09819 -0.00945456 0)
(1.09753 -0.0109432 0)
(1.09674 -0.0124504 0)
(1.09579 -0.0139688 0)
(1.09469 -0.015489 0)
(1.09344 -0.0170002 0)
(1.09201 -0.0184899 0)
(1.09041 -0.0199436 0)
(1.08863 -0.0213456 0)
(1.08668 -0.0226788 0)
(1.08455 -0.0239247 0)
(1.08224 -0.0250642 0)
(1.07978 -0.0260773 0)
(1.07715 -0.026944 0)
(1.07438 -0.0276443 0)
(1.07149 -0.0281587 0)
(1.06849 -0.0284685 0)
(1.0654 -0.0285565 0)
(1.06226 -0.028407 0)
(1.05908 -0.0280067 0)
(1.05591 -0.0273444 0)
(1.05277 -0.0264122 0)
(1.04971 -0.0252054 0)
(1.04676 -0.0237228 0)
(1.04396 -0.0219676 0)
(1.04135 -0.0199472 0)
(1.03898 -0.0176741 0)
(1.03689 -0.0151657 0)
(1.03512 -0.0124456 0)
(1.03371 -0.00954295 0)
(1.0327 -0.00649325 0)
(1.03212 -0.00333877 0)
(1.032 -0.000128497 0)
(1.03237 0.00308193 0)
(1.03324 0.00623008 0)
(1.03462 0.00924743 0)
(1.0365 0.0120599 0)
(1.03886 0.014589 0)
(1.04168 0.0167536 0)
(1.04491 0.018472 0)
(1.04846 0.0196653 0)
(1.05227 0.0202612 0)
(1.0562 0.0201987 0)
(1.06015 0.0194355 0)
(1.06395 0.0179522 0)
(1.06746 0.0157604 0)
(1.07051 0.0129081 0)
(1.07296 0.00947973 0)
(1.07466 0.00559754 0)
(1.07553 0.00141485 0)
(1.09723 -0.00114868 0)
(1.09717 -0.00230657 0)
(1.09703 -0.00349169 0)
(1.09679 -0.00470342 0)
(1.09646 -0.00594045 0)
(1.09602 -0.00720066 0)
(1.09547 -0.00848098 0)
(1.0948 -0.00977726 0)
(1.094 -0.0110842 0)
(1.09307 -0.0123952 0)
(1.09199 -0.0137023 0)
(1.09077 -0.0149963 0)
(1.08941 -0.0162666 0)
(1.08788 -0.0175013 0)
(1.0862 -0.0186872 0)
(1.08437 -0.0198101 0)
(1.08238 -0.0208548 0)
(1.08024 -0.0218055 0)
(1.07796 -0.0226457 0)
(1.07554 -0.023359 0)
(1.073 -0.0239287 0)
(1.07035 -0.0243388 0)
(1.06762 -0.0245739 0)
(1.06481 -0.0246198 0)
(1.06196 -0.0244636 0)
(1.05909 -0.0240942 0)
(1.05622 -0.0235027 0)
(1.0534 -0.0226827 0)
(1.05064 -0.0216305 0)
(1.04799 -0.0203457 0)
(1.04548 -0.0188315 0)
(1.04314 -0.0170948 0)
(1.04102 -0.0151467 0)
(1.03916 -0.013003 0)
(1.03757 -0.0106842 0)
(1.03631 -0.00821597 0)
(1.03541 -0.00562919 0)
(1.03488 -0.00296036 0)
(1.03476 -0.000251798 0)
(1.03507 0.00244903 0)
(1.03581 0.00508902 0)
(1.03699 0.0076104 0)
(1.03861 0.00995109 0)
(1.04064 0.0120461 0)
(1.04305 0.0138288 0)
(1.0458 0.015233 0)
(1.04882 0.0161957 0)
(1.05204 0.0166603 0)
(1.05536 0.0165805 0)
(1.05867 0.0159249 0)
(1.06186 0.0146818 0)
(1.06479 0.0128636 0)
(1.06733 0.0105105 0)
(1.06936 0.00769115 0)
(1.07078 0.00450319 0)
(1.07149 0.00106678 0)
(1.09487 -0.00109615 0)
(1.09479 -0.00210835 0)
(1.09463 -0.00314152 0)
(1.09437 -0.00419472 0)
(1.09402 -0.00526643 0)
(1.09356 -0.00635446 0)
(1.093 -0.0074559 0)
(1.09233 -0.00856696 0)
(1.09154 -0.00968297 0)
(1.09062 -0.0107982 0)
(1.08958 -0.011906 0)
(1.0884 -0.0129986 0)
(1.08709 -0.0140671 0)
(1.08564 -0.0151017 0)
(1.08405 -0.0160916 0)
(1.08232 -0.0170252 0)
(1.08046 -0.0178899 0)
(1.07847 -0.018673 0)
(1.07635 -0.019361 0)
(1.07412 -0.0199405 0)
(1.07178 -0.020398 0)
(1.06936 -0.0207203 0)
(1.06685 -0.0208951 0)
(1.06429 -0.0209107 0)
(1.0617 -0.0207567 0)
(1.05909 -0.0204242 0)
(1.05649 -0.019906 0)
(1.05393 -0.0191971 0)
(1.05144 -0.0182948 0)
(1.04905 -0.0171992 0)
(1.04679 -0.0159134 0)
(1.04469 -0.0144435 0)
(1.04279 -0.0127996 0)
(1.04111 -0.0109952 0)
(1.03968 -0.00904812 0)
(1.03855 -0.00698034 0)
(1.03773 -0.0048185 0)
(1.03724 -0.00259346 0)
(1.03711 -0.000340864 0)
(1.03736 0.00189909 0)
(1.03799 0.00408226 0)
(1.03899 0.00616063 0)
(1.04037 0.00808315 0)
(1.0421 0.00979663 0)
(1.04415 0.0112472 0)
(1.04649 0.0123821 0)
(1.04905 0.0131513 0)
(1.05177 0.0135113 0)
(1.05457 0.0134268 0)
(1.05735 0.0128752 0)
(1.06002 0.0118496 0)
(1.06247 0.0103618 0)
(1.06458 0.00844496 0)
(1.06627 0.00615508 0)
(1.06744 0.00356763 0)
(1.06802 0.000777247 0)
(1.09276 -0.00100005 0)
(1.09265 -0.00186357 0)
(1.09247 -0.00274298 0)
(1.0922 -0.00363717 0)
(1.09183 -0.00454457 0)
(1.09137 -0.0054631 0)
(1.09081 -0.00639009 0)
(1.09014 -0.00732222 0)
(1.08936 -0.00825545 0)
(1.08846 -0.009185 0)
(1.08745 -0.0101052 0)
(1.08632 -0.0110098 0)
(1.08506 -0.0118914 0)
(1.08368 -0.0127422 0)
(1.08217 -0.0135532 0)
(1.08054 -0.0143152 0)
(1.0788 -0.0150182 0)
(1.07693 -0.0156519 0)
(1.07496 -0.0162054 0)
(1.07289 -0.016668 0)
(1.07073 -0.017029 0)
(1.06849 -0.0172779 0)
(1.06619 -0.0174047 0)
(1.06384 -0.0174002 0)
(1.06147 -0.0172562 0)
(1.05908 -0.0169655 0)
(1.05672 -0.0165226 0)
(1.05439 -0.0159237 0)
(1.05213 -0.0151669 0)
(1.04996 -0.0142526 0)
(1.04791 -0.0131835 0)
(1.046 -0.0119652 0)
(1.04428 -0.0106062 0)
(1.04276 -0.00911816 0)
(1.04147 -0.00751609 0)
(1.04043 -0.00581844 0)
(1.03968 -0.00404732 0)
(1.03923 -0.00222843 0)
(1.03909 -0.000391196 0)
(1.03927 0.00143139 0)
(1.03979 0.00320308 0)
(1.04064 0.0048849 0)
(1.04181 0.00643563 0)
(1.04329 0.0078127 0)
(1.04504 0.00897332 0)
(1.04702 0.00987597 0)
(1.04919 0.010482 0)
(1.05149 0.0107578 0)
(1.05386 0.0106774 0)
(1.0562 0.0102244 0)
(1.05844 0.00939493 0)
(1.06048 0.00819989 0)
(1.06225 0.00666565 0)
(1.06365 0.00483643 0)
(1.06462 0.00277152 0)
(1.06509 0.00054553 0)
(1.0909 -0.000868642 0)
(1.09078 -0.00158111 0)
(1.09059 -0.0023053 0)
(1.09031 -0.0030401 0)
(1.08994 -0.00378406 0)
(1.08947 -0.0045353 0)
(1.08891 -0.00529151 0)
(1.08825 -0.00604988 0)
(1.08748 -0.00680707 0)
(1.08661 -0.00755913 0)
(1.08563 -0.00830155 0)
(1.08453 -0.00902917 0)
(1.08332 -0.00973626 0)
(1.082 -0.0104165 0)
(1.08057 -0.0110629 0)
(1.07903 -0.0116682 0)
(1.07738 -0.0122246 0)
(1.07563 -0.0127238 0)
(1.07378 -0.0131577 0)
(1.07185 -0.0135177 0)
(1.06984 -0.0137955 0)
(1.06776 -0.0139829 0)
(1.06563 -0.0140722 0)
(1.06346 -0.0140563 0)
(1.06127 -0.0139288 0)
(1.05907 -0.0136842 0)
(1.0569 -0.0133184 0)
(1.05476 -0.0128284 0)
(1.05269 -0.0122131 0)
(1.0507 -0.0114729 0)
(1.04883 -0.0106103 0)
(1.04709 -0.00963014 0)
(1.04551 -0.0085394 0)
(1.04412 -0.00734759 0)
(1.04294 -0.00606702 0)
(1.04199 -0.00471274 0)
(1.04129 -0.00330237 0)
(1.04086 -0.00185691 0)
(1.0407 -0.000399788 0)
(1.04084 0.00104258 0)
(1.04126 0.00244151 0)
(1.04198 0.00376619 0)
(1.04297 0.00498427 0)
(1.04423 0.00606259 0)
(1.04572 0.00696799 0)
(1.04742 0.00766871 0)
(1.04927 0.00813536 0)
(1.05123 0.00834295 0)
(1.05323 0.00827222 0)
(1.05521 0.0079117 0)
(1.0571 0.00725933 0)
(1.05882 0.00632445 0)
(1.0603 0.00512813 0)
(1.06148 0.00370385 0)
(1.06227 0.00209762 0)
(1.06265 0.000365885 0)
(1.08934 -0.000709133 0)
(1.08921 -0.00126829 0)
(1.08901 -0.00183579 0)
(1.08872 -0.00241063 0)
(1.08835 -0.00299156 0)
(1.08789 -0.00357702 0)
(1.08733 -0.00416512 0)
(1.08668 -0.00475362 0)
(1.08592 -0.00533988 0)
(1.08507 -0.00592082 0)
(1.08412 -0.00649294 0)
(1.08306 -0.00705231 0)
(1.0819 -0.00759452 0)
(1.08063 -0.00811478 0)
(1.07926 -0.00860787 0)
(1.07779 -0.00906823 0)
(1.07622 -0.00948999 0)
(1.07456 -0.00986705 0)
(1.07282 -0.0101932 0)
(1.071 -0.010462 0)
(1.06911 -0.0106673 0)
(1.06716 -0.0108031 0)
(1.06517 -0.0108636 0)
(1.06314 -0.0108433 0)
(1.0611 -0.0107378 0)
(1.05906 -0.0105428 0)
(1.05704 -0.0102554 0)
(1.05506 -0.0098736 0)
(1.05314 -0.00939652 0)
(1.0513 -0.00882474 0)
(1.04957 -0.00816038 0)
(1.04796 -0.00740717 0)
(1.0465 -0.00657068 0)
(1.04521 -0.0056584 0)
(1.04412 -0.00467983 0)
(1.04323 -0.00364658 0)
(1.04257 -0.00257249 0)
(1.04215 -0.00147355 0)
(1.04198 -0.000367649 0)
(1.04207 0.000725431 0)
(1.04242 0.00178349 0)
(1.04303 0.00278327 0)
(1.04388 0.00370049 0)
(1.04496 0.0045104 0)
(1.04624 0.00518839 0)
(1.0477 0.00571101 0)
(1.0493 0.00605684 0)
(1.05098 0.00620779 0)
(1.0527 0.00615007 0)
(1.0544 0.0058761 0)
(1.05602 0.00538484 0)
(1.05748 0.00468367 0)
(1.05874 0.00378854 0)
(1.05973 0.00272459 0)
(1.0604 0.00152515 0)
(1.0607 0.000231624 0)
(1.08811 -0.000524946 0)
(1.08798 -0.000928508 0)
(1.08777 -0.00133761 0)
(1.08748 -0.00175147 0)
(1.08711 -0.00216912 0)
(1.08664 -0.0025894 0)
(1.08609 -0.0030109 0)
(1.08545 -0.00343197 0)
(1.08471 -0.00385071 0)
(1.08388 -0.00426489 0)
(1.08294 -0.00467203 0)
(1.08191 -0.00506933 0)
(1.08079 -0.00545369 0)
(1.07956 -0.00582172 0)
(1.07824 -0.00616977 0)
(1.07683 -0.00649396 0)
(1.07533 -0.00679018 0)
(1.07374 -0.00705419 0)
(1.07208 -0.00728164 0)
(1.07034 -0.00746815 0)
(1.06854 -0.00760939 0)
(1.0667 -0.00770116 0)
(1.06481 -0.00773947 0)
(1.06289 -0.00772065 0)
(1.06097 -0.00764146 0)
(1.05905 -0.00749918 0)
(1.05714 -0.00729172 0)
(1.05528 -0.00701776 0)
(1.05348 -0.00667681 0)
(1.05175 -0.00626938 0)
(1.05013 -0.00579702 0)
(1.04862 -0.00526252 0)
(1.04725 -0.00466987 0)
(1.04604 -0.00402448 0)
(1.045 -0.00333318 0)
(1.04416 -0.00260425 0)
(1.04353 -0.00184759 0)
(1.04312 -0.0010743 0)
(1.04294 -0.000297143 0)
(1.043 0.000469925 0)
(1.04328 0.00121128 0)
(1.0438 0.00191066 0)
(1.04455 0.00255116 0)
(1.04549 0.00311562 0)
(1.04662 0.00358704 0)
(1.0479 0.00394933 0)
(1.0493 0.00418788 0)
(1.05078 0.00429043 0)
(1.05229 0.00424797 0)
(1.05377 0.00405541 0)
(1.05518 0.00371257 0)
(1.05646 0.00322467 0)
(1.05755 0.0026029 0)
(1.0584 0.0018648 0)
(1.05897 0.00103295 0)
(1.05922 0.000135823 0)
(1.08724 -0.000327207 0)
(1.08711 -0.000571942 0)
(1.0869 -0.000819836 0)
(1.08661 -0.0010704 0)
(1.08623 -0.00132302 0)
(1.08578 -0.00157697 0)
(1.08523 -0.00183138 0)
(1.08459 -0.00208525 0)
(1.08386 -0.0023374 0)
(1.08304 -0.00258652 0)
(1.08213 -0.00283108 0)
(1.08112 -0.00306942 0)
(1.08002 -0.00329968 0)
(1.07882 -0.00351983 0)
(1.07754 -0.00372772 0)
(1.07616 -0.00392103 0)
(1.07471 -0.00409733 0)
(1.07317 -0.0042541 0)
(1.07156 -0.00438878 0)
(1.06989 -0.00449877 0)
(1.06816 -0.00458153 0)
(1.06638 -0.00463458 0)
(1.06456 -0.00465556 0)
(1.06272 -0.00464233 0)
(1.06088 -0.00459298 0)
(1.05903 -0.00450594 0)
(1.05721 -0.00437998 0)
(1.05543 -0.00421436 0)
(1.05371 -0.00400882 0)
(1.05206 -0.00376372 0)
(1.0505 -0.00348004 0)
(1.04906 -0.00315946 0)
(1.04776 -0.00280444 0)
(1.0466 -0.00241824 0)
(1.04561 -0.00200497 0)
(1.0448 -0.00156962 0)
(1.04418 -0.00111806 0)
(1.04378 -0.000656972 0)
(1.04359 -0.000194006 0)
(1.04362 0.00026224 0)
(1.04386 0.000702792 0)
(1.04433 0.00111797 0)
(1.04499 0.00149774 0)
(1.04584 0.00183195 0)
(1.04687 0.00211063 0)
(1.04803 0.00232432 0)
(1.0493 0.00246456 0)
(1.05064 0.00252427 0)
(1.052 0.00249825 0)
(1.05334 0.00238366 0)
(1.05461 0.00218047 0)
(1.05576 0.00189198 0)
(1.05674 0.00152474 0)
(1.0575 0.00108887 0)
(1.058 0.000598061 0)
(1.05821 6.88358e-05 0)
(1.08679 -0.000107237 0)
(1.08665 -0.000189861 0)
(1.08644 -0.000273508 0)
(1.08615 -0.000357995 0)
(1.08578 -0.000443111 0)
(1.08532 -0.000528609 0)
(1.08478 -0.000614197 0)
(1.08414 -0.000699535 0)
(1.08342 -0.000784231 0)
(1.08261 -0.000867837 0)
(1.0817 -0.000949848 0)
(1.0807 -0.0010297 0)
(1.07962 -0.00110679 0)
(1.07844 -0.00118043 0)
(1.07717 -0.0012499 0)
(1.07582 -0.00131443 0)
(1.07438 -0.00137323 0)
(1.07287 -0.00142545 0)
(1.07129 -0.00147024 0)
(1.06965 -0.00150675 0)
(1.06795 -0.00153413 0)
(1.06621 -0.00155156 0)
(1.06443 -0.00155826 0)
(1.06263 -0.00155353 0)
(1.06083 -0.00153674 0)
(1.05903 -0.00150736 0)
(1.05725 -0.00146501 0)
(1.05551 -0.00140944 0)
(1.05383 -0.00134057 0)
(1.05222 -0.00125853 0)
(1.0507 -0.00116365 0)
(1.04929 -0.00105652 0)
(1.04802 -0.000937947 0)
(1.04688 -0.000809028 0)
(1.04592 -0.000671153 0)
(1.04512 -0.00052596 0)
(1.04452 -0.000375399 0)
(1.04412 -0.000221831 0)
(1.04392 -6.77594e-05 0)
(1.04394 8.409e-05 0)
(1.04416 0.000230638 0)
(1.04459 0.000368645 0)
(1.04522 0.0004948 0)
(1.04602 0.00060573 0)
(1.04699 0.000698135 0)
(1.04809 0.000768913 0)
(1.04929 0.000815288 0)
(1.05056 0.000834937 0)
(1.05185 0.000826148 0)
(1.05311 0.000788014 0)
(1.05431 0.000720558 0)
(1.0554 0.000624817 0)
(1.05632 0.000503011 0)
(1.05703 0.000358498 0)
(1.0575 0.000195889 0)
(1.05769 2.04805e-05 0)
)
;

boundaryField
{
    inlet
    {
        type            uniformFixedValue;
        uniformValue    constant (1 0 0);
        value           nonuniform 0();
    }
    outlet
    {
        type            pressureInletOutletVelocity;
        value           nonuniform 0();
    }
    cylinder
    {
        type            fixedValue;
        value           nonuniform 0();
    }
    top
    {
        type            symmetryPlane;
    }
    bottom
    {
        type            symmetryPlane;
    }
    defaultFaces
    {
        type            empty;
    }
    procBoundary14to10
    {
        type            processor;
        value           nonuniform List<vector> 
57
(
(1.00078 -0.274045 0)
(0.974767 -0.26565 0)
(0.949347 -0.255426 0)
(0.924352 -0.243457 0)
(0.899613 -0.229687 0)
(0.875242 -0.213655 0)
(0.851441 -0.194866 0)
(0.827785 -0.17358 0)
(0.803308 -0.150584 0)
(0.778099 -0.125674 0)
(0.754804 -0.0966874 0)
(0.73798 -0.0607243 0)
(0.731657 -0.0165117 0)
(0.737368 0.0342479 0)
(0.753841 0.0871494 0)
(0.778252 0.13779 0)
(0.807604 0.183039 0)
(0.839322 0.221962 0)
(0.871591 0.255951 0)
(0.903583 0.288014 0)
(0.935493 0.321039 0)
(0.968406 0.355279 0)
(1.00387 0.386349 0)
(1.0425 0.405953 0)
(1.08252 0.405087 0)
(1.1204 0.376497 0)
(1.15222 0.315551 0)
(1.17493 0.221665 0)
(1.18807 0.101339 0)
(1.09515 0.0744845 0)
(1.10711 0.087409 0)
(1.12238 0.0981049 0)
(1.14069 0.105746 0)
(1.16164 0.109518 0)
(1.18464 0.108677 0)
(1.20893 0.102618 0)
(1.23353 0.09094 0)
(1.25732 0.073538 0)
(1.27899 0.0506844 0)
(1.29727 0.0230541 0)
(1.31097 -0.00835387 0)
(1.31909 -0.0422753 0)
(1.32098 -0.0771231 0)
(1.31656 -0.111379 0)
(1.3062 -0.143756 0)
(1.29062 -0.173239 0)
(1.27072 -0.199139 0)
(1.2475 -0.22108 0)
(1.22192 -0.23895 0)
(1.19482 -0.252831 0)
(1.16691 -0.262943 0)
(1.13874 -0.269584 0)
(1.1107 -0.273088 0)
(1.08308 -0.273789 0)
(1.05601 -0.271987 0)
(1.02959 -0.267944 0)
(1.02959 -0.267944 0)
)
;
    }
    procBoundary14to11
    {
        type            processor;
        value           uniform (1.2035 -0.0290784 0);
    }
    procBoundary14to13
    {
        type            processor;
        value           nonuniform List<vector> 
35
(
(1.09782 0.0555279 0)
(1.10689 0.0508829 0)
(1.11431 0.0463209 0)
(1.12039 0.0419227 0)
(1.12529 0.0377324 0)
(1.12915 0.0337736 0)
(1.13207 0.0300586 0)
(1.13415 0.0265942 0)
(1.1355 0.0233844 0)
(1.1362 0.0204303 0)
(1.13634 0.0177293 0)
(1.13596 0.0152755 0)
(1.13512 0.01306 0)
(1.13385 0.0110722 0)
(1.1322 0.00929994 0)
(1.13022 0.00773061 0)
(1.12795 0.00635122 0)
(1.12546 0.00514851 0)
(1.12277 0.00410917 0)
(1.11995 0.00321945 0)
(1.11703 0.00246618 0)
(1.11405 0.00183638 0)
(1.11107 0.00131753 0)
(1.10811 0.000897541 0)
(1.1052 0.000564459 0)
(1.1024 0.000307591 0)
(1.09972 0.00011655 0)
(1.0972 -1.80788e-05 0)
(1.09488 -0.000105452 0)
(1.09278 -0.000153151 0)
(1.09093 -0.000168716 0)
(1.08938 -0.000159062 0)
(1.08816 -0.000127553 0)
(1.0873 -8.60483e-05 0)
(1.08685 -2.5752e-05 0)
)
;
    }
    procBoundary14to15
    {
        type            processor;
        value           nonuniform List<vector> 
35
(
(1.21404 -0.0287349 0)
(1.22315 -0.0286661 0)
(1.23072 -0.0289276 0)
(1.23669 -0.0295689 0)
(1.24108 -0.0305946 0)
(1.24394 -0.0319466 0)
(1.24531 -0.0334736 0)
(1.24517 -0.0349086 0)
(1.24334 -0.0358849 0)
(1.23949 -0.0360127 0)
(1.23326 -0.0350055 0)
(1.22447 -0.0328047 0)
(1.21327 -0.0296279 0)
(1.20027 -0.0258894 0)
(1.18632 -0.0220418 0)
(1.17223 -0.018453 0)
(1.15867 -0.0153214 0)
(1.14602 -0.0126926 0)
(1.13441 -0.0105407 0)
(1.12388 -0.00880017 0)
(1.11439 -0.007393 0)
(1.10587 -0.00625267 0)
(1.09826 -0.00532195 0)
(1.09148 -0.00455337 0)
(1.08546 -0.00391275 0)
(1.08015 -0.00336959 0)
(1.0755 -0.00289828 0)
(1.07145 -0.00248226 0)
(1.06797 -0.0021062 0)
(1.06502 -0.00175766 0)
(1.06258 -0.00142742 0)
(1.06061 -0.00110838 0)
(1.05912 -0.000794217 0)
(1.0581 -0.000480162 0)
(1.05758 -0.000161352 0)
)
;
    }
}


// ************************************************************************* //
