/*--------------------------------*- C++ -*----------------------------------*\
  =========                 |
  \\      /  F ield         | OpenFOAM: The Open Source CFD Toolbox
   \\    /   O peration     | Website:  https://openfoam.org
    \\  /    A nd           | Version:  7
     \\/     M anipulation  |
\*---------------------------------------------------------------------------*/
FoamFile
{
    version     2.0;
    format      ascii;
    class       volVectorField;
    location    "140";
    object      U;
}
// * * * * * * * * * * * * * * * * * * * * * * * * * * * * * * * * * * * * * //

dimensions      [0 1 -1 0 0 0 0];

internalField   nonuniform List<vector> 
1987
(
(0.738304 -0.00406206 -1.82383e-22)
(0.747557 -0.135512 5.80053e-22)
(0.763362 -0.246997 -7.6202e-23)
(0.782896 -0.330855 -6.26787e-22)
(0.803016 -0.385977 2.38634e-22)
(0.820975 -0.416808 7.33671e-23)
(0.834386 -0.43158 -4.10096e-23)
(0.841101 -0.439588 4.20039e-23)
(0.839751 -0.447125 2.52778e-22)
(0.830467 -0.453897 -1.82425e-23)
(0.814881 -0.452947 -2.76943e-22)
(0.79536 -0.434419 5.3871e-23)
(0.774377 -0.390348 6.31876e-23)
(0.754571 -0.317578 1.79195e-22)
(0.738867 -0.218686 1.02814e-24)
(0.730009 -0.101748 -4.35109e-23)
(0.729751 0.0209885 -3.46379e-22)
(0.738245 0.135932 6.68584e-23)
(0.753814 0.232049 3.04209e-22)
(0.772867 0.30422 -2.95597e-22)
(0.790669 0.354219 1.6703e-22)
(0.802811 0.387639 4.16842e-23)
(0.806829 0.409317 -9.35909e-23)
(0.802486 0.419568 6.22468e-23)
(0.791307 0.41472 4.93298e-23)
(0.775697 0.388812 -1.71914e-22)
(0.758656 0.337404 2.16577e-22)
(0.74346 0.259042 -1.79303e-23)
(0.733346 0.158045 4.64492e-23)
(0.730556 0.0435861 5.30574e-23)
(0.735853 -0.0711797 -9.26839e-23)
(0.747455 -0.173592 -8.46966e-23)
(0.76198 -0.255772 5.75266e-23)
(0.774276 -0.315036 9.79875e-23)
(0.780888 -0.35473 2.19625e-23)
(0.779738 -0.37446 -5.15848e-23)
(0.772399 -0.375386 -3.88592e-23)
(0.760702 -0.349698 2.48974e-23)
(0.74806 -0.298901 2.87613e-23)
(0.736882 -0.218112 -2.99673e-23)
(0.730928 -0.118927 8.93791e-23)
(0.731181 -0.00700764 -2.74715e-24)
(0.738512 0.101067 5.52517e-23)
(0.747865 0.194377 -5.17935e-23)
(0.757078 0.27165 -5.297e-23)
(0.760137 0.317695 -6.10025e-23)
(0.759586 0.350768 -1.18013e-23)
(0.75301 0.336276 1.62228e-23)
(0.745846 0.313213 6.06563e-23)
(0.73612 0.232684 7.29881e-23)
(0.731143 0.153027 -2.01093e-23)
(0.727414 0.0382625 -2.63051e-23)
(0.731068 -0.070754 1.21097e-23)
(0.731905 -0.151543 2.69893e-23)
(0.735039 -0.257187 1.70362e-23)
(0.730292 -0.246702 -3.6308e-24)
(0.729013 -0.323273 2.85258e-24)
(0.717887 -0.203843 -4.85925e-24)
(0.747752 -0.00476995 1.76527e-22)
(0.756493 -0.138216 -1.22228e-21)
(0.771442 -0.251114 7.24228e-22)
(0.789871 -0.335585 1.99983e-21)
(0.808712 -0.390537 -2.27336e-21)
(0.825313 -0.420535 4.93282e-22)
(0.837413 -0.433911 -1.46712e-23)
(0.842929 -0.440109 3.95878e-22)
(0.840449 -0.445724 -6.68844e-22)
(0.830024 -0.450842 2.04547e-22)
(0.813284 -0.448776 6.6902e-22)
(0.792688 -0.42975 -5.33785e-22)
(0.770817 -0.385797 6.87778e-22)
(0.750358 -0.313771 -2.44614e-22)
(0.734255 -0.216227 -3.36981e-23)
(0.725286 -0.101084 9.80306e-23)
(0.725243 0.0197155 9.86329e-23)
(0.73426 0.13297 4.46168e-22)
(0.750548 0.228038 -3.15618e-22)
(0.770376 0.300088 -4.97778e-23)
(0.788931 0.350916 2.8655e-22)
(0.801837 0.385827 -4.82911e-22)
(0.806683 0.409216 2.1569e-22)
(0.803246 0.421012 -2.31789e-22)
(0.792973 0.417304 2.19022e-22)
(0.778182 0.392004 2.25266e-22)
(0.761783 0.340601 -3.78247e-22)
(0.747007 0.261623 5.41853e-22)
(0.737051 0.159488 -2.59706e-23)
(0.734146 0.0436077 -4.79633e-22)
(0.739106 -0.0724989 7.21331e-22)
(0.750231 -0.175769 -1.36781e-22)
(0.764286 -0.258037 2.04892e-22)
(0.776099 -0.316608 1.48093e-22)
(0.782225 -0.35514 -2.05767e-22)
(0.780452 -0.373686 5.09131e-22)
(0.772495 -0.373761 -1.86317e-22)
(0.760219 -0.347682 -4.69863e-23)
(0.747245 -0.296999 1.06042e-22)
(0.735897 -0.216792 1.24127e-22)
(0.72993 -0.118581 -1.16714e-22)
(0.730243 -0.00770112 -2.35028e-22)
(0.73759 0.0996442 -1.59688e-22)
(0.747074 0.19286 1.5522e-22)
(0.756416 0.270619 6.7435e-23)
(0.759978 0.317436 -7.02271e-24)
(0.759903 0.351236 1.3318e-22)
(0.753958 0.337273 -1.02088e-22)
(0.747064 0.314427 -1.55128e-22)
(0.737566 0.233819 -1.36182e-22)
(0.732623 0.15363 -3.00748e-23)
(0.729008 0.0383841 1.54421e-23)
(0.732734 -0.0711184 2.82381e-23)
(0.733724 -0.151716 -3.83866e-23)
(0.736483 -0.257124 -1.13504e-23)
(0.73171 -0.246234 -5.5483e-23)
(0.729731 -0.322506 -2.75262e-23)
(0.719169 -0.203119 2.28299e-24)
(0.758113 -0.00476772 -3.19091e-21)
(0.766271 -0.140192 -3.31854e-21)
(0.780266 -0.254558 6.66854e-22)
(0.797491 -0.33973 1.61135e-21)
(0.814962 -0.394607 -4.03065e-22)
(0.83013 -0.423865 2.19813e-22)
(0.840868 -0.435921 -2.32077e-22)
(0.845171 -0.440355 -8.26985e-22)
(0.841588 -0.444065 9.31209e-22)
(0.830079 -0.447545 -5.06046e-22)
(0.81225 -0.444413 -6.78651e-22)
(0.790641 -0.42499 9.20908e-22)
(0.76794 -0.381284 -4.57792e-22)
(0.746882 -0.310134 -7.83037e-22)
(0.730415 -0.214049 -6.7468e-23)
(0.721342 -0.100781 -5.02538e-22)
(0.721485 0.0180369 5.05548e-22)
(0.73096 0.129604 -1.58927e-22)
(0.74788 0.223666 1.4238e-22)
(0.768397 0.295656 -4.8578e-22)
(0.787644 0.347362 5.1768e-22)
(0.801293 0.383789 -1.85216e-22)
(0.806978 0.408903 -5.83111e-22)
(0.804478 0.422269 7.62286e-22)
(0.795155 0.419753 -4.95598e-22)
(0.781232 0.395142 -2.77718e-22)
(0.765523 0.343836 3.9474e-22)
(0.751209 0.264338 1.16095e-22)
(0.741435 0.161143 -1.36537e-21)
(0.738408 0.0438938 1.37394e-21)
(0.742992 -0.0735441 -8.38787e-22)
(0.753579 -0.177701 4.53917e-22)
(0.767099 -0.260106 3.32561e-22)
(0.778383 -0.318025 -3.93352e-22)
(0.784005 -0.355421 1.58662e-22)
(0.78161 -0.372803 -2.69986e-22)
(0.773042 -0.372061 -3.79743e-23)
(0.760191 -0.345645 -7.45617e-23)
(0.746891 -0.295139 1.65996e-22)
(0.735383 -0.215564 1.73275e-22)
(0.729404 -0.118349 6.44088e-24)
(0.729765 -0.00851003 1.77413e-22)
(0.737108 0.098123 -1.0755e-22)
(0.746707 0.19125 2.89818e-22)
(0.756174 0.269496 -2.7399e-22)
(0.760241 0.317072 3.70601e-22)
(0.760637 0.35162 6.17106e-23)
(0.755312 0.338217 -1.92163e-22)
(0.748684 0.315633 4.38522e-23)
(0.739415 0.234979 -1.24214e-22)
(0.734508 0.15426 1.13236e-22)
(0.731006 0.0385434 -2.36034e-22)
(0.734805 -0.0714783 -2.00605e-22)
(0.735962 -0.151845 -2.35629e-23)
(0.73835 -0.257026 -1.30361e-22)
(0.733539 -0.245718 1.35013e-22)
(0.730835 -0.321714 4.05579e-23)
(0.720784 -0.202446 1.8753e-24)
(0.769363 -0.004025 -8.6488e-22)
(0.776878 -0.141402 -1.56138e-21)
(0.789826 -0.25729 -4.06799e-23)
(0.805754 -0.343261 -3.05453e-21)
(0.82177 -0.398169 1.52129e-21)
(0.835434 -0.426787 7.34214e-22)
(0.844759 -0.437613 1.72821e-22)
(0.847833 -0.440342 5.24004e-22)
(0.843173 -0.442172 -1.48976e-21)
(0.830636 -0.44403 -5.3658e-22)
(0.811784 -0.43988 -5.61064e-24)
(0.789222 -0.420153 2.04456e-21)
(0.765743 -0.37682 -4.96759e-22)
(0.744132 -0.306669 8.25438e-22)
(0.727334 -0.212145 9.50453e-22)
(0.718161 -0.100824 -1.45321e-21)
(0.718458 0.015975 7.51381e-22)
(0.728323 0.12586 -7.82128e-22)
(0.745785 0.218955 1.21042e-21)
(0.766908 0.290937 1.06267e-21)
(0.786792 0.343558 -6.15639e-22)
(0.801166 0.381517 -1.58236e-22)
(0.807704 0.408364 -8.78038e-23)
(0.806174 0.423323 -5.53562e-22)
(0.797846 0.422052 6.67584e-22)
(0.784841 0.398211 2.29191e-22)
(0.769877 0.3471 6.36915e-22)
(0.756071 0.267181 -1.68644e-21)
(0.746506 0.163014 1.41817e-21)
(0.743354 0.0444518 -9.89055e-22)
(0.747524 -0.0743024 -4.93919e-22)
(0.757509 -0.179376 -5.59145e-22)
(0.770428 -0.26197 3.43234e-22)
(0.781133 -0.319286 4.03542e-22)
(0.786229 -0.355576 3.86036e-23)
(0.78321 -0.371813 8.59653e-23)
(0.774033 -0.370289 1.62273e-22)
(0.760609 -0.34359 -2.18752e-22)
(0.746984 -0.293321 3.14104e-22)
(0.73532 -0.214425 -2.14149e-22)
(0.729329 -0.118228 -2.55141e-22)
(0.729725 -0.00942993 2.8328e-22)
(0.737049 0.0965071 2.34211e-24)
(0.746752 0.189546 4.53646e-23)
(0.756345 0.268281 -2.06616e-22)
(0.760919 0.316603 -4.07878e-23)
(0.761784 0.351919 -3.51877e-22)
(0.757074 0.339107 3.89948e-22)
(0.750712 0.316831 2.24751e-22)
(0.741675 0.236164 -5.99619e-23)
(0.736808 0.154916 8.97902e-23)
(0.733417 0.0387395 2.26856e-22)
(0.737289 -0.0718342 -8.00902e-23)
(0.73862 -0.151932 2.58297e-22)
(0.74064 -0.256895 1.92458e-22)
(0.735781 -0.245153 -7.0419e-23)
(0.732325 -0.320891 -1.39144e-23)
(0.722724 -0.20182 1.85989e-23)
(0.781468 -0.00251599 -4.18416e-21)
(0.788289 -0.141809 5.37554e-21)
(0.80011 -0.259275 -3.66931e-21)
(0.814652 -0.34615 3.72945e-22)
(0.829137 -0.401204 4.0276e-21)
(0.841227 -0.429294 -1.85962e-21)
(0.84909 -0.438988 -1.29911e-21)
(0.850918 -0.440084 8.72811e-22)
(0.845202 -0.440067 2.23751e-22)
(0.831692 -0.440323 3.17727e-22)
(0.811881 -0.435196 8.39132e-22)
(0.788424 -0.415253 -4.93887e-22)
(0.764218 -0.37241 -8.91944e-22)
(0.742094 -0.303375 -4.82316e-22)
(0.724993 -0.210507 -1.3045e-21)
(0.71572 -0.101196 1.88966e-21)
(0.716135 0.0135529 -2.33766e-21)
(0.726322 0.121762 1.53055e-21)
(0.74424 0.213927 -5.96904e-22)
(0.765887 0.285943 5.08873e-23)
(0.786359 0.339506 -4.23723e-22)
(0.801441 0.379003 3.15929e-22)
(0.808847 0.407586 -8.98734e-22)
(0.808323 0.42416 1.51382e-21)
(0.801036 0.424187 -6.68341e-22)
(0.789004 0.401197 -1.2796e-21)
(0.774841 0.350382 -3.50786e-22)
(0.761593 0.270146 1.26294e-21)
(0.752268 0.165101 -2.4459e-21)
(0.748991 0.0452899 9.3675e-22)
(0.752715 -0.0747609 1.18148e-22)
(0.762035 -0.180777 2.28347e-22)
(0.77428 -0.263618 -3.74901e-22)
(0.784352 -0.320385 -1.84892e-22)
(0.788895 -0.355605 -7.32328e-23)
(0.785248 -0.37072 -1.58429e-22)
(0.775464 -0.368446 -1.30364e-22)
(0.761463 -0.341516 5.00833e-22)
(0.74751 -0.291545 -3.434e-22)
(0.735689 -0.213375 -9.46537e-23)
(0.729683 -0.118214 -2.03009e-22)
(0.730105 -0.0104569 5.37531e-22)
(0.737396 0.0947994 -3.66954e-22)
(0.747196 0.18775 6.20069e-24)
(0.756919 0.266972 2.02692e-22)
(0.762005 0.316026 -9.32838e-23)
(0.763338 0.352134 6.55812e-23)
(0.759244 0.339942 1.08146e-23)
(0.753151 0.318021 -2.36469e-22)
(0.744356 0.237374 5.14645e-22)
(0.739533 0.1556 -3.92428e-22)
(0.73625 0.0389727 -7.28413e-22)
(0.740188 -0.0721865 5.95286e-22)
(0.741703 -0.151979 -6.4181e-22)
(0.743354 -0.256729 1.99064e-22)
(0.738434 -0.244537 2.1961e-22)
(0.734198 -0.320032 1.46762e-22)
(0.724983 -0.201237 -2.34902e-23)
(0.794384 -0.000209413 -7.4837e-21)
(0.800471 -0.14138 1.14428e-20)
(0.811095 -0.260481 -1.22359e-20)
(0.824175 -0.348369 7.45358e-21)
(0.837056 -0.403692 -2.00435e-21)
(0.847511 -0.431374 1.21563e-21)
(0.853862 -0.440049 -3.11426e-21)
(0.854424 -0.439593 1.14522e-21)
(0.847674 -0.437774 -5.86244e-22)
(0.833243 -0.436448 -7.04028e-23)
(0.812537 -0.430382 3.05128e-22)
(0.788242 -0.410301 1.45239e-21)
(0.763351 -0.368059 -1.83293e-21)
(0.740751 -0.300249 -2.38893e-22)
(0.723369 -0.209125 1.5674e-22)
(0.713992 -0.101883 -1.70098e-22)
(0.714488 0.0107929 -1.51783e-21)
(0.724928 0.117335 1.58672e-21)
(0.743217 0.208602 -2.60064e-22)
(0.765313 0.280686 6.31363e-22)
(0.786324 0.335208 -3.9595e-22)
(0.802103 0.37624 -2.63799e-22)
(0.810394 0.406556 -2.91457e-22)
(0.810911 0.424764 -3.74971e-22)
(0.804712 0.426141 1.282e-21)
(0.793709 0.404084 3.27146e-23)
(0.780407 0.353669 -1.13017e-21)
(0.76777 0.273226 -4.53693e-22)
(0.75872 0.167402 6.76735e-22)
(0.755322 0.0464159 6.95171e-24)
(0.758568 -0.0749074 1.34175e-21)
(0.767163 -0.181892 8.88753e-23)
(0.778662 -0.265039 2.06232e-21)
(0.788042 -0.321318 -1.95134e-21)
(0.792002 -0.355509 1.03082e-21)
(0.787719 -0.369526 1.49618e-22)
(0.777327 -0.366533 9.25109e-23)
(0.762742 -0.339422 -4.92622e-22)
(0.748454 -0.289808 2.99009e-23)
(0.73647 -0.212409 -2.14204e-22)
(0.730445 -0.118304 -8.17109e-23)
(0.730883 -0.011587 -8.43153e-22)
(0.738131 0.093002 3.3258e-22)
(0.748027 0.18586 4.89424e-23)
(0.757886 0.265567 3.876e-23)
(0.763492 0.315341 -2.35817e-22)
(0.765296 0.352262 -1.68853e-22)
(0.76182 0.340721 2.43673e-22)
(0.756006 0.3192 -2.24673e-23)
(0.747464 0.238607 -7.13119e-22)
(0.742692 0.156309 4.26812e-22)
(0.739515 0.0392448 2.73281e-22)
(0.743508 -0.0725344 -9.66064e-22)
(0.745211 -0.151987 4.02274e-22)
(0.746493 -0.256526 -4.28698e-22)
(0.741498 -0.243868 -1.8858e-22)
(0.736454 -0.31913 -2.33168e-22)
(0.727553 -0.200692 -4.50473e-24)
(0.808055 0.00291103 6.72853e-21)
(0.813381 -0.140089 4.56588e-22)
(0.822755 -0.260875 -6.42946e-21)
(0.834305 -0.349892 -1.1035e-21)
(0.845519 -0.405615 3.77263e-21)
(0.854282 -0.433017 -2.10155e-21)
(0.859074 -0.440793 3.05757e-21)
(0.858348 -0.438882 -1.66046e-21)
(0.85058 -0.435312 4.61071e-22)
(0.835278 -0.432429 2.33485e-21)
(0.813741 -0.425455 -3.5156e-21)
(0.788662 -0.405307 7.25653e-22)
(0.763126 -0.363767 2.06818e-21)
(0.74008 -0.297288 -2.67766e-21)
(0.722435 -0.207988 -3.18411e-22)
(0.712948 -0.102866 1.5818e-21)
(0.713486 0.00771937 -1.35827e-22)
(0.724111 0.112606 1.80111e-22)
(0.742687 0.203001 1.71456e-21)
(0.76516 0.275177 3.50487e-22)
(0.786666 0.330663 -4.06707e-22)
(0.803133 0.37322 1.1037e-21)
(0.812325 0.405261 -7.09571e-22)
(0.813919 0.425118 3.18369e-23)
(0.808858 0.427896 -2.23778e-23)
(0.798941 0.406857 6.43462e-22)
(0.786561 0.356946 -1.39629e-22)
(0.774591 0.27641 -5.07951e-22)
(0.765854 0.169915 -1.16601e-21)
(0.762344 0.0478331 -1.12553e-21)
(0.765088 -0.0747307 2.91472e-21)
(0.772899 -0.182706 -7.89703e-22)
(0.783577 -0.266221 -5.56226e-22)
(0.792202 -0.322079 2.56312e-22)
(0.795545 -0.355287 -1.52867e-22)
(0.790614 -0.368233 5.09807e-22)
(0.779612 -0.364552 -1.04592e-21)
(0.764436 -0.337307 3.05541e-22)
(0.749801 -0.288107 4.75046e-22)
(0.737644 -0.211524 -1.76362e-22)
(0.731593 -0.118494 -2.51366e-23)
(0.732037 -0.0128168 -6.40378e-23)
(0.739238 0.0911166 -1.78079e-22)
(0.74923 0.183877 -3.07904e-22)
(0.759236 0.264064 1.74535e-22)
(0.76537 0.314545 2.80595e-22)
(0.767651 0.352302 3.7958e-22)
(0.764801 0.341441 -4.78575e-22)
(0.759278 0.320366 5.29798e-22)
(0.751007 0.239861 2.41701e-22)
(0.746294 0.157046 -6.73031e-22)
(0.743219 0.0395567 3.17698e-22)
(0.747251 -0.0728773 3.31942e-22)
(0.749146 -0.151957 -5.07211e-22)
(0.750054 -0.256287 5.00251e-23)
(0.744969 -0.243143 -1.75637e-22)
(0.739091 -0.318178 4.52857e-23)
(0.730427 -0.20018 1.00352e-24)
(0.822415 0.00684474 -1.12923e-20)
(0.826968 -0.137913 1.17874e-20)
(0.835052 -0.260428 -7.40253e-21)
(0.845018 -0.350693 3.336e-21)
(0.854513 -0.406955 -4.34878e-21)
(0.861535 -0.434214 1.44001e-21)
(0.864723 -0.441221 2.70669e-22)
(0.862687 -0.43796 3.0422e-22)
(0.853914 -0.432703 -7.53044e-22)
(0.837787 -0.428287 2.74496e-21)
(0.81548 -0.420433 -7.55686e-22)
(0.789671 -0.400278 3.19617e-24)
(0.763526 -0.359536 -3.36036e-21)
(0.740057 -0.294485 4.58197e-21)
(0.722161 -0.207084 -9.12996e-22)
(0.712554 -0.10412 7.83241e-22)
(0.713095 0.00435814 -1.94536e-22)
(0.723837 0.107597 -3.97954e-21)
(0.742621 0.197143 2.45754e-21)
(0.765402 0.269426 -1.82885e-22)
(0.787365 0.325872 1.05577e-21)
(0.804511 0.369935 1.42303e-22)
(0.814622 0.403688 -1.56401e-21)
(0.817328 0.425208 -4.15672e-22)
(0.813452 0.429436 -5.47054e-22)
(0.80468 0.409498 1.23479e-21)
(0.793287 0.360198 -1.43206e-21)
(0.782042 0.279689 8.62105e-23)
(0.773658 0.172635 1.02692e-21)
(0.770049 0.0495451 -1.03376e-21)
(0.772271 -0.0742204 2.93135e-21)
(0.779243 -0.183205 -3.00468e-21)
(0.789027 -0.267151 -1.22276e-22)
(0.796831 -0.322661 -5.01978e-22)
(0.799518 -0.354938 1.24191e-21)
(0.793927 -0.366842 -2.24741e-22)
(0.782309 -0.362503 1.36703e-22)
(0.766533 -0.335169 -7.11546e-22)
(0.751533 -0.286439 1.3949e-22)
(0.73919 -0.210717 5.69377e-22)
(0.733103 -0.118779 7.59099e-22)
(0.733546 -0.0141444 -1.17559e-22)
(0.740696 0.0891445 -2.03697e-22)
(0.75079 0.181799 7.77829e-23)
(0.760955 0.262462 3.15276e-23)
(0.76763 0.313636 -4.63793e-22)
(0.770395 0.352252 3.72641e-22)
(0.768183 0.3421 1.08272e-22)
(0.762968 0.321515 -7.45864e-22)
(0.754991 0.241133 6.22385e-22)
(0.750346 0.157809 7.85942e-22)
(0.747371 0.0399094 9.95604e-22)
(0.751422 -0.0732134 2.91269e-23)
(0.753508 -0.151889 8.99169e-22)
(0.754034 -0.256008 1.91482e-22)
(0.748844 -0.24236 -1.15417e-22)
(0.742106 -0.317172 1.47195e-22)
(0.733596 -0.199696 -5.93757e-25)
(0.837388 0.011579 -6.2434e-21)
(0.841172 -0.134835 8.23512e-21)
(0.847946 -0.259117 -9.66575e-21)
(0.856288 -0.35075 5.37163e-21)
(0.86402 -0.407696 -1.61156e-21)
(0.869259 -0.434953 -2.38652e-21)
(0.870803 -0.441328 4.855e-21)
(0.867431 -0.436836 -1.24531e-21)
(0.857662 -0.429963 -3.30732e-22)
(0.840754 -0.424045 2.15252e-21)
(0.817736 -0.415334 1.42175e-25)
(0.791249 -0.395223 -2.94604e-21)
(0.764529 -0.355362 1.53474e-21)
(0.740654 -0.29183 1.49416e-21)
(0.722514 -0.206397 -1.36155e-21)
(0.712774 -0.105631 1.4697e-21)
(0.713277 0.000733471 -8.68215e-22)
(0.72407 0.102334 -2.78399e-21)
(0.742986 0.191046 2.76201e-22)
(0.766013 0.263443 2.0664e-21)
(0.788396 0.320834 -1.14625e-22)
(0.806214 0.366377 -1.3373e-21)
(0.817261 0.401824 -2.62506e-22)
(0.821114 0.425016 1.33341e-21)
(0.818472 0.430742 1.17869e-21)
(0.810904 0.411988 8.72111e-22)
(0.800562 0.36341 2.66758e-21)
(0.790102 0.28305 -1.69194e-21)
(0.782114 0.175558 -2.7558e-22)
(0.778425 0.0515522 1.41835e-21)
(0.78011 -0.073368 -1.77677e-21)
(0.786195 -0.183375 2.90797e-21)
(0.795011 -0.267817 -3.2968e-21)
(0.801927 -0.323055 3.24353e-22)
(0.803914 -0.35446 -5.52152e-22)
(0.797647 -0.365354 1.11303e-21)
(0.785408 -0.360384 -5.95053e-23)
(0.769019 -0.333003 -1.00369e-22)
(0.753636 -0.284798 -5.46839e-22)
(0.741088 -0.209983 1.05053e-22)
(0.734954 -0.119157 -4.42221e-22)
(0.73539 -0.0155651 -2.34874e-22)
(0.74249 0.0870863 5.75621e-22)
(0.752692 0.179625 -9.71203e-23)
(0.763031 0.260756 -1.67587e-24)
(0.770259 0.312612 1.31158e-22)
(0.773519 0.352108 4.56823e-22)
(0.771962 0.342693 -1.50759e-22)
(0.767079 0.322644 1.54549e-21)
(0.75942 0.242421 -9.01904e-22)
(0.754854 0.158597 4.6605e-22)
(0.75198 0.0403047 -4.66214e-22)
(0.756022 -0.0735407 -4.84352e-22)
(0.758295 -0.151784 -6.48919e-23)
(0.758431 -0.25569 4.36284e-22)
(0.75312 -0.241518 9.15754e-22)
(0.745497 -0.316103 -1.57432e-23)
(0.737054 -0.199234 -2.37748e-23)
(0.852889 0.0171104 -7.78254e-22)
(0.855929 -0.130843 1.06639e-20)
(0.861387 -0.256919 -1.77982e-21)
(0.868079 -0.350041 -3.91765e-21)
(0.874018 -0.407821 -2.18257e-21)
(0.877442 -0.435224 5.14157e-21)
(0.877305 -0.441112 -2.8169e-21)
(0.872571 -0.435516 6.55762e-22)
(0.861813 -0.42711 -2.61566e-22)
(0.844163 -0.419723 -5.20794e-22)
(0.820491 -0.410172 2.24059e-22)
(0.793376 -0.390148 -6.29946e-22)
(0.766112 -0.351242 -2.10072e-21)
(0.741844 -0.289312 1.20382e-21)
(0.723459 -0.20591 1.99639e-21)
(0.713571 -0.107379 -1.18484e-21)
(0.713995 -0.00312227 -6.21167e-22)
(0.724775 0.0968393 -1.33153e-21)
(0.743752 0.184729 -9.37772e-24)
(0.766965 0.257237 7.29821e-22)
(0.789734 0.315551 4.18916e-22)
(0.808218 0.36254 1.92716e-21)
(0.820218 0.399657 -2.4645e-21)
(0.825251 0.424529 -5.46819e-22)
(0.823891 0.431798 -1.38487e-23)
(0.817586 0.414309 6.56924e-22)
(0.80836 0.366563 1.05453e-21)
(0.798745 0.286481 1.26168e-21)
(0.791199 0.178676 3.82783e-21)
(0.787452 0.0538554 -1.42057e-21)
(0.788594 -0.072166 -3.09691e-21)
(0.793749 -0.183204 2.49708e-21)
(0.801526 -0.268205 -2.49974e-22)
(0.807482 -0.323254 1.01096e-21)
(0.808726 -0.35385 -7.39509e-22)
(0.801764 -0.363769 1.42971e-22)
(0.788897 -0.358196 -3.82609e-22)
(0.771882 -0.330808 4.80098e-22)
(0.756094 -0.283178 -4.05158e-22)
(0.743319 -0.209315 9.57971e-22)
(0.737125 -0.119621 -2.71278e-22)
(0.737546 -0.0170692 -1.81613e-22)
(0.744598 0.084943 8.63382e-23)
(0.754921 0.177353 -2.42858e-22)
(0.76545 0.258946 -1.82682e-22)
(0.773247 0.311468 -4.63426e-22)
(0.777014 0.351867 -7.5182e-22)
(0.776133 0.343217 2.89819e-22)
(0.771608 0.323747 -4.70114e-22)
(0.764299 0.243722 -6.79093e-22)
(0.759826 0.159411 3.1465e-22)
(0.757051 0.0407449 -2.15509e-21)
(0.761055 -0.0738564 8.4152e-24)
(0.763507 -0.151641 -5.56383e-22)
(0.763239 -0.255329 5.17314e-23)
(0.75779 -0.240614 -7.49137e-23)
(0.749259 -0.314965 -1.13932e-22)
(0.740792 -0.198788 1.03667e-23)
(0.868824 0.0235358 2.92253e-20)
(0.871163 -0.125923 -1.83547e-20)
(0.875321 -0.253818 -1.7457e-21)
(0.880353 -0.348548 2.99105e-21)
(0.884481 -0.407316 -5.98991e-22)
(0.886066 -0.435017 -2.88752e-21)
(0.884218 -0.440567 1.40125e-21)
(0.878097 -0.434005 3.14064e-21)
(0.866352 -0.424158 -2.7483e-21)
(0.847995 -0.41534 6.91867e-22)
(0.823722 -0.404964 -1.00941e-21)
(0.796029 -0.385057 1.61471e-21)
(0.768248 -0.347171 -6.52846e-22)
(0.743596 -0.28692 -6.00326e-22)
(0.724962 -0.205608 1.42702e-21)
(0.714909 -0.109337 -2.51125e-21)
(0.71521 -0.00717137 3.14213e-21)
(0.725915 0.091136 -8.01749e-22)
(0.744887 0.178208 -1.44498e-21)
(0.768231 0.250817 8.26618e-22)
(0.791354 0.310024 5.00114e-22)
(0.810497 0.358418 -1.56844e-21)
(0.823466 0.397177 8.76028e-22)
(0.82971 0.42373 1.25359e-21)
(0.829678 0.432584 -1.86776e-21)
(0.824694 0.416442 -2.54148e-21)
(0.81665 0.369641 -1.13086e-21)
(0.807942 0.289968 1.50693e-21)
(0.800885 0.181982 -9.86143e-22)
(0.797106 0.0564593 -5.05285e-21)
(0.797705 -0.070608 4.52028e-21)
(0.801895 -0.18268 -2.5606e-21)
(0.808565 -0.268301 -1.87131e-21)
(0.813492 -0.323248 2.83938e-21)
(0.813944 -0.353105 -8.52818e-22)
(0.806266 -0.362088 5.83889e-22)
(0.792762 -0.355937 -2.1541e-22)
(0.775108 -0.328578 -7.21263e-22)
(0.758891 -0.281575 7.91067e-22)
(0.745864 -0.208708 -1.25036e-22)
(0.739595 -0.120168 -2.78009e-22)
(0.739994 -0.018669 2.88973e-22)
(0.747001 0.0827142 8.91814e-24)
(0.757458 0.174981 6.09419e-23)
(0.768195 0.257027 4.01618e-22)
(0.776578 0.310203 -1.72804e-22)
(0.78087 0.351526 4.12848e-23)
(0.78069 0.343666 -4.54379e-22)
(0.776554 0.32482 1.58869e-22)
(0.769629 0.245031 7.25262e-22)
(0.765266 0.160248 2.834e-22)
(0.762591 0.0412312 3.17154e-21)
(0.76652 -0.0741572 1.44726e-21)
(0.769141 -0.151461 -7.47335e-22)
(0.768452 -0.254923 -1.23144e-21)
(0.762848 -0.239646 -1.94716e-22)
(0.753388 -0.31375 1.06109e-22)
(0.7448 -0.198351 3.66381e-23)
(0.885102 0.030674 8.44282e-21)
(0.886773 -0.120096 -1.13948e-20)
(0.889683 -0.249804 1.36841e-22)
(0.893068 -0.346254 1.13134e-20)
(0.895378 -0.406167 1.74489e-21)
(0.895113 -0.434322 3.88667e-21)
(0.89153 -0.439689 6.77635e-22)
(0.883996 -0.432304 -6.89432e-21)
(0.87126 -0.421122 7.18293e-22)
(0.852229 -0.410917 3.61223e-22)
(0.827405 -0.399725 1.44961e-21)
(0.799182 -0.379957 -2.07415e-21)
(0.770913 -0.343142 2.53112e-21)
(0.74588 -0.284638 -3.77238e-22)
(0.726987 -0.205471 -5.17552e-23)
(0.71675 -0.111484 2.66585e-22)
(0.716884 -0.0114459 -2.96526e-22)
(0.727449 0.0852433 1.40876e-21)
(0.746357 0.171501 -1.65027e-21)
(0.769781 0.244193 8.59977e-22)
(0.793229 0.304252 2.74732e-22)
(0.813026 0.354005 3.51046e-22)
(0.826975 0.394373 -2.36199e-22)
(0.83446 0.422606 -1.54654e-21)
(0.8358 0.433085 -9.14917e-22)
(0.832195 0.418368 2.26312e-21)
(0.825397 0.372624 2.74623e-21)
(0.817656 0.293494 -1.88071e-21)
(0.811139 0.185464 1.96928e-21)
(0.807357 0.0593602 9.58962e-22)
(0.807419 -0.0686901 -8.01432e-22)
(0.810619 -0.181792 -1.06535e-21)
(0.816122 -0.268093 3.73421e-21)
(0.819946 -0.323027 -1.40256e-22)
(0.819557 -0.352221 -6.5628e-22)
(0.811141 -0.36031 -5.79277e-22)
(0.79699 -0.353607 1.10316e-21)
(0.778683 -0.326311 -7.8109e-22)
(0.762011 -0.279981 9.09391e-23)
(0.748704 -0.208155 3.39392e-22)
(0.74234 -0.120793 -8.89436e-23)
(0.742713 -0.0203627 1.53993e-22)
(0.749683 0.0803998 5.09721e-24)
(0.760287 0.172509 2.65294e-23)
(0.771252 0.254997 2.55258e-22)
(0.78024 0.308812 -4.17019e-22)
(0.785075 0.351079 -3.41291e-23)
(0.785623 0.344035 1.94703e-21)
(0.781912 0.325856 -2.39531e-21)
(0.77541 0.246344 -3.27997e-22)
(0.771176 0.161109 -2.80954e-22)
(0.768606 0.0417654 2.255e-22)
(0.772418 -0.0744389 -1.10202e-21)
(0.775193 -0.151241 -8.68836e-22)
(0.774063 -0.25447 4.51943e-22)
(0.768286 -0.238612 -5.15066e-22)
(0.75788 -0.312452 -3.72265e-22)
(0.749072 -0.197917 -2.60865e-23)
(0.901612 0.0384908 2.06169e-20)
(0.902711 -0.113361 -2.93274e-20)
(0.904412 -0.244869 1.09255e-20)
(0.906173 -0.343148 1.60337e-20)
(0.906674 -0.404365 -1.05758e-20)
(0.904559 -0.433132 -8.56518e-22)
(0.899225 -0.43847 -4.55121e-22)
(0.890252 -0.430416 5.08694e-21)
(0.876521 -0.418011 -1.88164e-21)
(0.856843 -0.406468 -1.74679e-21)
(0.831516 -0.394468 -5.54268e-23)
(0.802807 -0.37485 1.21923e-21)
(0.774076 -0.339149 -2.25209e-21)
(0.748666 -0.282452 2.59384e-21)
(0.7295 -0.20548 5.43123e-22)
(0.719048 -0.113804 -2.97496e-21)
(0.718977 -0.0159166 3.64321e-22)
(0.729352 0.0791841 3.58364e-23)
(0.748133 0.164625 1.65974e-22)
(0.771588 0.237373 -6.00578e-23)
(0.795332 0.298239 -7.1947e-22)
(0.815775 0.349297 1.89263e-21)
(0.830716 0.391236 -2.00147e-21)
(0.839468 0.421143 2.58029e-21)
(0.842223 0.433282 -1.51382e-21)
(0.840052 0.420067 6.85969e-22)
(0.834562 0.375494 -1.67145e-21)
(0.827848 0.297045 1.44264e-21)
(0.821922 0.189112 -5.94498e-22)
(0.818173 0.0625407 1.01992e-21)
(0.817711 -0.066412 -3.75732e-21)
(0.819905 -0.180533 -7.5362e-22)
(0.824184 -0.267568 -5.2953e-22)
(0.826835 -0.32258 7.23878e-22)
(0.825551 -0.351194 1.33621e-22)
(0.816375 -0.358433 1.4215e-22)
(0.801566 -0.351204 -8.20943e-22)
(0.782592 -0.324001 -1.46676e-22)
(0.76544 -0.278388 -5.75122e-22)
(0.751821 -0.207648 2.1373e-23)
(0.745342 -0.121489 7.71239e-23)
(0.745681 -0.0221331 2.31537e-22)
(0.752622 0.0780005 -1.80868e-22)
(0.76339 0.169932 -1.15891e-22)
(0.774602 0.252852 -1.78484e-22)
(0.784217 0.307294 6.6551e-23)
(0.789615 0.350521 1.0738e-21)
(0.790925 0.344318 -1.3599e-21)
(0.787678 0.326848 1.92364e-21)
(0.781643 0.247655 2.67348e-21)
(0.777559 0.16199 -1.2176e-22)
(0.7751 0.0423505 -2.08636e-21)
(0.778751 -0.074697 -6.98245e-23)
(0.781661 -0.15098 1.88363e-21)
(0.780064 -0.253967 -6.68256e-22)
(0.774097 -0.23751 8.53734e-22)
(0.762728 -0.311063 1.73561e-22)
(0.753597 -0.197477 1.26081e-23)
(0.918254 0.0471552 2.21405e-20)
(0.918862 -0.10572 3.2073e-21)
(0.919432 -0.239013 -9.67346e-21)
(0.919619 -0.339221 5.25791e-22)
(0.918333 -0.401898 -3.58742e-21)
(0.914376 -0.431438 1.69593e-20)
(0.907284 -0.436906 -9.87736e-21)
(0.896851 -0.42834 1.2644e-21)
(0.882115 -0.414834 -2.84057e-22)
(0.861813 -0.402011 3.56296e-21)
(0.836028 -0.389208 6.42369e-22)
(0.806878 -0.369742 -5.19287e-21)
(0.77771 -0.335185 8.01465e-22)
(0.751924 -0.280346 -5.74366e-22)
(0.732466 -0.205613 2.98748e-22)
(0.721769 -0.116273 2.46295e-22)
(0.721452 -0.0205132 7.86406e-22)
(0.731584 0.0729805 1.09253e-21)
(0.750183 0.157594 -1.7678e-21)
(0.773623 0.230367 1.49977e-21)
(0.797636 0.291986 -3.0264e-23)
(0.818716 0.344292 9.17312e-22)
(0.834656 0.387758 1.26002e-21)
(0.8447 0.419329 -8.93103e-22)
(0.848908 0.43316 -2.25246e-21)
(0.848222 0.421522 3.72943e-21)
(0.844102 0.378232 2.06138e-22)
(0.838476 0.300603 1.45147e-22)
(0.833192 0.192915 -6.96815e-21)
(0.829513 0.0659901 6.16462e-21)
(0.828551 -0.0637744 1.62692e-21)
(0.82973 -0.178893 2.57717e-21)
(0.832737 -0.266713 -4.21038e-21)
(0.834147 -0.321898 -8.46513e-22)
(0.831914 -0.350018 -1.18704e-21)
(0.821954 -0.356458 6.98604e-23)
(0.806475 -0.348727 4.52517e-23)
(0.78682 -0.321644 -3.38552e-22)
(0.769161 -0.27679 6.09411e-22)
(0.755198 -0.20718 -3.8518e-22)
(0.748582 -0.122251 3.64223e-24)
(0.748879 -0.0239826 -1.72535e-22)
(0.755799 0.0755158 2.53795e-22)
(0.766748 0.167251 7.25262e-23)
(0.778229 0.25059 -1.71399e-22)
(0.788492 0.305643 2.42027e-22)
(0.794477 0.349849 -1.12526e-21)
(0.796584 0.344509 5.02051e-22)
(0.793844 0.327789 -2.70274e-23)
(0.788323 0.248961 -4.04861e-22)
(0.784415 0.162889 4.27468e-22)
(0.782076 0.0429898 1.96133e-21)
(0.785516 -0.074926 -1.95258e-21)
(0.788538 -0.150676 7.47148e-22)
(0.786447 -0.253411 1.62355e-21)
(0.78027 -0.236339 2.987e-22)
(0.767926 -0.309576 2.84389e-22)
(0.758367 -0.197026 -8.44406e-24)
(0.934919 0.0565026 2.67978e-20)
(0.935123 -0.0972111 -3.31998e-20)
(0.934667 -0.232242 1.88359e-20)
(0.933347 -0.334466 -2.25314e-20)
(0.930314 -0.39876 2.6389e-21)
(0.924537 -0.429234 1.70136e-20)
(0.915689 -0.434989 -3.48035e-21)
(0.903776 -0.426072 -7.49348e-21)
(0.888022 -0.4116 -2.2196e-21)
(0.867115 -0.397559 3.69679e-21)
(0.840913 -0.383959 -2.0244e-21)
(0.811363 -0.364638 -5.0653e-22)
(0.781784 -0.331242 1.64505e-21)
(0.755622 -0.278302 9.69607e-22)
(0.735852 -0.205851 -1.04841e-21)
(0.724879 -0.118864 -4.4303e-22)
(0.724273 -0.0252375 -1.03306e-21)
(0.734112 0.0666518 2.85068e-21)
(0.752477 0.150426 -3.46683e-21)
(0.775859 0.223186 1.95385e-21)
(0.800113 0.285499 -8.0718e-22)
(0.821819 0.338987 -7.07318e-22)
(0.838764 0.383933 2.63493e-22)
(0.850118 0.417153 2.23178e-22)
(0.855815 0.432702 -2.37541e-22)
(0.856665 0.422712 -5.23181e-22)
(0.853973 0.380817 -2.18326e-21)
(0.849492 0.30415 9.85582e-22)
(0.844902 0.196857 2.02238e-22)
(0.841336 0.0697122 3.67977e-21)
(0.839903 -0.0607783 -9.60065e-22)
(0.840068 -0.176869 -8.10781e-22)
(0.841765 -0.265518 3.57719e-21)
(0.841868 -0.320969 -9.77869e-22)
(0.83863 -0.348687 4.53444e-22)
(0.82786 -0.354383 2.0944e-21)
(0.811701 -0.346175 -1.19676e-21)
(0.791352 -0.319236 7.6088e-22)
(0.773162 -0.275178 -8.23629e-23)
(0.758819 -0.206743 -1.45698e-22)
(0.75204 -0.123073 -6.10393e-23)
(0.752286 -0.0259084 -8.28339e-23)
(0.759194 0.0729457 -2.85659e-22)
(0.770343 0.164463 -4.51508e-23)
(0.782115 0.248208 -8.84183e-23)
(0.793048 0.303856 -1.66907e-22)
(0.799645 0.349055 9.72464e-23)
(0.802588 0.344599 1.00519e-21)
(0.800401 0.328671 -1.99023e-21)
(0.795446 0.250253 -3.59324e-22)
(0.79174 0.163805 -1.17646e-21)
(0.789535 0.0436851 -1.47676e-21)
(0.792713 -0.0751203 3.43009e-21)
(0.79582 -0.150326 6.02551e-22)
(0.7932 -0.252798 -1.34262e-22)
(0.786793 -0.235097 -1.04004e-21)
(0.773466 -0.307986 -4.00826e-22)
(0.763372 -0.196554 3.67988e-23)
(0.951497 0.0664432 2.55e-21)
(0.95141 -0.0878622 1.81072e-21)
(0.950041 -0.224567 -1.19763e-20)
(0.947301 -0.328885 -2.94658e-22)
(0.942572 -0.394945 1.84856e-21)
(0.935009 -0.426515 6.50225e-21)
(0.924417 -0.432715 -3.67078e-21)
(0.911009 -0.423608 1.72183e-21)
(0.894221 -0.408311 -3.56634e-21)
(0.872725 -0.393127 -2.14562e-21)
(0.846145 -0.378732 -5.17629e-22)
(0.816233 -0.359541 -1.33513e-21)
(0.786268 -0.327313 3.12636e-22)
(0.759731 -0.276305 7.69965e-22)
(0.739628 -0.206169 -1.56138e-21)
(0.728342 -0.121555 2.92556e-21)
(0.727404 -0.0300642 3.64127e-22)
(0.736903 0.0602184 -1.57144e-21)
(0.754984 0.143135 5.9298e-22)
(0.778267 0.215838 1.40502e-21)
(0.802735 0.278781 4.72721e-22)
(0.825054 0.333383 -3.05203e-21)
(0.843004 0.379756 1.24811e-21)
(0.855685 0.414605 -2.28575e-21)
(0.862902 0.431896 -1.86379e-22)
(0.865334 0.423621 5.07867e-21)
(0.864127 0.383232 -1.07935e-21)
(0.860847 0.307669 -2.71194e-21)
(0.857003 0.200922 -1.084e-21)
(0.853595 0.0737022 -9.77121e-21)
(0.851726 -0.0574283 5.7813e-21)
(0.850891 -0.174458 -8.93438e-21)
(0.851249 -0.263973 3.459e-21)
(0.849983 -0.319783 1.50666e-21)
(0.845682 -0.347196 1.18269e-21)
(0.834079 -0.352207 -1.05939e-22)
(0.817229 -0.343545 -3.79733e-22)
(0.796173 -0.316772 -2.02477e-22)
(0.777425 -0.273545 -6.03308e-22)
(0.762669 -0.206327 1.49351e-22)
(0.7557 -0.123949 -5.32351e-23)
(0.755884 -0.0279042 2.37959e-22)
(0.762789 0.0702908 2.4943e-23)
(0.774155 0.161567 3.53947e-24)
(0.786239 0.245702 5.06314e-23)
(0.797868 0.30193 1.34965e-22)
(0.805103 0.348135 -9.13555e-23)
(0.808924 0.344583 -6.41982e-24)
(0.807339 0.329486 -2.11106e-22)
(0.803004 0.251527 -2.95411e-21)
(0.799531 0.164733 3.66359e-21)
(0.797477 0.044437 -1.42814e-21)
(0.800337 -0.0752737 -1.41007e-21)
(0.803498 -0.149927 -2.36716e-21)
(0.800312 -0.252125 1.32587e-23)
(0.793654 -0.233781 1.36737e-22)
(0.779341 -0.306284 5.25533e-22)
(0.768604 -0.196055 -1.0463e-23)
(0.967882 0.0769316 -8.22381e-21)
(0.967628 -0.0777135 2.16261e-20)
(0.965472 -0.21601 -2.88273e-21)
(0.961417 -0.322479 -5.20634e-21)
(0.955062 -0.390451 5.04167e-23)
(0.945756 -0.423278 -9.68059e-22)
(0.933442 -0.430077 6.65613e-22)
(0.918533 -0.420945 4.89144e-21)
(0.900693 -0.404971 -1.55923e-21)
(0.878615 -0.388725 -5.17922e-22)
(0.851695 -0.373542 3.64262e-21)
(0.821459 -0.354457 -2.26626e-21)
(0.791128 -0.323393 6.21873e-22)
(0.76422 -0.274338 9.97835e-22)
(0.743764 -0.206548 2.53581e-22)
(0.732128 -0.124325 3.58291e-22)
(0.730816 -0.0349535 7.80589e-22)
(0.739926 0.0537024 -5.11073e-22)
(0.757678 0.135738 -1.05262e-21)
(0.780822 0.208336 -1.71472e-21)
(0.805475 0.27184 2.93701e-21)
(0.828391 0.327483 -1.88459e-21)
(0.847344 0.375225 1.84426e-21)
(0.861363 0.411677 -1.375e-21)
(0.870127 0.430726 -5.33507e-23)
(0.874182 0.424231 3.46566e-22)
(0.874512 0.385456 2.55936e-21)
(0.87249 0.31114 -6.96473e-22)
(0.869444 0.205095 3.52358e-21)
(0.866242 0.0779395 -3.69944e-21)
(0.863978 -0.0537327 1.081e-21)
(0.862165 -0.171658 6.7228e-21)
(0.861165 -0.26207 -1.5876e-21)
(0.858474 -0.318328 -3.37696e-21)
(0.853054 -0.345539 8.64965e-22)
(0.840592 -0.349928 -1.35011e-21)
(0.823043 -0.340837 4.60158e-22)
(0.801265 -0.314249 -2.67919e-22)
(0.781937 -0.271883 7.81418e-22)
(0.766732 -0.205924 -2.75449e-22)
(0.759545 -0.12487 -5.70318e-23)
(0.759653 -0.0299752 4.73685e-25)
(0.766561 0.0675506 1.20178e-23)
(0.778164 0.158561 2.27421e-23)
(0.790582 0.243069 9.33921e-23)
(0.802932 0.299861 -1.74399e-22)
(0.810835 0.347082 3.53672e-22)
(0.815575 0.344453 -1.01699e-22)
(0.814645 0.330225 1.57276e-21)
(0.810987 0.252774 -1.34458e-22)
(0.80778 0.165671 -3.35629e-21)
(0.805898 0.0452485 2.49318e-21)
(0.808386 -0.0753794 -8.06575e-22)
(0.811566 -0.149474 -1.27966e-21)
(0.807772 -0.251387 2.97567e-22)
(0.800841 -0.232392 6.29723e-22)
(0.785539 -0.304464 -3.5323e-22)
(0.774052 -0.195521 -2.37935e-23)
(0.98397 0.0879484 -6.90983e-21)
(0.983688 -0.0668018 -1.7795e-20)
(0.980882 -0.206593 1.61808e-20)
(0.975634 -0.315258 -1.06382e-20)
(0.967736 -0.385276 3.66892e-22)
(0.956742 -0.41952 1.28088e-20)
(0.94274 -0.427072 -1.64396e-21)
(0.926327 -0.418075 1.05127e-21)
(0.907417 -0.40158 -2.31128e-21)
(0.884761 -0.384364 1.17444e-21)
(0.857535 -0.368399 1.31896e-21)
(0.827012 -0.34939 2.96943e-23)
(0.796336 -0.319475 -1.60536e-21)
(0.769059 -0.272387 4.45682e-22)
(0.74823 -0.206965 -1.39821e-22)
(0.736213 -0.127148 -6.64878e-22)
(0.734478 -0.0399189 -1.22578e-21)
(0.74315 0.0471182 7.50695e-22)
(0.760532 0.12825 -4.89337e-22)
(0.783499 0.200691 1.46602e-21)
(0.808306 0.264682 -1.54303e-21)
(0.831801 0.321288 -7.99391e-23)
(0.851749 0.370338 1.50809e-22)
(0.867112 0.408364 -2.43758e-21)
(0.877446 0.429183 1.76577e-21)
(0.883162 0.424525 4.74149e-21)
(0.885078 0.387471 2.26135e-21)
(0.884366 0.314546 -4.68636e-21)
(0.88217 0.209359 -9.36646e-22)
(0.879226 0.0824057 -1.59947e-21)
(0.876614 -0.0497006 2.79898e-21)
(0.873854 -0.168471 -1.50065e-21)
(0.871488 -0.259801 5.37091e-21)
(0.867325 -0.316596 -1.91321e-21)
(0.860727 -0.343709 2.50365e-21)
(0.84738 -0.347545 -4.34399e-22)
(0.829125 -0.338051 1.01244e-21)
(0.806615 -0.311662 -6.56426e-23)
(0.786682 -0.270184 -3.0585e-22)
(0.770995 -0.205525 8.75793e-23)
(0.763559 -0.125831 1.38252e-23)
(0.763576 -0.0321174 -1.15385e-22)
(0.770495 0.0647257 1.5637e-23)
(0.78235 0.155445 4.55164e-23)
(0.795125 0.240307 -1.18682e-24)
(0.80822 0.297644 6.88617e-23)
(0.816821 0.34589 -1.30285e-22)
(0.822525 0.344201 3.30064e-22)
(0.822303 0.330879 -1.7655e-21)
(0.819383 0.253987 3.28543e-22)
(0.816478 0.166613 -9.38585e-22)
(0.814795 0.0461228 -2.96534e-21)
(0.816854 -0.0754303 1.67853e-22)
(0.820013 -0.148964 1.33214e-21)
(0.815566 -0.25058 -4.76766e-22)
(0.808337 -0.230927 -9.07081e-22)
(0.792052 -0.302521 -3.38322e-22)
(0.779706 -0.194943 -7.80094e-24)
(0.999663 0.0994794 4.26919e-21)
(0.999488 -0.0551712 -2.04606e-20)
(0.996189 -0.196348 1.77843e-20)
(0.989888 -0.307233 1.56043e-20)
(0.980546 -0.379422 -1.08099e-20)
(0.967929 -0.415241 -8.84307e-21)
(0.952281 -0.423696 8.64281e-21)
(0.934372 -0.414993 -2.68514e-22)
(0.914373 -0.398135 2.73769e-21)
(0.891137 -0.380051 8.73851e-22)
(0.863637 -0.363318 -3.07486e-21)
(0.832863 -0.344347 -2.58994e-21)
(0.80186 -0.315553 4.43809e-22)
(0.774216 -0.270436 6.41331e-22)
(0.753001 -0.2074 8.41247e-22)
(0.740564 -0.130002 -4.59667e-22)
(0.738364 -0.0449364 6.53155e-22)
(0.746556 0.0404864 -7.66518e-22)
(0.763521 0.120687 -1.72615e-22)
(0.786272 0.192916 4.606e-22)
(0.811203 0.257318 5.7539e-22)
(0.835254 0.314806 -1.22568e-21)
(0.856185 0.365096 2.27774e-21)
(0.872893 0.404659 -3.47338e-21)
(0.884815 0.427255 -1.3451e-21)
(0.892225 0.42449 -7.67113e-22)
(0.895772 0.389258 1.13158e-20)
(0.896419 0.317865 -5.82944e-21)
(0.895127 0.213696 -4.04067e-21)
(0.892493 0.0870903 -2.28929e-22)
(0.889586 -0.0453424 7.91929e-21)
(0.885918 -0.164902 -6.06991e-21)
(0.882189 -0.257163 -4.3929e-21)
(0.876513 -0.314575 2.9904e-22)
(0.868682 -0.341698 5.30621e-22)
(0.854424 -0.345056 1.24457e-21)
(0.835458 -0.335185 -3.04687e-23)
(0.812206 -0.309008 -6.40974e-22)
(0.791646 -0.268442 -3.6979e-23)
(0.775444 -0.205121 1.1887e-22)
(0.767727 -0.126822 -1.04938e-23)
(0.767635 -0.034317 1.02907e-22)
(0.77457 0.0618179 -1.84149e-22)
(0.786693 0.152216 -3.50555e-23)
(0.799845 0.237413 -3.29382e-23)
(0.813713 0.295278 -9.70896e-23)
(0.823041 0.344553 -2.09484e-22)
(0.829755 0.343818 -6.20764e-22)
(0.830297 0.331438 3.15119e-21)
(0.828177 0.255159 -4.63e-22)
(0.825611 0.167555 2.0858e-21)
(0.824158 0.0470582 2.46789e-21)
(0.825733 -0.0754195 -1.06286e-22)
(0.828831 -0.148391 -1.62552e-21)
(0.823681 -0.249699 3.71377e-22)
(0.816128 -0.229386 7.72575e-22)
(0.798869 -0.30045 6.54639e-23)
(0.785558 -0.194315 -4.78142e-25)
(1.01487 0.111419 2.29338e-20)
(1.01494 -0.042883 -2.88976e-20)
(1.01131 -0.185314 5.53564e-21)
(1.00411 -0.298423 5.53123e-21)
(0.99344 -0.372894 -8.79164e-21)
(0.979277 -0.410441 -2.67473e-21)
(0.962035 -0.419948 9.58078e-21)
(0.942648 -0.411691 -3.39293e-21)
(0.921541 -0.394632 5.26713e-21)
(0.897717 -0.375793 -4.71034e-21)
(0.869972 -0.358308 2.10357e-21)
(0.838985 -0.339332 7.58727e-22)
(0.807671 -0.311623 -7.01268e-22)
(0.779661 -0.268472 -3.92351e-22)
(0.758048 -0.207833 1.61775e-21)
(0.745164 -0.132866 -9.74518e-22)
(0.742453 -0.049947 3.76749e-23)
(0.750118 0.0338311 6.42098e-22)
(0.766623 0.113066 -6.75858e-22)
(0.789119 0.185023 8.66818e-22)
(0.814142 0.249757 -1.03559e-21)
(0.838722 0.308042 1.21328e-21)
(0.86062 0.359502 -1.14433e-21)
(0.878668 0.400561 1.29439e-21)
(0.89219 0.424934 -2.72504e-21)
(0.90132 0.424109 8.25147e-21)
(0.90654 0.3908 -9.57014e-21)
(0.908595 0.32108 1.0959e-21)
(0.908256 0.218085 8.19509e-21)
(0.905989 0.0919806 -5.05466e-21)
(0.902845 -0.0406702 4.34634e-21)
(0.898316 -0.160956 -4.1811e-21)
(0.893239 -0.254152 3.27274e-21)
(0.886018 -0.312257 1.91826e-21)
(0.876899 -0.3395 -4.32691e-22)
(0.861703 -0.342459 -1.51413e-21)
(0.842024 -0.332238 9.87557e-23)
(0.818024 -0.306283 6.70155e-22)
(0.796814 -0.266649 -1.77977e-22)
(0.780064 -0.204703 -6.25752e-23)
(0.772038 -0.127836 -4.65459e-23)
(0.771815 -0.0365722 1.8375e-22)
(0.778767 0.0588283 4.17598e-22)
(0.791173 0.148876 2.4633e-22)
(0.804724 0.234384 -3.4061e-23)
(0.819389 0.292757 -9.32206e-23)
(0.829476 0.343066 1.08874e-21)
(0.837246 0.343299 4.56951e-22)
(0.838607 0.331894 -1.5842e-21)
(0.837351 0.256282 -5.64927e-22)
(0.835164 0.168492 3.63494e-22)
(0.833977 0.0480551 -1.1282e-21)
(0.835016 -0.0753396 -2.51795e-21)
(0.838006 -0.14775 1.15464e-21)
(0.8321 -0.248738 4.55912e-23)
(0.824195 -0.227768 7.84558e-22)
(0.805975 -0.298244 6.56082e-22)
(0.791596 -0.193628 6.71899e-24)
(1.02995 -0.0299983 -3.22256e-20)
(1.02618 -0.173533 3.31357e-20)
(1.01825 -0.288849 -1.02114e-20)
(1.00637 -0.3657 3.06631e-21)
(0.990743 -0.405123 -7.3792e-21)
(0.971969 -0.415827 4.52123e-21)
(0.95113 -0.408164 -4.00053e-21)
(0.928903 -0.391064 -1.98689e-21)
(0.904477 -0.371593 2.08268e-21)
(0.876511 -0.353383 -5.68576e-23)
(0.845351 -0.334353 -5.33794e-23)
(0.813742 -0.307681 1.01393e-21)
(0.785362 -0.266482 -5.08521e-22)
(0.763344 -0.208246 5.15116e-22)
(0.74999 -0.135716 -7.41805e-22)
(0.746729 -0.054955 1.48743e-22)
(0.753818 0.027167 2.86823e-22)
(0.769818 0.105403 -3.14933e-22)
(0.79202 0.177028 -6.197e-22)
(0.817098 0.242012 1.17944e-22)
(0.842177 0.301007 -5.6139e-22)
(0.86502 0.353562 -6.08353e-22)
(0.884399 0.396069 4.0038e-22)
(0.899526 0.422213 -3.88098e-21)
(0.9104 0.423371 4.21565e-21)
(0.91733 0.392078 4.62653e-21)
(0.920836 0.324169 -4.54329e-21)
(0.921503 0.222507 -2.47861e-21)
(0.91966 0.0970531 -9.18569e-21)
(0.916342 -0.0356996 4.61182e-21)
(0.911005 -0.156641 2.55235e-22)
(0.904602 -0.250767 4.40423e-22)
(0.895816 -0.309635 3.44965e-22)
(0.885359 -0.337108 -1.42465e-21)
(0.869196 -0.339754 -1.49194e-21)
(0.848805 -0.329212 9.97858e-23)
(0.824052 -0.303484 4.81874e-22)
(0.802171 -0.264798 1.23183e-22)
(0.784843 -0.204262 1.3189e-22)
(0.776478 -0.128865 -1.72872e-22)
(0.776101 -0.0388791 -2.16289e-22)
(0.78307 0.0557586 6.9996e-23)
(0.795771 0.145425 -2.47759e-22)
(0.809738 0.231219 3.4385e-23)
(0.825226 0.29008 3.85261e-23)
(0.836105 0.341421 -1.16375e-21)
(0.844977 0.342634 8.9727e-22)
(0.847213 0.332235 2.09442e-21)
(0.846886 0.257347 -2.81844e-22)
(0.845118 0.169418 3.92624e-21)
(0.844238 0.0491154 5.02154e-22)
(0.844691 -0.0751834 1.17646e-21)
(0.847527 -0.147036 4.65374e-22)
(0.84081 -0.247692 -3.89883e-22)
(0.832521 -0.226072 -5.80169e-22)
(0.81336 -0.2959 -3.58006e-22)
(0.797809 -0.192875 -1.16331e-23)
(1.04446 -0.0165547 -2.5651e-20)
(1.04072 -0.161055 2.53353e-20)
(1.03223 -0.278539 -2.77458e-20)
(1.01928 -0.357849 2.37601e-20)
(1.00229 -0.39929 -1.80606e-20)
(0.982051 -0.411333 7.43996e-21)
(0.959797 -0.404407 -2.40964e-21)
(0.936441 -0.387425 -2.04536e-21)
(0.911394 -0.367452 6.70001e-21)
(0.883225 -0.348554 -2.88729e-21)
(0.851935 -0.329419 1.35137e-21)
(0.82005 -0.303722 -7.23285e-22)
(0.791291 -0.264453 -5.84621e-22)
(0.76886 -0.208623 4.58733e-22)
(0.755022 -0.138532 4.30611e-23)
(0.751177 -0.0599427 1.70476e-22)
(0.757643 0.0205145 -4.9219e-23)
(0.773092 0.097716 -1.57743e-22)
(0.794956 0.168945 2.67012e-22)
(0.820051 0.234097 4.67961e-23)
(0.845595 0.293711 -9.09643e-23)
(0.869354 0.347281 -1.37234e-22)
(0.890049 0.391185 5.09104e-22)
(0.90678 0.419088 1.33164e-21)
(0.919416 0.422265 3.65949e-21)
(0.928087 0.393077 -7.23851e-21)
(0.933087 0.327113 -3.98397e-21)
(0.934809 0.226943 9.37732e-21)
(0.933452 0.10228 -7.39573e-21)
(0.930027 -0.030448 -5.15437e-22)
(0.923941 -0.151969 5.79787e-21)
(0.916244 -0.247011 4.46044e-21)
(0.905882 -0.306701 -1.34019e-21)
(0.89404 -0.334514 1.85998e-22)
(0.876882 -0.336939 -1.1638e-21)
(0.855781 -0.326107 -5.37229e-22)
(0.830277 -0.300609 5.57753e-22)
(0.807703 -0.262882 -1.3967e-22)
(0.789766 -0.20379 1.54991e-23)
(0.781036 -0.1299 2.46229e-22)
(0.780481 -0.0412307 -9.40385e-23)
(0.787461 0.0526118 2.76714e-22)
(0.800465 0.141862 -7.94978e-22)
(0.814867 0.227915 2.28366e-22)
(0.831203 0.287243 5.51768e-23)
(0.842904 0.339614 4.50633e-22)
(0.852924 0.341817 -1.4756e-21)
(0.856091 0.332455 -7.84003e-22)
(0.856758 0.258346 1.13392e-21)
(0.855451 0.170326 -1.97998e-22)
(0.854924 0.0502377 1.24647e-21)
(0.854747 -0.074944 2.82944e-21)
(0.857378 -0.14624 -2.40363e-22)
(0.849792 -0.246555 1.09489e-21)
(0.841085 -0.224297 -1.5222e-22)
(0.821007 -0.293413 6.15474e-22)
(0.804188 -0.192049 -9.43403e-24)
(1.0584 -0.00246538 -7.36403e-21)
(1.05486 -0.147932 4.40626e-21)
(1.046 -0.267523 8.5735e-21)
(1.03212 -0.349353 -6.1461e-21)
(1.01387 -0.392949 7.04894e-21)
(0.992247 -0.406472 -1.48472e-20)
(0.968624 -0.400417 4.09376e-21)
(0.944136 -0.383709 3.44738e-21)
(0.918446 -0.363373 -4.89942e-22)
(0.890085 -0.343832 -1.33816e-21)
(0.85871 -0.32454 -9.25591e-23)
(0.826571 -0.299746 -4.57559e-22)
(0.797422 -0.262374 3.34864e-22)
(0.774565 -0.208949 1.60292e-22)
(0.760239 -0.1413 7.53502e-23)
(0.755786 -0.0648765 -8.83409e-23)
(0.761587 0.0138964 7.01358e-23)
(0.776435 0.0900232 -3.67065e-23)
(0.797914 0.160791 1.4548e-23)
(0.822982 0.226025 -1.38811e-22)
(0.848951 0.286167 1.23703e-22)
(0.873594 0.34067 1.36947e-21)
(0.895581 0.385913 -3.12011e-21)
(0.913912 0.415554 3.09952e-21)
(0.928319 0.42078 -7.39661e-22)
(0.93876 0.393781 -6.62487e-22)
(0.94529 0.329893 5.74934e-21)
(0.948118 0.231369 -2.40043e-21)
(0.947312 0.107646 -8.08906e-21)
(0.943851 -0.0249317 -2.06418e-21)
(0.937078 -0.14695 -4.2928e-22)
(0.928127 -0.242887 1.95312e-21)
(0.916187 -0.303452 -7.90629e-22)
(0.902921 -0.331712 -8.83311e-22)
(0.884737 -0.334011 -2.29167e-22)
(0.862931 -0.322925 -8.14726e-22)
(0.836685 -0.297656 4.93951e-22)
(0.813397 -0.260896 7.79679e-23)
(0.79482 -0.203278 9.61265e-23)
(0.7857 -0.130933 2.12082e-22)
(0.784942 -0.0436199 9.36844e-23)
(0.791925 0.0493913 -6.40653e-22)
(0.805238 0.138189 3.20942e-22)
(0.82009 0.224473 -2.93098e-22)
(0.837296 0.284244 -1.83059e-22)
(0.849851 0.337638 2.93807e-22)
(0.861064 0.34084 2.84295e-22)
(0.865217 0.332541 -1.41886e-21)
(0.866942 0.259271 -1.68332e-21)
(0.866139 0.171211 -1.33477e-21)
(0.866015 0.0514206 -3.40332e-21)
(0.865168 -0.0746145 -2.13017e-21)
(0.867544 -0.145359 2.1359e-21)
(0.859031 -0.245321 -5.71136e-22)
(0.849867 -0.222442 3.87343e-22)
(0.828901 -0.290781 -6.72172e-22)
(0.810722 -0.191142 -1.41553e-23)
(1.07171 0.0119172 1.22177e-20)
(1.06851 -0.134244 8.56846e-21)
(1.0595 -0.255832 -8.20866e-22)
(1.04485 -0.340227 -5.43066e-21)
(1.02544 -0.386105 4.0213e-21)
(1.00252 -0.401246 3.11983e-21)
(0.977585 -0.396192 -7.43808e-22)
(0.951972 -0.379905 7.61533e-22)
(0.925613 -0.359349 -1.01462e-21)
(0.897064 -0.339226 2.86782e-22)
(0.865647 -0.319729 6.532e-22)
(0.833287 -0.295751 -6.78525e-22)
(0.803732 -0.260234 1.39916e-22)
(0.780429 -0.209211 1.71379e-22)
(0.765615 -0.144005 -7.78594e-23)
(0.760547 -0.0697465 -1.08506e-22)
(0.765647 0.00732987 3.35519e-23)
(0.779842 0.0823428 -6.41933e-23)
(0.800883 0.152585 2.43834e-22)
(0.825876 0.217815 -8.31142e-24)
(0.852224 0.27839 -4.37237e-22)
(0.877712 0.33374 1.06093e-21)
(0.900964 0.380258 -4.75793e-22)
(0.92088 0.411613 3.92794e-21)
(0.937065 0.418909 8.81363e-22)
(0.949297 0.394175 -1.11112e-20)
(0.957391 0.33249 6.88926e-21)
(0.961374 0.235765 4.54171e-21)
(0.961188 0.113134 6.99622e-21)
(0.957767 -0.0191682 -8.51009e-21)
(0.95037 -0.141598 5.93868e-21)
(0.940211 -0.2384 -5.19535e-21)
(0.926704 -0.299884 5.22077e-21)
(0.911982 -0.328695 6.02665e-22)
(0.892741 -0.33097 -3.46886e-22)
(0.870233 -0.319668 3.50364e-22)
(0.84326 -0.294625 2.46921e-22)
(0.819241 -0.258832 -1.54895e-22)
(0.799991 -0.202718 -7.06299e-23)
(0.790459 -0.131956 3.78699e-25)
(0.789475 -0.0460403 2.54528e-22)
(0.79645 0.0461009 8.596e-24)
(0.810071 0.134409 5.11144e-22)
(0.825385 0.22089 1.33379e-22)
(0.843483 0.28108 -1.79246e-22)
(0.856923 0.33549 3.27362e-22)
(0.869372 0.339697 1.57384e-22)
(0.874563 0.332487 -1.22692e-22)
(0.877412 0.260114 1.69189e-21)
(0.877155 0.172065 7.20836e-22)
(0.877488 0.0526614 4.64023e-22)
(0.875939 -0.0741886 1.60085e-21)
(0.878006 -0.144384 -2.68461e-21)
(0.868507 -0.243984 -9.19377e-22)
(0.858845 -0.220508 -6.73183e-22)
(0.837027 -0.288001 -3.42559e-22)
(0.817399 -0.190148 2.57507e-23)
(1.08435 0.0263549 -1.91409e-20)
(1.08169 -0.12003 -5.91542e-21)
(1.07268 -0.243497 -9.23585e-21)
(1.0574 -0.330481 1.65509e-20)
(1.03696 -0.378755 1.28961e-21)
(1.01284 -0.395646 -6.27362e-21)
(0.986655 -0.391716 5.50505e-21)
(0.95993 -0.375991 -6.26778e-21)
(0.932879 -0.355364 2.84985e-21)
(0.904135 -0.334733 -1.80339e-21)
(0.872719 -0.314988 -7.10046e-22)
(0.840177 -0.291733 -1.76443e-22)
(0.810203 -0.258012 1.63027e-22)
(0.786423 -0.209388 -1.63332e-22)
(0.771123 -0.14663 5.02995e-22)
(0.76545 -0.0745406 -2.54628e-22)
(0.769829 0.000854896 -1.14877e-22)
(0.783321 0.0746943 -1.86242e-22)
(0.803865 0.144345 -1.12496e-23)
(0.828722 0.209484 1.95706e-22)
(0.855396 0.270397 4.1972e-22)
(0.881683 0.326503 -8.64549e-22)
(0.906164 0.374229 -1.33166e-21)
(0.927647 0.407263 1.3695e-21)
(0.945608 0.416645 5.41782e-21)
(0.95965 0.394247 -1.21087e-20)
(0.969337 0.334886 6.96073e-21)
(0.974525 0.240108 -1.51505e-22)
(0.975035 0.118722 3.99501e-21)
(0.97173 -0.0131751 -5.72926e-21)
(0.963773 -0.135928 -4.8704e-21)
(0.952456 -0.233555 -1.77478e-21)
(0.937402 -0.295992 7.28352e-21)
(0.9212 -0.325452 -2.87794e-21)
(0.900872 -0.327807 1.49491e-22)
(0.877668 -0.316334 5.47213e-22)
(0.849988 -0.291513 2.67724e-22)
(0.825226 -0.256681 -1.0037e-22)
(0.805264 -0.2021 -3.45805e-22)
(0.7953 -0.132961 4.01384e-22)
(0.794071 -0.0484856 -4.74195e-22)
(0.801026 0.0427454 3.53811e-22)
(0.814949 0.130524 -2.11774e-22)
(0.830732 0.217166 -3.2968e-22)
(0.849742 0.27775 3.30596e-23)
(0.864095 0.333162 -3.94422e-22)
(0.877822 0.338381 -3.99585e-22)
(0.884102 0.332283 5.94068e-24)
(0.888138 0.260865 -1.55779e-21)
(0.88847 0.172882 -7.47616e-22)
(0.889316 0.053957 1.0523e-21)
(0.887038 -0.0736607 7.62044e-23)
(0.888746 -0.14331 -1.39976e-21)
(0.878203 -0.242535 5.86945e-22)
(0.867996 -0.218493 2.50024e-22)
(0.845366 -0.28507 1.7124e-22)
(0.824207 -0.189061 3.94433e-24)
(1.09631 0.0410515 -3.41506e-20)
(1.09437 -0.105341 1.22144e-22)
(1.0855 -0.230562 1.06722e-20)
(1.06974 -0.320134 -1.913e-21)
(1.04839 -0.370896 3.44743e-21)
(1.02316 -0.389657 4.11266e-21)
(0.995805 -0.386965 -2.74245e-21)
(0.967994 -0.371936 3.39751e-21)
(0.940226 -0.351389 -3.98876e-21)
(0.911275 -0.330342 1.05801e-21)
(0.879897 -0.31032 7.44104e-22)
(0.847221 -0.287685 -5.82099e-22)
(0.816821 -0.255689 -1.84091e-23)
(0.792522 -0.209452 -2.89183e-22)
(0.776726 -0.149153 -1.41828e-22)
(0.77048 -0.0792316 -8.54098e-23)
(0.774139 -0.00547764 5.88971e-22)
(0.786886 0.067104 -1.9799e-22)
(0.806872 0.136096 5.52493e-22)
(0.831525 0.201055 -3.30141e-22)
(0.858458 0.262206 -2.96328e-22)
(0.885486 0.318976 2.50866e-22)
(0.911153 0.367836 -7.95027e-22)
(0.934176 0.40251 -2.29456e-21)
(0.953908 0.413982 3.30565e-21)
(0.96977 0.393985 5.7688e-21)
(0.981075 0.337061 -1.08127e-20)
(0.987524 0.24437 1.86888e-21)
(0.988812 0.124375 -5.30018e-21)
(0.985698 -0.00696347 1.46068e-20)
(0.977241 -0.129958 -1.30116e-20)
(0.964822 -0.228364 5.45562e-21)
(0.948248 -0.291773 1.44977e-21)
(0.930553 -0.321973 -1.544e-21)
(0.909108 -0.324514 -7.0688e-22)
(0.88521 -0.312921 -4.10579e-22)
(0.856851 -0.288315 -8.16139e-23)
(0.83134 -0.254435 -1.88197e-22)
(0.810629 -0.201411 1.99195e-23)
(0.800208 -0.133934 1.43133e-22)
(0.798722 -0.0509444 -5.62519e-22)
(0.805646 0.0393334 -2.64903e-22)
(0.81986 0.126539 4.46563e-22)
(0.836114 0.213303 -1.44477e-22)
(0.856049 0.274254 6.9825e-23)
(0.871344 0.330653 -1.38851e-22)
(0.886387 0.336888 5.07421e-22)
(0.893802 0.331921 5.37695e-22)
(0.89909 0.261517 -7.95286e-22)
(0.900052 0.173653 -1.14926e-21)
(0.90147 0.0553023 3.31352e-21)
(0.898445 -0.0730264 -2.63196e-21)
(0.899741 -0.142129 -9.57881e-22)
(0.888099 -0.240969 7.82807e-22)
(0.877297 -0.216397 -4.04505e-22)
(0.853899 -0.281987 3.73391e-22)
(0.831136 -0.187875 1.82288e-23)
(1.10761 0.0558419 4.13286e-20)
(1.10652 -0.0903022 -4.15201e-20)
(1.09792 -0.217117 1.83349e-20)
(1.08181 -0.309244 -2.55376e-21)
(1.05969 -0.362578 3.09945e-21)
(1.03346 -0.383334 -1.17684e-21)
(1.00501 -0.381994 -9.05416e-21)
(0.976143 -0.367782 1.03186e-21)
(0.947638 -0.347458 3.13024e-21)
(0.918458 -0.326092 -1.14746e-21)
(0.887151 -0.30577 1.00608e-21)
(0.854399 -0.283644 -9.87056e-23)
(0.823579 -0.25328 -3.40965e-22)
(0.798707 -0.209409 7.51369e-22)
(0.78239 -0.151575 -1.21615e-21)
(0.775615 -0.0838105 7.1635e-22)
(0.778583 -0.01178 1.2523e-22)
(0.790562 0.0595931 3.04706e-22)
(0.809939 0.127874 -1.82966e-22)
(0.834304 0.192563 -4.74987e-22)
(0.861413 0.253849 4.98391e-22)
(0.889112 0.311182 5.86176e-22)
(0.915908 0.361092 4.34176e-22)
(0.940437 0.397356 -8.0205e-22)
(0.961925 0.410918 -2.09639e-21)
(0.979613 0.393373 5.24719e-21)
(0.992558 0.33899 -4.84777e-21)
(1.00033 0.248517 -3.72346e-21)
(1.00249 0.130049 -1.81438e-21)
(0.999639 -0.000510411 1.52949e-20)
(0.99073 -0.123716 -2.65495e-21)
(0.977265 -0.222844 -3.4148e-21)
(0.959211 -0.287243 -1.17026e-21)
(0.940018 -0.318273 1.48745e-21)
(0.91743 -0.321109 -1.76856e-22)
(0.89284 -0.30945 -1.05142e-21)
(0.863832 -0.28505 1.94791e-22)
(0.837576 -0.252102 -1.13674e-22)
(0.816075 -0.200652 1.57675e-22)
(0.805167 -0.134874 7.03355e-22)
(0.803416 -0.0534074 1.62371e-22)
(0.810308 0.0358738 -2.13454e-22)
(0.824799 0.122464 -5.08032e-22)
(0.841518 0.209305 -7.31761e-23)
(0.862386 0.270591 3.72805e-22)
(0.878645 0.327956 -1.69391e-22)
(0.895042 0.33521 5.01721e-23)
(0.903635 0.331391 5.45901e-23)
(0.910238 0.26206 -5.69381e-22)
(0.91187 0.174367 -4.85495e-22)
(0.913919 0.0566898 -4.47877e-22)
(0.910135 -0.0722825 1.91454e-21)
(0.910968 -0.140838 1.57539e-22)
(0.898176 -0.23928 -2.2244e-22)
(0.886722 -0.21422 -6.49153e-24)
(0.862606 -0.278753 1.69086e-22)
(0.838171 -0.186584 -1.7066e-23)
(1.11832 0.0705455 1.8705e-20)
(1.11817 -0.0749761 -2.41995e-20)
(1.10989 -0.203157 3.11121e-20)
(1.09358 -0.297864 1.1217e-20)
(1.07082 -0.353941 -2.17754e-20)
(1.04369 -0.376875 1.06159e-21)
(1.01424 -0.377014 -4.53942e-21)
(0.984362 -0.36372 6.47416e-21)
(0.955105 -0.343735 -5.54357e-22)
(0.925668 -0.322131 -8.86051e-22)
(0.894454 -0.301477 3.38124e-22)
(0.861688 -0.27973 2.51413e-22)
(0.830468 -0.250882 -7.38667e-23)
(0.804971 -0.209347 -3.49639e-22)
(0.788082 -0.153997 7.96711e-22)
(0.780797 -0.0883898 5.82237e-22)
(0.783156 -0.018054 -1.64223e-21)
(0.794413 0.0521363 8.32705e-22)
(0.813134 0.119665 -4.62632e-22)
(0.837125 0.184018 1.10352e-22)
(0.864306 0.245352 -1.11212e-22)
(0.892577 0.303153 -1.37428e-22)
(0.920425 0.354027 2.43831e-22)
(0.946408 0.391821 6.85186e-22)
(0.969631 0.407454 2.89993e-21)
(0.989141 0.392406 -4.88731e-21)
(1.00375 0.340657 9.2483e-21)
(1.01294 0.25254 -6.62904e-21)
(1.01608 0.135768 4.37433e-21)
(1.01353 0.00604981 -5.4115e-21)
(1.00419 -0.117199 -2.10122e-21)
(0.989744 -0.217016 6.43421e-21)
(0.970254 -0.282451 -5.28281e-21)
(0.94957 -0.314411 -1.06085e-21)
(0.925816 -0.317655 1.43935e-21)
(0.900535 -0.305983 9.04628e-22)
(0.870913 -0.281773 -1.7545e-22)
(0.843924 -0.249724 8.33829e-24)
(0.821596 -0.199861 -5.80046e-22)
(0.810163 -0.135822 9.19288e-22)
(0.808142 -0.0559058 -2.00982e-23)
(0.815011 0.0323434 -7.97154e-22)
(0.829769 0.11829 1.75739e-22)
(0.846939 0.205173 -2.14919e-22)
(0.868741 0.266767 2.22509e-22)
(0.885979 0.325074 8.19724e-23)
(0.903762 0.333348 6.70873e-23)
(0.91357 0.330689 2.00529e-21)
(0.921555 0.262491 -5.02731e-22)
(0.923893 0.175031 6.99787e-22)
(0.926631 0.0581274 -7.82854e-22)
(0.922081 -0.071417 9.06856e-22)
(0.922403 -0.139431 2.96156e-22)
(0.908412 -0.237466 -7.94569e-22)
(0.896248 -0.211965 7.68623e-22)
(0.871465 -0.275376 -1.23394e-22)
(0.845302 -0.185185 1.94256e-23)
(1.12859 0.0860607 2.02204e-20)
(1.12936 -0.0586207 2.66698e-20)
(1.12139 -0.188257 -3.70276e-21)
(1.10496 -0.285814 -1.83559e-20)
(1.0817 -0.344923 8.21129e-21)
(1.05382 -0.370261 -9.15739e-21)
(1.02346 -0.372013 2.54926e-21)
(0.992641 -0.359733 2.78168e-21)
(0.962627 -0.340198 -4.41304e-21)
(0.9329 -0.318448 1.54896e-22)
(0.901789 -0.297443 9.12218e-22)
(0.86907 -0.275939 2.85832e-22)
(0.837487 -0.248472 -4.32718e-23)
(0.811314 -0.20925 8.35582e-23)
(0.79378 -0.156459 -2.94688e-22)
(0.786002 -0.0930948 1.01116e-21)
(0.787847 -0.024376 -2.61391e-22)
(0.798474 0.0445533 -3.09612e-22)
(0.816571 0.111308 -1.79311e-22)
(0.840134 0.175289 6.56124e-22)
(0.867275 0.236618 -4.98535e-22)
(0.895988 0.294834 -1.79837e-22)
(0.924769 0.346635 6.7699e-22)
(0.952125 0.385944 -3.97688e-22)
(0.977041 0.403668 -1.29055e-21)
(0.998366 0.391191 -3.89158e-21)
(1.01469 0.342224 -5.56821e-22)
(1.0254 0.256663 -3.21392e-21)
(1.02959 0.141797 5.42313e-21)
(1.02734 0.0128467 -6.60638e-21)
(1.01758 -0.110295 7.39593e-21)
(1.0022 -0.210852 -1.4405e-21)
(0.981333 -0.27739 6.72213e-22)
(0.959182 -0.310378 7.50018e-22)
(0.934249 -0.314142 -4.41174e-23)
(0.908278 -0.30252 4.58075e-22)
(0.878076 -0.278485 1.98929e-22)
(0.850378 -0.247299 9.05379e-23)
(0.827191 -0.199035 -4.0148e-22)
(0.815181 -0.136797 -7.71069e-23)
(0.812886 -0.0585032 2.04489e-22)
(0.81976 0.0286715 4.71182e-22)
(0.834793 0.11395 -2.2358e-23)
(0.852401 0.200857 4.57656e-22)
(0.875123 0.262754 -3.47166e-22)
(0.893343 0.322005 4.0215e-22)
(0.912537 0.331319 -5.2026e-22)
(0.92359 0.329848 -2.94389e-23)
(0.933024 0.262861 -1.10972e-21)
(0.936095 0.175695 1.10976e-21)
(0.939572 0.0596555 7.20848e-23)
(0.934251 -0.0704066 -8.36007e-22)
(0.934017 -0.137899 -2.52125e-22)
(0.918786 -0.235521 1.01372e-21)
(0.905847 -0.209633 -5.41724e-22)
(0.880455 -0.271856 -1.31086e-22)
(0.852517 -0.183673 8.80938e-24)
(1.13886 0.102712 -2.11996e-20)
(1.14006 -0.0409812 5.11923e-20)
(1.13226 -0.172472 -3.78835e-20)
(1.11583 -0.272743 7.90527e-22)
(1.09226 -0.334672 7.72608e-21)
(1.06378 -0.362331 1.90554e-21)
(1.03265 -0.365748 9.84266e-22)
(1.00096 -0.354627 1.40964e-21)
(0.970191 -0.33577 -1.40927e-21)
(0.940142 -0.314115 -6.04665e-22)
(0.909135 -0.292887 2.12873e-23)
(0.876522 -0.271586 3.23094e-22)
(0.844622 -0.245372 -4.83409e-22)
(0.817734 -0.208394 3.51802e-22)
(0.799456 -0.158215 -9.91814e-22)
(0.791159 -0.0972343 1.54824e-21)
(0.792608 -0.0305897 -1.48935e-21)
(0.802785 0.0371281 1.57635e-22)
(0.82042 0.103023 1.40913e-21)
(0.843626 0.166457 -5.55089e-23)
(0.8707 0.227587 -7.09862e-22)
(0.899754 0.28604 2.80448e-24)
(0.929341 0.338654 -9.3283e-22)
(0.957957 0.37949 1.64003e-21)
(0.984501 0.399469 -4.40971e-21)
(1.00763 0.38982 1.47617e-21)
(1.02573 0.343832 2.43601e-21)
(1.03801 0.260857 -8.81376e-21)
(1.04314 0.147834 1.47044e-21)
(1.04106 0.0203435 1.1327e-20)
(1.03085 -0.10309 -3.86529e-21)
(1.01458 -0.204279 5.79418e-21)
(0.992406 -0.271778 -4.59628e-21)
(0.968826 -0.305769 -1.46122e-21)
(0.942709 -0.310141 2.17957e-21)
(0.916049 -0.298665 -9.45752e-22)
(0.885303 -0.274846 -8.40216e-23)
(0.856927 -0.244506 5.71352e-23)
(0.832857 -0.197858 -3.85809e-22)
(0.820206 -0.137482 -2.82134e-22)
(0.817624 -0.0609495 1.12313e-21)
(0.824558 0.0250398 -1.02442e-21)
(0.839916 0.109546 4.28314e-22)
(0.857982 0.196372 -3.49186e-22)
(0.881616 0.258506 3.22655e-22)
(0.9008 0.318689 1.52114e-22)
(0.921417 0.329081 8.89734e-22)
(0.933724 0.328843 -9.1043e-22)
(0.944664 0.263127 -8.54098e-22)
(0.948461 0.176269 1.37257e-21)
(0.952707 0.061195 7.86328e-23)
(0.946607 -0.0692985 -1.09105e-21)
(0.945777 -0.136227 3.56767e-22)
(0.929276 -0.233402 6.79279e-23)
(0.915495 -0.207196 -4.6945e-23)
(0.889551 -0.268157 -7.15751e-24)
(0.859803 -0.182043 -1.35782e-24)
(1.15163 -0.0291022 0)
(1.14397 -0.157983 0)
(1.12792 -0.25796 0)
(1.10424 -0.32111 0)
(1.0752 -0.350532 0)
(1.04325 -0.355652 0)
(1.0106 -0.346013 0)
(0.978958 -0.328277 0)
(0.948487 -0.307147 0)
(0.917597 -0.285994 0)
(0.885183 -0.26503 0)
(0.852998 -0.240114 0)
(0.825246 -0.205418 0)
(0.805956 -0.157907 0)
(0.796879 -0.0993692 0)
(0.797963 -0.0347955 0)
(0.807966 0.0315323 0)
(0.825414 0.0962979 0)
(0.848582 0.158908 0)
(0.8759 0.219502 0)
(0.905573 0.277719 0)
(0.936203 0.330414 0)
(0.966279 0.371689 0)
(0.994589 0.392553 0)
(1.01956 0.38437 0)
(1.03939 0.340476 0)
(1.0531 0.260161 0)
(1.05901 0.150168 0)
(1.05681 0.0252851 0)
(1.046 -0.0961334 0)
(1.02892 -0.19657 0)
(1.00533 -0.264355 0)
(0.980117 -0.299196 0)
(0.952591 -0.304288 0)
(0.925112 -0.29312 0)
(0.893763 -0.269657 0)
(0.864642 -0.24029 0)
(0.839524 -0.195472 0)
(0.826033 -0.137158 0)
(0.823066 -0.0625989 0)
(0.830133 0.022032 0)
(0.845992 0.105517 0)
(0.864724 0.191963 0)
(0.889475 0.253966 0)
(0.909786 0.314662 0)
(0.932017 0.325748 0)
(0.945704 0.32647 0)
(0.958358 0.26206 0)
(0.962897 0.175756 0)
(0.968024 0.0622959 0)
(0.961012 -0.0682233 0)
(0.95944 -0.134175 0)
(0.941423 -0.230724 0)
(0.926577 -0.204244 0)
(0.900046 -0.26365 0)
(0.86819 -0.180044 0)
(1.16531 -0.0308236 0)
(1.15795 -0.156986 0)
(1.14118 -0.25422 0)
(1.1161 -0.314699 0)
(1.08548 -0.34211 0)
(1.05217 -0.346158 0)
(1.01844 -0.336304 0)
(0.985973 -0.31886 0)
(0.955129 -0.297994 0)
(0.924482 -0.276772 0)
(0.892675 -0.255724 0)
(0.860909 -0.23139 0)
(0.833041 -0.198328 0)
(0.813235 -0.153296 0)
(0.803624 -0.0975137 0)
(0.804242 -0.035235 0)
(0.813877 0.0285635 0)
(0.831117 0.091395 0)
(0.854241 0.152611 0)
(0.881822 0.212249 0)
(0.912189 0.26991 0)
(0.94402 0.322412 0)
(0.975808 0.363868 0)
(1.00619 0.385358 0)
(1.03334 0.378333 0)
(1.05527 0.336089 0)
(1.07059 0.257772 0)
(1.07716 0.149677 0)
(1.07517 0.0255888 0)
(1.06394 -0.0936247 0)
(1.04544 -0.192645 0)
(1.01987 -0.259382 0)
(0.992521 -0.293625 0)
(0.963178 -0.298329 0)
(0.934648 -0.286755 0)
(0.902691 -0.263155 0)
(0.873025 -0.234386 0)
(0.847032 -0.191242 0)
(0.832774 -0.135102 0)
(0.829376 -0.0628107 0)
(0.836535 0.0200294 0)
(0.85296 0.101993 0)
(0.872473 0.187756 0)
(0.898548 0.249286 0)
(0.920207 0.310395 0)
(0.944348 0.322038 0)
(0.959674 0.323626 0)
(0.974364 0.260562 0)
(0.979727 0.174544 0)
(0.985954 0.0628279 0)
(0.977925 -0.067705 0)
(0.975379 -0.132293 0)
(0.955482 -0.227842 0)
(0.939253 -0.200912 0)
(0.912122 -0.258292 0)
(0.87784 -0.177553 0)
(1.17889 -0.0306681 0)
(1.17168 -0.153782 0)
(1.15408 -0.247853 0)
(1.12756 -0.305999 0)
(1.0954 -0.33219 0)
(1.06078 -0.335909 0)
(1.02602 -0.326338 0)
(0.992763 -0.309475 0)
(0.9615 -0.289043 0)
(0.931025 -0.267844 0)
(0.899839 -0.246729 0)
(0.868637 -0.222947 0)
(0.840862 -0.19149 0)
(0.820698 -0.148911 0)
(0.81056 -0.0958765 0)
(0.810681 -0.0363269 0)
(0.819917 0.0253817 0)
(0.836898 0.0865145 0)
(0.859935 0.146417 0)
(0.887746 0.205132 0)
(0.918774 0.262248 0)
(0.951789 0.314543 0)
(0.985283 0.356141 0)
(1.01772 0.378183 0)
(1.04709 0.372168 0)
(1.07117 0.331368 0)
(1.08808 0.254818 0)
(1.09557 0.148671 0)
(1.09394 0.027086 0)
(1.08216 -0.0904406 0)
(1.06221 -0.18776 0)
(1.03461 -0.253365 0)
(1.0051 -0.28722 0)
(0.973886 -0.291855 0)
(0.944256 -0.280121 0)
(0.911694 -0.256496 0)
(0.88157 -0.228343 0)
(0.854775 -0.186903 0)
(0.839761 -0.132989 0)
(0.835884 -0.06312 0)
(0.843081 0.0179197 0)
(0.86007 0.0983474 0)
(0.880389 0.183448 0)
(0.90785 0.244433 0)
(0.930938 0.305954 0)
(0.957091 0.318095 0)
(0.974147 0.32048 0)
(0.990999 0.258817 0)
(0.997222 0.173023 0)
(1.0047 0.0633518 0)
(0.995659 -0.0670053 0)
(0.992031 -0.130076 0)
(0.970099 -0.224517 0)
(0.952307 -0.197301 0)
(0.924651 -0.252461 0)
(0.887862 -0.174767 0)
(1.19172 -0.0297337 0)
(1.18465 -0.149547 0)
(1.16625 -0.240564 0)
(1.1384 -0.296514 0)
(1.10484 -0.321567 0)
(1.06906 -0.325025 0)
(1.03342 -0.315803 0)
(0.999488 -0.299619 0)
(0.967855 -0.279779 0)
(0.937547 -0.258775 0)
(0.907004 -0.237693 0)
(0.876455 -0.214474 0)
(0.84888 -0.184621 0)
(0.828404 -0.144565 0)
(0.817698 -0.094426 0)
(0.81728 -0.0376233 0)
(0.826074 0.0218685 0)
(0.842731 0.0811967 0)
(0.865636 0.13971 0)
(0.893636 0.197423 0)
(0.925282 0.253907 0)
(0.959446 0.305914 0)
(0.994605 0.34761 0)
(1.02906 0.370206 0)
(1.06066 0.365256 0)
(1.08688 0.326068 0)
(1.10546 0.251612 0)
(1.11407 0.147952 0)
(1.11282 0.0288545 0)
(1.10041 -0.0864948 0)
(1.07899 -0.182011 0)
(1.04941 -0.246525 0)
(1.0178 -0.280086 0)
(0.984726 -0.284804 0)
(0.953993 -0.273069 0)
(0.920859 -0.249516 0)
(0.890358 -0.222008 0)
(0.862804 -0.18234 0)
(0.847004 -0.130793 0)
(0.842571 -0.0635552 0)
(0.849744 0.0155345 0)
(0.867284 0.094284 0)
(0.88843 0.178673 0)
(0.917328 0.239045 0)
(0.941923 0.300978 0)
(0.970185 0.31363 0)
(0.98904 0.316824 0)
(1.00818 0.256751 0)
(1.01531 0.171284 0)
(1.02417 0.0639715 0)
(1.0141 -0.0659953 0)
(1.00931 -0.127445 0)
(0.985215 -0.220692 0)
(0.965686 -0.193372 0)
(0.937589 -0.246144 0)
(0.898236 -0.171651 0)
(1.2035 -0.0290784 0)
(1.19663 -0.145185 0)
(1.17752 -0.232792 0)
(1.14849 -0.286315 0)
(1.11369 -0.310179 0)
(1.07692 -0.31344 0)
(1.04057 -0.304656 0)
(1.00612 -0.289249 0)
(0.974201 -0.270145 0)
(0.944084 -0.249498 0)
(0.914217 -0.22853 0)
(0.884416 -0.205833 0)
(0.857152 -0.177496 0)
(0.836406 -0.139938 0)
(0.825093 -0.0927452 0)
(0.824042 -0.0387541 0)
(0.832302 0.0183015 0)
(0.848568 0.0756605 0)
(0.871289 0.132633 0)
(0.89942 0.189176 0)
(0.931629 0.244853 0)
(0.966889 0.296412 0)
(1.00364 0.338101 0)
(1.04007 0.361225 0)
(1.0739 0.357425 0)
(1.10226 0.320092 0)
(1.12256 0.248079 0)
(0.729803 -0.070384 -6.16244e-24)
(0.7305 -0.151325 -2.19469e-23)
(0.734015 -0.257218 -1.3627e-23)
(0.729285 -0.247124 2.81287e-24)
(0.72868 -0.324019 -2.18874e-24)
(0.716943 -0.204621 5.40826e-24)
)
;

boundaryField
{
    inlet
    {
        type            uniformFixedValue;
        uniformValue    constant (1 0 0);
        value           nonuniform 0();
    }
    outlet
    {
        type            pressureInletOutletVelocity;
        value           nonuniform List<vector> 
35
(
(0.86819 -0.180044 0)
(0.87784 -0.177553 0)
(0.887862 -0.174767 0)
(0.898236 -0.171651 0)
(0.717887 -0.203843 -4.85925e-24)
(0.719169 -0.203119 2.28299e-24)
(0.720784 -0.202446 1.8753e-24)
(0.722724 -0.20182 1.85989e-23)
(0.724983 -0.201237 -2.34902e-23)
(0.727553 -0.200692 -4.50473e-24)
(0.730427 -0.20018 1.00352e-24)
(0.733596 -0.199696 -5.93757e-25)
(0.737054 -0.199234 -2.37748e-23)
(0.740792 -0.198788 1.03667e-23)
(0.7448 -0.198351 3.66381e-23)
(0.749072 -0.197917 -2.60865e-23)
(0.753597 -0.197477 1.26081e-23)
(0.758367 -0.197026 -8.44406e-24)
(0.763372 -0.196554 3.67988e-23)
(0.768604 -0.196055 -1.0463e-23)
(0.774052 -0.195521 -2.37935e-23)
(0.779706 -0.194943 -7.80094e-24)
(0.785558 -0.194315 -4.78142e-25)
(0.791596 -0.193628 6.71899e-24)
(0.797809 -0.192875 -1.16331e-23)
(0.804188 -0.192049 -9.43403e-24)
(0.810722 -0.191142 -1.41553e-23)
(0.817399 -0.190148 2.57507e-23)
(0.824207 -0.189061 3.94433e-24)
(0.831136 -0.187875 1.82288e-23)
(0.838171 -0.186584 -1.7066e-23)
(0.845302 -0.185185 1.94256e-23)
(0.852517 -0.183673 8.80938e-24)
(0.859803 -0.182043 -1.35782e-24)
(0.716943 -0.204621 5.40826e-24)
)
;
    }
    cylinder
    {
        type            fixedValue;
        value           nonuniform 0();
    }
    top
    {
        type            symmetryPlane;
    }
    bottom
    {
        type            symmetryPlane;
    }
    defaultFaces
    {
        type            empty;
    }
    procBoundary11to7
    {
        type            processor;
        value           nonuniform List<vector> 
59
(
(0.729783 -0.00267826 1.72004e-22)
(0.73947 -0.132119 -5.47871e-22)
(0.756028 -0.242243 6.95557e-23)
(0.77656 -0.325569 5.98335e-22)
(0.797867 -0.380946 -2.28715e-22)
(0.817107 -0.412692 -7.12233e-23)
(0.831779 -0.428925 4.14046e-23)
(0.839681 -0.438777 -3.92466e-23)
(0.83949 -0.448244 -2.52712e-22)
(0.831402 -0.456683 1.67284e-23)
(0.817037 -0.456905 2.84769e-22)
(0.798655 -0.43898 -5.58329e-23)
(0.778621 -0.394926 -6.96926e-23)
(0.759524 -0.321549 -1.89283e-22)
(0.74426 -0.221429 -3.05771e-24)
(0.735523 -0.102787 4.63679e-23)
(0.735024 0.0218348 3.72611e-22)
(0.742934 0.138465 -6.33525e-23)
(0.757696 0.235675 -3.25504e-22)
(0.775885 0.308037 3.1109e-22)
(0.792871 0.357266 -1.76606e-22)
(0.804224 0.389229 -4.41825e-23)
(0.807422 0.409216 9.53554e-23)
(0.802205 0.417951 -6.21519e-23)
(0.79016 0.412016 -4.72917e-23)
(0.773775 0.385575 1.61776e-22)
(0.756138 0.334255 -2.01918e-22)
(0.74056 0.256598 1.8795e-23)
(0.730306 0.156813 -4.12412e-23)
(0.727622 0.0438195 -4.95815e-23)
(0.733215 -0.0695999 8.67955e-23)
(0.745232 -0.171182 7.57353e-23)
(0.760168 -0.253321 -5.34331e-23)
(0.772908 -0.313314 -9.13643e-23)
(0.779993 -0.35419 -2.01883e-23)
(0.77947 -0.375119 5.0039e-23)
(0.772757 -0.376933 3.92099e-23)
(0.761647 -0.351692 -2.80491e-23)
(0.74935 -0.300844 -3.00281e-23)
(0.738354 -0.219522 3.10957e-23)
(0.732418 -0.11939 -9.47871e-23)
(0.732598 -0.00643354 -1.71485e-24)
(0.739888 0.102388 -6.33333e-23)
(0.74909 0.195799 5.90178e-23)
(0.758168 0.272589 5.90513e-23)
(0.760721 0.317851 6.45551e-23)
(0.759686 0.350216 1.17557e-23)
(0.752469 0.335224 -1.55334e-23)
(0.745025 0.311993 -5.54107e-23)
(0.735068 0.231576 -6.4359e-23)
(0.730059 0.152449 1.68735e-23)
(0.726214 0.0381786 2.26226e-23)
(0.726214 0.0381786 2.26226e-23)
(0.728933 -0.0700072 -3.36497e-23)
(0.729504 -0.151059 -1.57555e-23)
(0.733407 -0.257216 -1.954e-23)
(0.728688 -0.247503 4.46657e-23)
(0.728733 -0.32475 1.19293e-23)
(0.716345 -0.205455 8.38615e-24)
)
;
    }
    procBoundary11to10
    {
        type            processor;
        value           nonuniform List<vector> 
36
(
(0.737256 0.134135 -5.96301e-22)
(0.746776 0.135633 2.97559e-22)
(0.757235 0.137734 -2.1907e-21)
(0.768601 0.140457 -5.63667e-21)
(0.78083 0.143806 8.80588e-22)
(0.793868 0.147789 -2.10372e-21)
(0.80765 0.1524 2.2715e-21)
(0.822099 0.157626 2.62213e-21)
(0.837127 0.163468 6.56513e-21)
(0.852634 0.169908 8.11326e-21)
(0.868518 0.176902 -4.29356e-21)
(0.884694 0.184423 8.65066e-21)
(0.901011 0.192428 2.32531e-20)
(0.917373 0.200866 1.25735e-20)
(0.933678 0.209698 2.47187e-20)
(0.949802 0.218862 -1.46551e-20)
(0.965638 0.228299 9.75489e-21)
(0.981071 0.237939 -5.40124e-21)
(0.996009 0.247709 1.26062e-20)
(1.01036 0.257541 1.81673e-20)
(1.0295 0.123664 7.07363e-21)
(1.0295 0.123664 7.07363e-21)
(1.04348 0.13615 -2.3913e-20)
(1.05674 0.148822 1.64132e-20)
(1.06926 0.161596 2.15415e-20)
(1.08094 0.174358 -1.32535e-21)
(1.09175 0.18702 -2.12359e-20)
(1.1017 0.199456 -2.24805e-20)
(1.11086 0.211632 4.32514e-20)
(1.11944 0.22414 2.76704e-20)
(1.12837 0.237323 3.31268e-20)
(1.15082 0.110066 0)
(1.15082 0.110066 0)
(1.1637 0.106581 0)
(1.17624 0.103564 0)
(1.18807 0.101339 0)
)
;
    }
    procBoundary11to14
    {
        type            processor;
        value           uniform (1.19875 0.0985278 0);
    }
    procBoundary11to15
    {
        type            processor;
        value           nonuniform List<vector> 
57
(
(1.1324 0.147141 0)
(1.13154 0.0306784 0)
(1.11848 -0.082139 0)
(1.09561 -0.175663 0)
(1.06413 -0.238977 0)
(1.03051 -0.272241 0)
(0.995634 -0.277153 0)
(0.963821 -0.265569 0)
(0.930167 -0.24218 0)
(0.899388 -0.21532 0)
(0.871134 -0.177443 0)
(0.854516 -0.128364 0)
(0.849428 -0.0639455 0)
(0.856489 0.0129902 0)
(0.874544 0.0898572 0)
(0.896534 0.173425 0)
(0.92691 0.233069 0)
(0.953087 0.295372 0)
(0.983559 0.30855 0)
(1.00426 0.312569 0)
(1.02581 0.254312 0)
(1.03388 0.169272 0)
(1.04421 0.0646 0)
(1.03313 -0.0647126 0)
(1.02711 -0.124411 0)
(1.00076 -0.21633 0)
(0.97932 -0.189106 0)
(0.950874 -0.239326 0)
(0.908933 -0.168176 0)
(1.21404 -0.0287349 0)
(1.20743 -0.140639 0)
(1.18773 -0.224443 0)
(1.15767 -0.275355 0)
(1.12183 -0.298026 0)
(1.08425 -0.301178 0)
(1.04739 -0.292931 0)
(1.01259 -0.278395 0)
(0.980504 -0.260156 0)
(0.950614 -0.240025 0)
(0.921459 -0.219266 0)
(0.892505 -0.197054 0)
(0.865681 -0.170118 0)
(0.844735 -0.134986 0)
(0.832775 -0.0907677 0)
(0.830981 -0.0397137 0)
(0.838593 0.0147739 0)
(0.854381 0.0700318 0)
(0.876841 0.125319 0)
(0.905027 0.180526 0)
(0.937726 0.235212 0)
(0.974 0.286148 0)
(1.01226 0.327703 0)
(1.0506 0.351297 0)
(1.08664 0.348702 0)
(1.11708 0.313406 0)
(1.1324 0.147141 0)
(1.13916 0.24403 0)
)
;
    }
}


// ************************************************************************* //
