/*--------------------------------*- C++ -*----------------------------------*\
  =========                 |
  \\      /  F ield         | OpenFOAM: The Open Source CFD Toolbox
   \\    /   O peration     | Website:  https://openfoam.org
    \\  /    A nd           | Version:  7
     \\/     M anipulation  |
\*---------------------------------------------------------------------------*/
FoamFile
{
    version     2.0;
    format      ascii;
    class       surfaceScalarField;
    location    "115";
    object      phi;
}
// * * * * * * * * * * * * * * * * * * * * * * * * * * * * * * * * * * * * * //

dimensions      [0 3 -1 0 0 0 0];

internalField   nonuniform List<scalar> 
3886
(
0.00441366
-0.000480277
0.00450074
0.000823769
0.00462497
0.00222431
0.00477367
0.00370437
0.00493613
0.00512313
0.00510006
0.00640542
0.00525461
0.00732168
0.00538892
0.00775354
0.00548879
0.00747235
0.00554925
0.00637901
0.00556332
0.00446518
0.00553918
0.00187191
0.00547068
-0.000851158
0.00536548
-0.00343168
0.00523192
-0.0052115
0.0050896
-0.00642371
0.00494786
-0.00658029
0.00479505
-0.00654245
0.00464143
-0.00583907
0.00449808
-0.00534763
0.00441502
-0.00414522
0.0043853
-0.00271766
0.00442422
-0.000881519
0.00448075
0.00168407
0.00458164
0.00310706
0.00465094
0.00635038
0.00472968
0.00620468
0.00476965
0.00923412
0.0075705
0.00445417
0.00104404
0.00459145
0.00178589
0.00474564
0.00247786
0.0049097
0.00313686
0.00508251
0.00380643
0.00526697
0.00451877
0.00546557
0.00525106
0.00567535
0.00590334
0.00588578
0.0063152
0.00607908
0.00631651
0.006233
0.00578251
0.00632997
0.00465997
0.00636394
0.00298055
0.00633686
0.000909109
0.00625413
-0.00124371
0.0061251
-0.00311822
0.00596255
-0.0044669
0.00578055
-0.00523245
0.00559316
-0.00551024
0.00541225
-0.00544175
0.00524229
-0.00515888
0.00507977
-0.00476538
0.00492174
-0.0043265
0.00477559
-0.00384236
0.0046577
-0.00325949
0.00458547
-0.00252539
0.00456811
-0.00160543
0.00460716
-0.000519333
0.00469609
0.000734845
0.00482625
0.00209415
0.00498477
0.00354584
0.00516065
0.00494725
0.00534085
0.00622522
0.00551335
0.00714918
0.00566604
0.00760085
0.00578193
0.00735646
0.00585501
0.00630592
0.00587636
0.00444383
0.00585307
0.0018952
0.00577827
-0.000776357
0.00566032
-0.00331374
0.00550979
-0.00506097
0.00534897
-0.00626289
0.00519211
-0.00642343
0.00502783
-0.00637817
0.00486494
-0.00567618
0.00471066
-0.00519335
0.00461819
-0.00405274
0.00458295
-0.00268242
0.00462387
-0.000922436
0.00468603
0.00162191
0.00479823
0.00299485
0.00487867
0.00626995
0.00496898
0.00611437
0.00502606
0.00917705
0.00762851
0.00464311
0.000940559
0.00478004
0.00164895
0.00493686
0.00232105
0.00510574
0.00296798
0.00528543
0.00362673
0.00547918
0.00432503
0.00568972
0.00504052
0.00591415
0.00567891
0.00614148
0.00608788
0.00635187
0.00610612
0.00652085
0.00561353
0.00662984
0.00455098
0.00667169
0.0029387
0.00664684
0.000933962
0.00656024
-0.00115711
0.00642201
-0.00297999
0.00624693
-0.00429182
0.00605124
-0.00503677
0.00585041
-0.0053094
0.00565734
-0.00524868
0.0054779
-0.00497944
0.00530933
-0.00459681
0.00514746
-0.00416463
0.00499738
-0.00369227
0.00487406
-0.00313617
0.00479557
-0.0024469
0.00477284
-0.0015827
0.00480932
-0.000555812
0.00489939
0.000644771
0.00503516
0.00195838
0.00520361
0.00337739
0.00539341
0.00475746
0.00559083
0.0060278
0.00578251
0.0069575
0.00595496
0.0074284
0.00608825
0.00722318
0.00617538
0.00621879
0.00620505
0.00441416
0.00618285
0.0019174
0.00610144
-0.000694946
0.00597011
-0.00318241
0.00580187
-0.00489273
0.00562153
-0.00608256
0.00544851
-0.0062504
0.00527218
-0.00620184
0.00510009
-0.00550409
0.00493484
-0.0050281
0.0048322
-0.00395011
0.00479031
-0.00264053
0.00483256
-0.000964692
0.00490048
0.00155399
0.00502486
0.00287048
0.00511822
0.00617659
0.00522122
0.00601136
0.00529795
0.00910032
0.00767587
0.0048411
0.000843664
0.0049758
0.00151425
0.00513401
0.00216284
0.00530698
0.00279501
0.00549311
0.00344061
0.00569567
0.00412246
0.00591765
0.00481854
0.00615643
0.00544013
0.00640039
0.00584393
0.00662764
0.00587886
0.00681188
0.00542929
0.00693342
0.00442944
0.00698378
0.00288834
0.0069621
0.000955644
0.00687273
-0.00106774
0.00672629
-0.00283355
0.0065394
-0.00410493
0.00633059
-0.00482795
0.00611682
-0.00509563
0.00591195
-0.00504381
0.00572312
-0.00479061
0.00554857
-0.00442225
0.00538323
-0.00399929
0.00522981
-0.00353886
0.00510144
-0.0030078
0.00501651
-0.00236197
0.00498766
-0.00155385
0.00502055
-0.000588708
0.00511087
0.000554456
0.00525167
0.00181757
0.00542992
0.00319915
0.00563393
0.00455345
0.0058494
0.00581233
0.00606137
0.00674552
0.00625485
0.00723492
0.00640693
0.0070711
0.00650956
0.00611617
0.00654864
0.00437508
0.00652782
0.00193822
0.00643955
-0.00060667
0.00629428
-0.00303714
0.00610784
-0.00470629
0.00590721
-0.00588193
0.00571713
-0.00606033
0.00552821
-0.00601292
0.00534711
-0.00532298
0.00517109
-0.00485209
0.00505767
-0.00383669
0.00500788
-0.00259073
0.00505055
-0.00100736
0.00512418
0.00148035
0.00526143
0.00273323
0.00536974
0.00606828
0.00548658
0.00589453
0.0055856
0.00900129
0.00770972
0.00504934
0.000756104
0.00517929
0.0013843
0.00533707
0.00200506
0.00551302
0.00261905
0.00570485
0.00324878
0.00591556
0.00391175
0.00614833
0.00458578
0.00640089
0.00518757
0.00666087
0.00558394
0.00690451
0.00563522
0.00710388
0.00522991
0.0072382
0.00429512
0.00729776
0.00282879
0.00728047
0.000972926
0.00718982
-0.000977088
0.00703656
-0.00268029
0.00683895
-0.00390732
0.00661787
-0.00460687
0.00639196
-0.00486973
0.00617591
-0.00482776
0.00597797
-0.00459267
0.00579755
-0.00424184
0.00562913
-0.00383087
0.0054731
-0.00338282
0.00534027
-0.00287497
0.00524889
-0.00227059
0.00521319
-0.00151815
0.00524136
-0.000616878
0.00533076
0.000465059
0.00547571
0.00167262
0.00566331
0.00301155
0.00588157
0.00433519
0.00611573
0.00557817
0.00634891
0.00651235
0.00656454
0.00701928
0.0067368
0.00689883
0.00685635
0.00599662
0.00690593
0.0043255
0.00688686
0.00195729
0.00679152
-0.000511335
0.00663193
-0.00287755
0.00642706
-0.00450141
0.0062057
-0.00566057
0.00599791
-0.00585254
0.00579597
-0.00581098
0.00560615
-0.00513316
0.00541985
-0.00466579
0.00529524
-0.00371208
0.00523622
-0.00253171
0.00527807
-0.00104921
0.00535717
0.00140125
0.00550771
0.00258269
0.00563323
0.00594277
0.00576511
0.00576264
0.00588911
0.0088773
0.00772693
0.00526959
0.000680816
0.00539157
0.00126232
0.00554635
0.00185029
0.00572356
0.00244184
0.00591993
0.00305242
0.00613783
0.00369384
0.00638058
0.00434304
0.00664612
0.00492203
0.0069212
0.00530886
0.00718032
0.0053761
0.00739429
0.00501595
0.00754142
0.00414799
0.00761101
0.0027592
0.00759972
0.000984222
0.00750967
-0.000887045
0.00735134
-0.00252196
0.00714441
-0.00370039
0.00691224
-0.0043747
0.00667527
-0.00463276
0.00644895
-0.00460143
0.0062424
-0.00438613
0.00605635
-0.00405578
0.00588523
-0.00365976
0.00572736
-0.00322495
0.00559089
-0.0027385
0.00549329
-0.00217299
0.00545014
-0.00147499
0.00547235
-0.000639087
0.00555939
0.000378011
0.00570721
0.00152481
0.00590334
0.00281541
0.00613557
0.00410296
0.00638876
0.00532497
0.00664378
0.00625733
0.00688251
0.00678055
0.00707622
0.00670512
0.00721405
0.0058588
0.00727524
0.00426431
0.00725829
0.00197424
0.00715586
-0.000408914
0.00698177
-0.00270345
0.00675857
-0.00427822
0.00651649
-0.00541849
0.00629064
-0.00562669
0.00607537
-0.00559571
0.00587725
-0.00493504
0.00568143
-0.00446996
0.00554552
-0.00357618
0.00547595
-0.00246214
0.00551542
-0.00108867
0.00559944
0.00131723
0.00576331
0.00241882
0.00590847
0.0057976
0.00605668
0.00561443
0.00620829
0.00872569
0.00772409
0.00550415
0.000620501
0.00561446
0.001152
0.00576278
0.00170198
0.00593864
0.00226597
0.00613772
0.00285334
0.00636153
0.00347003
0.00661325
0.00409132
0.00689071
0.00464457
0.00717955
0.00502002
0.0074528
0.00510285
0.00768038
0.00478837
0.0078402
0.00398816
0.00792092
0.00267848
0.00791763
0.000987519
0.00783047
-0.000799884
0.00766913
-0.00236062
0.0074546
-0.00348586
0.00721279
-0.00413289
0.00696612
-0.00438609
0.00673072
-0.00436604
0.00651634
-0.00417174
0.00632497
-0.00386441
0.00615154
-0.00348632
0.00599266
-0.00306608
0.00585354
-0.00259938
0.00575026
-0.00206972
0.00569925
-0.00142398
0.00571422
-0.000654053
0.00579721
0.000295021
0.00594616
0.00137586
0.00614954
0.00261204
0.00639501
0.00385748
0.00666719
0.00505279
0.00694435
0.00598018
0.00720682
0.00651808
0.00742307
0.00648886
0.00758041
0.00570146
0.00765429
0.00419043
0.00763991
0.00198862
0.00753053
-0.00029953
0.00734204
-0.00251497
0.00710107
-0.00403724
0.00683879
-0.0051562
0.00659494
-0.00538285
0.00636626
-0.00536703
0.00616037
-0.00472916
0.00595607
-0.00426566
0.00580914
-0.00342925
0.00572777
-0.00238077
0.00576293
-0.00112383
0.005851
0.00122916
0.00602766
0.00224216
0.00619501
0.00563026
0.0063609
0.00544854
0.0065427
0.00854388
0.00769759
0.00575584
0.000576951
0.00585073
0.00105712
0.00598831
0.0015644
0.00615912
0.00209516
0.00635816
0.0026543
0.00658603
0.00324215
0.00684537
0.00383198
0.00713328
0.00435666
0.00743407
0.00471923
0.00771952
0.0048174
0.00795929
0.00454859
0.00813174
0.00381571
0.00822515
0.00258507
0.00823232
0.000980343
0.0081506
-0.00071816
0.0079885
-0.00219852
0.00776832
-0.00326568
0.00751859
-0.00388316
0.00726382
-0.00413132
0.00702083
-0.00412305
0.00679965
-0.00395056
0.00660345
-0.00366822
0.00642806
-0.00331093
0.00626897
-0.00290699
0.00612839
-0.0024588
0.00602031
-0.00196163
0.00596134
-0.00136501
0.00596782
-0.000660531
0.00604479
0.00021805
0.00619266
0.00122798
0.00640146
0.00240324
0.00665893
0.00360001
0.00694951
0.00476222
0.00724861
0.00568108
0.00753509
0.0062316
0.00777474
0.00624922
0.00795263
0.00552357
0.00804018
0.00410288
0.00802889
0.00199991
0.0079129
-0.000183539
0.00771056
-0.00231263
0.00745288
-0.00377956
0.00717154
-0.00487487
0.00691029
-0.0051216
0.00666836
-0.00512509
0.00645532
-0.00451612
0.00624386
-0.0040542
0.00608664
-0.00327203
0.00599245
-0.00228657
0.00602106
-0.00115245
0.00611193
0.00113829
0.00630008
0.002054
0.00649205
0.00543829
0.00667707
0.00526352
0.00689151
0.00832945
0.00764367
0.00602763
0.00055029
0.00610408
0.000980659
0.0062263
0.00144218
0.00638727
0.0019342
0.00658236
0.0024592
0.00681155
0.00301297
0.00707648
0.00356705
0.00737281
0.00406033
0.00768306
0.00440899
0.00797809
0.00452237
0.00822837
0.00429831
0.00841373
0.00363034
0.00852199
0.00247682
0.00854255
0.000959774
0.00846886
-0.000644468
0.00830822
-0.00203787
0.00808442
-0.00304188
0.00782871
-0.00362745
0.0075677
-0.00387031
0.00731884
-0.00387419
0.00709217
-0.00372389
0.00689181
-0.00346786
0.0067148
-0.00313391
0.00655622
-0.00274842
0.00641546
-0.00231804
0.00630379
-0.00184996
0.00623717
-0.00129839
0.00623409
-0.000657453
0.0063029
0.000149241
0.006447
0.00108388
0.00665879
0.00219146
0.00692634
0.00333246
0.00723403
0.00445452
0.00755429
0.00536083
0.00786458
0.00592131
0.00812811
0.00598569
0.00832731
0.00532438
0.00842936
0.00400083
0.00842173
0.00200754
0.0082998
-6.16175e-05
0.00808465
-0.00209747
0.00781197
-0.00350689
0.00751346
-0.00457635
0.00723599
-0.00484413
0.00698131
-0.00487041
0.00676185
-0.00429667
0.00654478
-0.00383713
0.0063785
-0.00310575
0.00627083
-0.0021789
0.00629039
-0.00117201
0.00638238
0.0010463
0.0065798
0.00185658
0.00679851
0.00521958
0.00700412
0.00505791
0.00725344
0.00808012
0.00755845
0.00632187
0.000538368
0.00637874
0.000923796
0.0064816
0.00133932
0.00662743
0.00178836
0.00681354
0.00227309
0.00704004
0.00278647
0.00730738
0.00329971
0.00760897
0.00375874
0.00792513
0.00409283
0.00822644
0.00422107
0.00848566
0.00403909
0.00868506
0.00343094
0.00881112
0.00235077
0.00884803
0.000922859
0.00878464
-0.00058107
0.00862733
-0.00188057
0.00840188
-0.00281644
0.00814227
-0.00336784
0.00787707
-0.00360511
0.00762429
-0.00362141
0.00739371
-0.00349331
0.00719007
-0.00326422
0.00701179
-0.00295563
0.0068543
-0.00259093
0.00671465
-0.0021784
0.00660094
-0.00173625
0.00652746
-0.00122492
0.00651409
-0.00064408
0.00657256
9.07728e-05
0.00670978
0.00094666
0.00692145
0.00197979
0.00719635
0.00305756
0.00751902
0.00413185
0.00785892
0.00502093
0.00819217
0.00558805
0.00847962
0.00569823
0.00870051
0.00510349
0.00881764
0.00388369
0.00881426
0.00201092
0.00868749
6.51478e-05
0.00846126
-0.00187123
0.00817605
-0.00322168
0.00786302
-0.00426333
0.00757122
-0.00455232
0.00730468
-0.00460387
0.0070796
-0.00407159
0.00685863
-0.00361616
0.00668503
-0.00293215
0.0065638
-0.00205767
0.00657168
-0.00117989
0.00666272
0.000955253
0.00686608
0.00165323
0.00711296
0.00497271
0.0073405
0.00483038
0.00762672
0.0077939
0.00743806
0.00663951
0.000536726
0.00667841
0.000884894
0.00676001
0.00125773
0.00688616
0.00166221
0.00705775
0.0021015
0.00727625
0.00256797
0.00754106
0.0030349
0.00784289
0.00345691
0.00815991
0.00377581
0.00846372
0.00391725
0.00873115
0.00377167
0.00894696
0.00321513
0.00909417
0.00220356
0.00914979
0.000867232
0.00909795
-0.000529223
0.00894516
-0.00172778
0.00871984
-0.00259111
0.00845851
-0.00310651
0.00819133
-0.00333793
0.00793674
-0.00336682
0.00770405
-0.00326062
0.00749824
-0.00305841
0.00731911
-0.0027765
0.0071631
-0.00243493
0.00702573
-0.00204102
0.00691173
-0.00162225
0.00683278
-0.00114597
0.00680891
-0.00062021
0.00685506
4.46261e-05
0.006982
0.000819717
0.00718977
0.00177201
0.00746836
0.00277897
0.00780281
0.0037974
0.00815992
0.00466382
0.00851457
0.0052334
0.0088254
0.0053874
0.00906784
0.00486106
0.00920027
0.00375125
0.00920173
0.00200947
0.00907182
0.000195051
0.00883705
-0.00163646
0.00854262
-0.00292725
0.00821858
-0.00393929
0.00791503
-0.00424877
0.00763802
-0.00432685
0.00740818
-0.00384175
0.00718507
-0.00339305
0.00700637
-0.00275345
0.00687225
-0.00192355
0.00686591
-0.00117355
0.00695357
0.000867598
0.00715837
0.00144842
0.00743376
0.00469732
0.00768414
0.00458
0.00800892
0.00746912
0.00727867
0.00697932
0.00053937
0.00700499
0.000859228
0.00706685
0.00119587
0.00717134
0.00155772
0.00732382
0.00194902
0.00752824
0.00236354
0.0077836
0.00277954
0.00807832
0.00316218
0.00838968
0.00346445
0.0086925
0.00361443
0.00896887
0.0034953
0.00920437
0.00297962
0.00937532
0.00203262
0.00945014
0.000792408
0.00940935
-0.000488431
0.0092613
-0.00157974
0.00903758
-0.00236739
0.00877679
-0.00284572
0.00851002
-0.00307116
0.00825584
-0.00311264
0.008023
-0.00302778
0.00781636
-0.00285177
0.00763688
-0.00259702
0.0074826
-0.00228064
0.0073484
-0.00190682
0.00723594
-0.00150979
0.00715342
-0.00106345
0.00711959
-0.000586383
0.00715194
1.22752e-05
0.00726518
0.000706481
0.00746463
0.00157256
0.00774221
0.00250139
0.00808406
0.00345555
0.0084549
0.00429299
0.00882849
0.00485981
0.00916145
0.00505444
0.00942459
0.00459793
0.00957206
0.00360378
0.00957906
0.00200247
0.0094483
0.000325807
0.00920859
-0.00139675
0.00890918
-0.00262784
0.00857844
-0.00360855
0.00826646
-0.00393679
0.00798083
-0.00404122
0.00774718
-0.0036081
0.00752367
-0.00316954
0.00734244
-0.00257222
0.00719699
-0.0017781
0.00717429
-0.00115085
0.00725588
0.000786012
0.00745651
0.00124779
0.00775918
0.00439465
0.00803251
0.00430667
0.00839691
0.00710473
0.00707674
0.00733797
0.000540287
0.00735736
0.000839838
0.00740491
0.00114832
0.00748984
0.00147279
0.00762147
0.00181739
0.00780655
0.00217846
0.00804452
0.00254157
0.00832332
0.00288339
0.00862219
0.00316557
0.00892179
0.00331483
0.00920907
0.00320803
0.00946667
0.00272202
0.00966092
0.00183837
0.00975201
0.000701317
0.0097195
-0.000455922
0.0095754
-0.00143563
0.00935453
-0.00214652
0.00909666
-0.00258785
0.00883281
-0.00280732
0.00858132
-0.00286115
0.00835035
-0.00279681
0.00814442
-0.00264583
0.0079653
-0.00241791
0.00781284
-0.00212818
0.00768236
-0.00177635
0.00757306
-0.00140049
0.00748929
-0.000979677
0.00744695
-0.000544038
0.00746491
-5.68897e-06
0.00756137
0.000610024
0.00774766
0.00138628
0.00801852
0.00223052
0.00836205
0.00311202
0.00874192
0.00391312
0.00913098
0.00447075
0.00948393
0.00470149
0.00976601
0.00431584
0.0099276
0.0034422
0.00994103
0.00198904
0.00981256
0.000454282
0.00957265
-0.00115685
0.00927341
-0.0023286
0.00894103
-0.00327617
0.00862456
-0.00362031
0.00833268
-0.00374935
0.00809623
-0.00337165
0.00787389
-0.0029472
0.00769286
-0.00239119
0.00753864
-0.00162388
0.00749818
-0.00111039
0.00757099
0.000713197
0.00776098
0.0010578
0.00808773
0.0040679
0.00838271
0.00401168
0.00878685
0.00670059
0.00682916
0.00771094
0.000535118
0.0077313
0.000819477
0.00777264
0.00110698
0.0078444
0.00140103
0.00795771
0.00170408
0.00812118
0.00201499
0.00833549
0.00232726
0.00859092
0.00262796
0.00887253
0.00288396
0.00916844
0.00301892
0.00946779
0.00290868
0.00974577
0.00244404
0.0099574
0.00162674
0.0100576
0.000601074
0.0100286
-0.000426848
0.00988704
-0.0012941
0.00967034
-0.00192983
0.00941791
-0.00233542
0.0091596
-0.00254901
0.00891308
-0.00261463
0.00868599
-0.00256972
0.00848242
-0.00244226
0.00830457
-0.00224005
0.00815401
-0.00197762
0.0080274
-0.00164974
0.00792249
-0.00129558
0.00783994
-0.000897122
0.00779141
-0.000495516
0.00779564
-9.91708e-06
0.00787315
0.000532521
0.00804141
0.00121801
0.00829901
0.00197293
0.00863716
0.00277388
0.00902009
0.00353018
0.00941998
0.00407086
0.00978954
0.00433194
0.0100876
0.00401776
0.0102618
0.00326801
0.0102828
0.00196808
0.0101608
0.000576251
0.00992662
-0.000922679
0.00963352
-0.0020355
0.00930505
-0.0029477
0.00898849
-0.00330375
0.00869321
-0.00345407
0.00845504
-0.00313348
0.00823523
-0.00272738
0.00805704
-0.002213
0.00789754
-0.00146438
0.00783901
-0.00105187
0.00790067
0.000651542
0.00807313
0.000885334
0.00841846
0.00372257
0.00873182
0.00369833
0.00917432
0.00625809
0.00653371
0.00809421
0.000522131
0.00812086
0.000792829
0.00816414
0.00106369
0.00823146
0.00133371
0.00833296
0.00160258
0.00847721
0.00187074
0.0086665
0.00213797
0.00889622
0.00239825
0.0091599
0.00262028
0.00945244
0.00272638
0.0097611
0.00260002
0.0100509
0.00215429
0.0102679
0.0014097
0.010367
0.000501981
0.0103358
-0.000395634
0.0101958
-0.00115409
0.00998492
-0.00171899
0.00974066
-0.00209116
0.00949056
-0.00229891
0.00925121
-0.00237528
0.00902987
-0.00234838
0.00883033
-0.00224272
0.00865487
-0.00206459
0.0085064
-0.00182915
0.00838349
-0.00152683
0.00828358
-0.00119567
0.00820447
-0.000818008
0.00815282
-0.000443864
0.0081454
-2.50093e-06
0.00820328
0.000474638
0.00834937
0.00107192
0.00858686
0.00173544
0.00891156
0.00244917
0.00929034
0.00315141
0.00969499
0.0036662
0.0100761
0.00395084
0.0103857
0.00370815
0.0105703
0.00308339
0.0106006
0.00193784
0.0104905
0.00068635
0.010269
-0.000701237
0.00998852
-0.00175501
0.00966969
-0.00262887
0.00935762
-0.00299168
0.00906215
-0.0031586
0.00882345
-0.00289479
0.00860722
-0.00251115
0.00843416
-0.00203993
0.00827357
-0.00130379
0.00819817
-0.000976472
0.00824695
0.000602766
0.00839533
0.000736948
0.00875143
0.00336648
0.00907738
0.00337238
0.00955467
0.00578081
0.00618957
0.00848558
0.000502021
0.00852061
0.000757796
0.00857131
0.001013
0.00864199
0.00126303
0.00873976
0.00150482
0.00887138
0.00173912
0.00904062
0.00196873
0.0092489
0.00218996
0.00949791
0.00237127
0.00978615
0.00243814
0.0100956
0.00229054
0.0103823
0.00186759
0.0105896
0.00120248
0.0106771
0.0004144
0.0106396
-0.0003581
0.0105014
-0.00101585
0.0102987
-0.00151633
0.0100655
-0.00185791
0.00982613
-0.00205958
0.00959599
-0.00214514
0.0093821
-0.00213449
0.00918815
-0.00204877
0.00901635
-0.00189278
0.0088704
-0.0016832
0.00875085
-0.00140729
0.00865588
-0.0011007
0.0085818
-0.000743925
0.00853029
-0.000392355
0.0085147
1.30884e-05
0.0085543
0.000435037
0.0086757
0.000950521
0.00888696
0.00152418
0.0091899
0.00214623
0.00955623
0.00278507
0.00995775
0.00326468
0.0103431
0.00356553
0.0106581
0.00339313
0.0108507
0.00289077
0.0108929
0.00189564
0.0108012
0.000778088
0.0106
-0.000500096
0.0103385
-0.00149352
0.0100348
-0.00232507
0.00973161
-0.00268854
0.00943935
-0.00286634
0.00920145
-0.00265688
0.00898959
-0.0022993
0.00882327
-0.00187361
0.00866616
-0.00114668
0.00857667
-0.000886982
0.00861197
0.000567466
0.00873101
0.000617916
0.00908795
0.00300953
0.00941808
0.00304224
0.00992368
0.00527521
0.00579807
0.008885
0.000476779
0.00892756
0.000715236
0.00898714
0.000953428
0.00906538
0.00118478
0.00916581
0.00140439
0.00929271
0.00161221
0.00945075
0.00181069
0.00964595
0.00199477
0.00988471
0.00213251
0.010165
0.00215787
0.0104628
0.0019927
0.0107303
0.00160011
0.0109145
0.0010183
0.0109839
0.000344978
0.010939
-0.000313218
0.0108045
-0.000881348
0.0106129
-0.0013247
0.0103934
-0.00163838
0.0101671
-0.00183332
0.00994794
-0.00192599
0.00974292
-0.00192947
0.00955592
-0.00186177
0.00938908
-0.00172594
0.00924632
-0.00154045
0.00912988
-0.00129084
0.00903929
-0.00101011
0.00897089
-0.000675529
0.0089224
-0.000343869
0.00890295
3.25417e-05
0.00892778
0.000410204
0.00902462
0.000853689
0.0092057
0.0013431
0.00947946
0.00187247
0.00982437
0.00244016
0.0102127
0.00287633
0.0105924
0.00318587
0.0109053
0.00308019
0.0111039
0.00269215
0.0111619
0.00183766
0.0110955
0.000844472
0.0109219
-0.000326512
0.010685
-0.00125659
0.0104007
-0.0020408
0.0101104
-0.00239821
0.00982479
-0.00258072
0.00958916
-0.00242125
0.00938225
-0.00209238
0.00922351
-0.00171487
0.0090743
-0.00099748
0.00897497
-0.000787648
0.0089976
0.000544835
0.00908428
0.000531241
0.00943081
0.002663
0.00975447
0.00271858
0.0102786
0.00475111
0.00536356
0.00929374
0.000448474
0.00934139
0.000667585
0.00940806
0.000886763
0.00949381
0.00109903
0.00959954
0.00129866
0.00972745
0.0014843
0.00988227
0.00165586
0.0100718
0.00180526
0.0103024
0.00190184
0.0105689
0.00189146
0.0108433
0.00171827
0.0110798
0.00136364
0.0112343
0.000863717
0.0112845
0.000294794
0.0112347
-0.000263369
0.0111071
-0.000753818
0.0109294
-0.00114694
0.0107258
-0.00143482
0.0105144
-0.00162194
0.0103077
-0.00171926
0.0101127
-0.00173448
0.00993376
-0.00168281
0.00977309
-0.00156526
0.00963444
-0.0014018
0.00952111
-0.00117751
0.00943407
-0.000923076
0.00937111
-0.000612561
0.00932751
-0.000300276
0.00930849
5.15656e-05
0.00932379
0.000394906
0.00939931
0.000778169
0.0095497
0.00119271
0.00978914
0.00163303
0.0101037
0.00212562
0.0104671
0.00251293
0.0108294
0.00282354
0.0111327
0.00277692
0.0113363
0.00248851
0.0114146
0.00175943
0.0113797
0.000879321
0.0112392
-0.000186024
0.0110305
-0.00104791
0.0107688
-0.00177909
0.0104943
-0.00212368
0.0102185
-0.00230494
0.00998686
-0.00218958
0.00978539
-0.00189091
0.00963416
-0.00156364
0.00949652
-0.000859847
0.00939273
-0.000683859
0.00940498
0.000532585
0.0094594
0.00047682
0.00978408
0.00233833
0.0100896
0.00241307
0.0106193
0.00422137
0.00489417
0.00971325
0.000418581
0.00976343
0.000617406
0.00983398
0.000816217
0.00992445
0.00100856
0.0100345
0.00118866
0.010165
0.00135371
0.0103203
0.00150062
0.0105068
0.00161875
0.0107281
0.0016806
0.0109745
0.00164499
0.0112182
0.00147456
0.0114198
0.00116205
0.0115454
0.000738115
0.0115802
0.000260035
0.0115297
-0.000212844
0.0114125
-0.000636638
0.0112508
-0.00098528
0.0110647
-0.00124872
0.0108694
-0.00142662
0.0106761
-0.00152599
0.010492
-0.00155039
0.0103219
-0.0015127
0.0101684
-0.00141175
0.0100348
-0.00126824
0.009925
-0.00106767
0.00984087
-0.000838938
0.00978239
-0.000554082
0.00974427
-0.000262162
0.009729
6.68424e-05
0.00974062
0.000383285
0.00980074
0.00071805
0.00992375
0.00106969
0.010127
0.00142977
0.0104036
0.00184905
0.0107303
0.00218618
0.0110642
0.00248969
0.0113518
0.00248927
0.0115608
0.00227957
0.0116629
0.00165728
0.011663
0.000879268
0.0115578
-8.08828e-05
0.0113785
-0.000868574
0.0111406
-0.00154117
0.0108838
-0.00186688
0.0106207
-0.00204183
0.0103948
-0.00196376
0.0101994
-0.0016955
0.0100549
-0.00141915
0.00993134
-0.000736252
0.00982869
-0.00058121
0.00983428
0.000526992
0.00985992
0.000451178
0.0101527
0.00204554
0.0104294
0.00213639
0.0109495
0.00370122
0.00440207
0.0101445
0.000387933
0.0101953
0.0005666
0.0102667
0.000744788
0.0103584
0.000916862
0.0104697
0.00107731
0.0106013
0.00122217
0.0107559
0.00134599
0.0109376
0.00143711
0.0111456
0.00147251
0.0113682
0.00142246
0.0115796
0.0012631
0.0117488
0.000992862
0.0118508
0.000636078
0.0118758
0.000235067
0.0118289
-0.000165883
0.0117244
-0.00053222
0.01158
-0.000840843
0.0114119
-0.00108062
0.0112331
-0.00124786
0.011054
-0.0013468
0.0108814
-0.00137786
0.0107208
-0.00135204
0.0105751
-0.00126613
0.0104476
-0.00114066
0.0103419
-0.000961955
0.0102604
-0.000757485
0.0102053
-0.000498948
0.0101721
-0.000228993
0.0101623
7.66688e-05
0.0101753
0.000370303
0.0102269
0.000666367
0.0103287
0.000967906
0.0104975
0.00126101
0.0107319
0.00161468
0.0110139
0.00190417
0.011312
0.00219159
0.0115812
0.00222007
0.0117958
0.00206496
0.0119224
0.00153064
0.0119559
0.000845775
0.0118841
-9.04392e-06
0.0117323
-0.000716795
0.0115176
-0.00132651
0.0112795
-0.00162872
0.0110313
-0.00179369
0.0108134
-0.00174582
0.010625
-0.00150706
0.010486
-0.0012802
0.0103774
-0.000627649
0.0102809
-0.000484667
0.0102843
0.000523537
0.0102878
0.000447675
0.0105419
0.00179146
0.0107825
0.00189578
0.0112772
0.00320651
0.003903
0.0105878
0.000356989
0.010638
0.000516323
0.0107083
0.000674535
0.0107984
0.000826748
0.0109079
0.000967771
0.0110372
0.00109291
0.0111877
0.0011955
0.0113604
0.00126436
0.0115518
0.00128116
0.0117491
0.00122516
0.0119309
0.00108125
0.0120733
0.000850503
0.012158
0.000551329
0.0121782
0.000214891
0.0121375
-0.000125202
0.0120468
-0.000441509
0.0119196
-0.000713628
0.0117693
-0.000930273
0.011607
-0.00108561
0.0114421
-0.00118191
0.0112816
-0.00121729
0.0111308
-0.00120124
0.0109935
-0.00112889
0.0108726
-0.00101977
0.0107718
-0.000861104
0.0106932
-0.000678928
0.0106406
-0.000446369
0.0106113
-0.000199666
0.010607
8.10175e-05
0.0106243
0.000352936
0.0106735
0.000617231
0.010761
0.000880383
0.0109001
0.0011219
0.0110933
0.00142143
0.0113293
0.00166816
0.0115907
0.00193023
0.0118416
0.00196914
0.0120606
0.00184602
0.0122072
0.00138402
0.0122674
0.000785538
0.0122228
3.56102e-05
0.0120946
-0.000588635
0.0119016
-0.00113346
0.0116822
-0.00140936
0.0114508
-0.00156224
0.0112428
-0.00153792
0.0110626
-0.00132685
0.0109281
-0.00114567
0.010834
-0.000533528
0.010747
-0.000397655
0.0107528
0.000517762
0.010743
0.000457452
0.0109562
0.0015782
0.0111591
0.00169288
0.011614
0.00275168
0.0034151
0.0110432
0.000326074
0.0110923
0.000467228
0.0111602
0.000606632
0.0112469
0.00073999
0.0113523
0.000862426
0.0114762
0.000968988
0.0116189
0.0010528
0.0117793
0.00110397
0.011952
0.00110849
0.0121251
0.00105199
0.0122814
0.00092494
0.0124026
0.000729317
0.0124752
0.000478782
0.0124936
0.000196451
0.0124602
-9.17843e-05
0.0123828
-0.000364125
0.0122719
-0.000602728
0.0121385
-0.000796828
0.0119922
-0.000939346
0.0118415
-0.00103122
0.0116931
-0.00106888
0.0115525
-0.0010606
0.0114239
-0.0010003
0.0113101
-0.000906019
0.0112148
-0.00076576
0.0111396
-0.000603793
0.0110894
-0.000396136
0.0110628
-0.000173063
0.0110628
8.09897e-05
0.0110852
0.000330563
0.0111351
0.000567348
0.0112142
0.000801311
0.0113305
0.00100561
0.0114892
0.0012627
0.0116854
0.0014719
0.0119149
0.00170077
0.0121491
0.001735
0.0123679
0.00162719
0.0125256
0.00122632
0.0126019
0.000709199
0.0125762
6.13021e-05
0.012467
-0.000479378
0.0122935
-0.000959998
0.0120928
-0.00120865
0.0118793
-0.0013487
0.0116834
-0.00134206
0.011513
-0.00115641
0.0113823
-0.001015
0.011301
-0.000452199
0.011225
-0.000321687
0.0112366
0.000506205
0.0112231
0.000470944
0.0113988
0.00140251
0.0115683
0.00152335
0.0119722
0.00234775
0.00295654
0.0115108
0.000295491
0.0115583
0.000419736
0.0116232
0.00054171
0.0117056
0.000657571
0.0118052
0.000762779
0.0119217
0.000852494
0.0120543
0.000920265
0.0122004
0.000957806
0.0123543
0.00095459
0.0125056
0.000900718
0.0126404
0.000790129
0.0127449
0.000624851
0.0128084
0.000415278
0.0128264
0.000178449
0.0127999
-6.53319e-05
0.0127347
-0.000298878
0.0126387
-0.000506734
0.012521
-0.000679082
0.0123899
-0.00080828
0.012253
-0.000894358
0.0121168
-0.000932621
0.0119864
-0.00093027
0.0118667
-0.000880546
0.0117603
-0.000799629
0.0116709
-0.00067634
0.0115998
-0.000532736
0.0115521
-0.000348404
0.0115277
-0.000148642
0.0115305
7.81441e-05
0.0115567
0.000304396
0.0116078
0.000516179
0.0116821
0.000727012
0.0117829
0.000904869
0.0119171
0.0011285
0.0120844
0.00130456
0.0122894
0.00149577
0.0125078
0.00151658
0.0127198
0.00141525
0.0128776
0.00106851
0.0129591
0.000627645
0.0129444
7.60544e-05
0.0128501
-0.000385101
0.0126946
-0.000804515
0.0125124
-0.0010264
0.0123174
-0.00115379
0.0121354
-0.00115998
0.0119764
-0.00099741
0.0118498
-0.00088844
0.011779
-0.000381379
0.0117138
-0.000256508
0.011733
0.000487024
0.0117242
0.000479715
0.0118699
0.00125681
0.0120146
0.00137862
0.0123614
0.00200103
0.00254246
0.0119907
0.000265536
0.0120363
0.000374161
0.0120978
0.000480141
0.0121754
0.000580021
0.0122685
0.000669647
0.0123765
0.000744526
0.0124978
0.000798954
0.0126294
0.000826188
0.0127656
0.000818392
0.0128976
0.000768756
0.0130144
0.000673321
0.0131051
0.000534162
0.0131614
0.00035891
0.0131791
0.000160751
0.0131588
-4.49723e-05
0.0131041
-0.000244238
0.0130214
-0.000424048
0.012918
-0.000575682
0.0128012
-0.000691439
0.0126776
-0.000770774
0.0125533
-0.000808309
0.0124333
-0.000810271
0.0123224
-0.000769667
0.0122235
-0.000700696
0.0121402
-0.000593056
0.0120737
-0.000466263
0.0120289
-0.000303611
0.0120065
-0.000126225
0.0120109
7.38143e-05
0.0120389
0.000276394
0.0120901
0.000464894
0.0121614
0.000655779
0.0122527
0.000813588
0.0123721
0.00100908
0.0125211
0.00115551
0.0127081
0.00130884
0.0129104
0.00131424
0.0131086
0.0012171
0.0132571
0.000919956
0.0133356
0.000549215
0.0133265
8.51328e-05
0.0132446
-0.000303239
0.0131062
-0.000666072
0.0129423
-0.000862507
0.0127662
-0.000977751
0.0125991
-0.000992874
0.012453
-0.000851242
0.0123316
-0.0007671
0.0122691
-0.00031884
0.0122134
-0.000200822
0.0122403
0.000460153
0.0122419
0.000478053
0.0123672
0.00113158
0.0124965
0.0012493
0.0127853
0.00171225
0.0021817
0.0124832
0.000236487
0.0125266
0.000330765
0.0125845
0.000422174
0.0126569
0.000507625
0.0127432
0.000583393
0.0128422
0.000645458
0.0129522
0.000688958
0.0130699
0.000708509
0.01319
0.00069829
0.0133052
0.000653569
0.0134067
0.000571882
0.0134858
0.000454964
0.0135359
0.000308835
0.0135533
0.000143336
0.0135379
-2.95672e-05
0.0134924
-0.00019866
0.0134214
-0.000353069
0.0133309
-0.000485239
0.0132273
-0.000587765
0.0131162
-0.000659765
0.0130035
-0.00069557
0.0128937
-0.000700477
0.0127917
-0.000667627
0.0127002
-0.000609216
0.0126231
-0.000515969
0.0125615
-0.000404672
0.0125201
-0.000262158
0.0124997
-0.000105852
0.0125046
6.88684e-05
0.0125327
0.000248283
0.0125826
0.000415004
0.0126513
0.000587118
0.0127371
0.000727754
0.0128485
0.000897678
0.0129864
0.00101766
0.0131587
0.00113654
0.0133438
0.00112912
0.0135233
0.00103764
0.0136572
0.00078599
0.0137282
0.000478261
0.0137222
9.10652e-05
0.0136517
-0.000232711
0.0135299
-0.000544225
0.0133842
-0.000716809
0.0132269
-0.000820434
0.0130754
-0.000841392
0.0129429
-0.000718784
0.0128285
-0.00065267
0.0127725
-0.000262902
0.0127249
-0.000153137
0.0127581
0.000426932
0.0127724
0.000463779
0.0128856
0.0010183
0.0130067
0.00112823
0.0132425
0.00147647
0.00187516
0.0129886
0.000208574
0.0130296
0.000289747
0.0130838
0.000367969
0.0131509
0.000440507
0.0132302
0.000504082
0.0133204
0.000555218
0.0134196
0.000589838
0.0135243
0.000603731
0.0136301
0.000592525
0.0137307
0.000552966
0.0138191
0.000483531
0.0138883
0.000385768
0.0139329
0.000264213
0.0139498
0.000126463
0.0139383
-1.81117e-05
0.0139004
-0.000160735
0.0138396
-0.000292296
0.0137608
-0.000406394
0.0136691
-0.000496158
0.0135699
-0.00056053
0.0134682
-0.000593882
0.0133684
-0.00060061
0.013275
-0.000574272
0.0131909
-0.000525126
0.01312
-0.000445012
0.0130634
-0.000348085
0.0130254
-0.00022422
0.0130072
-8.76354e-05
0.0130123
6.37486e-05
0.0130395
0.000221105
0.013087
0.0003675
0.0131531
0.000521037
0.0132354
0.000645448
0.0133418
0.000791251
0.0134714
0.00088811
0.0136299
0.000978057
0.0137968
0.000962179
0.0139557
0.000878697
0.0140735
0.000668194
0.0141364
0.000415395
0.0141329
9.45867e-05
0.0140734
-0.000173234
0.0139678
-0.000438574
0.0138399
-0.000588899
0.0137007
-0.000681295
0.0135649
-0.000705553
0.0134464
-0.000600314
0.0133406
-0.000546895
0.0132904
-0.000212703
0.0132497
-0.000112372
0.0132872
0.00038943
0.013313
0.000437932
0.01342
0.000911276
0.0135366
0.00101165
0.013729
0.00128404
0.00161649
0.0135073
0.000181978
0.0135458
0.00025124
0.0135962
0.000317593
0.013658
0.000378651
0.0137305
0.000431586
0.0138123
0.000473449
0.0139012
0.000500902
0.0139943
0.000510647
0.0140874
0.000499431
0.0141753
0.000465003
0.0142524
0.00040645
0.0143131
0.000325096
0.0143528
0.000224473
0.0143689
0.000110439
0.0143606
-9.82172e-06
0.0143291
-0.000129232
0.0142771
-0.000240368
0.0142086
-0.000337855
0.014128
-0.000415506
0.0140396
-0.000472199
0.0139483
-0.0005026
0.013858
-0.000510258
0.013773
-0.00048933
0.0136962
-0.000448256
0.0136312
-0.000380071
0.0135796
-0.000296459
0.0135452
-0.000189786
0.0135291
-7.15841e-05
0.0135343
5.85854e-05
0.0135602
0.000195243
0.013605
0.000322694
0.0136683
0.000457658
0.0137476
0.000566218
0.0138494
0.000689372
0.013971
0.000766596
0.0141154
0.000833623
0.0142642
0.000813375
0.0144032
0.000739671
0.014506
0.000565378
0.0145618
0.000359649
0.0145609
9.54485e-05
0.0145122
-0.000124462
0.014422
-0.000348424
0.0143111
-0.000478006
0.0141893
-0.000559447
0.0140686
-0.000584925
0.0139638
-0.000495524
0.0138681
-0.000451186
0.0138235
-0.000168025
0.0137891
-7.80403e-05
0.0138288
0.000349772
0.0138632
0.00040351
0.0139665
0.000807977
0.0140796
0.000898527
0.0142408
0.00112291
0.00139523
0.0140398
0.000156816
0.0140757
0.000215301
0.0141223
0.000271017
0.0141791
0.000321919
0.014245
0.000365609
0.0143188
0.00039964
0.0143984
0.0004213
0.0144811
0.000428036
0.014563
0.000417457
0.0146401
0.000387956
0.0147075
0.000339034
0.0147608
0.000271821
0.0147961
0.000189086
0.0148113
9.5273e-05
0.0148055
-3.98573e-06
0.0147793
-0.000103098
0.014735
-0.000196052
0.0146756
-0.000278393
0.0146048
-0.000344695
0.0145264
-0.000393844
0.0144448
-0.00042098
0.0143634
-0.000428881
0.0142865
-0.000412406
0.0142166
-0.000378358
0.0141574
-0.000320935
0.0141106
-0.000249622
0.0140796
-0.000158767
0.0140656
-5.75907e-05
0.0140708
5.33373e-05
0.0140954
0.000170679
0.0141376
0.000280466
0.0141982
0.0003971
0.0142741
0.00049032
0.0143708
0.00059271
0.0144837
0.000653696
0.014614
0.000703235
0.0147458
0.000681664
0.014867
0.000618404
0.0149569
0.000475472
0.0150071
0.000309435
0.0150091
9.34851e-05
0.0149704
-8.57234e-05
0.0148946
-0.000272679
0.0147996
-0.000382981
0.0146939
-0.000453731
0.0145877
-0.000478751
0.0144959
-0.000403708
0.014411
-0.000366327
0.014372
-0.000129036
0.0143439
-4.99295e-05
0.0143841
0.000309599
0.0144237
0.000363894
0.0145237
0.000707945
0.0146333
0.000789024
0.0147747
0.000981508
0.00120052
0.0145867
0.000133147
0.0146201
0.000181905
0.014663
0.000228114
0.0147149
0.000270054
0.0147747
0.000305729
0.0148412
0.000333137
0.0149124
0.00035012
0.0149858
0.000354709
0.0150581
0.000345132
0.0151257
0.000320293
0.0151849
0.000279887
0.0152318
0.000224905
0.0152634
0.000157502
0.0152776
8.10202e-05
0.0152737
-7.20213e-08
0.0152521
-8.14343e-05
0.0152143
-0.000158244
0.0151627
-0.000226855
0.0151006
-0.000282623
0.0150313
-0.000324499
0.0149585
-0.000348193
0.0148855
-0.000355826
0.014816
-0.000342994
0.0147527
-0.000315057
0.0146991
-0.000267313
0.0146568
-0.000207324
0.014629
-0.000130964
0.014617
-4.55346e-05
0.0146224
4.7911e-05
0.0146458
0.000147251
0.0146857
0.000240542
0.0147434
0.000339451
0.0148156
0.000418132
0.0149064
0.000501942
0.0150104
0.000549695
0.0151274
0.000586196
0.0152438
0.000565225
0.0153499
0.000512322
0.0154292
0.000396202
0.0154751
0.000263525
0.0154799
8.86824e-05
0.0154501
-5.59509e-05
0.0153874
-0.000209922
0.0153068
-0.000302397
0.0152158
-0.000362785
0.0151232
-0.000386068
0.0150434
-0.000323946
0.0149695
-0.000292412
0.0149363
-9.59039e-05
0.0149143
-2.79061e-05
0.014954
0.000269921
0.0149962
0.000321708
0.0150927
0.000611451
0.0151984
0.000683325
0.0153289
0.00085099
0.00102377
0.0151486
0.000110963
0.0151795
0.000150947
0.015219
0.000188665
0.0152663
0.000222694
0.0153207
0.000251411
0.0153806
0.000273209
0.0154443
0.000286398
0.0155096
0.000289468
0.0155736
0.00028112
0.0156332
0.000260608
0.0156854
0.000227752
0.0157269
0.000183394
0.0157552
0.000129181
0.0157685
6.77199e-05
0.0157661
2.31386e-06
0.0157482
-6.34681e-05
0.0157159
-0.00012595
0.0156712
-0.000182149
0.0156167
-0.000228203
0.0155554
-0.000263152
0.0154905
-0.000283342
0.0154251
-0.00029034
0.0153625
-0.000280465
0.0153053
-0.000257874
0.0152569
-0.000218817
0.0152188
-0.000169236
0.0151939
-0.000106139
0.0151837
-3.52658e-05
0.0151894
4.22042e-05
0.0152118
0.00012478
0.0152498
0.000202638
0.0153045
0.000284727
0.0153728
0.000349852
0.0154574
0.000417296
0.0155528
0.00045432
0.0156578
0.000481137
0.0157611
0.00046198
0.0158546
0.000418776
0.0159252
0.00032565
0.0159677
0.00022099
0.0159751
8.12652e-05
0.0159531
-3.39061e-05
0.0159017
-0.00015858
0.015834
-0.000234662
0.0157563
-0.000285102
0.015676
-0.000305765
0.0156073
-0.000255202
0.0155438
-0.000228954
0.0155166
-6.86442e-05
0.0155003
-1.16225e-05
0.0155391
0.00023109
0.0155824
0.000278413
0.0156753
0.000518586
0.0157774
0.000581168
0.0159025
0.000725895
0.000859459
0.0157261
9.0192e-05
0.0157548
0.000122241
0.0157911
0.000152352
0.0158344
0.000179376
0.0158838
0.000202026
0.0159379
0.000219043
0.0159952
0.000229122
0.0160535
0.000231139
0.0161105
0.000224141
0.0161635
0.000207604
0.0162098
0.000181471
0.0162468
0.000146414
0.0162723
0.000103663
0.0162848
5.52184e-05
0.0162836
3.55936e-06
0.0162686
-4.85449e-05
0.016241
-9.82607e-05
0.016202
-0.000143238
0.0161542
-0.000180351
0.0160998
-0.000208758
0.0160419
-0.000225457
0.0159831
-0.000231562
0.0159268
-0.000224095
0.0158751
-0.000206199
0.0158312
-0.00017496
0.0157969
-0.000134948
0.0157748
-8.40187e-05
0.0157662
-2.66198e-05
0.0157722
3.61442e-05
0.0157939
0.000103099
0.0158301
0.000166488
0.015882
0.000232829
0.0159464
0.000285405
0.0160252
0.000338518
0.0161127
0.000366795
0.0162075
0.000386373
0.0162997
0.00036974
0.0163831
0.000335426
0.0164466
0.000262103
0.0164865
0.000181098
0.0164962
7.16099e-05
0.0164806
-1.83711e-05
0.0164391
-0.00011703
0.0163825
-0.000178099
0.0163165
-0.000219073
0.0162473
-0.000236587
0.0161885
-0.000196348
0.0161345
-0.000175041
0.0161129
-4.70186e-05
0.0161019
-5.6286e-07
0.01614
0.000193
0.0161839
0.000234506
0.0162735
0.000428989
0.0163727
0.000481934
0.0164951
0.000603512
0.000704404
0.0163198
7.06907e-05
0.0163465
9.55209e-05
0.0163801
0.000118767
0.0164199
0.000139541
0.0164651
0.000156851
0.0165144
0.000169747
0.0165663
0.000177245
0.0166189
0.000178539
0.0166701
0.000172928
0.0167176
0.000160079
0.0167591
0.000139966
0.0167924
0.000113114
0.0168157
8.04458e-05
0.0168274
4.34259e-05
0.0168271
3.90323e-06
0.0168146
-3.60621e-05
0.0167907
-7.43323e-05
0.0167566
-0.000109116
0.0167142
-0.00013798
0.0166657
-0.000160227
0.0166137
-0.00017349
0.0165607
-0.000178531
0.0165096
-0.000173035
0.0164627
-0.000159307
0.0164229
-0.000135148
0.0163919
-0.000103975
0.0163722
-6.42744e-05
0.016365
-1.94112e-05
0.0163714
2.96889e-05
0.0163925
8.20535e-05
0.0164272
0.000131813
0.0164765
0.000183487
0.0165375
0.000224447
0.016611
0.00026496
0.0166918
0.000286008
0.0167781
0.000300066
0.0168615
0.00028638
0.0169368
0.000260124
0.0169948
0.000204098
0.0170327
0.000143215
0.0170442
6.00328e-05
0.017034
-8.17267e-06
0.0170007
-8.36716e-05
0.0169536
-0.000130982
0.0168975
-0.000163005
0.016838
-0.000177113
0.0167878
-0.000146132
0.0167422
-0.000129484
0.0167258
-3.05483e-05
0.0167193
5.88217e-06
0.016757
0.000155295
0.0168016
0.000189934
0.0168886
0.000341947
0.0169857
0.000384855
0.0171065
0.0004827
0.000556628
0.0169305
5.22489e-05
0.0169556
7.04332e-05
0.0169869
8.74097e-05
0.0170239
0.000102527
0.0170657
0.000115068
0.0171111
0.000124345
0.0171587
0.000129662
0.0172068
0.000130456
0.0172535
0.000126251
0.0172967
0.000116819
0.0173345
0.000102178
0.0173649
8.26805e-05
0.0173864
5.90258e-05
0.0173976
3.21949e-05
0.0173979
3.55086e-06
0.0173874
-2.54793e-05
0.0173664
-5.33565e-05
0.0173361
-7.87847e-05
0.0172981
-9.99809e-05
0.0172542
-0.000116404
0.017207
-0.000126302
0.0171587
-0.000130172
0.017112
-0.000126315
0.017069
-0.000116338
0.0170325
-9.86712e-05
0.0170043
-7.57404e-05
0.0169865
-4.65167e-05
0.0169805
-1.34242e-05
0.0169874
2.28272e-05
0.017008
6.14626e-05
0.0170415
9.8286e-05
0.0170887
0.000136263
0.0171468
0.00016638
0.0172161
0.000195678
0.0172915
0.000210611
0.0173712
0.000220329
0.0174478
0.000209831
0.017517
0.000190878
0.0175709
0.000150248
0.0176073
0.000106789
0.0176205
4.68175e-05
0.0176146
-2.23962e-06
0.0175878
-5.69251e-05
0.0175484
-9.15438e-05
0.0175005
-0.000115107
0.0174491
-0.000125726
0.0174061
-0.00010314
0.0173675
-9.08956e-05
0.0173555
-1.85529e-05
0.017353
8.37712e-06
0.0173908
0.000117532
0.0174363
0.000144453
0.0175217
0.000256558
0.0176174
0.000289122
0.0177373
0.000362839
0.000414436
0.0175586
3.45806e-05
0.0175825
4.65356e-05
0.0176123
5.76717e-05
0.0176472
6.75633e-05
0.0176866
7.57418e-05
0.0177291
8.17613e-05
0.0177736
8.51748e-05
0.0178185
8.56238e-05
0.0178619
8.28158e-05
0.0179021
7.66102e-05
0.0179373
6.702e-05
0.0179656
5.42946e-05
0.0179858
3.88605e-05
0.0179966
2.13817e-05
0.0179975
2.66551e-06
0.0179883
-1.62835e-05
0.0179695
-3.45387e-05
0.0179419
-5.12299e-05
0.0179072
-6.5188e-05
0.0178668
-7.60439e-05
0.0178231
-8.26379e-05
0.0177782
-8.52664e-05
0.0177347
-8.28116e-05
0.0176947
-7.62902e-05
0.0176607
-6.46888e-05
0.0176345
-4.95633e-05
0.0176183
-3.02798e-05
0.0176133
-8.40468e-06
0.0176205
1.55711e-05
0.0176409
4.11125e-05
0.0176736
6.54981e-05
0.0177194
9.0527e-05
0.0177754
0.000110371
0.0178416
0.000129464
0.0179132
0.000139041
0.0179883
0.000145186
0.0180601
0.000138053
0.0181252
0.000125756
0.0181763
9.9213e-05
0.0182118
7.12147e-05
0.0182264
3.22477e-05
0.0182237
4.21009e-07
0.018202
-3.51963e-05
0.0181684
-5.79387e-05
0.0181267
-7.34494e-05
0.0180816
-8.05704e-05
0.0180442
-6.57574e-05
0.018011
-5.77036e-05
0.0180026
-1.01799e-05
0.0180034
7.64749e-06
0.0180416
7.92894e-05
0.0180883
9.78008e-05
0.018173
0.000171835
0.0182683
0.000193843
0.0183879
0.00024321
0.000275923
0.0182048
1.73184e-05
0.0182281
2.32801e-05
0.0182569
2.88271e-05
0.0182907
3.37453e-05
0.0183287
3.78038e-05
0.0183696
4.0781e-05
0.0184124
4.24578e-05
0.0184553
4.26601e-05
0.0184969
4.12466e-05
0.0185353
3.81515e-05
0.018569
3.33793e-05
0.0185962
2.70626e-05
0.0186157
1.94017e-05
0.0186263
1.07232e-05
0.0186276
1.44294e-06
0.0186192
-7.97602e-06
0.0186018
-1.70539e-05
0.0185759
-2.53691e-05
0.018543
-3.23364e-05
0.0185048
-3.77681e-05
0.0184632
-4.1083e-05
0.0184204
-4.24195e-05
0.0183788
-4.12207e-05
0.0183405
-3.79789e-05
0.018308
-3.21988e-05
0.0182831
-2.46375e-05
0.0182678
-1.50015e-05
0.0182634
-4.049e-06
0.018271
7.94623e-06
0.0182914
2.07378e-05
0.018324
3.29417e-05
0.018369
4.5456e-05
0.0184241
5.53474e-05
0.0184887
6.48363e-05
0.0185582
6.95196e-05
0.0186309
7.25357e-05
0.0187
6.88872e-05
0.018763
6.28257e-05
0.0188126
4.96277e-05
0.0188479
3.58549e-05
0.0188636
1.65505e-05
0.0188632
8.23893e-07
0.0188448
-1.68339e-05
0.0188151
-2.81649e-05
0.0187775
-3.5897e-05
0.0187364
-3.95017e-05
0.0187028
-3.21058e-05
0.0186732
-2.81086e-05
0.0186674
-4.40595e-06
0.0186705
4.52555e-06
0.0187096
4.02104e-05
0.0187577
4.97447e-05
0.0188428
8.66899e-05
0.0189387
9.7975e-05
0.0190592
0.000122685
0.000138775
0.0188693
0.0188926
0.0189214
0.0189551
0.0189929
0.0190337
0.0190762
0.0191188
0.0191601
0.0191982
0.0192316
0.0192587
0.0192781
0.0192888
0.0192902
0.0192823
0.0192652
0.0192398
0.0192075
0.0191697
0.0191286
0.0190862
0.019045
0.019007
0.0189748
0.0189502
0.0189352
0.0189311
0.0189391
0.0189598
0.0189928
0.0190382
0.0190936
0.0191584
0.0192279
0.0193005
0.0193694
0.0194322
0.0194818
0.0195177
0.0195342
0.019535
0.0195182
0.01949
0.0194541
0.0194146
0.0193825
0.0193544
0.01935
0.0193545
0.0193948
0.0194445
0.0195312
0.0196292
0.0197518
)
;

boundaryField
{
    inlet
    {
        type            calculated;
        value           nonuniform 0();
    }
    outlet
    {
        type            calculated;
        value           nonuniform List<scalar> 
36
(
0.00470353
0.00496805
0.00525059
0.00555175
0.0058719
0.00621113
0.0065692
0.00694543
0.00733866
0.00774712
0.0081683
0.00859884
0.00903443
0.00946977
0.00989881
0.0103152
0.0107131
0.0110887
0.0114416
0.0117763
0.0121019
0.0124308
0.0127755
0.013146
0.013549
0.0139877
0.014462
0.0149694
0.0155056
0.0160668
0.0166501
0.0172543
0.0178795
0.0185264
0.0191964
0.0198906
)
;
    }
    cylinder
    {
        type            calculated;
        value           nonuniform 0();
    }
    top
    {
        type            symmetryPlane;
        value           uniform 0;
    }
    bottom
    {
        type            symmetryPlane;
        value           nonuniform 0();
    }
    defaultFaces
    {
        type            empty;
        value           nonuniform 0();
    }
    procBoundary15to11
    {
        type            processor;
        value           nonuniform List<scalar> 
57
(
0.000439509
-0.000910852
-0.00234854
-0.00385307
-0.00528559
-0.00656935
-0.00747623
-0.00788785
-0.00757222
-0.00643946
-0.00447925
-0.00184777
0.000919664
0.00353688
0.00534506
0.00656603
0.00672203
0.00669527
0.00599269
0.00549098
0.00422828
0.00274738
0.000842603
-0.0017406
-0.00320794
-0.00641968
-0.00628343
-0.00927409
-0.00750438
-0.00115174
-0.00192316
-0.00263205
-0.00330092
-0.00397924
-0.00470323
-0.00544967
-0.00611311
-0.00652563
-0.00650981
-0.00593643
-0.00475694
-0.00301452
-0.000882028
0.00132645
0.00324725
0.00462944
0.00541446
0.00569762
0.00562266
0.00532883
0.0049279
0.00448454
0.00398851
0.00337738
0.00259762
-0.00437289
0.00162279
)
;
    }
    procBoundary15to14
    {
        type            processor;
        value           nonuniform List<scalar> 
35
(
-0.00434646
-0.00453963
-0.0047442
-0.00496178
-0.0051943
-0.00544383
-0.0057123
-0.00600096
-0.00630995
-0.00663787
-0.00698197
-0.00733889
-0.00770577
-0.00808122
-0.00846547
-0.00885976
-0.00926544
-0.00968336
-0.0101138
-0.0105568
-0.0110123
-0.0114802
-0.0119607
-0.0124541
-0.0129606
-0.0134807
-0.0140146
-0.014563
-0.0151264
-0.0157053
-0.0163003
-0.016912
-0.017541
-0.0181875
-0.018852
)
;
    }
}


// ************************************************************************* //
